1723147967052 4000.0 4000
1723147979784 8000.0 8000
1723147994268 12000.0 12000
1723148013896 16000.0 16000
1723148030996 20000.0 20000
1723148046177 24000.0 24000
1723148059750 28000.0 28000
1723148071851 32000.0 32000
1723148084668 36000.0 36000
1723148097905 40000.0 40000
1723148111782 44000.0 44000
1723148124148 48000.0 48000
1723148142573 52000.0 52000
1723148155810 56000.0 56000
1723148169050 60000.0 60000
1723148181701 64000.0 64000
1723148194533 68000.0 68000
1723148209343 72000.0 72000
1723148227379 76000.0 76000
1723148243791 80000.0 80000
1723148256603 84000.0 84000
1723148271421 88000.0 88000
1723148289343 92000.0 92000
1723148306963 96000.0 96000
1723148319573 100000.0 100000
1723148331143 104000.0 104000
1723148345145 108000.0 108000
1723148365612 112000.0 112000
1723148379093 116000.0 116000
1723148392454 120000.0 120000
1723148406223 124000.0 124000
1723148418815 128000.0 128000
1723148431862 132000.0 132000
1723148444584 136000.0 136000
1723148457841 140000.0 140000
1723148470759 144000.0 144000
1723148488437 148000.0 148000
1723148501509 152000.0 152000
1723148514625 156000.0 156000
1723148529213 160000.0 160000
1723148542092 164000.0 164000
1723148554927 168000.0 168000
1723148567327 172000.0 172000
1723148583139 176000.0 176000
1723148596418 180000.0 180000
1723148610301 184000.0 184000
1723148622716 188000.0 188000
1723148635988 192000.0 192000
1723148651180 196000.0 196000
1723148665338 200000.0 200000
1723148677414 204000.0 204000
1723148689049 208000.0 208000
1723148707188 212000.0 212000
1723148723817 216000.0 216000
1723148740329 220000.0 220000
1723148756408 224000.0 224000
1723148772435 228000.0 228000
1723148789264 232000.0 232000
1723148808609 236000.0 236000
1723148823898 240000.0 240000
1723148835871 244000.0 244000
1723148848788 248000.0 248000
1723148864988 252000.0 252000
1723148884025 256000.0 256000
1723148904657 260000.0 260000
1723148916551 264000.0 264000
1723148928502 268000.0 268000
1723148940668 272000.0 272000
1723148952343 276000.0 276000
1723148963947 280000.0 280000
1723148977239 284000.0 284000
1723148988925 288000.0 288000
1723149002121 292000.0 292000
1723149014609 296000.0 296000
1723149025873 300000.0 300000
1723149037246 304000.0 304000
1723149049545 308000.0 308000
1723149067480 312000.0 312000
1723149084145 316000.0 316000
1723149103741 320000.0 320000
1723149117423 324000.0 324000
1723149131843 328000.0 328000
1723149150928 332000.0 332000
1723149166371 336000.0 336000
1723149182984 340000.0 340000
1723149199310 344000.0 344000
1723149215860 348000.0 348000
1723149234099 352000.0 352000
1723149247197 356000.0 356000
1723149259512 360000.0 360000
1723149271927 364000.0 364000
1723149283776 368000.0 368000
1723149295665 372000.0 372000
1723149307844 376000.0 376000
1723149320392 380000.0 380000
1723149332482 384000.0 384000
1723149344577 388000.0 388000
1723149356915 392000.0 392000
1723149369019 396000.0 396000
1723149380469 400000.0 400000
1723149392283 404000.0 404000
1723149403771 408000.0 408000
1723149415280 412000.0 412000
1723149427054 416000.0 416000
1723149445995 420000.0 420000
1723149458993 424000.0 424000
1723149470498 428000.0 428000
1723149481930 432000.0 432000
1723149493665 436000.0 436000
1723149505879 440000.0 440000
1723149518199 444000.0 444000
1723149529880 448000.0 448000
1723149541577 452000.0 452000
1723149552949 456000.0 456000
1723149564498 460000.0 460000
1723149576720 464000.0 464000
1723149588341 468000.0 468000
1723149599642 472000.0 472000
1723149611012 476000.0 476000
1723149622394 480000.0 480000
1723149633555 484000.0 484000
1723149644956 488000.0 488000
1723149656024 492000.0 492000
1723149667593 496000.0 496000
1723149678974 500000.0 500000
1723149690329 504000.0 504000
1723149701662 508000.0 508000
1723149712954 512000.0 512000
1723149724331 516000.0 516000
1723149735761 520000.0 520000
1723149747244 524000.0 524000
1723149759177 528000.0 528000
1723149770814 532000.0 532000
1723149782130 536000.0 536000
1723149793441 540000.0 540000
1723149804435 544000.0 544000
1723149815871 548000.0 548000
1723149826938 552000.0 552000
1723149838232 556000.0 556000
1723149850076 560000.0 560000
1723149861255 564000.0 564000
1723149872952 568000.0 568000
1723149884319 572000.0 572000
1723149895677 576000.0 576000
1723149906885 580000.0 580000
1723149918416 584000.0 584000
1723149929832 588000.0 588000
1723149941537 592000.0 592000
1723149952956 596000.0 596000
1723149964812 600000.0 600000
1723149976077 604000.0 604000
1723149987491 608000.0 608000
1723149999025 612000.0 612000
1723150010243 616000.0 616000
1723150021598 620000.0 620000
1723150032893 624000.0 624000
1723150044353 628000.0 628000
1723150055792 632000.0 632000
1723150067181 636000.0 636000
1723150078815 640000.0 640000
1723150090606 644000.0 644000
1723150101931 648000.0 648000
1723150113453 652000.0 652000
1723150124793 656000.0 656000
1723150136225 660000.0 660000
1723150147489 664000.0 664000
1723150158468 668000.0 668000
1723150169676 672000.0 672000
1723150180945 676000.0 676000
1723150192281 680000.0 680000
1723150203376 684000.0 684000
1723150214382 688000.0 688000
1723150225859 692000.0 692000
1723150237220 696000.0 696000
1723150249141 700000.0 700000
1723150260620 704000.0 704000
1723150272088 708000.0 708000
1723150283619 712000.0 712000
1723150295504 716000.0 716000
1723150306696 720000.0 720000
1723150319413 724000.0 724000
1723150330809 728000.0 728000
1723150342119 732000.0 732000
1723150353412 736000.0 736000
1723150364998 740000.0 740000
1723150376310 744000.0 744000
1723150387664 748000.0 748000
1723150399104 752000.0 752000
1723150410829 756000.0 756000
1723150422287 760000.0 760000
1723150433763 764000.0 764000
1723150445002 768000.0 768000
1723150456432 772000.0 772000
1723150467434 776000.0 776000
1723150479360 780000.0 780000
1723150490773 784000.0 784000
1723150505603 788000.0 788000
1723150524342 792000.0 792000
1723150543303 796000.0 796000
1723150557299 800000.0 800000
