1723171812086 0.2 4000
1723171825468 0.2 8000
1723171838185 0.2 12000
1723171851768 0.2 16000
1723171869951 0.2 20000
1723171886440 0.2 24000
1723171904886 0.2 28000
1723171922427 0.2 32000
1723171940934 0.2 36000
1723171958924 0.2 40000
1723171977251 0.2 44000
1723171994419 0.2 48000
1723172010977 0.2 52000
1723172029690 0.2 56000
1723172044764 0.2 60000
1723172058688 0.2 64000
1723172072326 0.2 68000
1723172086258 0.2 72000
1723172100004 0.2 76000
1723172113439 0.2 80000
1723172126024 0.2 84000
1723172139071 0.2 88000
1723172151560 0.2 92000
1723172164005 0.2 96000
1723172176750 0.2 100000
1723172189625 0.2 104000
1723172201834 0.2 108000
1723172214586 0.2 112000
1723172227443 0.2 116000
1723172240119 0.2 120000
1723172252928 0.2 124000
1723172265506 0.2 128000
1723172278150 0.2 132000
1723172290545 0.2 136000
1723172303032 0.2 140000
1723172315616 0.2 144000
1723172328135 0.2 148000
1723172340460 0.2 152000
1723172353032 0.2 156000
1723172365092 0.2 160000
1723172376946 0.2 164000
1723172390001 0.2 168000
1723172402607 0.2 172000
1723172414603 0.2 176000
1723172426795 0.2 180000
1723172439195 0.2 184000
1723172451853 0.2 188000
1723172465546 0.2 192000
1723172478550 0.2 196000
1723172494412 0.2 200000
1723172507772 0.2 204000
1723172524652 0.2 208000
1723172546709 0.2 212000
1723172563844 0.2 216000
1723172581196 0.2 220000
1723172598104 0.2 224000
1723172613464 0.2 228000
1723172628796 0.2 232000
1723172644023 0.2 236000
1723172659957 0.2 240000
1723172675815 0.2 244000
1723172692143 0.2 248000
1723172707098 0.2 252000
1723172721830 0.2 256000
1723172738314 0.2 260000
1723172756135 0.2 264000
1723172771017 0.2 268000
1723172786003 0.1 272000
1723172800919 0.1 276000
1723172815782 0.1 280000
1723172830450 0.1 284000
1723172844906 0.1 288000
1723172859284 0.1 292000
1723172874487 0.1 296000
1723172889305 0.1 300000
1723172903676 0.1 304000
1723172919809 0.1 308000
1723172934710 0.1 312000
1723172948543 0.1 316000
1723172963198 0.1 320000
1723172977746 0.1 324000
1723172992137 0.1 328000
1723173006955 0.1 332000
1723173022395 0.1 336000
1723173036775 0.1 340000
1723173051313 0.1 344000
1723173065693 0.1 348000
1723173080199 0.1 352000
1723173094735 0.1 356000
1723173109412 0.1 360000
1723173125516 0.1 364000
1723173140501 0.1 368000
1723173155658 0.1 372000
1723173171539 0.1 376000
1723173186408 0.1 380000
1723173201465 0.1 384000
1723173216100 0.1 388000
1723173230977 0.1 392000
1723173245639 0.1 396000
1723173259829 0.1 400000
1723173274631 0.1 404000
1723173289069 0.1 408000
1723173302881 0.1 412000
1723173317074 0.1 416000
1723173331064 0.1 420000
1723173344732 0.1 424000
1723173359361 0.1 428000
1723173374481 0.1 432000
1723173388048 0.1 436000
1723173401076 0.1 440000
1723173417310 0.1 444000
1723173434382 0.1 448000
1723173452309 0.1 452000
1723173472650 0.1 456000
1723173492644 0.1 460000
1723173511574 0.1 464000
1723173529382 0.1 468000
1723173544131 0.1 472000
1723173568103 0.1 476000
1723173585324 0.1 480000
1723173600891 0.1 484000
1723173616384 0.1 488000
1723173631773 0.1 492000
1723173646253 0.1 496000
1723173662003 0.1 500000
1723173679560 0.1 504000
1723173699002 0.1 508000
1723173715879 0.1 512000
1723173729859 0.1 516000
1723173741856 0.1 520000
1723173754014 0.1 524000
1723173766897 0.1 528000
1723173779516 0.1 532000
1723173796126 0.1 536000
1723173814651 0.1 540000
1723173834494 0.1 544000
1723173855061 0.1 548000
1723173868934 0.1 552000
1723173887175 0.1 556000
1723173903189 0.1 560000
1723173916619 0.1 564000
1723173942248 0.1 568000
1723173958497 0.1 572000
1723173972771 0.1 576000
1723173988093 0.1 580000
1723174003739 0.1 584000
1723174019242 0.1 588000
1723174034033 0.1 592000
1723174049976 0.1 596000
1723174064452 0.1 600000
1723174079904 0.1 604000
1723174093379 0.1 608000
1723174108929 0.1 612000
1723174123235 0.1 616000
1723174137230 0.1 620000
1723174150909 0.1 624000
1723174164522 0.1 628000
1723174178026 0.1 632000
1723174191346 0.1 636000
1723174205210 0.1 640000
1723174218588 0.1 644000
1723174231997 0.1 648000
1723174245416 0.1 652000
1723174258696 0.1 656000
1723174272743 0.1 660000
1723174286021 0.1 664000
1723174299392 0.1 668000
1723174312984 0.1 672000
1723174326442 0.1 676000
1723174340071 0.1 680000
1723174353436 0.1 684000
1723174366642 0.1 688000
1723174379057 0.1 692000
1723174392507 0.1 696000
1723174405882 0.1 700000
1723174419197 0.1 704000
1723174432571 0.1 708000
1723174445873 0.1 712000
1723174459142 0.1 716000
1723174471954 0.1 720000
1723174485512 0.1 724000
1723174499190 0.1 728000
1723174512521 0.1 732000
1723174525753 0.1 736000
1723174539779 0.1 740000
1723174553229 0.1 744000
1723174567158 0.1 748000
1723174580389 0.1 752000
1723174594434 0.1 756000
1723174607476 0.1 760000
1723174621247 0.1 764000
1723174634889 0.1 768000
1723174648395 0.1 772000
1723174662042 0.1 776000
1723174675977 0.1 780000
1723174689580 0.1 784000
1723174702909 0.1 788000
1723174716278 0.1 792000
1723174730058 0.1 796000
1723174744020 0.1 800000
1723174757154 0.1 804000
1723174770179 0.1 808000
1723174783246 0.1 812000
1723174796649 0.1 816000
1723174809882 0.1 820000
1723174823410 0.1 824000
1723174836724 0.1 828000
1723174850475 0.1 832000
1723174864174 0.1 836000
1723174877660 0.1 840000
1723174890711 0.1 844000
1723174904405 0.1 848000
1723174917579 0.1 852000
1723174930522 0.1 856000
1723174943698 0.1 860000
1723174957233 0.1 864000
1723174971331 0.1 868000
1723174984857 0.1 872000
1723174998298 0.1 876000
1723175011788 0.1 880000
1723175025655 0.1 884000
1723175039015 0.1 888000
1723175052025 0.1 892000
1723175065374 0.1 896000
1723175078916 0.1 900000
1723175092006 0.1 904000
1723175105094 0.1 908000
1723175118369 0.1 912000
1723175131978 0.1 916000
1723175145257 0.1 920000
1723175158701 0.1 924000
1723175172584 0.1 928000
1723175186595 0.1 932000
1723175200708 0.1 936000
1723175214912 0.1 940000
1723175228645 0.1 944000
1723175242219 0.1 948000
1723175255914 0.1 952000
1723175269378 0.1 956000
1723175283361 0.1 960000
1723175296975 0.1 964000
1723175310758 0.1 968000
1723175324626 0.1 972000
1723175338178 0.1 976000
1723175351532 0.1 980000
1723175365065 0.1 984000
1723175378293 0.1 988000
1723175392491 0.1 992000
1723175406027 0.1 996000
1723175419171 0.1 1000000
1723175432326 0.1 1004000
1723175445746 0.1 1008000
1723175459179 0.1 1012000
1723175472637 0.1 1016000
1723175487657 0.1 1020000
1723175501200 0.1 1024000
1723175514750 0.1 1028000
1723175528084 0.1 1032000
1723175541354 0.1 1036000
1723175555348 0.1 1040000
1723175570007 0.1 1044000
1723175583693 0.1 1048000
1723175597307 0.1 1052000
1723175611066 0.1 1056000
1723175624550 0.1 1060000
1723175638011 0.1 1064000
1723175652560 0.1 1068000
1723175666240 0.1 1072000
1723175679521 0.1 1076000
1723175693244 0.1 1080000
1723175706886 0.1 1084000
1723175720310 0.1 1088000
1723175733637 0.1 1092000
1723175747171 0.1 1096000
1723175761008 0.1 1100000
1723175773104 0.1 1104000
1723175786949 0.1 1108000
1723175800083 0.1 1112000
1723175813613 0.1 1116000
1723175827618 0.1 1120000
1723175841383 0.1 1124000
1723175853696 0.1 1128000
1723175868040 0.1 1132000
1723175881537 0.1 1136000
1723175895193 0.1 1140000
1723175908461 0.1 1144000
1723175922393 0.1 1148000
1723175936486 0.1 1152000
1723175950270 0.1 1156000
1723175963919 0.1 1160000
1723175977128 0.1 1164000
1723175990465 0.1 1168000
1723176003987 0.1 1172000
1723176017100 0.1 1176000
1723176030480 0.1 1180000
1723176044376 0.1 1184000
1723176058820 0.1 1188000
1723176072194 0.1 1192000
1723176085254 0.1 1196000
1723176099108 0.1 1200000
1723176112980 0.1 1204000
1723176126698 0.1 1208000
1723176139989 0.1 1212000
1723176154469 0.1 1216000
1723176168423 0.1 1220000
1723176182155 0.1 1224000
1723176195858 0.1 1228000
1723176209033 0.1 1232000
1723176222192 0.1 1236000
1723176236067 0.1 1240000
1723176249563 0.1 1244000
1723176262370 0.1 1248000
1723176274812 0.1 1252000
1723176287993 0.1 1256000
1723176301104 0.1 1260000
1723176314515 0.1 1264000
1723176327904 0.1 1268000
1723176341165 0.1 1272000
1723176355115 0.1 1276000
1723176368924 0.1 1280000
1723176383329 0.1 1284000
1723176395555 0.1 1288000
1723176408695 0.1 1292000
1723176422090 0.1 1296000
1723176435197 0.1 1300000
1723176448934 0.1 1304000
1723176462156 0.1 1308000
1723176475906 0.1 1312000
1723176490095 0.1 1316000
1723176502753 0.1 1320000
1723176516136 0.1 1324000
1723176530463 0.1 1328000
1723176544872 0.1 1332000
1723176558180 0.1 1336000
1723176572138 0.1 1340000
1723176585665 0.1 1344000
1723176599584 0.1 1348000
1723176613521 0.1 1352000
1723176627245 0.1 1356000
1723176640675 0.1 1360000
1723176654157 0.1 1364000
1723176667876 0.1 1368000
1723176681446 0.1 1372000
1723176695013 0.1 1376000
1723176708620 0.1 1380000
1723176722059 0.1 1384000
1723176735524 0.1 1388000
1723176748890 0.1 1392000
1723176762382 0.1 1396000
1723176776170 0.1 1400000
1723176789980 0.1 1404000
1723176803618 0.1 1408000
1723176816729 0.1 1412000
1723176830383 0.1 1416000
1723176844095 0.1 1420000
1723176857385 0.1 1424000
1723176871064 0.1 1428000
1723176884714 0.1 1432000
1723176898697 0.1 1436000
1723176912474 0.1 1440000
1723176926108 0.1 1444000
1723176939480 0.1 1448000
1723176953031 0.1 1452000
1723176966144 0.1 1456000
1723176979528 0.1 1460000
1723176992957 0.1 1464000
1723177006373 0.1 1468000
1723177019778 0.1 1472000
1723177033215 0.1 1476000
1723177046738 0.1 1480000
1723177060402 0.1 1484000
1723177074257 0.1 1488000
1723177088082 0.1 1492000
1723177101822 0.1 1496000
1723177115470 0.1 1500000
1723177129307 0.1 1504000
1723177143093 0.1 1508000
1723177156393 0.1 1512000
1723177169550 0.1 1516000
1723177183892 0.1 1520000
1723177197317 0.1 1524000
1723177210624 0.1 1528000
1723177223658 0.1 1532000
1723177236906 0.1 1536000
1723177250912 0.1 1540000
1723177264523 0.1 1544000
1723177278892 0.1 1548000
1723177292873 0.1 1552000
1723177306787 0.1 1556000
1723177320551 0.1 1560000
1723177334373 0.1 1564000
1723177347919 0.1 1568000
1723177361779 0.1 1572000
1723177375717 0.1 1576000
1723177389922 0.1 1580000
1723177403507 0.1 1584000
1723177416879 0.1 1588000
1723177430910 0.1 1592000
1723177444935 0.1 1596000
1723177458695 0.1 1600000
1723177472348 0.1 1604000
1723177486242 0.1 1608000
1723177499984 0.1 1612000
1723177513669 0.1 1616000
1723177527909 0.1 1620000
1723177541641 0.1 1624000
1723177555341 0.1 1628000
1723177569671 0.1 1632000
1723177583743 0.1 1636000
1723177597075 0.1 1640000
1723177610772 0.1 1644000
1723177624359 0.1 1648000
1723177637720 0.1 1652000
1723177651448 0.1 1656000
1723177664780 0.1 1660000
1723177678236 0.1 1664000
1723177691879 0.1 1668000
1723177705564 0.1 1672000
1723177718907 0.1 1676000
1723177732960 0.1 1680000
1723177746515 0.1 1684000
1723177759733 0.1 1688000
1723177773572 0.1 1692000
1723177787178 0.1 1696000
1723177800819 0.1 1700000
1723177813941 0.1 1704000
1723177827230 0.1 1708000
1723177840356 0.1 1712000
1723177854666 0.1 1716000
1723177868270 0.1 1720000
1723177882053 0.1 1724000
1723177895344 0.1 1728000
1723177908945 0.1 1732000
1723177921978 0.1 1736000
1723177934815 0.1 1740000
1723177948576 0.1 1744000
1723177962191 0.1 1748000
1723177975856 0.1 1752000
1723177990094 0.1 1756000
1723178003941 0.1 1760000
1723178017771 0.1 1764000
1723178031650 0.1 1768000
1723178045725 0.1 1772000
1723178059063 0.1 1776000
1723178073349 0.1 1780000
1723178087138 0.1 1784000
1723178100822 0.1 1788000
1723178114364 0.1 1792000
1723178127624 0.1 1796000
1723178141395 0.1 1800000
1723178155432 0.1 1804000
1723178170193 0.1 1808000
1723178183804 0.1 1812000
1723178197253 0.1 1816000
1723178210997 0.1 1820000
1723178224834 0.1 1824000
1723178238249 0.1 1828000
1723178251533 0.1 1832000
1723178265471 0.1 1836000
1723178279535 0.1 1840000
1723178293281 0.1 1844000
1723178306882 0.1 1848000
1723178320165 0.1 1852000
1723178334243 0.1 1856000
1723178347774 0.1 1860000
1723178361259 0.1 1864000
1723178374321 0.1 1868000
1723178387734 0.1 1872000
1723178401204 0.1 1876000
1723178414757 0.1 1880000
1723178427885 0.1 1884000
1723178441395 0.1 1888000
1723178454811 0.1 1892000
1723178468820 0.1 1896000
1723178482328 0.1 1900000
1723178496022 0.1 1904000
1723178510380 0.1 1908000
1723178524212 0.1 1912000
1723178537853 0.1 1916000
1723178551678 0.1 1920000
1723178565112 0.1 1924000
1723178578964 0.1 1928000
1723178592935 0.1 1932000
1723178606219 0.1 1936000
1723178619756 0.1 1940000
1723178634048 0.1 1944000
1723178647898 0.1 1948000
1723178661831 0.1 1952000
1723178676743 0.1 1956000
1723178690512 0.1 1960000
1723178704299 0.1 1964000
1723178717880 0.1 1968000
1723178731548 0.1 1972000
1723178744674 0.1 1976000
1723178758605 0.1 1980000
1723178772337 0.1 1984000
1723178786165 0.1 1988000
1723178799568 0.1 1992000
1723178813193 0.1 1996000
1723178827034 0.1 2000000
