1723171812090 0.0 4000
1723171825472 0.0 8000
1723171838188 0.0 12000
1723171851771 0.0 16000
1723171869955 0.0 20000
1723171886443 0.0 24000
1723171904889 0.0 28000
1723171922430 0.0 32000
1723171940937 0.0 36000
1723171958927 0.0 40000
1723171977256 0.0 44000
1723171994422 0.0 48000
1723172010987 0.0 52000
1723172029693 0.0 56000
1723172044767 0.0 60000
1723172058691 0.0 64000
1723172072329 0.0 68000
1723172086263 0.0 72000
1723172100007 0.0 76000
1723172113442 0.0 80000
1723172126027 0.0 84000
1723172139073 0.0 88000
1723172151563 0.0 92000
1723172164008 0.0 96000
1723172176753 0.0 100000
1723172189628 0.0 104000
1723172201837 0.0 108000
1723172214589 0.0 112000
1723172227446 0.0 116000
1723172240122 0.0 120000
1723172252931 0.0 124000
1723172265509 0.0 128000
1723172278153 0.0 132000
1723172290548 0.0 136000
1723172303035 0.0 140000
1723172315619 0.0 144000
1723172328138 0.0 148000
1723172340463 0.0 152000
1723172353034 0.0 156000
1723172365094 0.0 160000
1723172376949 0.0 164000
1723172390004 0.0 168000
1723172402610 0.0 172000
1723172414606 0.0 176000
1723172426798 0.0 180000
1723172439198 0.0 184000
1723172451856 0.0 188000
1723172465549 0.0 192000
1723172478553 0.0 196000
1723172494415 0.0 200000
1723172507775 0.0 204000
1723172524657 0.0 208000
1723172546712 0.0 212000
1723172563848 0.0 216000
1723172581199 0.0 220000
1723172598107 0.0 224000
1723172613467 0.0 228000
1723172628799 0.0 232000
1723172644026 0.0 236000
1723172659961 0.0 240000
1723172675819 0.0 244000
1723172692146 0.0 248000
1723172707102 0.0 252000
1723172721833 0.0 256000
1723172738317 0.0 260000
1723172756138 0.0 264000
1723172771020 0.0 268000
1723172786006 0.0 272000
1723172800922 0.0 276000
1723172815786 0.0 280000
1723172830453 0.0 284000
1723172844909 0.0 288000
1723172859287 0.0 292000
1723172874490 0.0 296000
1723172889307 0.0 300000
1723172903679 0.0 304000
1723172919812 0.0 308000
1723172934712 0.0 312000
1723172948547 0.0 316000
1723172963200 0.0 320000
1723172977749 0.0 324000
1723172992140 0.0 328000
1723173006958 0.0 332000
1723173022398 0.0 336000
1723173036778 0.0 340000
1723173051317 0.0 344000
1723173065696 0.0 348000
1723173080202 0.0 352000
1723173094738 0.0 356000
1723173109415 0.0 360000
1723173125519 0.0 364000
1723173140504 0.0 368000
1723173155661 0.0 372000
1723173171542 0.0 376000
1723173186411 0.0 380000
1723173201468 0.0 384000
1723173216103 0.0 388000
1723173230980 0.0 392000
1723173245642 0.0 396000
1723173259832 0.0 400000
1723173274634 0.0 404000
1723173289071 0.0 408000
1723173302884 0.0 412000
1723173317077 0.0 416000
1723173331067 0.0 420000
1723173344735 0.0 424000
1723173359364 0.0 428000
1723173374484 0.0 432000
1723173388051 0.0 436000
1723173401079 0.0 440000
1723173417313 0.0 444000
1723173434385 0.0 448000
1723173452314 0.0 452000
1723173472654 0.0 456000
1723173492647 0.0 460000
1723173511578 0.0 464000
1723173529386 0.0 468000
1723173544135 0.0 472000
1723173568106 0.0 476000
1723173585327 0.0 480000
1723173600894 0.0 484000
1723173616388 0.0 488000
1723173631777 0.0 492000
1723173646256 0.0 496000
1723173662006 0.0 500000
1723173679564 0.0 504000
1723173699006 0.0 508000
1723173715885 0.0 512000
1723173729863 0.0 516000
1723173741860 0.0 520000
1723173754017 0.0 524000
1723173766900 0.0 528000
1723173779519 0.0 532000
1723173796130 0.0 536000
1723173814654 0.0 540000
1723173834497 0.0 544000
1723173855064 0.0 548000
1723173868938 0.0 552000
1723173887179 0.0 556000
1723173903192 0.0 560000
1723173916622 0.0 564000
1723173942252 0.0 568000
1723173958500 0.0 572000
1723173972774 0.0 576000
1723173988096 0.0 580000
1723174003742 0.0 584000
1723174019245 0.0 588000
1723174034036 0.0 592000
1723174049979 0.0 596000
1723174064455 0.0 600000
1723174079907 0.0 604000
1723174093385 0.0 608000
1723174108932 0.0 612000
1723174123238 0.0 616000
1723174137233 0.0 620000
1723174150912 0.0 624000
1723174164526 0.0 628000
1723174178030 0.0 632000
1723174191351 0.0 636000
1723174205213 0.0 640000
1723174218591 0.0 644000
1723174232000 0.0 648000
1723174245420 0.0 652000
1723174258699 0.0 656000
1723174272746 0.0 660000
1723174286025 0.0 664000
1723174299396 0.0 668000
1723174312987 0.0 672000
1723174326445 0.0 676000
1723174340075 0.0 680000
1723174353440 0.0 684000
1723174366645 0.0 688000
1723174379061 0.0 692000
1723174392510 0.0 696000
1723174405885 0.0 700000
1723174419200 0.0 704000
1723174432574 0.0 708000
1723174445876 0.0 712000
1723174459145 0.0 716000
1723174471957 0.0 720000
1723174485515 0.0 724000
1723174499194 0.0 728000
1723174512524 0.0 732000
1723174525756 0.0 736000
1723174539782 0.0 740000
1723174553232 0.0 744000
1723174567162 0.0 748000
1723174580393 0.0 752000
1723174594437 0.0 756000
1723174607479 0.0 760000
1723174621250 0.0 764000
1723174634893 0.0 768000
1723174648399 0.0 772000
1723174662046 0.0 776000
1723174675981 0.0 780000
1723174689583 0.0 784000
1723174702912 0.0 788000
1723174716281 0.0 792000
1723174730062 0.0 796000
1723174744024 0.0 800000
1723174757157 0.0 804000
1723174770182 0.0 808000
1723174783249 0.0 812000
1723174796653 0.0 816000
1723174809885 0.0 820000
1723174823413 0.0 824000
1723174836727 0.0 828000
1723174850479 0.0 832000
1723174864177 0.0 836000
1723174877663 0.0 840000
1723174890714 0.0 844000
1723174904409 0.0 848000
1723174917582 0.0 852000
1723174930525 0.0 856000
1723174943701 0.0 860000
1723174957236 0.0 864000
1723174971334 0.0 868000
1723174984860 0.0 872000
1723174998301 0.0 876000
1723175011791 0.0 880000
1723175025659 0.0 884000
1723175039019 0.0 888000
1723175052028 0.0 892000
1723175065379 0.0 896000
1723175078920 0.0 900000
1723175092009 0.0 904000
1723175105097 0.0 908000
1723175118373 0.0 912000
1723175131981 0.0 916000
1723175145260 0.0 920000
1723175158704 0.0 924000
1723175172587 0.0 928000
1723175186599 0.0 932000
1723175200711 0.0 936000
1723175214916 0.0 940000
1723175228648 0.0 944000
1723175242221 0.0 948000
1723175255918 0.0 952000
1723175269381 0.0 956000
1723175283364 0.0 960000
1723175296978 0.0 964000
1723175310761 0.0 968000
1723175324629 0.0 972000
1723175338181 0.0 976000
1723175351536 0.0 980000
1723175365069 0.0 984000
1723175378296 0.0 988000
1723175392494 0.0 992000
1723175406031 0.0 996000
1723175419174 0.0 1000000
1723175432329 0.0 1004000
1723175445749 0.0 1008000
1723175459182 0.0 1012000
1723175472640 0.0 1016000
1723175487660 0.0 1020000
1723175501203 0.0 1024000
1723175514753 0.0 1028000
1723175528087 0.0 1032000
1723175541357 0.0 1036000
1723175555352 0.0 1040000
1723175570010 0.0 1044000
1723175583697 0.0 1048000
1723175597310 0.0 1052000
1723175611070 0.0 1056000
1723175624553 0.0 1060000
1723175638014 0.0 1064000
1723175652563 0.0 1068000
1723175666246 0.0 1072000
1723175679524 0.0 1076000
1723175693247 0.0 1080000
1723175706890 0.0 1084000
1723175720313 0.0 1088000
1723175733640 0.0 1092000
1723175747175 0.0 1096000
1723175761011 0.0 1100000
1723175773107 0.0 1104000
1723175786952 0.0 1108000
1723175800086 0.0 1112000
1723175813616 0.0 1116000
1723175827621 0.0 1120000
1723175841387 0.0 1124000
1723175853699 0.0 1128000
1723175868044 0.0 1132000
1723175881541 0.0 1136000
1723175895196 0.0 1140000
1723175908465 0.0 1144000
1723175922397 0.0 1148000
1723175936489 0.0 1152000
1723175950274 0.0 1156000
1723175963928 0.0 1160000
1723175977131 0.0 1164000
1723175990468 0.0 1168000
1723176003990 0.0 1172000
1723176017103 0.0 1176000
1723176030483 0.0 1180000
1723176044379 0.0 1184000
1723176058829 0.0 1188000
1723176072203 0.0 1192000
1723176085257 0.0 1196000
1723176099112 0.0 1200000
1723176112983 0.0 1204000
1723176126706 0.0 1208000
1723176139993 0.0 1212000
1723176154477 0.0 1216000
1723176168426 0.0 1220000
1723176182159 0.0 1224000
1723176195862 0.0 1228000
1723176209037 0.0 1232000
1723176222196 0.0 1236000
1723176236071 0.0 1240000
1723176249567 0.0 1244000
1723176262373 0.0 1248000
1723176274815 0.0 1252000
1723176287996 0.0 1256000
1723176301107 0.0 1260000
1723176314518 0.0 1264000
1723176327908 0.0 1268000
1723176341168 0.0 1272000
1723176355118 0.0 1276000
1723176368928 0.0 1280000
1723176383332 0.0 1284000
1723176395559 0.0 1288000
1723176408699 0.0 1292000
1723176422093 0.0 1296000
1723176435200 0.0 1300000
1723176448938 0.0 1304000
1723176462159 0.0 1308000
1723176475909 0.0 1312000
1723176490098 0.0 1316000
1723176502756 0.0 1320000
1723176516139 0.0 1324000
1723176530467 0.0 1328000
1723176544876 0.0 1332000
1723176558183 0.0 1336000
1723176572141 0.0 1340000
1723176585668 0.0 1344000
1723176599587 0.0 1348000
1723176613524 0.0 1352000
1723176627249 0.0 1356000
1723176640679 0.0 1360000
1723176654161 0.0 1364000
1723176667879 0.0 1368000
1723176681449 0.0 1372000
1723176695016 0.0 1376000
1723176708623 0.0 1380000
1723176722062 0.0 1384000
1723176735527 0.0 1388000
1723176748893 0.0 1392000
1723176762386 0.0 1396000
1723176776173 0.0 1400000
1723176789983 0.0 1404000
1723176803621 0.0 1408000
1723176816733 0.0 1412000
1723176830386 0.0 1416000
1723176844098 0.0 1420000
1723176857389 0.0 1424000
1723176871067 0.0 1428000
1723176884717 0.0 1432000
1723176898701 0.0 1436000
1723176912477 0.0 1440000
1723176926111 0.0 1444000
1723176939482 0.0 1448000
1723176953034 0.0 1452000
1723176966147 0.0 1456000
1723176979531 0.0 1460000
1723176992960 0.0 1464000
1723177006377 0.0 1468000
1723177019782 0.0 1472000
1723177033218 0.0 1476000
1723177046741 0.0 1480000
1723177060405 0.0 1484000
1723177074261 0.0 1488000
1723177088086 0.0 1492000
1723177101826 0.0 1496000
1723177115474 0.0 1500000
1723177129310 0.0 1504000
1723177143096 0.0 1508000
1723177156397 0.0 1512000
1723177169553 0.0 1516000
1723177183895 0.0 1520000
1723177197320 0.0 1524000
1723177210627 0.0 1528000
1723177223662 0.0 1532000
1723177236909 0.0 1536000
1723177250915 0.0 1540000
1723177264526 0.0 1544000
1723177278895 0.0 1548000
1723177292877 0.0 1552000
1723177306791 0.0 1556000
1723177320555 0.0 1560000
1723177334376 0.0 1564000
1723177347922 0.0 1568000
1723177361782 0.0 1572000
1723177375720 0.0 1576000
1723177389925 0.0 1580000
1723177403510 0.0 1584000
1723177416883 0.0 1588000
1723177430913 0.0 1592000
1723177444939 0.0 1596000
1723177458698 0.0 1600000
1723177472351 0.0 1604000
1723177486245 0.0 1608000
1723177499987 0.0 1612000
1723177513672 0.0 1616000
1723177527912 0.0 1620000
1723177541644 0.0 1624000
1723177555344 0.0 1628000
1723177569675 0.0 1632000
1723177583746 0.0 1636000
1723177597079 0.0 1640000
1723177610776 0.0 1644000
1723177624363 0.0 1648000
1723177637723 0.0 1652000
1723177651451 0.0 1656000
1723177664783 0.0 1660000
1723177678240 0.0 1664000
1723177691882 0.0 1668000
1723177705568 0.0 1672000
1723177718911 0.0 1676000
1723177732963 0.0 1680000
1723177746518 0.0 1684000
1723177759736 0.0 1688000
1723177773575 0.0 1692000
1723177787181 0.0 1696000
1723177800823 0.0 1700000
1723177813945 0.0 1704000
1723177827233 0.0 1708000
1723177840359 0.0 1712000
1723177854669 0.0 1716000
1723177868275 0.0 1720000
1723177882056 0.0 1724000
1723177895347 0.0 1728000
1723177908948 0.0 1732000
1723177921981 0.0 1736000
1723177934819 0.0 1740000
1723177948580 0.0 1744000
1723177962194 0.0 1748000
1723177975859 0.0 1752000
1723177990097 0.0 1756000
1723178003944 0.0 1760000
1723178017774 0.0 1764000
1723178031653 0.0 1768000
1723178045728 0.0 1772000
1723178059071 0.0 1776000
1723178073353 0.0 1780000
1723178087141 0.0 1784000
1723178100826 0.0 1788000
1723178114368 0.0 1792000
1723178127627 0.0 1796000
1723178141398 0.0 1800000
1723178155436 0.0 1804000
1723178170196 0.0 1808000
1723178183807 0.0 1812000
1723178197256 0.0 1816000
1723178211000 0.0 1820000
1723178224837 0.0 1824000
1723178238252 0.0 1828000
1723178251535 0.0 1832000
1723178265475 0.0 1836000
1723178279539 0.0 1840000
1723178293285 0.0 1844000
1723178306885 0.0 1848000
1723178320168 0.0 1852000
1723178334246 0.0 1856000
1723178347777 0.0 1860000
1723178361262 0.0 1864000
1723178374324 0.0 1868000
1723178387737 0.0 1872000
1723178401207 0.0 1876000
1723178414760 0.0 1880000
1723178427888 0.0 1884000
1723178441399 0.0 1888000
1723178454815 0.0 1892000
1723178468823 0.0 1896000
1723178482331 0.0 1900000
1723178496026 0.0 1904000
1723178510385 0.0 1908000
1723178524216 0.0 1912000
1723178537856 0.0 1916000
1723178551681 0.0 1920000
1723178565115 0.0 1924000
1723178578967 0.0 1928000
1723178592938 0.0 1932000
1723178606222 0.0 1936000
1723178619759 0.0 1940000
1723178634052 0.0 1944000
1723178647902 0.0 1948000
1723178661834 0.0 1952000
1723178676747 0.0 1956000
1723178690515 0.0 1960000
1723178704302 0.0 1964000
1723178717883 0.0 1968000
1723178731551 0.0 1972000
1723178744677 0.0 1976000
1723178758608 0.0 1980000
1723178772340 0.0 1984000
1723178786169 0.0 1988000
1723178799571 0.0 1992000
1723178813197 0.0 1996000
1723178827037 0.0 2000000
