1723145479467 1.0 4000
1723145492617 1.0 8000
1723145505880 1.0 12000
1723145519963 1.0 16000
1723145533914 1.0 20000
1723145548755 1.0 24000
1723145563270 1.0 28000
1723145577682 1.0 32000
1723145592204 1.0 36000
1723145606800 1.0 40000
1723145621138 1.0 44000
1723145635548 1.0 48000
1723145649498 1.0 52000
1723145664084 1.0 56000
1723145679003 1.0 60000
1723145694221 1.0 64000
1723145715518 1.0 68000
1723145731853 1.0 72000
1723145746920 1.0 76000
1723145762678 1.0 80000
1723145778787 1.0 84000
1723145796507 1.0 88000
1723145814169 1.0 92000
1723145830010 1.0 96000
1723145845043 1.0 100000
1723145864105 1.0 104000
1723145887425 1.0 108000
1723145903356 1.0 112000
1723145918375 1.0 116000
1723145933926 1.0 120000
1723145948279 1.0 124000
1723145962121 1.0 128000
1723145976339 1.0 132000
1723145990867 1.0 136000
1723146004862 1.0 140000
1723146019096 1.0 144000
1723146033083 1.0 148000
1723146047416 1.0 152000
1723146061598 1.0 156000
1723146076161 1.0 160000
1723146090488 1.0 164000
1723146105512 1.0 168000
1723146119355 1.0 172000
1723146133188 1.0 176000
1723146147607 1.0 180000
1723146161874 1.0 184000
1723146176117 1.0 188000
1723146190297 1.0 192000
1723146204532 1.0 196000
1723146218754 1.0 200000
1723146233068 1.0 204000
1723146247043 1.0 208000
1723146261037 1.0 212000
1723146274464 1.0 216000
1723146288587 1.0 220000
1723146303018 1.0 224000
1723146316948 1.0 228000
1723146330759 1.0 232000
1723146344842 1.0 236000
1723146358844 1.0 240000
1723146372690 1.0 244000
1723146386819 1.0 248000
1723146400349 1.0 252000
1723146414390 1.0 256000
1723146428001 1.0 260000
1723146441764 1.0 264000
1723146455438 1.0 268000
1723146469144 1.0 272000
1723146483201 1.0 276000
1723146496633 1.0 280000
1723146509788 1.0 284000
1723146523421 1.0 288000
1723146536692 1.0 292000
1723146550283 1.0 296000
1723146563766 1.0 300000
1723146577477 1.0 304000
1723146591020 1.0 308000
1723146604729 1.0 312000
1723146618305 1.0 316000
1723146632409 1.0 320000
1723146646496 1.0 324000
1723146659964 1.0 328000
1723146674178 1.0 332000
1723146687922 1.0 336000
1723146701350 1.0 340000
1723146715740 1.0 344000
1723146729026 1.0 348000
1723146742625 1.0 352000
1723146756114 1.0 356000
1723146769265 1.0 360000
1723146783174 1.0 364000
1723146796967 1.0 368000
1723146810740 1.0 372000
1723146824281 1.0 376000
1723146838076 1.0 380000
1723146851436 1.0 384000
1723146864970 1.0 388000
1723146878274 1.0 392000
1723146892045 1.0 396000
1723146905090 1.0 400000
