1723145479459 0.0 4000
1723145492610 0.0 8000
1723145505874 0.0 12000
1723145519958 0.0 16000
1723145533908 0.0 20000
1723145548749 0.0 24000
1723145563264 0.0 28000
1723145577677 0.0 32000
1723145592196 0.0 36000
1723145606794 0.0 40000
1723145621131 0.0 44000
1723145635542 0.0 48000
1723145649492 0.0 52000
1723145664074 0.0 56000
1723145678997 0.0 60000
1723145694214 0.0 64000
1723145715511 0.0 68000
1723145731844 0.0 72000
1723145746913 0.0 76000
1723145762672 0.0 80000
1723145778781 0.0 84000
1723145796499 0.0 88000
1723145814161 0.0 92000
1723145830004 0.0 96000
1723145845036 0.0 100000
1723145864097 0.0 104000
1723145887418 0.0 108000
1723145903349 0.0 112000
1723145918368 0.0 116000
1723145933920 0.0 120000
1723145948271 0.0 124000
1723145962115 0.0 128000
1723145976332 0.0 132000
1723145990861 0.0 136000
1723146004855 0.0 140000
1723146019089 0.0 144000
1723146033076 0.0 148000
1723146047409 0.0 152000
1723146061592 0.0 156000
1723146076154 0.0 160000
1723146090482 0.0 164000
1723146105505 0.0 168000
1723146119348 0.0 172000
1723146133181 0.0 176000
1723146147600 0.0 180000
1723146161867 0.0 184000
1723146176110 0.0 188000
1723146190291 0.0 192000
1723146204526 0.0 196000
1723146218747 0.0 200000
1723146233062 0.0 204000
1723146247036 0.0 208000
1723146261030 0.0 212000
1723146274457 0.0 216000
1723146288581 0.0 220000
1723146303011 0.0 224000
1723146316941 0.0 228000
1723146330753 0.0 232000
1723146344835 0.0 236000
1723146358837 0.0 240000
1723146372683 0.0 244000
1723146386812 0.0 248000
1723146400343 0.0 252000
1723146414383 0.0 256000
1723146427994 0.0 260000
1723146441758 0.0 264000
1723146455432 0.0 268000
1723146469137 0.0 272000
1723146483195 0.0 276000
1723146496626 0.0 280000
1723146509782 0.0 284000
1723146523414 0.0 288000
1723146536686 0.0 292000
1723146550277 0.0 296000
1723146563760 0.0 300000
1723146577471 0.0 304000
1723146591013 0.0 308000
1723146604723 0.0 312000
1723146618299 0.0 316000
1723146632403 0.0 320000
1723146646489 0.0 324000
1723146659958 0.0 328000
1723146674172 0.0 332000
1723146687915 0.0 336000
1723146701342 0.0 340000
1723146715734 0.0 344000
1723146729020 0.0 348000
1723146742619 0.0 352000
1723146756107 0.0 356000
1723146769259 0.0 360000
1723146783168 0.0 364000
1723146796960 0.0 368000
1723146810733 0.0 372000
1723146824275 0.0 376000
1723146838070 0.0 380000
1723146851429 0.0 384000
1723146864963 0.0 388000
1723146878267 0.0 392000
1723146892038 0.0 396000
1723146905082 0.0 400000
