1723231574300 4000.0 4000
1723231581495 8000.0 8000
1723231588655 12000.0 12000
1723231596064 16000.0 16000
1723231603421 20000.0 20000
1723231610526 24000.0 24000
1723231617943 28000.0 28000
1723231625204 32000.0 32000
1723231632584 36000.0 36000
1723231640302 40000.0 40000
1723231647602 44000.0 44000
1723231654888 48000.0 48000
1723231662241 52000.0 52000
1723231669551 56000.0 56000
1723231678773 60000.0 60000
1723231687428 64000.0 64000
1723231695436 68000.0 68000
1723231704068 72000.0 72000
1723231712921 76000.0 76000
1723231721580 80000.0 80000
1723231729950 84000.0 84000
1723231738042 88000.0 88000
1723231745827 92000.0 92000
1723231755099 96000.0 96000
1723231764821 100000.0 100000
1723231772493 104000.0 104000
1723231780116 108000.0 108000
1723231788037 112000.0 112000
1723231796872 116000.0 116000
1723231804801 120000.0 120000
1723231812544 124000.0 124000
1723231820114 128000.0 128000
1723231827863 132000.0 132000
1723231835498 136000.0 136000
1723231843171 140000.0 140000
1723231850768 144000.0 144000
1723231858570 148000.0 148000
1723231866313 152000.0 152000
1723231873963 156000.0 156000
1723231881517 160000.0 160000
1723231889413 164000.0 164000
1723231897600 168000.0 168000
1723231905367 172000.0 172000
1723231912898 176000.0 176000
1723231920554 180000.0 180000
1723231928423 184000.0 184000
1723231936363 188000.0 188000
1723231944008 192000.0 192000
1723231951776 196000.0 196000
1723231959155 200000.0 200000
1723231966798 204000.0 204000
1723231974159 208000.0 208000
1723231981709 212000.0 212000
1723231989087 216000.0 216000
1723231997029 220000.0 220000
1723232004717 224000.0 224000
1723232012264 228000.0 228000
1723232019705 232000.0 232000
1723232027163 236000.0 236000
1723232034744 240000.0 240000
1723232042319 244000.0 244000
1723232049972 248000.0 248000
1723232057743 252000.0 252000
1723232065922 256000.0 256000
1723232073664 260000.0 260000
1723232080922 264000.0 264000
1723232088483 268000.0 268000
1723232095964 272000.0 272000
1723232103475 276000.0 276000
1723232111066 280000.0 280000
1723232118634 284000.0 284000
1723232126179 288000.0 288000
1723232133781 292000.0 292000
1723232141092 296000.0 296000
1723232148522 300000.0 300000
1723232155958 304000.0 304000
1723232163393 308000.0 308000
1723232171331 312000.0 312000
1723232178733 316000.0 316000
1723232186189 320000.0 320000
1723232193450 324000.0 324000
1723232200971 328000.0 328000
1723232208529 332000.0 332000
1723232215986 336000.0 336000
1723232223607 340000.0 340000
1723232230998 344000.0 344000
1723232238898 348000.0 348000
1723232246548 352000.0 352000
1723232253808 356000.0 356000
1723232260945 360000.0 360000
1723232268799 364000.0 364000
1723232276452 368000.0 368000
1723232283898 372000.0 372000
1723232291270 376000.0 376000
1723232298892 380000.0 380000
1723232306391 384000.0 384000
1723232313882 388000.0 388000
1723232321210 392000.0 392000
1723232328602 396000.0 396000
1723232335819 400000.0 400000
1723232343343 404000.0 404000
1723232350658 408000.0 408000
1723232358142 412000.0 412000
1723232365419 416000.0 416000
1723232372657 420000.0 420000
1723232379862 424000.0 424000
1723232387278 428000.0 428000
1723232394642 432000.0 432000
1723232402021 436000.0 436000
1723232409174 440000.0 440000
1723232416476 444000.0 444000
1723232423793 448000.0 448000
1723232431160 452000.0 452000
1723232438417 456000.0 456000
1723232445579 460000.0 460000
1723232453241 464000.0 464000
1723232460479 468000.0 468000
1723232467650 472000.0 472000
1723232475036 476000.0 476000
1723232482368 480000.0 480000
1723232489618 484000.0 484000
1723232496943 488000.0 488000
1723232504523 492000.0 492000
1723232511932 496000.0 496000
1723232519453 500000.0 500000
1723232526777 504000.0 504000
1723232534221 508000.0 508000
1723232541726 512000.0 512000
1723232549429 516000.0 516000
1723232556820 520000.0 520000
1723232564258 524000.0 524000
1723232571688 528000.0 528000
1723232579028 532000.0 532000
1723232586538 536000.0 536000
1723232594090 540000.0 540000
1723232602240 544000.0 544000
1723232609940 548000.0 548000
1723232617368 552000.0 552000
1723232625003 556000.0 556000
1723232632499 560000.0 560000
1723232639998 564000.0 564000
1723232647465 568000.0 568000
1723232654961 572000.0 572000
1723232662516 576000.0 576000
1723232669910 580000.0 580000
1723232677336 584000.0 584000
1723232684842 588000.0 588000
1723232692259 592000.0 592000
1723232700376 596000.0 596000
1723232708211 600000.0 600000
1723232716445 604000.0 604000
1723232723798 608000.0 608000
1723232731287 612000.0 612000
1723232738601 616000.0 616000
1723232746150 620000.0 620000
1723232753587 624000.0 624000
1723232761240 628000.0 628000
1723232768664 632000.0 632000
1723232776209 636000.0 636000
1723232784148 640000.0 640000
1723232791834 644000.0 644000
1723232799184 648000.0 648000
1723232806743 652000.0 652000
1723232814653 656000.0 656000
1723232822451 660000.0 660000
1723232829626 664000.0 664000
1723232837275 668000.0 668000
1723232844719 672000.0 672000
1723232852850 676000.0 676000
1723232860353 680000.0 680000
1723232867678 684000.0 684000
1723232875146 688000.0 688000
1723232883010 692000.0 692000
1723232890244 696000.0 696000
1723232897540 700000.0 700000
1723232904856 704000.0 704000
1723232912128 708000.0 708000
1723232919448 712000.0 712000
1723232926678 716000.0 716000
1723232934025 720000.0 720000
1723232942050 724000.0 724000
1723232949822 728000.0 728000
1723232957386 732000.0 732000
1723232964841 736000.0 736000
1723232972380 740000.0 740000
1723232980113 744000.0 744000
1723232987700 748000.0 748000
1723232995212 752000.0 752000
1723233002933 756000.0 756000
1723233010568 760000.0 760000
1723233018172 764000.0 764000
1723233025800 768000.0 768000
1723233033505 772000.0 772000
1723233040852 776000.0 776000
1723233048064 780000.0 780000
1723233055424 784000.0 784000
1723233062651 788000.0 788000
1723233069894 792000.0 792000
1723233077203 796000.0 796000
1723233084553 800000.0 800000
