1723145479484 1.0 4000
1723145492633 1.0 8000
1723145505900 1.0 12000
1723145519976 1.0 16000
1723145533927 1.0 20000
1723145548770 1.0 24000
1723145563283 1.0 28000
1723145577696 1.0 32000
1723145592219 1.0 36000
1723145606814 1.0 40000
1723145621153 1.0 44000
1723145635561 1.0 48000
1723145649511 1.0 52000
1723145664098 1.0 56000
1723145679016 1.0 60000
1723145694236 1.0 64000
1723145715533 1.0 68000
1723145731876 1.0 72000
1723145746934 1.0 76000
1723145762694 1.0 80000
1723145778803 1.0 84000
1723145796528 1.0 88000
1723145814184 1.0 92000
1723145830026 1.0 96000
1723145845058 1.0 100000
1723145864120 1.0 104000
1723145887443 1.0 108000
1723145903372 1.0 112000
1723145918391 1.0 116000
1723145933940 1.0 120000
1723145948294 1.0 124000
1723145962135 1.0 128000
1723145976353 1.0 132000
1723145990883 1.0 136000
1723146004876 1.0 140000
1723146019110 1.0 144000
1723146033097 1.0 148000
1723146047430 1.0 152000
1723146061612 1.0 156000
1723146076175 1.0 160000
1723146090502 1.0 164000
1723146105526 1.0 168000
1723146119370 1.0 172000
1723146133202 1.0 176000
1723146147621 1.0 180000
1723146161889 1.0 184000
1723146176131 1.0 188000
1723146190311 1.0 192000
1723146204546 1.0 196000
1723146218768 1.0 200000
1723146233082 1.0 204000
1723146247057 1.0 208000
1723146261051 1.0 212000
1723146274478 1.0 216000
1723146288602 1.0 220000
1723146303032 1.0 224000
1723146316962 1.0 228000
1723146330774 1.0 232000
1723146344856 1.0 236000
1723146358859 1.0 240000
1723146372704 1.0 244000
1723146386832 1.0 248000
1723146400364 1.0 252000
1723146414404 1.0 256000
1723146428014 1.0 260000
1723146441778 1.0 264000
1723146455452 1.0 268000
1723146469158 1.0 272000
1723146483216 1.0 276000
1723146496648 1.0 280000
1723146509803 1.0 284000
1723146523434 1.0 288000
1723146536706 1.0 292000
1723146550297 1.0 296000
1723146563780 1.0 300000
1723146577496 1.0 304000
1723146591034 1.0 308000
1723146604743 1.0 312000
1723146618319 1.0 316000
1723146632423 1.0 320000
1723146646509 1.0 324000
1723146659979 1.0 328000
1723146674192 1.0 332000
1723146687936 1.0 336000
1723146701365 1.0 340000
1723146715755 1.0 344000
1723146729040 1.0 348000
1723146742639 1.0 352000
1723146756128 1.0 356000
1723146769279 1.0 360000
1723146783188 1.0 364000
1723146796980 1.0 368000
1723146810754 1.0 372000
1723146824295 1.0 376000
1723146838090 1.0 380000
1723146851450 1.0 384000
1723146864984 1.0 388000
1723146878288 1.0 392000
1723146892058 1.0 396000
1723146905103 1.0 400000
