1723147967059 -1.8492842371357914 4000
1723147979789 2.55872472986751 8000
1723147994274 8.717263164146647 12000
1723148013901 11.810088696573033 16000
1723148031004 13.874201250294975 20000
1723148046183 15.771934141006344 24000
1723148059755 13.777314472408898 28000
1723148071856 14.118691350987122 32000
1723148084673 15.021648008172363 36000
1723148097911 19.502658219274544 40000
1723148111788 19.710666736113602 44000
1723148124153 19.887286961196846 48000
1723148142579 20.26678925957404 52000
1723148155815 20.432279482921338 56000
1723148169056 22.93712803824788 60000
1723148181707 18.81207299420648 64000
1723148194538 17.191455951684247 68000
1723148209352 19.23315927701399 72000
1723148227384 19.59460212787482 76000
1723148243795 24.670986864713694 80000
1723148256608 19.666078986379315 84000
1723148271426 23.0508254044456 88000
1723148289348 24.064088586823704 92000
1723148306970 22.571019178425974 96000
1723148319578 23.21814413185363 100000
1723148331148 27.033795278960568 104000
1723148345152 18.253288593403216 108000
1723148365620 21.704131065645583 112000
1723148379098 20.684646866429947 116000
1723148392461 18.861054456569278 120000
1723148406228 25.22504111511323 124000
1723148418820 17.22001304630927 128000
1723148431867 20.828284833585077 132000
1723148444589 23.214502688023323 136000
1723148457848 21.778136573359493 140000
1723148470765 18.702467857003537 144000
1723148488443 20.27309188216363 148000
1723148501514 17.835734480834923 152000
1723148514631 15.646816539191832 156000
1723148529218 18.931019794835862 160000
1723148542097 20.443017068552457 164000
1723148554932 18.040561993229918 168000
1723148567335 20.108428915317504 172000
1723148583145 21.89414760378144 176000
1723148596423 19.816876705026953 180000
1723148610306 20.93936653902994 184000
1723148622721 17.170045151383132 188000
1723148635993 19.570297382279314 192000
1723148651185 19.315156330349808 196000
1723148665343 18.274527017416915 200000
1723148677419 17.230582449954376 204000
1723148689054 14.412267933676082 208000
1723148707194 20.951823202414705 212000
1723148723822 19.571086383389698 216000
1723148740335 14.653430381934506 220000
1723148756413 15.039130271838383 224000
1723148772441 10.736953518056476 228000
1723148789270 13.996389490890056 232000
1723148808615 12.661347128844612 236000
1723148823904 20.20529310021854 240000
1723148835876 17.84131591485859 244000
1723148848793 17.604452704657422 248000
1723148864993 15.027868038020028 252000
1723148884031 16.199108708187083 256000
1723148904662 15.988339683692034 260000
1723148916556 14.504056391569831 264000
1723148928510 10.22415275451433 268000
1723148940673 15.732269033261774 272000
1723148952348 9.985913704763504 276000
1723148963952 12.833533282592922 280000
1723148977244 16.58906254582917 284000
1723148988931 13.78865634883448 288000
1723149002127 10.333458586867007 292000
1723149014615 12.688954223037316 296000
1723149025878 15.14656463427478 300000
1723149037251 9.790331203310519 304000
1723149049550 16.760605430999718 308000
1723149067490 12.740374043689066 312000
1723149084153 13.24143478617754 316000
1723149103746 12.639466441344243 320000
1723149117428 9.958971167276456 324000
1723149131849 14.48285465328533 328000
1723149150934 15.063602098364035 332000
1723149166377 10.98744011190018 336000
1723149182989 9.82697117970373 340000
1723149199315 14.890600929250315 344000
1723149215865 17.714791870955956 348000
1723149234105 12.143714340013178 352000
1723149247202 10.635489623606283 356000
1723149259517 12.704662417075399 360000
1723149271932 13.78038569412497 364000
1723149283781 11.296607924767967 368000
1723149295670 14.565895768712869 372000
1723149307849 10.382578434077962 376000
1723149320397 14.253513127020456 380000
1723149332488 14.262289954616415 384000
1723149344582 12.956629717879578 388000
1723149356920 13.477680187306495 392000
1723149369024 11.52942702124399 396000
1723149380475 15.633592977684449 400000
1723149392287 10.576555193423344 404000
1723149403776 11.42365300660377 408000
1723149415286 11.47912112363418 412000
1723149427060 9.645934606220921 416000
1723149446001 14.77312302272448 420000
1723149458997 11.873080562233104 424000
1723149470503 9.631146383901774 428000
1723149481935 9.756824147297282 432000
1723149493670 13.037172670275229 436000
1723149505885 11.445908412863394 440000
1723149518204 13.78064094025641 444000
1723149529885 14.150396447813229 448000
1723149541581 10.856209170468277 452000
1723149552955 12.554915263657294 456000
1723149564503 11.946740659566945 460000
1723149576725 11.708784920237868 464000
1723149588346 10.19928384107812 468000
1723149599647 12.527524483164537 472000
1723149611017 7.571995111326652 476000
1723149622399 12.322124304826994 480000
1723149633559 13.461534611944895 484000
1723149644961 7.861162493112808 488000
1723149656029 9.074924360195174 492000
1723149667598 13.787121360459732 496000
1723149678979 14.84533704890196 500000
1723149690334 11.310703504216413 504000
1723149701666 8.931111239506633 508000
1723149712959 11.507044042655624 512000
1723149724336 14.649729866003993 516000
1723149735766 9.258918353463292 520000
1723149747249 10.182903951060608 524000
1723149759182 11.89191764163459 528000
1723149770818 5.85647532636991 532000
1723149782134 8.882058393923732 536000
1723149793446 9.602223876901334 540000
1723149804440 8.500769147783018 544000
1723149815876 8.01276304332707 548000
1723149826944 11.545222698450232 552000
1723149838237 15.297270335924686 556000
1723149850081 12.27622168343467 560000
1723149861260 11.320405058959917 564000
1723149872957 9.90592824714331 568000
1723149884324 8.95759609535686 572000
1723149895682 9.032068505839609 576000
1723149906890 9.926627288680216 580000
1723149918421 12.184292688717138 584000
1723149929838 7.186742945122128 588000
1723149941542 11.937140018177004 592000
1723149952961 7.486330281475621 596000
1723149964817 10.976023927263986 600000
1723149976082 9.268879906563845 604000
1723149987496 9.84648878243027 608000
1723149999031 11.182237338612643 612000
1723150010247 11.997618229792948 616000
1723150021603 12.624243619410347 620000
1723150032897 11.66448778706394 624000
1723150044358 9.269795471192745 628000
1723150055798 9.403834431186715 632000
1723150067187 10.794299736601706 636000
1723150078822 13.556289496788114 640000
1723150090611 12.677211694441514 644000
1723150101936 8.360552628641194 648000
1723150113458 6.433105464408297 652000
1723150124798 10.60381666373553 656000
1723150136230 9.865921700602545 660000
1723150147494 10.422588713377722 664000
1723150158474 8.50037321337906 668000
1723150169681 13.83774783214735 672000
1723150180951 9.195646903366226 676000
1723150192286 12.335527686017322 680000
1723150203381 11.49180404138669 684000
1723150214387 8.566853633474409 688000
1723150225864 15.14801762231651 692000
1723150237225 9.871696347166639 696000
1723150249146 12.488010681540665 700000
1723150260625 5.911574788215199 704000
1723150272093 11.664740197002322 708000
1723150283624 8.79854143079941 712000
1723150295509 9.120663360566034 716000
1723150306701 7.233003906724444 720000
1723150319419 12.10978932473157 724000
1723150330815 8.25977852209782 728000
1723150342124 8.664152711729434 732000
1723150353417 8.640625882860123 736000
1723150365003 9.678456083081059 740000
1723150376315 8.959784936416522 744000
1723150387669 12.58047867333258 748000
1723150399109 10.796552398660333 752000
1723150410834 11.914524128982718 756000
1723150422292 10.353219531373739 760000
1723150433768 11.261830556809905 764000
1723150445007 11.607025713037944 768000
1723150456438 15.293865987305999 772000
1723150467439 10.485680314966947 776000
1723150479365 5.948872280498021 780000
1723150490778 8.843773116452677 784000
1723150505609 8.423755474028672 788000
1723150524348 6.83777216797845 792000
1723150543308 10.651634577675232 796000
1723150557304 10.815121608521569 800000
