1723147967055 -70.47785834540169 4000
1723147979786 -50.042004489726175 8000
1723147994271 -55.767842013183916 12000
1723148013898 -55.542044996446286 16000
1723148031000 -24.412454284547035 20000
1723148046179 -40.66602256767716 24000
1723148059752 -37.216035391780515 28000
1723148071853 -31.470421422483945 32000
1723148084670 -47.636168116706195 36000
1723148097907 -37.3077961621441 40000
1723148111784 -23.12549756255609 44000
1723148124150 -42.472185643961595 48000
1723148142575 -23.66203521682788 52000
1723148155812 -29.041902622047512 56000
1723148169052 -32.531572492371936 60000
1723148181703 -26.82230962273306 64000
1723148194535 -59.81114519261135 68000
1723148209345 -47.43071357320229 72000
1723148227381 -48.34269366049065 76000
1723148243792 -27.11590887747599 80000
1723148256605 -54.659472223278804 84000
1723148271423 -80.7582523741271 88000
1723148289345 -38.56125445303386 92000
1723148306965 -31.074192940617653 96000
1723148319575 -25.464327511535544 100000
1723148331145 -31.834483820177674 104000
1723148345147 -34.74608531404891 108000
1723148365614 -43.87617181636253 112000
1723148379095 -47.89477220539123 116000
1723148392458 -28.011244107596973 120000
1723148406224 -52.62205076105986 124000
1723148418817 -74.59911606176513 128000
1723148431864 -54.618946466084125 132000
1723148444586 -30.891306995673137 136000
1723148457844 -39.97331598351846 140000
1723148470760 -44.315806264888664 144000
1723148488440 -37.16693765649416 148000
1723148501511 -30.203685260430966 152000
1723148514628 -37.24265271917352 156000
1723148529215 -20.57152507186854 160000
1723148542093 -54.39158798327128 164000
1723148554929 -35.83668682802276 168000
1723148567330 -68.96639276164635 172000
1723148583141 -85.43759490211828 176000
1723148596420 -32.156448856006676 180000
1723148610303 -35.123002744728524 184000
1723148622717 -55.05386323437484 188000
1723148635990 -46.5681231782877 192000
1723148651182 -37.60882351900976 196000
1723148665340 -31.105076516076505 200000
1723148677416 -64.87237372901195 204000
1723148689051 -32.14675160839257 208000
1723148707190 -29.98069119813855 212000
1723148723819 -68.50563260616869 216000
1723148740331 -90.36326991186112 220000
1723148756410 -39.89031928733698 224000
1723148772437 -46.56195992999425 228000
1723148789267 -56.70188342395155 232000
1723148808611 -46.0757414341186 236000
1723148823901 -39.49990026751302 240000
1723148835873 -28.887719364094746 244000
1723148848790 -25.845306834014174 248000
1723148864990 -35.1872233003528 252000
1723148884027 -38.35048807813922 256000
1723148904659 -29.425909842900207 260000
1723148916552 -30.58236031543478 264000
1723148928505 -24.643305208339868 268000
1723148940670 -36.76236400056337 272000
1723148952345 -37.84159638005743 276000
1723148963949 -26.92853312791306 280000
1723148977240 -19.822430452094558 284000
1723148988927 -65.73433753244908 288000
1723149002123 -46.23198551783003 292000
1723149014611 -21.025750773718986 296000
1723149025875 -38.27511303380439 300000
1723149037248 -35.10352734863429 304000
1723149049546 -22.491525574572105 308000
1723149067483 -35.745448019841675 312000
1723149084148 -52.000673720829184 316000
1723149103743 -21.633096650540573 320000
1723149117424 -31.257983615253472 324000
1723149131845 -26.41541200001509 328000
1723149150930 -37.532149276345784 332000
1723149166373 -69.50790961474803 336000
1723149182986 -19.725877544268748 340000
1723149199312 -34.3108337239318 344000
1723149215862 -42.51859828369951 348000
1723149234101 -30.549287476252683 352000
1723149247199 -36.29192483232691 356000
1723149259514 -28.05263878597219 360000
1723149271929 -32.08236369626985 364000
1723149283778 -28.19121417092386 368000
1723149295667 -23.39747428545409 372000
1723149307846 -30.880751439481006 376000
1723149320394 -26.80130269704817 380000
1723149332484 -27.030682643603143 384000
1723149344579 -24.91880455495204 388000
1723149356917 -26.437402073147968 392000
1723149369021 -24.223593764748877 396000
1723149380470 -29.645995720438037 400000
1723149392284 -26.452775042833476 404000
1723149403773 -32.09848383427034 408000
1723149415282 -38.18836283472324 412000
1723149427056 -33.84837799292993 416000
1723149445997 -30.469753606341115 420000
1723149458994 -20.341183973449056 424000
1723149470500 -59.10794626163698 428000
1723149481931 -24.056353227742562 432000
1723149493667 -19.122484704799685 436000
1723149505882 -27.763531154650835 440000
1723149518201 -23.55402642036196 444000
1723149529882 -30.58901785299541 448000
1723149541578 -23.771366178706685 452000
1723149552951 -27.729246104440683 456000
1723149564500 -41.370459540612956 460000
1723149576721 -32.31138599846695 464000
1723149588343 -23.66871096996349 468000
1723149599644 -35.217184458746985 472000
1723149611014 -26.827918056366844 476000
1723149622396 -27.90245843628549 480000
1723149633556 -29.29922887287681 484000
1723149644958 -32.99634369798009 488000
1723149656026 -21.29077036446581 492000
1723149667595 -30.35256180177025 496000
1723149678976 -40.324721768458154 500000
1723149690330 -21.786644664706117 504000
1723149701663 -25.19241386960386 508000
1723149712956 -19.372051040099095 512000
1723149724332 -52.01104375702215 516000
1723149735762 -34.461577074048506 520000
1723149747246 -34.971688860300354 524000
1723149759178 -33.820206183110734 528000
1723149770815 -23.735159890192367 532000
1723149782131 -45.580753725811526 536000
1723149793443 -41.54753154176554 540000
1723149804437 -23.857861613200882 544000
1723149815873 -28.311561911083366 548000
1723149826940 -23.800120281832605 552000
1723149838234 -33.16408278448881 556000
1723149850078 -18.13989812575167 560000
1723149861257 -44.39803084545719 564000
1723149872954 -28.125221572952135 568000
1723149884321 -25.691398710606673 572000
1723149895679 -36.493638310047004 576000
1723149906887 -67.13353631805494 580000
1723149918418 -39.10757194600336 584000
1723149929834 -33.5533876934063 588000
1723149941539 -34.578848631850065 592000
1723149952958 -39.9654127863951 596000
1723149964813 -24.490498794727294 600000
1723149976079 -25.25734356311 604000
1723149987493 -31.991567073387763 608000
1723149999027 -23.105404914419683 612000
1723150010244 -32.04344204012019 616000
1723150021599 -21.587815678287992 620000
1723150032894 -27.6616331413487 624000
1723150044355 -20.107988867117907 628000
1723150055794 -23.3498798895379 632000
1723150067184 -27.411379194068648 636000
1723150078818 -23.452691280068684 640000
1723150090608 -25.594429115990874 644000
1723150101932 -25.56470277495461 648000
1723150113455 -31.117962638476207 652000
1723150124795 -29.208105965886585 656000
1723150136226 -31.706930720150318 660000
1723150147490 -23.012871631163332 664000
1723150158470 -16.3999411726815 668000
1723150169678 -26.23428116705673 672000
1723150180947 -40.36820049442869 676000
1723150192283 -32.08334578225019 680000
1723150203377 -29.530501784975186 684000
1723150214383 -22.26383301798223 688000
1723150225861 -17.931998926363768 692000
1723150237222 -26.214857809458465 696000
1723150249143 -33.89916430288228 700000
1723150260622 -30.550348656123315 704000
1723150272090 -21.92214501147515 708000
1723150283621 -33.19752744574547 712000
1723150295506 -23.110898880423708 716000
1723150306697 -26.799843932477565 720000
1723150319415 -32.18901015549289 724000
1723150330811 -19.80173044858132 728000
1723150342121 -20.39471409382588 732000
1723150353414 -33.93929237982021 736000
1723150365000 -25.949649282849574 740000
1723150376312 -27.42885302457378 744000
1723150387666 -28.571485828564697 748000
1723150399106 -27.707205518544495 752000
1723150410831 -24.896226349227668 756000
1723150422289 -24.995322543888776 760000
1723150433765 -22.868159215605996 764000
1723150445003 -29.745085085012228 768000
1723150456434 -20.15451808396163 772000
1723150467436 -34.09495383270555 776000
1723150479362 -36.152456708900694 780000
1723150490775 -28.51655094827413 784000
1723150505605 -29.631914535260577 788000
1723150524344 -81.38999484455807 792000
1723150543304 -23.394741447359618 796000
1723150557301 -29.785954308657274 800000
