1723147967058 -70.47785834540169 4000
1723147979789 -50.042004489726175 8000
1723147994274 -55.767842013183916 12000
1723148013901 -55.542044996446286 16000
1723148031003 -24.412454284547035 20000
1723148046182 -40.66602256767716 24000
1723148059755 -37.216035391780515 28000
1723148071856 -31.470421422483945 32000
1723148084672 -47.636168116706195 36000
1723148097910 -37.3077961621441 40000
1723148111788 -23.12549756255609 44000
1723148124153 -42.472185643961595 48000
1723148142579 -23.66203521682788 52000
1723148155815 -29.041902622047512 56000
1723148169055 -32.531572492371936 60000
1723148181706 -26.82230962273306 64000
1723148194537 -59.81114519261135 68000
1723148209352 -47.43071357320229 72000
1723148227384 -48.34269366049065 76000
1723148243795 -27.11590887747599 80000
1723148256608 -54.659472223278804 84000
1723148271426 -80.7582523741271 88000
1723148289348 -38.56125445303386 92000
1723148306969 -31.074192940617653 96000
1723148319578 -25.464327511535544 100000
1723148331148 -31.834483820177674 104000
1723148345151 -34.74608531404891 108000
1723148365619 -43.87617181636253 112000
1723148379098 -47.89477220539123 116000
1723148392461 -28.011244107596973 120000
1723148406228 -52.62205076105986 124000
1723148418820 -74.59911606176513 128000
1723148431866 -54.618946466084125 132000
1723148444589 -30.891306995673137 136000
1723148457848 -39.97331598351846 140000
1723148470765 -44.315806264888664 144000
1723148488443 -37.16693765649416 148000
1723148501514 -30.203685260430966 152000
1723148514631 -37.24265271917352 156000
1723148529218 -20.57152507186854 160000
1723148542096 -54.39158798327128 164000
1723148554931 -35.83668682802276 168000
1723148567334 -68.96639276164635 172000
1723148583144 -85.43759490211828 176000
1723148596423 -32.156448856006676 180000
1723148610306 -35.123002744728524 184000
1723148622721 -55.05386323437484 188000
1723148635992 -46.5681231782877 192000
1723148651185 -37.60882351900976 196000
1723148665343 -31.105076516076505 200000
1723148677419 -64.87237372901195 204000
1723148689054 -32.14675160839257 208000
1723148707193 -29.98069119813855 212000
1723148723822 -68.50563260616869 216000
1723148740334 -90.36326991186112 220000
1723148756413 -39.89031928733698 224000
1723148772440 -46.56195992999425 228000
1723148789270 -56.70188342395155 232000
1723148808614 -46.0757414341186 236000
1723148823904 -39.49990026751302 240000
1723148835876 -28.887719364094746 244000
1723148848793 -25.845306834014174 248000
1723148864993 -35.1872233003528 252000
1723148884030 -38.35048807813922 256000
1723148904662 -29.425909842900207 260000
1723148916555 -30.58236031543478 264000
1723148928510 -24.643305208339868 268000
1723148940673 -36.76236400056337 272000
1723148952348 -37.84159638005743 276000
1723148963952 -26.92853312791306 280000
1723148977244 -19.822430452094558 284000
1723148988931 -65.73433753244908 288000
1723149002126 -46.23198551783003 292000
1723149014614 -21.025750773718986 296000
1723149025878 -38.27511303380439 300000
1723149037251 -35.10352734863429 304000
1723149049549 -22.491525574572105 308000
1723149067490 -35.745448019841675 312000
1723149084153 -52.000673720829184 316000
1723149103746 -21.633096650540573 320000
1723149117427 -31.257983615253472 324000
1723149131848 -26.41541200001509 328000
1723149150933 -37.532149276345784 332000
1723149166376 -69.50790961474803 336000
1723149182989 -19.725877544268748 340000
1723149199315 -34.3108337239318 344000
1723149215865 -42.51859828369951 348000
1723149234105 -30.549287476252683 352000
1723149247202 -36.29192483232691 356000
1723149259517 -28.05263878597219 360000
1723149271932 -32.08236369626985 364000
1723149283780 -28.19121417092386 368000
1723149295670 -23.39747428545409 372000
1723149307849 -30.880751439481006 376000
1723149320397 -26.80130269704817 380000
1723149332488 -27.030682643603143 384000
1723149344582 -24.91880455495204 388000
1723149356919 -26.437402073147968 392000
1723149369024 -24.223593764748877 396000
1723149380474 -29.645995720438037 400000
1723149392287 -26.452775042833476 404000
1723149403776 -32.09848383427034 408000
1723149415285 -38.18836283472324 412000
1723149427059 -33.84837799292993 416000
1723149446000 -30.469753606341115 420000
1723149458997 -20.341183973449056 424000
1723149470502 -59.10794626163698 428000
1723149481934 -24.056353227742562 432000
1723149493670 -19.122484704799685 436000
1723149505885 -27.763531154650835 440000
1723149518204 -23.55402642036196 444000
1723149529885 -30.58901785299541 448000
1723149541581 -23.771366178706685 452000
1723149552954 -27.729246104440683 456000
1723149564502 -41.370459540612956 460000
1723149576724 -32.31138599846695 464000
1723149588346 -23.66871096996349 468000
1723149599646 -35.217184458746985 472000
1723149611017 -26.827918056366844 476000
1723149622398 -27.90245843628549 480000
1723149633559 -29.29922887287681 484000
1723149644961 -32.99634369798009 488000
1723149656029 -21.29077036446581 492000
1723149667597 -30.35256180177025 496000
1723149678979 -40.324721768458154 500000
1723149690333 -21.786644664706117 504000
1723149701666 -25.19241386960386 508000
1723149712959 -19.372051040099095 512000
1723149724335 -52.01104375702215 516000
1723149735765 -34.461577074048506 520000
1723149747249 -34.971688860300354 524000
1723149759181 -33.820206183110734 528000
1723149770818 -23.735159890192367 532000
1723149782134 -45.580753725811526 536000
1723149793446 -41.54753154176554 540000
1723149804440 -23.857861613200882 544000
1723149815875 -28.311561911083366 548000
1723149826943 -23.800120281832605 552000
1723149838237 -33.16408278448881 556000
1723149850081 -18.13989812575167 560000
1723149861259 -44.39803084545719 564000
1723149872957 -28.125221572952135 568000
1723149884324 -25.691398710606673 572000
1723149895682 -36.493638310047004 576000
1723149906890 -67.13353631805494 580000
1723149918421 -39.10757194600336 584000
1723149929838 -33.5533876934063 588000
1723149941542 -34.578848631850065 592000
1723149952961 -39.9654127863951 596000
1723149964817 -24.490498794727294 600000
1723149976082 -25.25734356311 604000
1723149987496 -31.991567073387763 608000
1723149999030 -23.105404914419683 612000
1723150010247 -32.04344204012019 616000
1723150021602 -21.587815678287992 620000
1723150032897 -27.6616331413487 624000
1723150044358 -20.107988867117907 628000
1723150055797 -23.3498798895379 632000
1723150067187 -27.411379194068648 636000
1723150078821 -23.452691280068684 640000
1723150090611 -25.594429115990874 644000
1723150101935 -25.56470277495461 648000
1723150113457 -31.117962638476207 652000
1723150124798 -29.208105965886585 656000
1723150136229 -31.706930720150318 660000
1723150147493 -23.012871631163332 664000
1723150158473 -16.3999411726815 668000
1723150169681 -26.23428116705673 672000
1723150180950 -40.36820049442869 676000
1723150192286 -32.08334578225019 680000
1723150203381 -29.530501784975186 684000
1723150214387 -22.26383301798223 688000
1723150225864 -17.931998926363768 692000
1723150237225 -26.214857809458465 696000
1723150249146 -33.89916430288228 700000
1723150260625 -30.550348656123315 704000
1723150272092 -21.92214501147515 708000
1723150283624 -33.19752744574547 712000
1723150295509 -23.110898880423708 716000
1723150306700 -26.799843932477565 720000
1723150319419 -32.18901015549289 724000
1723150330815 -19.80173044858132 728000
1723150342124 -20.39471409382588 732000
1723150353416 -33.93929237982021 736000
1723150365003 -25.949649282849574 740000
1723150376315 -27.42885302457378 744000
1723150387669 -28.571485828564697 748000
1723150399108 -27.707205518544495 752000
1723150410833 -24.896226349227668 756000
1723150422292 -24.995322543888776 760000
1723150433768 -22.868159215605996 764000
1723150445006 -29.745085085012228 768000
1723150456437 -20.15451808396163 772000
1723150467439 -34.09495383270555 776000
1723150479364 -36.152456708900694 780000
1723150490778 -28.51655094827413 784000
1723150505608 -29.631914535260577 788000
1723150524347 -81.38999484455807 792000
1723150543308 -23.394741447359618 796000
1723150557304 -29.785954308657274 800000
