1723217322532 153.0 4000
1723217337844 162.0 8000
1723217352961 162.0 12000
1723217368121 162.0 16000
1723217383066 157.0 20000
1723217398259 158.0 24000
1723217413405 162.0 28000
1723217428463 162.0 32000
1723217443753 157.0 36000
1723217459009 162.0 40000
1723217474595 158.0 44000
1723217489857 162.0 48000
1723217505137 157.0 52000
1723217520436 162.0 56000
1723217535539 162.0 60000
1723217550801 158.0 64000
1723217566071 157.0 68000
1723217581359 162.0 72000
1723217596802 162.0 76000
1723217612244 162.0 80000
1723217629645 153.0 84000
1723217646491 162.0 88000
1723217663247 162.0 92000
1723217680344 162.0 96000
1723217697024 162.0 100000
1723217713356 153.0 104000
1723217730105 162.0 108000
1723217747456 162.0 112000
1723217764225 162.0 116000
1723217779956 157.0 120000
1723217796305 158.0 124000
1723217812919 162.0 128000
1723217829904 162.0 132000
1723217846654 157.0 136000
1723217864044 162.0 140000
1723217881127 158.0 144000
1723217898126 162.0 148000
1723217915443 157.0 152000
1723217932612 162.0 156000
1723217949143 162.0 160000
1723217965968 158.0 164000
1723217983027 157.0 168000
1723217999599 162.0 172000
1723218015829 162.0 176000
1723218032457 162.0 180000
1723218048895 153.0 184000
1723218065374 162.0 188000
1723218082221 162.0 192000
1723218098792 162.0 196000
1723218115698 162.0 200000
1723218132574 153.0 204000
1723218149542 162.0 208000
1723218166127 162.0 212000
1723218182783 162.0 216000
1723218197856 157.0 220000
1723218214760 158.0 224000
1723218231289 162.0 228000
1723218247571 162.0 232000
1723218263734 157.0 236000
1723218279744 162.0 240000
1723218296663 158.0 244000
1723218313408 162.0 248000
1723218330032 157.0 252000
1723218346372 162.0 256000
1723218362679 162.0 260000
1723218378616 158.0 264000
1723218394098 157.0 268000
1723218409964 162.0 272000
1723218426066 162.0 276000
1723218442071 162.0 280000
1723218457743 153.0 284000
1723218472636 162.0 288000
1723218488693 162.0 292000
1723218504375 162.0 296000
1723218520042 162.0 300000
1723218535927 153.0 304000
1723218551425 162.0 308000
1723218567863 162.0 312000
1723218585163 162.0 316000
1723218601473 157.0 320000
1723218617741 158.0 324000
1723218634109 162.0 328000
1723218650306 162.0 332000
1723218666911 157.0 336000
1723218683203 162.0 340000
1723218699590 158.0 344000
1723218824302 162.0 348000
1723218840984 157.0 352000
1723218857115 162.0 356000
1723218872377 162.0 360000
1723218889705 158.0 364000
1723218904815 157.0 368000
1723218920236 162.0 372000
1723218935455 162.0 376000
1723218950983 162.0 380000
1723218966438 153.0 384000
1723218984843 162.0 388000
1723219006374 162.0 392000
1723219023228 162.0 396000
1723219038350 162.0 400000
1723219052605 153.0 404000
1723219068835 162.0 408000
1723219084772 162.0 412000
1723219100498 162.0 416000
1723219116497 157.0 420000
1723219132518 158.0 424000
1723219148981 162.0 428000
1723219166346 162.0 432000
1723219182890 157.0 436000
1723219199615 162.0 440000
1723219215637 158.0 444000
1723219232152 162.0 448000
1723219248130 157.0 452000
1723219264370 162.0 456000
1723219280381 162.0 460000
1723219296307 158.0 464000
1723219312481 157.0 468000
1723219328105 162.0 472000
1723219345803 162.0 476000
1723219362326 162.0 480000
1723219378648 153.0 484000
1723219394305 162.0 488000
1723219410475 162.0 492000
1723219425287 162.0 496000
1723219440678 162.0 500000
1723219456490 153.0 504000
1723219472343 162.0 508000
1723219487410 162.0 512000
1723219502790 162.0 516000
1723219518660 157.0 520000
1723219534814 158.0 524000
1723219550451 162.0 528000
1723219566166 162.0 532000
1723219582145 157.0 536000
1723219598345 162.0 540000
1723219613764 158.0 544000
1723219631164 162.0 548000
1723219646975 157.0 552000
1723219662447 162.0 556000
1723219678896 162.0 560000
1723219694512 158.0 564000
1723219710095 157.0 568000
1723219725891 162.0 572000
1723219741449 162.0 576000
1723219755641 162.0 580000
1723219771191 153.0 584000
1723219787715 162.0 588000
1723219803314 162.0 592000
1723219818899 162.0 596000
1723219834570 162.0 600000
1723219850238 153.0 604000
1723219867173 162.0 608000
1723219883445 162.0 612000
1723219898969 162.0 616000
1723219914393 157.0 620000
1723219929533 158.0 624000
1723219945345 162.0 628000
1723219961005 162.0 632000
1723219976510 157.0 636000
1723219991971 162.0 640000
1723220007624 158.0 644000
1723220023008 162.0 648000
1723220037484 157.0 652000
1723220052705 162.0 656000
1723220068341 162.0 660000
1723220084115 158.0 664000
1723220099894 157.0 668000
1723220115325 162.0 672000
1723220131490 162.0 676000
1723220147145 162.0 680000
1723220162645 153.0 684000
1723220178570 162.0 688000
1723220194632 162.0 692000
1723220210293 162.0 696000
1723220225693 162.0 700000
1723220240791 153.0 704000
1723220256905 162.0 708000
1723220272310 162.0 712000
1723220288359 162.0 716000
1723220304171 157.0 720000
1723220318842 158.0 724000
1723220334013 162.0 728000
1723220349512 162.0 732000
1723220365425 157.0 736000
1723220381091 162.0 740000
1723220396775 158.0 744000
1723220412306 162.0 748000
1723220428371 157.0 752000
1723220444412 162.0 756000
1723220459692 162.0 760000
1723220475788 158.0 764000
1723220492405 157.0 768000
1723220508349 162.0 772000
1723220524262 162.0 776000
1723220540046 162.0 780000
1723220556264 153.0 784000
1723220571919 162.0 788000
1723220588253 162.0 792000
1723220604321 162.0 796000
1723220619855 162.0 800000
