1723217322534 -97.72853788070331 4000
1723217337845 -113.37915951249383 8000
1723217352963 -123.82803546493935 12000
1723217368123 -34.831836529687536 16000
1723217383068 -36.85242601367793 20000
1723217398261 -22.597744306293812 24000
1723217413406 -42.989228223883806 28000
1723217428465 -20.240654073927896 32000
1723217443755 -58.96707255876464 36000
1723217459011 -65.21566845952833 40000
1723217474596 -40.97693188210076 44000
1723217489859 -34.156642380074146 48000
1723217505139 -32.25095378091788 52000
1723217520438 -34.51504682052189 56000
1723217535541 -45.22760573630437 60000
1723217550803 -70.21490367574135 64000
1723217566073 -60.3831102449842 68000
1723217581361 -42.06166369214883 72000
1723217596804 -46.9806871927425 76000
1723217612246 -31.126856956777747 80000
1723217629648 -53.95865749669082 84000
1723217646493 -42.72812583195425 88000
1723217663249 -33.937346705878596 92000
1723217680346 -76.75057009867452 96000
1723217697026 -93.25693142248366 100000
1723217713358 -51.0651210453235 104000
1723217730106 -37.68442567187517 108000
1723217747458 -29.795024496946507 112000
1723217764227 -34.30355722871822 116000
1723217779958 -57.868304425265 120000
1723217796307 -54.27407431064214 124000
1723217812921 -58.20763882741339 128000
1723217829907 -37.99315394168394 132000
1723217846656 -25.30115866010467 136000
1723217864046 -36.68077592425443 140000
1723217881129 -51.706806474734854 144000
1723217898128 -58.133280907119776 148000
1723217915445 -40.33075165396666 152000
1723217932614 -32.49774988548948 156000
1723217949146 -27.729038043101333 160000
1723217965970 -50.642770351146986 164000
1723217983029 -48.29208450881676 168000
1723217999601 -30.49759042511395 172000
1723218015831 -28.52257726414003 176000
1723218032459 -32.59858528897639 180000
1723218048897 -36.53586086890749 184000
1723218065376 -36.15275634801714 188000
1723218082223 -53.539200163503644 192000
1723218098794 -39.06615376106046 196000
1723218115700 -45.31401778806945 200000
1723218132577 -43.26788323200742 204000
1723218149544 -36.958719693746964 208000
1723218166129 -27.253388687834313 212000
1723218182785 -37.48067565320792 216000
1723218197859 -34.284997985822045 220000
1723218214762 -54.633136112988325 224000
1723218231291 -29.437741776265728 228000
1723218247573 -20.999426105100454 232000
1723218263736 -36.37674761540974 236000
1723218279746 -56.562772909443964 240000
1723218296665 -29.03174216425606 244000
1723218313410 -41.57071640049875 248000
1723218330036 -36.925676806682056 252000
1723218346374 -29.65829433461588 256000
1723218362682 -30.693242347212923 260000
1723218378618 -30.852869869531744 264000
1723218394100 -31.122685761385057 268000
1723218409966 -50.42370858759461 272000
1723218426067 -40.634379626051356 276000
1723218442073 -37.06316823729534 280000
1723218457745 -38.58229966884726 284000
1723218472641 -39.77627196770741 288000
1723218488695 -29.74843944872444 292000
1723218504377 -57.5796452091017 296000
1723218520047 -32.63819207028694 300000
1723218535929 -31.709778889893553 304000
1723218551428 -23.973247729465058 308000
1723218567865 -34.258936007199885 312000
1723218585164 -39.243956107743614 316000
1723218601475 -31.04769275167757 320000
1723218617743 -46.2137550148046 324000
1723218634111 -22.770843297106097 328000
1723218650308 -31.87535091921466 332000
1723218666913 -46.50600581194706 336000
1723218683204 -43.82095738756135 340000
1723218699592 -23.38014143561791 344000
1723218824304 -29.854349534685127 348000
1723218840986 -23.440853663665123 352000
1723218857117 -25.28985991537473 356000
1723218872379 -27.57169821401505 360000
1723218889708 -42.16523585850504 364000
1723218904817 -21.456264900490055 368000
1723218920238 -39.22332730525448 372000
1723218935457 -23.35678574300816 376000
1723218950985 -32.23433939597622 380000
1723218966440 -26.000618275225435 384000
1723218984846 -45.29081174734858 388000
1723219006377 -39.15620534490765 392000
1723219023229 -25.913563340766153 396000
1723219038352 -37.461822992049974 400000
1723219052607 -29.037506810063206 404000
1723219068837 -38.93934779585467 408000
1723219084774 -35.79849833046712 412000
1723219100500 -33.441003321245155 416000
1723219116499 -30.492501599295327 420000
1723219132522 -32.076952886632654 424000
1723219148983 -40.2278466940856 428000
1723219166348 -26.291730869868857 432000
1723219182892 -40.894447741517354 436000
1723219199616 -41.527148696371924 440000
1723219215639 -34.10063898950091 444000
1723219232154 -22.3826405384874 448000
1723219248132 -37.83064024444103 452000
1723219264372 -24.703688525605656 456000
1723219280383 -28.95644243635664 460000
1723219296308 -31.881587901693877 464000
1723219312483 -26.750842716805632 468000
1723219328107 -32.61266748104446 472000
1723219345805 -26.310325232899185 476000
1723219362328 -24.62433546068034 480000
1723219378650 -34.36299848640399 484000
1723219394307 -26.604529914213032 488000
1723219410476 -26.480756105256827 492000
1723219425297 -24.475247858082206 496000
1723219440680 -40.68686487219338 500000
1723219456492 -32.70661647466181 504000
1723219472345 -28.155910507311287 508000
1723219487412 -36.212914125063435 512000
1723219502792 -16.796927255561165 516000
1723219518662 -33.129936860473414 520000
1723219534816 -20.7970979770258 524000
1723219550452 -30.939343507763997 528000
1723219566168 -21.05016293709935 532000
1723219582147 -16.60935976104703 536000
1723219598347 -37.85002541686484 540000
1723219613766 -30.73830194087281 544000
1723219631166 -38.15953239800073 548000
1723219646977 -26.678954472579775 552000
1723219662449 -53.285432092099256 556000
1723219678898 -34.789038521656174 560000
1723219694514 -31.964040817612823 564000
1723219710098 -29.744173846399022 568000
1723219725893 -25.240437362357156 572000
1723219741450 -46.4339842264635 576000
1723219755643 -53.16926344497511 580000
1723219771193 -31.243382213919137 584000
1723219787717 -46.981185431018694 588000
1723219803317 -28.05809514478949 592000
1723219818901 -27.19290693526062 596000
1723219834572 -44.21050172329255 600000
1723219850240 -33.04865254107132 604000
1723219867175 -42.997845267428396 608000
1723219883447 -23.678469665999533 612000
1723219898971 -39.859337175433794 616000
1723219914394 -93.11569520196505 620000
1723219929534 -26.278111509840482 624000
1723219945347 -22.64325402803871 628000
1723219961007 -33.07195347512868 632000
1723219976512 -33.65220253725355 636000
1723219991972 -38.44795676822846 640000
1723220007626 -24.885369107733577 644000
1723220023010 -28.335403679497073 648000
1723220037486 -32.23296558149159 652000
1723220052707 -79.72311187310429 656000
1723220068343 -31.23218000860539 660000
1723220084117 -23.849981079752293 664000
1723220099896 -38.324157588956865 668000
1723220115326 -37.52961290512448 672000
1723220131492 -40.57835286031342 676000
1723220147147 -41.61531228168723 680000
1723220162648 -48.17170330702923 684000
1723220178572 -35.70309462370031 688000
1723220194636 -41.43069619126819 692000
1723220210295 -30.164189736301136 696000
1723220225695 -26.449453775399025 700000
1723220240793 -42.38157810882505 704000
1723220256907 -23.32490310242082 708000
1723220272312 -27.773436377441865 712000
1723220288361 -39.72699988301321 716000
1723220304172 -26.248536714410896 720000
1723220318844 -23.460485090336405 724000
1723220334015 -31.31634584836583 728000
1723220349514 -36.18561086694364 732000
1723220365426 -26.151904832196387 736000
1723220381093 -46.761857191516 740000
1723220396777 -31.60455970374015 744000
1723220412308 -36.09166994660545 748000
1723220428373 -42.02917480348573 752000
1723220444414 -28.78514082563567 756000
1723220459694 -25.3269569402476 760000
1723220475790 -24.883235462022324 764000
1723220492407 -27.01927182370368 768000
1723220508351 -28.48375439194863 772000
1723220524264 -38.92212637755108 776000
1723220540047 -40.40579025999691 780000
1723220556266 -34.05273288741291 784000
1723220571921 -44.117001843269954 788000
1723220588255 -39.25890261628515 792000
1723220604322 -38.157999080747686 796000
1723220619856 -20.887217242688177 800000
