1723217327496 4000.0 4000
1723217342735 8000.0 8000
1723217358082 12000.0 12000
1723217373396 16000.0 16000
1723217388813 20000.0 20000
1723217404220 24000.0 24000
1723217419589 28000.0 28000
1723217434797 32000.0 32000
1723217450161 36000.0 36000
1723217465729 40000.0 40000
1723217481243 44000.0 44000
1723217496597 48000.0 48000
1723217511940 52000.0 52000
1723217527218 56000.0 56000
1723217542519 60000.0 60000
1723217557805 64000.0 64000
1723217573097 68000.0 68000
1723217588717 72000.0 72000
1723217604124 76000.0 76000
1723217621313 80000.0 80000
1723217639436 84000.0 84000
1723217657325 88000.0 88000
1723217674713 92000.0 92000
1723217691863 96000.0 96000
1723217709598 100000.0 100000
1723217727030 104000.0 104000
1723217744484 108000.0 108000
1723217762373 112000.0 112000
1723217780430 116000.0 116000
1723217799499 120000.0 120000
1723217817247 124000.0 124000
1723217834854 128000.0 128000
1723217852433 132000.0 132000
1723217869822 136000.0 136000
1723217887113 140000.0 140000
1723217904118 144000.0 144000
1723217920734 148000.0 148000
1723217937772 152000.0 152000
1723217954822 156000.0 156000
1723217972211 160000.0 160000
1723217989521 164000.0 164000
1723218006859 168000.0 168000
1723218024174 172000.0 172000
1723218041489 176000.0 176000
1723218059783 180000.0 180000
1723218077251 184000.0 184000
1723218094130 188000.0 188000
1723218111914 192000.0 192000
1723218129491 196000.0 196000
1723218147117 200000.0 200000
1723218163936 204000.0 204000
1723218181045 208000.0 208000
1723218197859 212000.0 212000
1723218216413 216000.0 216000
1723218233463 220000.0 220000
1723218250354 224000.0 224000
1723218267440 228000.0 228000
1723218284745 232000.0 232000
1723218301839 236000.0 236000
1723218318793 240000.0 240000
1723218335822 244000.0 244000
1723218352737 248000.0 248000
1723218370046 252000.0 252000
1723218386434 256000.0 256000
1723218403131 260000.0 260000
1723218420232 264000.0 264000
1723218437855 268000.0 268000
1723218455364 272000.0 272000
1723218474235 276000.0 276000
1723218491355 280000.0 280000
1723218508534 284000.0 284000
1723218525543 288000.0 288000
1723218541917 292000.0 292000
1723218559228 296000.0 296000
1723218576443 300000.0 300000
1723218594900 304000.0 304000
1723218611799 308000.0 308000
1723218629054 312000.0 312000
1723218645618 316000.0 316000
1723218662953 320000.0 320000
1723218679935 324000.0 324000
1723218696860 328000.0 328000
1723218821409 332000.0 332000
1723218838781 336000.0 336000
1723218855698 340000.0 340000
1723218872694 344000.0 344000
1723218891801 348000.0 348000
1723218908395 352000.0 352000
1723218924956 356000.0 356000
1723218941321 360000.0 360000
1723218958318 364000.0 364000
1723218975123 368000.0 368000
1723218998631 372000.0 372000
1723219018646 376000.0 376000
1723219035808 380000.0 380000
1723219052648 384000.0 384000
1723219071101 388000.0 388000
1723219087988 392000.0 392000
1723219104630 396000.0 396000
1723219121628 400000.0 400000
1723219138469 404000.0 404000
1723219155838 408000.0 408000
1723219173055 412000.0 412000
1723219190722 416000.0 416000
1723219208197 420000.0 420000
1723219225434 424000.0 424000
1723219241820 428000.0 428000
1723219258122 432000.0 432000
1723219274772 436000.0 436000
1723219290829 440000.0 440000
1723219306976 444000.0 444000
1723219322731 448000.0 448000
1723219339867 452000.0 452000
1723219358085 456000.0 456000
1723219375610 460000.0 460000
1723219392131 464000.0 464000
1723219408665 468000.0 468000
1723219425169 472000.0 472000
1723219442515 476000.0 476000
1723219458888 480000.0 480000
1723219475648 484000.0 484000
1723219492413 488000.0 488000
1723219509029 492000.0 492000
1723219525656 496000.0 496000
1723219541914 500000.0 500000
1723219558314 504000.0 504000
1723219574717 508000.0 508000
1723219591064 512000.0 512000
1723219606472 516000.0 516000
1723219622821 520000.0 520000
1723219640195 524000.0 524000
1723219656981 528000.0 528000
1723219673924 532000.0 532000
1723219690169 536000.0 536000
1723219706372 540000.0 540000
1723219722643 544000.0 544000
1723219739154 548000.0 548000
1723219757167 552000.0 552000
1723219774036 556000.0 556000
1723219791128 560000.0 560000
1723219807871 564000.0 564000
1723219825276 568000.0 568000
1723219842187 572000.0 572000
1723219858661 576000.0 576000
1723219876108 580000.0 580000
1723219891562 584000.0 584000
1723219907199 588000.0 588000
1723219922983 592000.0 592000
1723219939718 596000.0 596000
1723219956182 600000.0 600000
1723219972212 604000.0 604000
1723219988170 608000.0 608000
1723220004884 612000.0 612000
1723220021106 616000.0 616000
1723220037480 620000.0 620000
1723220054713 624000.0 624000
1723220071741 628000.0 628000
1723220088511 632000.0 632000
1723220104830 636000.0 636000
1723220121176 640000.0 640000
1723220137495 644000.0 644000
1723220153480 648000.0 648000
1723220169568 652000.0 652000
1723220186450 656000.0 656000
1723220202835 660000.0 660000
1723220219261 664000.0 664000
1723220235569 668000.0 668000
1723220252299 672000.0 672000
1723220268651 676000.0 676000
1723220285356 680000.0 680000
1723220302145 684000.0 684000
1723220318681 688000.0 688000
1723220335485 692000.0 692000
1723220351609 696000.0 696000
1723220368005 700000.0 700000
1723220383883 704000.0 704000
1723220399998 708000.0 708000
1723220415970 712000.0 712000
1723220432866 716000.0 716000
1723220448563 720000.0 720000
1723220464969 724000.0 724000
1723220481641 728000.0 728000
1723220498747 732000.0 732000
1723220515526 736000.0 736000
1723220531996 740000.0 740000
1723220548680 744000.0 744000
1723220565169 748000.0 748000
1723220581641 752000.0 752000
1723220598483 756000.0 756000
1723220614671 760000.0 760000
1723220629375 764000.0 764000
1723220643147 768000.0 768000
1723220657033 772000.0 772000
1723220671552 776000.0 776000
1723220686002 780000.0 780000
1723220700228 784000.0 784000
1723220714227 788000.0 788000
1723220728651 792000.0 792000
1723220742863 796000.0 796000
1723220756634 800000.0 800000
1723220770420 804000.0 804000
1723220784521 808000.0 808000
1723220798553 812000.0 812000
1723220812428 816000.0 816000
1723220826143 820000.0 820000
1723220839867 824000.0 824000
1723220859477 828000.0 828000
1723220874327 832000.0 832000
1723220888564 836000.0 836000
1723220902270 840000.0 840000
1723220916507 844000.0 844000
1723220930599 848000.0 848000
1723220944122 852000.0 852000
1723220958292 856000.0 856000
1723220972324 860000.0 860000
1723220986686 864000.0 864000
1723221000941 868000.0 868000
1723221014963 872000.0 872000
1723221029199 876000.0 876000
1723221043403 880000.0 880000
1723221057334 884000.0 884000
1723221071194 888000.0 888000
1723221085072 892000.0 892000
1723221099216 896000.0 896000
1723221113312 900000.0 900000
1723221127139 904000.0 904000
1723221141226 908000.0 908000
1723221155950 912000.0 912000
1723221169858 916000.0 916000
1723221184297 920000.0 920000
1723221198383 924000.0 924000
1723221212312 928000.0 928000
1723221226434 932000.0 932000
1723221240259 936000.0 936000
1723221253920 940000.0 940000
1723221268453 944000.0 944000
1723221282604 948000.0 948000
1723221297254 952000.0 952000
1723221311317 956000.0 956000
1723221325963 960000.0 960000
1723221340127 964000.0 964000
1723221354017 968000.0 968000
1723221368445 972000.0 972000
1723221382736 976000.0 976000
1723221396688 980000.0 980000
1723221410777 984000.0 984000
1723221424988 988000.0 988000
1723221438916 992000.0 992000
1723221453575 996000.0 996000
1723221467751 1000000.0 1000000
1723221481967 1004000.0 1004000
1723221496424 1008000.0 1008000
1723221510511 1012000.0 1012000
1723221523986 1016000.0 1016000
1723221538453 1020000.0 1020000
1723221552727 1024000.0 1024000
1723221567094 1028000.0 1028000
1723221581223 1032000.0 1032000
1723221594896 1036000.0 1036000
1723221609105 1040000.0 1040000
1723221623209 1044000.0 1044000
1723221637116 1048000.0 1048000
1723221651202 1052000.0 1052000
1723221665137 1056000.0 1056000
1723221678944 1060000.0 1060000
1723221693496 1064000.0 1064000
1723221707799 1068000.0 1068000
1723221722149 1072000.0 1072000
1723221736118 1076000.0 1076000
1723221750427 1080000.0 1080000
1723221763982 1084000.0 1084000
1723221777811 1088000.0 1088000
1723221791768 1092000.0 1092000
1723221805703 1096000.0 1096000
1723221820243 1100000.0 1100000
1723221834478 1104000.0 1104000
1723221848816 1108000.0 1108000
1723221863372 1112000.0 1112000
1723221876970 1116000.0 1116000
1723221890125 1120000.0 1120000
1723221903686 1124000.0 1124000
1723221917577 1128000.0 1128000
1723221930877 1132000.0 1132000
1723221944533 1136000.0 1136000
1723221958100 1140000.0 1140000
1723221971586 1144000.0 1144000
1723221986426 1148000.0 1148000
1723221999762 1152000.0 1152000
1723222013397 1156000.0 1156000
1723222026837 1160000.0 1160000
1723222040473 1164000.0 1164000
1723222054884 1168000.0 1168000
1723222068747 1172000.0 1172000
1723222082663 1176000.0 1176000
1723222096544 1180000.0 1180000
1723222110769 1184000.0 1184000
1723222123876 1188000.0 1188000
1723222136868 1192000.0 1192000
1723222149387 1196000.0 1196000
1723222162156 1200000.0 1200000
1723222175251 1204000.0 1204000
1723222188751 1208000.0 1208000
1723222202224 1212000.0 1212000
1723222215224 1216000.0 1216000
1723222228944 1220000.0 1220000
1723222242113 1224000.0 1224000
1723222255137 1228000.0 1228000
1723222268300 1232000.0 1232000
1723222281483 1236000.0 1236000
1723222295239 1240000.0 1240000
1723222308755 1244000.0 1244000
1723222322435 1248000.0 1248000
1723222335190 1252000.0 1252000
1723222348615 1256000.0 1256000
1723222361204 1260000.0 1260000
1723222374079 1264000.0 1264000
1723222386785 1268000.0 1268000
1723222399917 1272000.0 1272000
1723222413272 1276000.0 1276000
1723222426935 1280000.0 1280000
1723222440262 1284000.0 1284000
1723222453830 1288000.0 1288000
1723222467597 1292000.0 1292000
1723222480595 1296000.0 1296000
1723222493973 1300000.0 1300000
1723222507056 1304000.0 1304000
1723222520115 1308000.0 1308000
1723222533901 1312000.0 1312000
1723222547098 1316000.0 1316000
1723222560632 1320000.0 1320000
1723222574182 1324000.0 1324000
1723222587805 1328000.0 1328000
1723222600986 1332000.0 1332000
1723222614040 1336000.0 1336000
1723222627148 1340000.0 1340000
1723222639765 1344000.0 1344000
1723222653988 1348000.0 1348000
1723222666959 1352000.0 1352000
1723222680512 1356000.0 1356000
1723222694054 1360000.0 1360000
1723222707108 1364000.0 1364000
1723222720599 1368000.0 1368000
1723222733893 1372000.0 1372000
1723222747146 1376000.0 1376000
1723222760419 1380000.0 1380000
1723222773929 1384000.0 1384000
1723222787396 1388000.0 1388000
1723222800570 1392000.0 1392000
1723222813769 1396000.0 1396000
1723222828037 1400000.0 1400000
1723222841753 1404000.0 1404000
1723222855069 1408000.0 1408000
1723222868554 1412000.0 1412000
1723222881967 1416000.0 1416000
1723222895735 1420000.0 1420000
1723222908802 1424000.0 1424000
1723222922247 1428000.0 1428000
1723222935907 1432000.0 1432000
1723222949634 1436000.0 1436000
1723222963213 1440000.0 1440000
1723222976403 1444000.0 1444000
1723222990334 1448000.0 1448000
1723223003720 1452000.0 1452000
1723223016988 1456000.0 1456000
1723223030070 1460000.0 1460000
1723223042749 1464000.0 1464000
1723223056136 1468000.0 1468000
1723223070047 1472000.0 1472000
1723223083700 1476000.0 1476000
1723223097214 1480000.0 1480000
1723223110330 1484000.0 1484000
1723223124747 1488000.0 1488000
1723223138643 1492000.0 1492000
1723223152211 1496000.0 1496000
1723223166312 1500000.0 1500000
1723223179587 1504000.0 1504000
1723223193382 1508000.0 1508000
1723223206744 1512000.0 1512000
1723223219809 1516000.0 1516000
1723223232966 1520000.0 1520000
1723223246544 1524000.0 1524000
1723223259794 1528000.0 1528000
1723223273322 1532000.0 1532000
1723223286794 1536000.0 1536000
1723223300795 1540000.0 1540000
1723223314050 1544000.0 1544000
1723223327296 1548000.0 1548000
1723223340623 1552000.0 1552000
1723223354118 1556000.0 1556000
1723223367586 1560000.0 1560000
1723223380745 1564000.0 1564000
1723223393670 1568000.0 1568000
1723223407191 1572000.0 1572000
1723223420619 1576000.0 1576000
1723223434265 1580000.0 1580000
1723223447386 1584000.0 1584000
1723223460578 1588000.0 1588000
1723223473904 1592000.0 1592000
1723223487947 1596000.0 1596000
1723223501092 1600000.0 1600000
1723223514321 1604000.0 1604000
1723223527845 1608000.0 1608000
1723224061947 1612000.0 1612000
1723224075797 1616000.0 1616000
1723224088928 1620000.0 1620000
1723224102224 1624000.0 1624000
1723224274495 1628000.0 1628000
1723224291316 1632000.0 1632000
1723224305025 1636000.0 1636000
1723224319930 1640000.0 1640000
1723224332959 1644000.0 1644000
1723224345782 1648000.0 1648000
1723224359008 1652000.0 1652000
1723224372667 1656000.0 1656000
1723224386736 1660000.0 1660000
1723224418163 1664000.0 1664000
1723224438038 1668000.0 1668000
1723224844353 1672000.0 1672000
1723224857789 1676000.0 1676000
1723224870197 1680000.0 1680000
1723225074187 1684000.0 1684000
1723225091679 1688000.0 1688000
1723225104926 1692000.0 1692000
1723225148426 1696000.0 1696000
1723225161574 1700000.0 1700000
1723225174346 1704000.0 1704000
1723225187251 1708000.0 1708000
1723225259176 1712000.0 1712000
1723225271422 1716000.0 1716000
1723225283869 1720000.0 1720000
1723225296412 1724000.0 1724000
1723226305988 1728000.0 1728000
1723226318396 1732000.0 1732000
1723226331176 1736000.0 1736000
1723226344069 1740000.0 1740000
1723226356713 1744000.0 1744000
1723226369005 1748000.0 1748000
1723226382069 1752000.0 1752000
1723226394334 1756000.0 1756000
1723226406829 1760000.0 1760000
1723226419325 1764000.0 1764000
1723226431747 1768000.0 1768000
1723226444165 1772000.0 1772000
1723226456568 1776000.0 1776000
1723226468869 1780000.0 1780000
1723226481637 1784000.0 1784000
1723226493692 1788000.0 1788000
1723226506023 1792000.0 1792000
1723226518639 1796000.0 1796000
1723226530779 1800000.0 1800000
1723226543092 1804000.0 1804000
1723226555640 1808000.0 1808000
1723226568020 1812000.0 1812000
1723226580389 1816000.0 1816000
1723226592764 1820000.0 1820000
1723226604767 1824000.0 1824000
1723226617005 1828000.0 1828000
1723226629625 1832000.0 1832000
1723226642224 1836000.0 1836000
1723226654362 1840000.0 1840000
1723226666687 1844000.0 1844000
1723226678910 1848000.0 1848000
1723226691325 1852000.0 1852000
1723226703663 1856000.0 1856000
1723226715750 1860000.0 1860000
1723226728418 1864000.0 1864000
1723226740745 1868000.0 1868000
1723226753197 1872000.0 1872000
1723226765454 1876000.0 1876000
1723226777483 1880000.0 1880000
1723226789595 1884000.0 1884000
1723226801805 1888000.0 1888000
1723226814017 1892000.0 1892000
1723226826165 1896000.0 1896000
1723226838892 1900000.0 1900000
1723226851058 1904000.0 1904000
1723226863351 1908000.0 1908000
1723226875581 1912000.0 1912000
1723226887569 1916000.0 1916000
1723226899735 1920000.0 1920000
1723226911397 1924000.0 1924000
1723226923181 1928000.0 1928000
1723226935261 1932000.0 1932000
1723226948498 1936000.0 1936000
1723226965041 1940000.0 1940000
1723226981340 1944000.0 1944000
1723226999779 1948000.0 1948000
1723227017733 1952000.0 1952000
1723227035324 1956000.0 1956000
1723227053228 1960000.0 1960000
1723227071303 1964000.0 1964000
1723227089340 1968000.0 1968000
1723227106706 1972000.0 1972000
1723227123585 1976000.0 1976000
1723227139100 1980000.0 1980000
1723227155017 1984000.0 1984000
1723227170201 1988000.0 1988000
1723227185175 1992000.0 1992000
1723227203037 1996000.0 1996000
1723227218871 2000000.0 2000000
