1723173953626 0.0 4000
1723173968259 0.0 8000
1723173984103 0.0 12000
1723173999078 0.0 16000
1723174014655 0.0 20000
1723174030088 0.0 24000
1723174046330 0.0 28000
1723174061216 0.0 32000
1723174078167 0.0 36000
1723174093323 0.0 40000
1723174108160 0.0 44000
1723174124670 0.0 48000
1723174139242 0.0 52000
1723174153136 0.0 56000
1723174167306 0.0 60000
1723174181414 0.0 64000
1723174195991 0.0 68000
1723174209798 0.0 72000
1723174224061 0.0 76000
1723174238073 0.0 80000
1723174252303 0.0 84000
1723174266650 0.0 88000
1723174280784 0.0 92000
1723174294674 0.0 96000
1723174308611 0.0 100000
1723174322335 0.0 104000
1723174335976 0.0 108000
1723174350330 0.0 112000
1723174364326 0.0 116000
1723174378734 0.0 120000
1723174394117 0.0 124000
1723174408339 0.0 128000
1723174422236 0.0 132000
1723174436588 0.0 136000
1723174450662 0.0 140000
1723174464526 0.0 144000
1723174478439 0.0 148000
1723174492147 0.0 152000
1723174505747 0.0 156000
1723174519156 0.0 160000
1723174532553 0.0 164000
1723174546875 0.0 168000
1723174560428 0.0 172000
1723174574346 0.0 176000
1723174588854 0.0 180000
1723174602428 0.0 184000
1723174616135 0.0 188000
1723174630058 0.0 192000
1723174643594 0.0 196000
1723174657288 0.0 200000
1723174671288 0.0 204000
1723174684860 0.0 208000
1723174698588 0.0 212000
1723174711793 0.0 216000
1723174725150 0.0 220000
1723174739046 0.0 224000
1723174752359 0.0 228000
1723174765875 0.0 232000
1723174779155 0.0 236000
1723174792752 0.0 240000
1723174806484 0.0 244000
1723174820218 0.0 248000
1723174833659 0.0 252000
1723174846805 0.0 256000
1723174860307 0.0 260000
1723174874146 0.0 264000
1723174887735 0.0 268000
1723174901062 0.0 272000
1723174914698 0.0 276000
1723174927723 0.0 280000
1723174941101 0.0 284000
1723174954262 0.0 288000
1723174967752 0.0 292000
1723174981006 0.0 296000
1723174994298 0.0 300000
1723175007678 0.0 304000
1723175021041 0.0 308000
1723175034402 0.0 312000
1723175047489 0.0 316000
1723175060465 0.0 320000
1723175073950 0.0 324000
1723175087330 0.0 328000
1723175100605 0.0 332000
1723175113758 0.0 336000
1723175127375 0.0 340000
1723175140608 0.0 344000
1723175153964 0.0 348000
1723175167559 0.0 352000
1723175181351 0.0 356000
1723175194540 0.0 360000
1723175208618 0.0 364000
1723175221301 0.0 368000
1723175234248 0.0 372000
1723175248034 0.0 376000
1723175261296 0.0 380000
1723175275207 0.0 384000
1723175288842 0.0 388000
1723175302404 0.0 392000
1723175315707 0.0 396000
1723175329268 0.0 400000
1723175342519 0.0 404000
1723175355776 0.0 408000
1723175369032 0.0 412000
1723175382103 0.0 416000
1723175395859 0.0 420000
1723175409483 0.0 424000
1723175423002 0.0 428000
1723175436314 0.0 432000
1723175449744 0.0 436000
1723175462893 0.0 440000
1723175476062 0.0 444000
1723175490494 0.0 448000
1723175503488 0.0 452000
1723175517128 0.0 456000
1723175530027 0.0 460000
1723175543143 0.0 464000
1723175555098 0.0 468000
1723175567943 0.0 472000
1723175581177 0.0 476000
1723175594545 0.0 480000
1723175608029 0.0 484000
1723175621277 0.0 488000
1723175634934 0.0 492000
1723175648842 0.0 496000
1723175662500 0.0 500000
1723175675878 0.0 504000
1723175689648 0.0 508000
1723175703494 0.0 512000
1723175717485 0.0 516000
1723175731081 0.0 520000
1723175744907 0.0 524000
1723175758895 0.0 528000
1723175773228 0.0 532000
1723175786695 0.0 536000
1723175800466 0.0 540000
1723175813531 0.0 544000
1723175826541 0.0 548000
1723175839806 0.0 552000
1723175853359 0.0 556000
1723175867610 0.0 560000
1723175881426 0.0 564000
1723175894849 0.0 568000
1723175910152 0.0 572000
1723175924115 0.0 576000
1723175937020 0.0 580000
1723175950564 0.0 584000
1723175963568 0.0 588000
1723175976860 0.0 592000
1723175990768 0.0 596000
1723176005496 0.0 600000
1723176019113 0.0 604000
1723176032560 0.0 608000
1723176045668 0.0 612000
1723176058101 0.0 616000
1723176071834 0.0 620000
1723176085574 0.0 624000
1723176099259 0.0 628000
1723176113444 0.0 632000
1723176126581 0.0 636000
1723176140597 0.0 640000
1723176153267 0.0 644000
1723176166510 0.0 648000
1723176180341 0.0 652000
1723176194044 0.0 656000
1723176207544 0.0 660000
1723176220815 0.0 664000
1723176234809 0.0 668000
1723176247858 0.0 672000
1723176261556 0.0 676000
1723176274859 0.0 680000
1723176289188 0.0 684000
1723176302254 0.0 688000
1723176314520 0.0 692000
1723176327946 0.0 696000
1723176341338 0.0 700000
1723176354762 0.0 704000
1723176368481 0.0 708000
1723176382048 0.0 712000
1723176395401 0.0 716000
1723176409352 0.0 720000
1723176423262 0.0 724000
1723176436538 0.0 728000
1723176448924 0.0 732000
1723176462228 0.0 736000
1723176475878 0.0 740000
1723176489191 0.0 744000
1723176502994 0.0 748000
1723176516420 0.0 752000
1723176529972 0.0 756000
1723176543286 0.0 760000
1723176556941 0.0 764000
1723176569960 0.0 768000
1723176583682 0.0 772000
1723176597518 0.0 776000
1723176610783 0.0 780000
1723176624216 0.0 784000
1723176637352 0.0 788000
1723176650678 0.0 792000
1723176663766 0.0 796000
1723176677076 0.0 800000
1723176691002 0.0 804000
1723176704853 0.0 808000
1723176718269 0.0 812000
1723176731537 0.0 816000
1723176744766 0.0 820000
1723176758026 0.0 824000
1723176771636 0.0 828000
1723176785244 0.0 832000
1723176798710 0.0 836000
1723176812011 0.0 840000
1723176825579 0.0 844000
1723176839384 0.0 848000
1723176852801 0.0 852000
1723176866156 0.0 856000
1723176879494 0.0 860000
1723176893291 0.0 864000
1723176907381 0.0 868000
1723176921174 0.0 872000
1723176934705 0.0 876000
1723176948261 0.0 880000
1723176961762 0.0 884000
1723176975528 0.0 888000
1723176989037 0.0 892000
1723177002446 0.0 896000
1723177015784 0.0 900000
1723177029222 0.0 904000
1723177042185 0.0 908000
1723177056305 0.0 912000
1723177069959 0.0 916000
1723177083465 0.0 920000
1723177097244 0.0 924000
1723177110636 0.0 928000
1723177124244 0.0 932000
1723177137970 0.0 936000
1723177151203 0.0 940000
1723177164403 0.0 944000
1723177177901 0.0 948000
1723177192476 0.0 952000
1723177205838 0.0 956000
1723177219454 0.0 960000
1723177232844 0.0 964000
1723177246428 0.0 968000
1723177260065 0.0 972000
1723177274334 0.0 976000
1723177287972 0.0 980000
1723177301960 0.0 984000
1723177315724 0.0 988000
1723177329326 0.0 992000
1723177342452 0.0 996000
1723177355619 0.0 1000000
1723177369175 0.0 1004000
1723177382872 0.0 1008000
1723177396566 0.0 1012000
1723177410301 0.0 1016000
1723177423745 0.0 1020000
1723177437323 0.0 1024000
1723177451088 0.0 1028000
1723177464784 0.0 1032000
1723177478919 0.0 1036000
1723177492960 0.0 1040000
1723177506869 0.0 1044000
1723177520540 0.0 1048000
1723177534418 0.0 1052000
1723177548259 0.0 1056000
1723177561808 0.0 1060000
1723177575958 0.0 1064000
1723177589600 0.0 1068000
1723177602419 0.0 1072000
1723177615588 0.0 1076000
1723177628935 0.0 1080000
1723177641977 0.0 1084000
1723177655406 0.0 1088000
1723177668852 0.0 1092000
1723177682559 0.0 1096000
1723177696063 0.0 1100000
1723177709608 0.0 1104000
1723177723101 0.0 1108000
1723177737049 0.0 1112000
1723177750220 0.0 1116000
1723177763789 0.0 1120000
1723177777162 0.0 1124000
1723177790716 0.0 1128000
1723177803884 0.0 1132000
1723177817037 0.0 1136000
1723177830543 0.0 1140000
1723177844254 0.0 1144000
1723177858371 0.0 1148000
1723177871949 0.0 1152000
1723177885615 0.0 1156000
1723177899130 0.0 1160000
1723177912729 0.0 1164000
1723177925719 0.0 1168000
1723177939331 0.0 1172000
1723177952322 0.0 1176000
1723177965671 0.0 1180000
1723177979139 0.0 1184000
1723177993067 0.0 1188000
1723178006553 0.0 1192000
1723178019775 0.0 1196000
1723178033046 0.0 1200000
1723178045157 0.0 1204000
1723178058673 0.0 1208000
1723178071611 0.0 1212000
1723178084947 0.0 1216000
1723178097813 0.0 1220000
1723178111139 0.0 1224000
1723178124344 0.0 1228000
1723178137676 0.0 1232000
1723178151421 0.0 1236000
1723178165186 0.0 1240000
1723178178621 0.0 1244000
1723178191687 0.0 1248000
1723178205061 0.0 1252000
1723178218966 0.0 1256000
1723178232293 0.0 1260000
1723178245722 0.0 1264000
1723178259224 0.0 1268000
1723178273046 0.0 1272000
1723178286352 0.0 1276000
1723178299549 0.0 1280000
1723178312901 0.0 1284000
1723178326938 0.0 1288000
1723178340884 0.0 1292000
1723178354500 0.0 1296000
1723178367833 0.0 1300000
1723178381129 0.0 1304000
1723178394724 0.0 1308000
1723178407704 0.0 1312000
1723178420907 0.0 1316000
1723178434406 0.0 1320000
1723178447736 0.0 1324000
1723178461230 0.0 1328000
1723178474766 0.0 1332000
1723178488242 0.0 1336000
1723178501690 0.0 1340000
1723178515717 0.0 1344000
1723178529927 0.0 1348000
1723178543421 0.0 1352000
1723178556956 0.0 1356000
1723178570386 0.0 1360000
1723178583529 0.0 1364000
1723178597107 0.0 1368000
1723178610323 0.0 1372000
1723178623478 0.0 1376000
1723178636610 0.0 1380000
1723178649929 0.0 1384000
1723178662642 0.0 1388000
1723178675142 0.0 1392000
1723178688499 0.0 1396000
1723178701606 0.0 1400000
1723178714944 0.0 1404000
1723178728581 0.0 1408000
1723178742369 0.0 1412000
1723178755599 0.0 1416000
1723178769340 0.0 1420000
1723178782865 0.0 1424000
1723178796305 0.0 1428000
1723178809874 0.0 1432000
1723178823231 0.0 1436000
1723178836122 0.0 1440000
1723178847529 0.0 1444000
1723178859327 0.0 1448000
1723178871061 0.0 1452000
1723178883036 0.0 1456000
1723178895040 0.0 1460000
1723178907084 0.0 1464000
1723178918383 0.0 1468000
1723178929952 0.0 1472000
1723178942208 0.0 1476000
1723178953884 0.0 1480000
1723178965793 0.0 1484000
1723178977726 0.0 1488000
1723178989862 0.0 1492000
1723179001740 0.0 1496000
1723179013755 0.0 1500000
1723179025375 0.0 1504000
1723179037295 0.0 1508000
1723179049014 0.0 1512000
1723179060657 0.0 1516000
1723179072629 0.0 1520000
1723179084938 0.0 1524000
1723179096598 0.0 1528000
1723179108108 0.0 1532000
1723179119712 0.0 1536000
1723179131473 0.0 1540000
1723179143258 0.0 1544000
1723179154803 0.0 1548000
1723179166522 0.0 1552000
1723179177978 0.0 1556000
1723179189813 0.0 1560000
1723179201095 0.0 1564000
1723179212733 0.0 1568000
1723179224413 0.0 1572000
1723179236325 0.0 1576000
1723179247941 0.0 1580000
1723179259134 0.0 1584000
1723179270736 0.0 1588000
1723179282430 0.0 1592000
1723179293788 0.0 1596000
1723179305073 0.0 1600000
1723179316183 0.0 1604000
1723179327994 0.0 1608000
1723179339552 0.0 1612000
1723179350948 0.0 1616000
1723179362340 0.0 1620000
1723179373627 0.0 1624000
1723179384977 0.0 1628000
1723179396228 0.0 1632000
1723179407418 0.0 1636000
1723179418904 0.0 1640000
1723179430584 0.0 1644000
1723179441933 0.0 1648000
1723179453280 0.0 1652000
1723179464682 0.0 1656000
1723179475988 0.0 1660000
1723179487806 0.0 1664000
1723179499221 0.0 1668000
1723179510761 0.0 1672000
1723179522297 0.0 1676000
1723179533938 0.0 1680000
1723179544958 0.0 1684000
1723179556220 0.0 1688000
1723179567705 0.0 1692000
1723179579096 0.0 1696000
1723179590475 0.0 1700000
1723179601846 0.0 1704000
1723179613141 0.0 1708000
1723179624287 0.0 1712000
1723179635708 0.0 1716000
1723179646967 0.0 1720000
1723179658469 0.0 1724000
1723179669894 0.0 1728000
1723179681187 0.0 1732000
1723179692539 0.0 1736000
1723179703985 0.0 1740000
1723179715236 0.0 1744000
1723179726689 0.0 1748000
1723179738170 0.0 1752000
1723179749545 0.0 1756000
1723179760742 0.0 1760000
1723179772186 0.0 1764000
1723179784191 0.0 1768000
1723179795984 0.0 1772000
1723179807456 0.0 1776000
1723179818885 0.0 1780000
1723179830409 0.0 1784000
1723179842585 0.0 1788000
1723179853845 0.0 1792000
1723179865368 0.0 1796000
1723179876404 0.0 1800000
1723179888022 0.0 1804000
1723179899474 0.0 1808000
1723179911025 0.0 1812000
1723179922400 0.0 1816000
1723179933834 0.0 1820000
1723179945154 0.0 1824000
1723179956392 0.0 1828000
1723179967969 0.0 1832000
1723179979266 0.0 1836000
1723179990759 0.0 1840000
1723180002143 0.0 1844000
1723180013320 0.0 1848000
1723180024911 0.0 1852000
1723180036552 0.0 1856000
1723180048225 0.0 1860000
1723180059761 0.0 1864000
1723180071104 0.0 1868000
1723180082509 0.0 1872000
1723180093886 0.0 1876000
1723180105058 0.0 1880000
1723180116380 0.0 1884000
1723180127856 0.0 1888000
1723180139385 0.0 1892000
1723180150885 0.0 1896000
1723180162030 0.0 1900000
1723180173276 0.0 1904000
1723180184561 0.0 1908000
1723180196156 0.0 1912000
1723180207616 0.0 1916000
1723180219013 0.0 1920000
1723180230498 0.0 1924000
1723180241763 0.0 1928000
1723180253489 0.0 1932000
1723180264970 0.0 1936000
1723180276095 0.0 1940000
1723180287553 0.0 1944000
1723180298785 0.0 1948000
1723180310140 0.0 1952000
1723180321911 0.0 1956000
1723180333047 0.0 1960000
1723180344525 0.0 1964000
1723180356172 0.0 1968000
1723180367656 0.0 1972000
1723180379162 0.0 1976000
1723180390546 0.0 1980000
1723180401948 0.0 1984000
1723180413618 0.0 1988000
1723180425377 0.0 1992000
1723180436830 0.0 1996000
1723180448676 0.0 2000000
