1723171812003 4000.0 4000
1723171825398 8000.0 8000
1723171838125 12000.0 12000
1723171851705 16000.0 16000
1723171869870 20000.0 20000
1723171886377 24000.0 24000
1723171904795 28000.0 28000
1723171922356 32000.0 32000
1723171940869 36000.0 36000
1723171958848 40000.0 40000
1723171977148 44000.0 44000
1723171994356 48000.0 48000
1723172010907 52000.0 52000
1723172029585 56000.0 56000
1723172044701 60000.0 60000
1723172058625 64000.0 64000
1723172072256 68000.0 68000
1723172086190 72000.0 72000
1723172099943 76000.0 76000
1723172113372 80000.0 80000
1723172125961 84000.0 84000
1723172139010 88000.0 88000
1723172151499 92000.0 92000
1723172163944 96000.0 96000
1723172176690 100000.0 100000
1723172189565 104000.0 104000
1723172201771 108000.0 108000
1723172214525 112000.0 112000
1723172227382 116000.0 116000
1723172240058 120000.0 120000
1723172252867 124000.0 124000
1723172265444 128000.0 128000
1723172278089 132000.0 132000
1723172290479 136000.0 136000
1723172302969 140000.0 140000
1723172315555 144000.0 144000
1723172328061 148000.0 148000
1723172340398 152000.0 152000
1723172352971 156000.0 156000
1723172365031 160000.0 160000
1723172376884 164000.0 164000
1723172389940 168000.0 168000
1723172402546 172000.0 172000
1723172414543 176000.0 176000
1723172426734 180000.0 180000
1723172439134 184000.0 184000
1723172451789 188000.0 188000
1723172465482 192000.0 192000
1723172478485 196000.0 196000
1723172494352 200000.0 200000
1723172507711 204000.0 204000
1723172524577 208000.0 208000
1723172546644 212000.0 212000
1723172563759 216000.0 216000
1723172581124 220000.0 220000
1723172598033 224000.0 224000
1723172613400 228000.0 228000
1723172628734 232000.0 232000
1723172643962 236000.0 236000
1723172659892 240000.0 240000
1723172675706 244000.0 244000
1723172692077 248000.0 248000
1723172707037 252000.0 252000
1723172721766 256000.0 256000
1723172738245 260000.0 260000
1723172756073 264000.0 264000
1723172770954 268000.0 268000
1723172785941 272000.0 272000
1723172800857 276000.0 276000
1723172815722 280000.0 280000
1723172830387 284000.0 284000
1723172844841 288000.0 288000
1723172859223 292000.0 292000
1723172874423 296000.0 296000
1723172889244 300000.0 300000
1723172903614 304000.0 304000
1723172919748 308000.0 308000
1723172934648 312000.0 312000
1723172948481 316000.0 316000
1723172963134 320000.0 320000
1723172977683 324000.0 324000
1723172992072 328000.0 328000
1723173006886 332000.0 332000
1723173022331 336000.0 336000
1723173036713 340000.0 340000
1723173051251 344000.0 344000
1723173065625 348000.0 348000
1723173080138 352000.0 352000
1723173094673 356000.0 356000
1723173109352 360000.0 360000
1723173125451 364000.0 364000
1723173140439 368000.0 368000
1723173155539 372000.0 372000
1723173171470 376000.0 376000
1723173186346 380000.0 380000
1723173201394 384000.0 384000
1723173216038 388000.0 388000
1723173230914 392000.0 392000
1723173245578 396000.0 396000
1723173259767 400000.0 400000
1723173274569 404000.0 404000
1723173289006 408000.0 408000
1723173302820 412000.0 412000
1723173317008 416000.0 416000
1723173331004 420000.0 420000
1723173344670 424000.0 424000
1723173359298 428000.0 428000
1723173374417 432000.0 432000
1723173387988 436000.0 436000
1723173401011 440000.0 440000
1723173417247 444000.0 444000
1723173434313 448000.0 448000
1723173452237 452000.0 452000
1723173472584 456000.0 456000
1723173492577 460000.0 460000
1723173511510 464000.0 464000
1723173529307 468000.0 468000
1723173544062 472000.0 472000
1723173568035 476000.0 476000
1723173585262 480000.0 480000
1723173600826 484000.0 484000
1723173616322 488000.0 488000
1723173631699 492000.0 492000
1723173646090 496000.0 496000
1723173661904 500000.0 500000
1723173679489 504000.0 504000
1723173698908 508000.0 508000
1723173715806 512000.0 512000
1723173729796 516000.0 516000
1723173741791 520000.0 520000
1723173753953 524000.0 524000
1723173766826 528000.0 528000
1723173779455 532000.0 532000
1723173796064 536000.0 536000
1723173814565 540000.0 540000
1723173834426 544000.0 544000
1723173854993 548000.0 548000
1723173868864 552000.0 552000
1723173887103 556000.0 556000
1723173903127 560000.0 560000
1723173916556 564000.0 564000
1723173942148 568000.0 568000
1723173958430 572000.0 572000
1723173972706 576000.0 576000
1723173988028 580000.0 580000
1723174003672 584000.0 584000
1723174019179 588000.0 588000
1723174033938 592000.0 592000
1723174049911 596000.0 596000
1723174064382 600000.0 600000
1723174079838 604000.0 604000
1723174093298 608000.0 608000
1723174108847 612000.0 612000
1723174123160 616000.0 616000
1723174137164 620000.0 620000
1723174150843 624000.0 624000
1723174164454 628000.0 628000
1723174177959 632000.0 632000
1723174191265 636000.0 636000
1723174205138 640000.0 640000
1723174218523 644000.0 644000
1723174231932 648000.0 648000
1723174245351 652000.0 652000
1723174258629 656000.0 656000
1723174272664 660000.0 660000
1723174285955 664000.0 664000
1723174299327 668000.0 668000
1723174312918 672000.0 672000
1723174326376 676000.0 676000
1723174340005 680000.0 680000
1723174353371 684000.0 684000
1723174366575 688000.0 688000
1723174378987 692000.0 692000
1723174392441 696000.0 696000
1723174405817 700000.0 700000
1723174419132 704000.0 704000
1723174432505 708000.0 708000
1723174445805 712000.0 712000
1723174459075 716000.0 716000
1723174471889 720000.0 720000
1723174485443 724000.0 724000
1723174499125 728000.0 728000
1723174512453 732000.0 732000
1723174525687 736000.0 736000
1723174539716 740000.0 740000
1723174553162 744000.0 744000
1723174567088 748000.0 748000
1723174580318 752000.0 752000
1723174594371 756000.0 756000
1723174607400 760000.0 760000
1723174621182 764000.0 764000
1723174634827 768000.0 768000
1723174648326 772000.0 772000
1723174661973 776000.0 776000
1723174675911 780000.0 780000
1723174689509 784000.0 784000
1723174702842 788000.0 788000
1723174716206 792000.0 792000
1723174729993 796000.0 796000
1723174743953 800000.0 800000
1723174757087 804000.0 804000
1723174770113 808000.0 808000
1723174783180 812000.0 812000
1723174796583 816000.0 816000
1723174809814 820000.0 820000
1723174823340 824000.0 824000
1723174836658 828000.0 828000
1723174850407 832000.0 832000
1723174864107 836000.0 836000
1723174877597 840000.0 840000
1723174890639 844000.0 844000
1723174904335 848000.0 848000
1723174917503 852000.0 852000
1723174930445 856000.0 856000
1723174943632 860000.0 860000
1723174957167 864000.0 864000
1723174971260 868000.0 868000
1723174984765 872000.0 872000
1723174998223 876000.0 876000
1723175011723 880000.0 880000
1723175025591 884000.0 884000
1723175038948 888000.0 888000
1723175051940 892000.0 892000
1723175065304 896000.0 896000
1723175078851 900000.0 900000
1723175091940 904000.0 904000
1723175105023 908000.0 908000
1723175118304 912000.0 912000
1723175131913 916000.0 916000
1723175145186 920000.0 920000
1723175158634 924000.0 924000
1723175172518 928000.0 928000
1723175186530 932000.0 932000
1723175200642 936000.0 936000
1723175214846 940000.0 940000
1723175228581 944000.0 944000
1723175242148 948000.0 948000
1723175255845 952000.0 952000
1723175269313 956000.0 956000
1723175283296 960000.0 960000
1723175296903 964000.0 964000
1723175310691 968000.0 968000
1723175324559 972000.0 972000
1723175338111 976000.0 976000
1723175351462 980000.0 980000
1723175364985 984000.0 984000
1723175378229 988000.0 988000
1723175392424 992000.0 992000
1723175405955 996000.0 996000
1723175419103 1000000.0 1000000
1723175432257 1004000.0 1004000
1723175445681 1008000.0 1008000
1723175459109 1012000.0 1012000
1723175472571 1016000.0 1016000
1723175487592 1020000.0 1020000
1723175501134 1024000.0 1024000
1723175514678 1028000.0 1028000
1723175528016 1032000.0 1032000
1723175541287 1036000.0 1036000
1723175555266 1040000.0 1040000
1723175569935 1044000.0 1044000
1723175583623 1048000.0 1048000
1723175597235 1052000.0 1052000
1723175610995 1056000.0 1056000
1723175624475 1060000.0 1060000
1723175637945 1064000.0 1064000
1723175652494 1068000.0 1068000
1723175666174 1072000.0 1072000
1723175679455 1076000.0 1076000
1723175693175 1080000.0 1080000
1723175706813 1084000.0 1084000
1723175720238 1088000.0 1088000
1723175733571 1092000.0 1092000
1723175747107 1096000.0 1096000
1723175760941 1100000.0 1100000
1723175773036 1104000.0 1104000
1723175786849 1108000.0 1108000
1723175800012 1112000.0 1112000
1723175813533 1116000.0 1116000
1723175827541 1120000.0 1120000
1723175841321 1124000.0 1124000
1723175853608 1128000.0 1128000
1723175867947 1132000.0 1132000
1723175881449 1136000.0 1136000
1723175895124 1140000.0 1140000
1723175908385 1144000.0 1144000
1723175922315 1148000.0 1148000
1723175936416 1152000.0 1152000
1723175950193 1156000.0 1156000
1723175963798 1160000.0 1160000
1723175977042 1164000.0 1164000
1723175990395 1168000.0 1168000
1723176003920 1172000.0 1172000
1723176017033 1176000.0 1176000
1723176030413 1180000.0 1180000
1723176044304 1184000.0 1184000
1723176058745 1188000.0 1188000
1723176072088 1192000.0 1192000
1723176085189 1196000.0 1196000
1723176099012 1200000.0 1200000
1723176112914 1204000.0 1204000
1723176126609 1208000.0 1208000
1723176139919 1212000.0 1212000
1723176154385 1216000.0 1216000
1723176168354 1220000.0 1220000
1723176182088 1224000.0 1224000
1723176195790 1228000.0 1228000
1723176208967 1232000.0 1232000
1723176222126 1236000.0 1236000
1723176235985 1240000.0 1240000
1723176249494 1244000.0 1244000
1723176262277 1248000.0 1248000
1723176274744 1252000.0 1252000
1723176287925 1256000.0 1256000
1723176301039 1260000.0 1260000
1723176314441 1264000.0 1264000
1723176327830 1268000.0 1268000
1723176341099 1272000.0 1272000
1723176355015 1276000.0 1276000
1723176368852 1280000.0 1280000
1723176383255 1284000.0 1284000
1723176395439 1288000.0 1288000
1723176408624 1292000.0 1292000
1723176422024 1296000.0 1296000
1723176435132 1300000.0 1300000
1723176448858 1304000.0 1304000
1723176462091 1308000.0 1308000
1723176475829 1312000.0 1312000
1723176489996 1316000.0 1316000
1723176502687 1320000.0 1320000
1723176516070 1324000.0 1324000
1723176530370 1328000.0 1328000
1723176544803 1332000.0 1332000
1723176558091 1336000.0 1336000
1723176572073 1340000.0 1340000
1723176585593 1344000.0 1344000
1723176599519 1348000.0 1348000
1723176613452 1352000.0 1352000
1723176627176 1356000.0 1356000
1723176640605 1360000.0 1360000
1723176654090 1364000.0 1364000
1723176667810 1368000.0 1368000
1723176681378 1372000.0 1372000
1723176694943 1376000.0 1376000
1723176708551 1380000.0 1380000
1723176721990 1384000.0 1384000
1723176735456 1388000.0 1388000
1723176748821 1392000.0 1392000
1723176762314 1396000.0 1396000
1723176776103 1400000.0 1400000
1723176789912 1404000.0 1404000
1723176803547 1408000.0 1408000
1723176816663 1412000.0 1412000
1723176830308 1416000.0 1416000
1723176844022 1420000.0 1420000
1723176857318 1424000.0 1424000
1723176870997 1428000.0 1428000
1723176884638 1432000.0 1432000
1723176898621 1436000.0 1436000
1723176912407 1440000.0 1440000
1723176926039 1444000.0 1444000
1723176939413 1448000.0 1448000
1723176952960 1452000.0 1452000
1723176966077 1456000.0 1456000
1723176979459 1460000.0 1460000
1723176992888 1464000.0 1464000
1723177006305 1468000.0 1468000
1723177019712 1472000.0 1472000
1723177033149 1476000.0 1476000
1723177046672 1480000.0 1480000
1723177060326 1484000.0 1484000
1723177074192 1488000.0 1488000
1723177088016 1492000.0 1492000
1723177101754 1496000.0 1496000
1723177115404 1500000.0 1500000
1723177129240 1504000.0 1504000
1723177143025 1508000.0 1508000
1723177156327 1512000.0 1512000
1723177169479 1516000.0 1516000
1723177183823 1520000.0 1520000
1723177197242 1524000.0 1524000
1723177210555 1528000.0 1528000
1723177223590 1532000.0 1532000
1723177236838 1536000.0 1536000
1723177250843 1540000.0 1540000
1723177264457 1544000.0 1544000
1723177278825 1548000.0 1548000
1723177292801 1552000.0 1552000
1723177306720 1556000.0 1556000
1723177320485 1560000.0 1560000
1723177334306 1564000.0 1564000
1723177347851 1568000.0 1568000
1723177361711 1572000.0 1572000
1723177375649 1576000.0 1576000
1723177389855 1580000.0 1580000
1723177403438 1584000.0 1584000
1723177416812 1588000.0 1588000
1723177430842 1592000.0 1592000
1723177444867 1596000.0 1596000
1723177458629 1600000.0 1600000
1723177472281 1604000.0 1604000
1723177486177 1608000.0 1608000
1723177499915 1612000.0 1612000
1723177513600 1616000.0 1616000
1723177527842 1620000.0 1620000
1723177541572 1624000.0 1624000
1723177555267 1628000.0 1628000
1723177569593 1632000.0 1632000
1723177583675 1636000.0 1636000
1723177597009 1640000.0 1640000
1723177610704 1644000.0 1644000
1723177624291 1648000.0 1648000
1723177637652 1652000.0 1652000
1723177651367 1656000.0 1656000
1723177664710 1660000.0 1660000
1723177678161 1664000.0 1664000
1723177691813 1668000.0 1668000
1723177705497 1672000.0 1672000
1723177718841 1676000.0 1676000
1723177732893 1680000.0 1680000
1723177746448 1684000.0 1684000
1723177759659 1688000.0 1688000
1723177773498 1692000.0 1692000
1723177787110 1696000.0 1696000
1723177800751 1700000.0 1700000
1723177813874 1704000.0 1704000
1723177827157 1708000.0 1708000
1723177840286 1712000.0 1712000
1723177854598 1716000.0 1716000
1723177868198 1720000.0 1720000
1723177881983 1724000.0 1724000
1723177895277 1728000.0 1728000
1723177908879 1732000.0 1732000
1723177921907 1736000.0 1736000
1723177934745 1740000.0 1740000
1723177948506 1744000.0 1744000
1723177962124 1748000.0 1748000
1723177975792 1752000.0 1752000
1723177990026 1756000.0 1756000
1723178003874 1760000.0 1760000
1723178017702 1764000.0 1764000
1723178031584 1768000.0 1768000
1723178045651 1772000.0 1772000
1723178058945 1776000.0 1776000
1723178073280 1780000.0 1780000
1723178087071 1784000.0 1784000
1723178100750 1788000.0 1788000
1723178114287 1792000.0 1792000
1723178127554 1796000.0 1796000
1723178141327 1800000.0 1800000
1723178155355 1804000.0 1804000
1723178170128 1808000.0 1808000
1723178183736 1812000.0 1812000
1723178197186 1816000.0 1816000
1723178210931 1820000.0 1820000
1723178224767 1824000.0 1824000
1723178238157 1828000.0 1828000
1723178251466 1832000.0 1832000
1723178265404 1836000.0 1836000
1723178279462 1840000.0 1840000
1723178293214 1844000.0 1844000
1723178306803 1848000.0 1848000
1723178320096 1852000.0 1852000
1723178334162 1856000.0 1856000
1723178347708 1860000.0 1860000
1723178361184 1864000.0 1864000
1723178374254 1868000.0 1868000
1723178387665 1872000.0 1872000
1723178401137 1876000.0 1876000
1723178414690 1880000.0 1880000
1723178427817 1884000.0 1884000
1723178441326 1888000.0 1888000
1723178454740 1892000.0 1892000
1723178468752 1896000.0 1896000
1723178482262 1900000.0 1900000
1723178495955 1904000.0 1904000
1723178510308 1908000.0 1908000
1723178524145 1912000.0 1912000
1723178537780 1916000.0 1916000
1723178551610 1920000.0 1920000
1723178565046 1924000.0 1924000
1723178578893 1928000.0 1928000
1723178592868 1932000.0 1932000
1723178606146 1936000.0 1936000
1723178619678 1940000.0 1940000
1723178633983 1944000.0 1944000
1723178647831 1948000.0 1948000
1723178661761 1952000.0 1952000
1723178676678 1956000.0 1956000
1723178690440 1960000.0 1960000
1723178704231 1964000.0 1964000
1723178717812 1968000.0 1968000
1723178731480 1972000.0 1972000
1723178744607 1976000.0 1976000
1723178758523 1980000.0 1980000
1723178772269 1984000.0 1984000
1723178786093 1988000.0 1988000
1723178799497 1992000.0 1992000
1723178813117 1996000.0 1996000
1723178826962 2000000.0 2000000
