1723145479391 4000.0 4000
1723145492562 4000.0 8000
1723145505827 4000.0 12000
1723145519910 4000.0 16000
1723145533861 4000.0 20000
1723145548701 4000.0 24000
1723145563217 4000.0 28000
1723145577628 4000.0 32000
1723145592145 4000.0 36000
1723145606740 4000.0 40000
1723145621075 4000.0 44000
1723145635495 4000.0 48000
1723145649439 4000.0 52000
1723145664026 4000.0 56000
1723145678946 4000.0 60000
1723145694162 4000.0 64000
1723145715459 4000.0 68000
1723145731793 4000.0 72000
1723145746857 4000.0 76000
1723145762616 4000.0 80000
1723145778726 4000.0 84000
1723145796436 4000.0 88000
1723145814106 4000.0 92000
1723145829945 4000.0 96000
1723145844977 4000.0 100000
1723145864036 4000.0 104000
1723145887359 4000.0 108000
1723145903296 4000.0 112000
1723145918314 4000.0 116000
1723145933863 4000.0 120000
1723145948215 4000.0 124000
1723145962060 4000.0 128000
1723145976273 4000.0 132000
1723145990810 4000.0 136000
1723146004802 4000.0 140000
1723146019039 4000.0 144000
1723146033025 4000.0 148000
1723146047359 4000.0 152000
1723146061541 4000.0 156000
1723146076105 4000.0 160000
1723146090426 4000.0 164000
1723146105454 4000.0 168000
1723146119299 4000.0 172000
1723146133132 4000.0 176000
1723146147550 4000.0 180000
1723146161815 4000.0 184000
1723146176062 4000.0 188000
1723146190242 4000.0 192000
1723146204476 4000.0 196000
1723146218698 4000.0 200000
1723146233010 4000.0 204000
1723146246985 4000.0 208000
1723146260980 4000.0 212000
1723146274407 4000.0 216000
1723146288529 4000.0 220000
1723146302962 4000.0 224000
1723146316891 4000.0 228000
1723146330703 4000.0 232000
1723146344785 4000.0 236000
1723146358787 4000.0 240000
1723146372634 4000.0 244000
1723146386763 4000.0 248000
1723146400293 4000.0 252000
1723146414332 4000.0 256000
1723146427945 4000.0 260000
1723146441709 4000.0 264000
1723146455381 4000.0 268000
1723146469087 4000.0 272000
1723146483144 4000.0 276000
1723146496576 4000.0 280000
1723146509733 4000.0 284000
1723146523364 4000.0 288000
1723146536631 4000.0 292000
1723146550228 4000.0 296000
1723146563710 4000.0 300000
1723146577412 4000.0 304000
1723146590964 4000.0 308000
1723146604672 4000.0 312000
1723146618248 4000.0 316000
1723146632353 4000.0 320000
1723146646438 4000.0 324000
1723146659907 4000.0 328000
1723146674123 4000.0 332000
1723146687865 4000.0 336000
1723146701283 4000.0 340000
1723146715684 4000.0 344000
1723146728967 4000.0 348000
1723146742569 4000.0 352000
1723146756058 4000.0 356000
1723146769210 4000.0 360000
1723146783118 4000.0 364000
1723146796911 4000.0 368000
1723146810683 4000.0 372000
1723146824225 4000.0 376000
1723146838020 4000.0 380000
1723146851378 4000.0 384000
1723146864914 4000.0 388000
1723146878217 4000.0 392000
1723146891987 4000.0 396000
1723146905031 4000.0 400000
