1723145479394 98177.0 4000
1723145492565 98177.0 8000
1723145505830 98177.0 12000
1723145519912 98177.0 16000
1723145533864 98177.0 20000
1723145548703 98177.0 24000
1723145563219 98177.0 28000
1723145577631 98177.0 32000
1723145592148 98177.0 36000
1723145606742 98177.0 40000
1723145621078 98177.0 44000
1723145635497 98177.0 48000
1723145649442 98177.0 52000
1723145664028 98177.0 56000
1723145678948 98177.0 60000
1723145694165 98177.0 64000
1723145715461 98177.0 68000
1723145731796 98177.0 72000
1723145746860 98177.0 76000
1723145762619 98177.0 80000
1723145778729 98177.0 84000
1723145796439 98177.0 88000
1723145814108 98177.0 92000
1723145829947 98177.0 96000
1723145844981 98177.0 100000
1723145864039 98177.0 104000
1723145887363 98177.0 108000
1723145903299 98177.0 112000
1723145918317 98177.0 116000
1723145933866 98177.0 120000
1723145948218 98177.0 124000
1723145962064 98177.0 128000
1723145976276 98177.0 132000
1723145990813 98177.0 136000
1723146004805 98177.0 140000
1723146019042 98177.0 144000
1723146033028 98177.0 148000
1723146047361 98177.0 152000
1723146061544 98177.0 156000
1723146076107 98177.0 160000
1723146090429 98177.0 164000
1723146105457 98177.0 168000
1723146119301 98177.0 172000
1723146133134 98177.0 176000
1723146147553 98177.0 180000
1723146161817 98177.0 184000
1723146176064 98177.0 188000
1723146190244 98177.0 192000
1723146204478 98177.0 196000
1723146218700 98177.0 200000
1723146233012 98177.0 204000
1723146246988 98177.0 208000
1723146260983 98177.0 212000
1723146274410 98177.0 216000
1723146288531 98177.0 220000
1723146302964 98177.0 224000
1723146316894 98177.0 228000
1723146330706 98177.0 232000
1723146344787 98177.0 236000
1723146358789 98177.0 240000
1723146372636 98177.0 244000
1723146386765 98177.0 248000
1723146400296 98177.0 252000
1723146414334 98177.0 256000
1723146427948 98177.0 260000
1723146441711 98177.0 264000
1723146455383 98177.0 268000
1723146469089 98177.0 272000
1723146483146 98177.0 276000
1723146496579 98177.0 280000
1723146509735 98177.0 284000
1723146523366 98177.0 288000
1723146536633 98177.0 292000
1723146550230 98177.0 296000
1723146563712 98177.0 300000
1723146577414 98177.0 304000
1723146590966 98177.0 308000
1723146604675 98177.0 312000
1723146618251 98177.0 316000
1723146632355 98177.0 320000
1723146646440 98177.0 324000
1723146659910 98177.0 328000
1723146674125 98177.0 332000
1723146687868 98177.0 336000
1723146701286 98177.0 340000
1723146715687 98177.0 344000
1723146728970 98177.0 348000
1723146742572 98177.0 352000
1723146756060 98177.0 356000
1723146769212 98177.0 360000
1723146783120 98177.0 364000
1723146796914 98177.0 368000
1723146810685 98177.0 372000
1723146824227 98177.0 376000
1723146838023 98177.0 380000
1723146851381 98177.0 384000
1723146864916 98177.0 388000
1723146878220 98177.0 392000
1723146891990 98177.0 396000
1723146905033 98177.0 400000
