1723145479394 13.738584280014038 4000
1723145492564 26.716530323028564 8000
1723145505829 39.80146336555481 12000
1723145519912 53.717451333999634 16000
1723145533863 67.50792717933655 20000
1723145548703 82.18199515342712 24000
1723145563219 96.52973413467407 28000
1723145577630 110.77648496627808 32000
1723145592148 125.12146496772766 36000
1723145606742 139.5443868637085 40000
1723145621077 153.70960688591003 44000
1723145635497 167.95696091651917 48000
1723145649441 181.7410078048706 52000
1723145664028 196.1607027053833 56000
1723145678948 210.91052842140198 60000
1723145694165 225.9320206642151 64000
1723145715461 246.94522762298584 68000
1723145731796 263.09893250465393 72000
1723145746860 277.974134683609 76000
1723145762619 293.47830057144165 80000
1723145778728 309.39819836616516 84000
1723145796439 326.86909341812134 88000
1723145814108 344.21184730529785 92000
1723145829947 359.8625662326813 96000
1723145844980 374.7095651626587 100000
1723145864038 393.5690610408783 104000
1723145887362 416.72715878486633 108000
1723145903298 432.45725989341736 112000
1723145918316 447.311075925827 116000
1723145933865 462.67680764198303 120000
1723145948217 476.86422538757324 124000
1723145962063 490.547744512558 128000
1723145976276 504.5957086086273 132000
1723145990813 518.9656317234039 136000
1723146004804 532.8243916034698 140000
1723146019041 546.9286594390869 144000
1723146033027 560.7752313613892 148000
1723146047361 574.970555305481 152000
1723146061543 589.0234014987946 156000
1723146076107 603.4538915157318 160000
1723146090428 617.6444971561432 164000
1723146105457 632.5234031677246 168000
1723146119301 646.2112431526184 172000
1723146133134 659.8704833984375 176000
1723146147552 674.1181004047394 180000
1723146161817 688.1966404914856 184000
1723146176064 702.2617666721344 188000
1723146190244 716.2646248340607 192000
1723146204478 730.3623325824738 196000
1723146218700 744.4462974071503 200000
1723146233012 758.6182544231415 204000
1723146246987 772.4568502902985 208000
1723146260982 786.3181283473969 212000
1723146274410 799.6118066310883 216000
1723146288531 813.57124376297 220000
1723146302964 827.8640158176422 224000
1723146316893 841.6565437316895 228000
1723146330705 855.3335707187653 232000
1723146344787 869.2761206626892 236000
1723146358789 883.0937266349792 240000
1723146372636 896.7617638111115 244000
1723146386765 910.7121877670288 248000
1723146400295 924.1079957485199 252000
1723146414334 938.0108196735382 256000
1723146427947 951.4856014251709 260000
1723146441711 965.109697341919 264000
1723146455383 978.6394810676575 268000
1723146469089 992.1966149806976 272000
1723146483146 1006.1135799884796 276000
1723146496579 1019.4065389633179 280000
1723146509735 1032.4221889972687 284000
1723146523366 1045.8727309703827 288000
1723146536633 1058.8885819911957 292000
1723146550230 1072.3379490375519 296000
1723146563712 1085.6753401756287 300000
1723146577414 1099.2334532737732 304000
1723146590966 1112.6242151260376 308000
1723146604674 1126.1917009353638 312000
1723146618250 1139.6273610591888 316000
1723146632355 1153.5888431072235 320000
1723146646440 1167.5283930301666 324000
1723146659910 1180.8432912826538 328000
1723146674125 1194.868367433548 332000
1723146687867 1208.4461786746979 336000
1723146701286 1221.719854593277 340000
1723146715686 1235.9166917800903 344000
1723146728970 1249.0499198436737 348000
1723146742571 1262.4979701042175 352000
1723146756060 1275.8439769744873 356000
1723146769212 1288.8537590503693 360000
1723146783120 1302.5934889316559 364000
1723146796913 1316.2443890571594 368000
1723146810685 1329.869431257248 372000
1723146824227 1343.2216992378235 376000
1723146838022 1356.824176311493 380000
1723146851380 1370.0379393100739 384000
1723146864916 1383.3778743743896 388000
1723146878219 1396.5353531837463 392000
1723146891989 1410.158831357956 396000
1723146905033 1423.0555152893066 400000
