1723157948672 0.0 4000
1723157966413 0.0 8000
1723157984322 0.0 12000
1723157998272 0.0 16000
1723158011254 0.0 20000
1723158024072 0.0 24000
1723158037013 0.0 28000
1723158050898 0.0 32000
1723158065111 0.0 36000
1723158079121 0.0 40000
1723158093212 0.0 44000
1723158107354 0.0 48000
1723158121420 0.0 52000
1723158135461 0.0 56000
1723158149218 0.0 60000
1723158163260 0.0 64000
1723158177263 0.0 68000
1723158191673 0.0 72000
1723158205816 0.0 76000
1723158220095 0.0 80000
1723158234094 0.0 84000
1723158248226 0.0 88000
1723158262243 0.0 92000
1723158276238 0.0 96000
1723158290109 0.0 100000
1723158304277 0.0 104000
1723158319165 0.0 108000
1723158333637 0.0 112000
1723158348199 0.0 116000
1723158362624 0.0 120000
1723158377096 0.0 124000
1723158392828 0.0 128000
1723158414763 0.0 132000
1723158430058 0.0 136000
1723158444643 0.0 140000
1723158458969 0.0 144000
1723158473362 0.0 148000
1723158487772 0.0 152000
1723158501890 0.0 156000
1723158516133 0.0 160000
1723158530513 0.0 164000
1723158545553 0.0 168000
1723158560282 0.0 172000
1723158575005 0.0 176000
1723158589516 0.0 180000
1723158603470 0.0 184000
1723158617256 0.0 188000
1723158631363 0.0 192000
1723158645168 0.0 196000
1723158658723 0.0 200000
1723158672852 0.0 204000
1723158687398 0.0 208000
1723158701625 0.0 212000
1723158715793 0.0 216000
1723158730256 0.0 220000
1723158744580 0.0 224000
1723158758478 0.0 228000
1723158772767 0.0 232000
1723158786645 0.0 236000
1723158800634 0.0 240000
1723158814593 0.0 244000
1723158829033 0.0 248000
1723158842526 0.0 252000
1723158856379 0.0 256000
1723158870656 0.0 260000
1723158885391 0.0 264000
1723158899329 0.0 268000
1723158913931 0.0 272000
1723158928301 0.0 276000
1723158942269 0.0 280000
1723158955905 0.0 284000
1723158969781 0.0 288000
1723158983814 0.0 292000
1723158997322 0.0 296000
1723159010887 0.0 300000
1723159024461 0.0 304000
1723159041371 0.0 308000
1723159061406 0.0 312000
1723159081103 0.0 316000
1723159096081 0.0 320000
1723159109831 0.0 324000
1723159123363 0.0 328000
1723159137134 0.0 332000
1723159151062 0.0 336000
1723159164679 0.0 340000
1723159178348 0.0 344000
1723159192370 0.0 348000
1723159205673 0.0 352000
1723159218869 0.0 356000
1723159232496 0.0 360000
1723159246753 0.0 364000
1723159260148 0.0 368000
1723159273443 0.0 372000
1723159287046 0.0 376000
1723159301085 0.0 380000
1723159315212 0.0 384000
1723159329022 0.0 388000
1723159343035 0.0 392000
1723159356708 0.0 396000
1723159370482 0.0 400000
1723159384765 0.0 404000
1723159398988 0.0 408000
1723159412448 0.0 412000
1723159431040 0.0 416000
1723159446376 0.0 420000
1723159460564 0.0 424000
1723159474848 0.0 428000
1723159488955 0.0 432000
1723159502407 0.0 436000
1723159515640 0.0 440000
1723159528937 0.0 444000
1723159542618 0.0 448000
1723159556237 0.0 452000
1723159583009 0.0 456000
1723159601061 0.0 460000
1723159618308 0.0 464000
1723159636493 0.0 468000
1723159654249 0.0 472000
1723159674004 0.0 476000
1723159692903 0.0 480000
1723159710298 0.0 484000
1723159724942 0.0 488000
1723159738616 0.0 492000
1723159751905 0.0 496000
1723159765623 0.0 500000
1723159779311 0.0 504000
1723159793042 0.0 508000
1723159806542 0.0 512000
1723159819896 0.0 516000
1723159834663 0.0 520000
1723159848609 0.0 524000
1723159863065 0.0 528000
1723159877348 0.0 532000
1723159891379 0.0 536000
1723159905560 0.0 540000
1723159919816 0.0 544000
1723159934167 0.0 548000
1723159948039 0.0 552000
1723159962154 0.0 556000
1723159976422 0.0 560000
1723159989925 0.0 564000
1723160003541 0.0 568000
1723160017355 0.0 572000
1723160031062 0.0 576000
1723160044771 0.0 580000
1723160063063 0.0 584000
1723160081275 0.0 588000
1723160099135 0.0 592000
1723160117041 0.0 596000
1723160130356 0.0 600000
1723160142877 0.0 604000
1723160155475 0.0 608000
1723160168014 0.0 612000
1723160180773 0.0 616000
1723160194095 0.0 620000
1723160206836 0.0 624000
1723160219775 0.0 628000
1723160232656 0.0 632000
1723160245020 0.0 636000
1723160257881 0.0 640000
1723160274829 0.0 644000
1723160292059 0.0 648000
1723160309395 0.0 652000
1723160326944 0.0 656000
1723160345098 0.0 660000
1723160362655 0.0 664000
1723160376954 0.0 668000
1723160390002 0.0 672000
1723160403488 0.0 676000
1723160424851 0.0 680000
1723160442718 0.0 684000
1723160460977 0.0 688000
1723160479355 0.0 692000
1723160493568 0.0 696000
1723160506741 0.0 700000
1723160523348 0.0 704000
1723160541315 0.0 708000
1723160560145 0.0 712000
1723160578831 0.0 716000
1723160596216 0.0 720000
1723160614224 0.0 724000
1723160634971 0.0 728000
1723160653653 0.0 732000
1723160672963 0.0 736000
1723160687852 0.0 740000
1723160702079 0.0 744000
1723160715661 0.0 748000
1723160729180 0.0 752000
1723160743691 0.0 756000
1723160756843 0.0 760000
1723160770732 0.0 764000
1723160783602 0.0 768000
1723160796217 0.0 772000
1723160808837 0.0 776000
1723160822439 0.0 780000
1723160835244 0.0 784000
1723160848162 0.0 788000
1723160861039 0.0 792000
1723160873905 0.0 796000
1723160887720 0.0 800000
1723160900933 0.0 804000
1723160913951 0.0 808000
1723160926618 0.0 812000
1723160939197 0.0 816000
1723160953140 0.0 820000
1723160970934 0.0 824000
1723160991072 0.0 828000
1723161004942 0.0 832000
1723161018157 0.0 836000
1723161031856 0.0 840000
1723161044374 0.0 844000
1723161057083 0.0 848000
1723161069877 0.0 852000
1723161082586 0.0 856000
1723161094973 0.0 860000
1723161107780 0.0 864000
1723161119798 0.0 868000
1723161132215 0.0 872000
1723161144778 0.0 876000
1723161156930 0.0 880000
1723161169354 0.0 884000
1723161181884 0.0 888000
1723161194355 0.0 892000
1723161206505 0.0 896000
1723161218490 0.0 900000
1723161231023 0.0 904000
1723161243419 0.0 908000
1723161255358 0.0 912000
1723161267595 0.0 916000
1723161279708 0.0 920000
1723161292022 0.0 924000
1723161303999 0.0 928000
1723161316110 0.0 932000
1723161328476 0.0 936000
1723161340625 0.0 940000
1723161353104 0.0 944000
1723161365618 0.0 948000
1723161378378 0.0 952000
1723161391164 0.0 956000
1723161403120 0.0 960000
1723161415484 0.0 964000
1723161428041 0.0 968000
1723161439957 0.0 972000
1723161452524 0.0 976000
1723161464772 0.0 980000
1723161477270 0.0 984000
1723161489997 0.0 988000
1723161502714 0.0 992000
1723161515132 0.0 996000
1723161527473 0.0 1000000
1723161540410 0.0 1004000
1723161552930 0.0 1008000
1723161565524 0.0 1012000
1723161577895 0.0 1016000
1723161590271 0.0 1020000
1723161602204 0.0 1024000
1723161614586 0.0 1028000
1723161626809 0.0 1032000
1723161639059 0.0 1036000
1723161651219 0.0 1040000
1723161663571 0.0 1044000
1723161675748 0.0 1048000
1723161687831 0.0 1052000
1723161699571 0.0 1056000
1723161711869 0.0 1060000
1723161723736 0.0 1064000
1723161735750 0.0 1068000
1723161747974 0.0 1072000
1723161760362 0.0 1076000
1723161773083 0.0 1080000
1723161785804 0.0 1084000
1723161798187 0.0 1088000
1723161810653 0.0 1092000
1723161823094 0.0 1096000
1723161835571 0.0 1100000
1723161847327 0.0 1104000
1723161859604 0.0 1108000
1723161871961 0.0 1112000
1723161883975 0.0 1116000
1723161896067 0.0 1120000
1723161908149 0.0 1124000
1723161920444 0.0 1128000
1723161932740 0.0 1132000
1723161945204 0.0 1136000
1723161957371 0.0 1140000
1723161969636 0.0 1144000
1723161982391 0.0 1148000
1723161994744 0.0 1152000
1723162007117 0.0 1156000
1723162019557 0.0 1160000
1723162032124 0.0 1164000
1723162044590 0.0 1168000
1723162057258 0.0 1172000
1723162069654 0.0 1176000
1723162082676 0.0 1180000
1723162095071 0.0 1184000
1723162108147 0.0 1188000
1723162120764 0.0 1192000
1723162133433 0.0 1196000
1723162146063 0.0 1200000
