1723157948678 -1.0 4000
1723157966416 -1.0 8000
1723157984325 -1.0 12000
1723157998275 -1.0 16000
1723158011256 -1.0 20000
1723158024075 -1.0 24000
1723158037016 -1.0 28000
1723158050901 -1.0 32000
1723158065114 -1.0 36000
1723158079124 -1.0 40000
1723158093215 -1.0 44000
1723158107356 -1.0 48000
1723158121423 -1.0 52000
1723158135463 -1.0 56000
1723158149221 -1.0 60000
1723158163263 -1.0 64000
1723158177266 -1.0 68000
1723158191676 -1.0 72000
1723158205819 -1.0 76000
1723158220098 -1.0 80000
1723158234097 -1.0 84000
1723158248229 -1.0 88000
1723158262246 -1.0 92000
1723158276241 -1.0 96000
1723158290112 -1.0 100000
1723158304281 -1.0 104000
1723158319168 -1.0 108000
1723158333640 -1.0 112000
1723158348202 -1.0 116000
1723158362627 -1.0 120000
1723158377099 -1.0 124000
1723158392831 -1.0 128000
1723158414766 -1.0 132000
1723158430061 -1.0 136000
1723158444646 -1.0 140000
1723158458972 -1.0 144000
1723158473365 -1.0 148000
1723158487775 -1.0 152000
1723158501893 -1.0 156000
1723158516136 -1.0 160000
1723158530515 -1.0 164000
1723158545556 -1.0 168000
1723158560285 -1.0 172000
1723158575008 -1.0 176000
1723158589519 -1.0 180000
1723158603472 -1.0 184000
1723158617259 -1.0 188000
1723158631366 -1.0 192000
1723158645171 -1.0 196000
1723158658726 -1.0 200000
1723158672855 -1.0 204000
1723158687401 -1.0 208000
1723158701628 -1.0 212000
1723158715796 -1.0 216000
1723158730258 -1.0 220000
1723158744584 -1.0 224000
1723158758481 -1.0 228000
1723158772769 -1.0 232000
1723158786648 -1.0 236000
1723158800637 -1.0 240000
1723158814596 -1.0 244000
1723158829036 -1.0 248000
1723158842528 -1.0 252000
1723158856383 -1.0 256000
1723158870659 -1.0 260000
1723158885393 -1.0 264000
1723158899332 -1.0 268000
1723158913934 -1.0 272000
1723158928305 -1.0 276000
1723158942271 -1.0 280000
1723158955908 -1.0 284000
1723158969784 -1.0 288000
1723158983817 -1.0 292000
1723158997325 -1.0 296000
1723159010890 -1.0 300000
1723159024464 -1.0 304000
1723159041375 -1.0 308000
1723159061409 -1.0 312000
1723159081106 -1.0 316000
1723159096084 -1.0 320000
1723159109834 -1.0 324000
1723159123366 -1.0 328000
1723159137137 -1.0 332000
1723159151064 -1.0 336000
1723159164682 -1.0 340000
1723159178351 -1.0 344000
1723159192372 -1.0 348000
1723159205675 -1.0 352000
1723159218872 -1.0 356000
1723159232499 -1.0 360000
1723159246756 -1.0 364000
1723159260151 -1.0 368000
1723159273446 -1.0 372000
1723159287048 -1.0 376000
1723159301088 -1.0 380000
1723159315216 -1.0 384000
1723159329025 -1.0 388000
1723159343038 -1.0 392000
1723159356711 -1.0 396000
1723159370486 -1.0 400000
1723159384768 -1.0 404000
1723159398992 -1.0 408000
1723159412451 -1.0 412000
1723159431043 -1.0 416000
1723159446379 -1.0 420000
1723159460567 -1.0 424000
1723159474851 -1.0 428000
1723159488957 -1.0 432000
1723159502409 -1.0 436000
1723159515643 -1.0 440000
1723159528940 -1.0 444000
1723159542621 -1.0 448000
1723159556239 -1.0 452000
1723159583013 -1.0 456000
1723159601064 -1.0 460000
1723159618311 -1.0 464000
1723159636496 -1.0 468000
1723159654252 -1.0 472000
1723159674007 -1.0 476000
1723159692907 -1.0 480000
1723159710301 -1.0 484000
1723159724944 -1.0 488000
1723159738619 -1.0 492000
1723159751908 -1.0 496000
1723159765625 -1.0 500000
1723159779314 -1.0 504000
1723159793045 -1.0 508000
1723159806545 -1.0 512000
1723159819899 -1.0 516000
1723159834666 -1.0 520000
1723159848612 -1.0 524000
1723159863069 -1.0 528000
1723159877351 -1.0 532000
1723159891382 -1.0 536000
1723159905563 -1.0 540000
1723159919818 -1.0 544000
1723159934170 -1.0 548000
1723159948042 -1.0 552000
1723159962157 -1.0 556000
1723159976425 -1.0 560000
1723159989928 -1.0 564000
1723160003543 -1.0 568000
1723160017358 -1.0 572000
1723160031064 -1.0 576000
1723160044773 -1.0 580000
1723160063067 -1.0 584000
1723160081278 -1.0 588000
1723160099139 -1.0 592000
1723160117044 -1.0 596000
1723160130359 -1.0 600000
1723160142880 -1.0 604000
1723160155478 -1.0 608000
1723160168017 -1.0 612000
1723160180776 -1.0 616000
1723160194098 -1.0 620000
1723160206839 -1.0 624000
1723160219778 -1.0 628000
1723160232659 -1.0 632000
1723160245023 -1.0 636000
1723160257884 -1.0 640000
1723160274832 -1.0 644000
1723160292062 -1.0 648000
1723160309398 -1.0 652000
1723160326947 -1.0 656000
1723160345102 -1.0 660000
1723160362658 -1.0 664000
1723160376957 -1.0 668000
1723160390005 -1.0 672000
1723160403491 -1.0 676000
1723160424854 -1.0 680000
1723160442721 -1.0 684000
1723160460980 -1.0 688000
1723160479358 -1.0 692000
1723160493571 -1.0 696000
1723160506744 -1.0 700000
1723160523351 -1.0 704000
1723160541318 -1.0 708000
1723160560148 -1.0 712000
1723160578835 -1.0 716000
1723160596219 -1.0 720000
1723160614227 -1.0 724000
1723160634974 -1.0 728000
1723160653656 -1.0 732000
1723160672967 -1.0 736000
1723160687855 -1.0 740000
1723160702081 -1.0 744000
1723160715664 -1.0 748000
1723160729183 -1.0 752000
1723160743694 -1.0 756000
1723160756846 -1.0 760000
1723160770735 -1.0 764000
1723160783605 -1.0 768000
1723160796220 -1.0 772000
1723160808840 -1.0 776000
1723160822442 -1.0 780000
1723160835247 -1.0 784000
1723160848165 -1.0 788000
1723160861042 -1.0 792000
1723160873908 -1.0 796000
1723160887723 -1.0 800000
1723160900936 -1.0 804000
1723160913954 -1.0 808000
1723160926621 -1.0 812000
1723160939200 -1.0 816000
1723160953143 -1.0 820000
1723160970937 -1.0 824000
1723160991076 -1.0 828000
1723161004946 -1.0 832000
1723161018160 -1.0 836000
1723161031859 -1.0 840000
1723161044377 -1.0 844000
1723161057086 -1.0 848000
1723161069880 -1.0 852000
1723161082589 -1.0 856000
1723161094976 -1.0 860000
1723161107784 -1.0 864000
1723161119801 -1.0 868000
1723161132218 -1.0 872000
1723161144781 -1.0 876000
1723161156933 -1.0 880000
1723161169356 -1.0 884000
1723161181886 -1.0 888000
1723161194358 -1.0 892000
1723161206508 -1.0 896000
1723161218493 -1.0 900000
1723161231026 -1.0 904000
1723161243422 -1.0 908000
1723161255361 -1.0 912000
1723161267598 -1.0 916000
1723161279711 -1.0 920000
1723161292026 -1.0 924000
1723161304002 -1.0 928000
1723161316112 -1.0 932000
1723161328478 -1.0 936000
1723161340628 -1.0 940000
1723161353107 -1.0 944000
1723161365621 -1.0 948000
1723161378381 -1.0 952000
1723161391167 -1.0 956000
1723161403123 -1.0 960000
1723161415486 -1.0 964000
1723161428044 -1.0 968000
1723161439959 -1.0 972000
1723161452527 -1.0 976000
1723161464775 -1.0 980000
1723161477273 -1.0 984000
1723161489999 -1.0 988000
1723161502717 -1.0 992000
1723161515134 -1.0 996000
1723161527476 -1.0 1000000
1723161540413 -1.0 1004000
1723161552933 -1.0 1008000
1723161565527 -1.0 1012000
1723161577898 -1.0 1016000
1723161590274 -1.0 1020000
1723161602207 -1.0 1024000
1723161614589 -1.0 1028000
1723161626811 -1.0 1032000
1723161639061 -1.0 1036000
1723161651221 -1.0 1040000
1723161663574 -1.0 1044000
1723161675751 -1.0 1048000
1723161687834 -1.0 1052000
1723161699574 -1.0 1056000
1723161711874 -1.0 1060000
1723161723739 -1.0 1064000
1723161735753 -1.0 1068000
1723161747976 -1.0 1072000
1723161760365 -1.0 1076000
1723161773086 -1.0 1080000
1723161785807 -1.0 1084000
1723161798190 -1.0 1088000
1723161810656 -1.0 1092000
1723161823097 -1.0 1096000
1723161835574 -1.0 1100000
1723161847329 -1.0 1104000
1723161859607 -1.0 1108000
1723161871964 -1.0 1112000
1723161883978 -1.0 1116000
1723161896070 -1.0 1120000
1723161908152 -1.0 1124000
1723161920447 -1.0 1128000
1723161932743 -1.0 1132000
1723161945207 -1.0 1136000
1723161957374 -1.0 1140000
1723161969638 -1.0 1144000
1723161982394 -1.0 1148000
1723161994747 -1.0 1152000
1723162007120 -1.0 1156000
1723162019560 -1.0 1160000
1723162032127 -1.0 1164000
1723162044593 -1.0 1168000
1723162057261 -1.0 1172000
1723162069657 -1.0 1176000
1723162082678 -1.0 1180000
1723162095074 -1.0 1184000
1723162108150 -1.0 1188000
1723162120767 -1.0 1192000
1723162133436 -1.0 1196000
1723162146065 -1.0 1200000
