1723157948684 0.3 4000
1723157966422 0.3 8000
1723157984331 0.3 12000
1723157998280 0.3 16000
1723158011261 0.3 20000
1723158024080 0.3 24000
1723158037021 0.3 28000
1723158050906 0.3 32000
1723158065119 0.3 36000
1723158079130 0.3 40000
1723158093220 0.3 44000
1723158107361 0.3 48000
1723158121428 0.3 52000
1723158135468 0.3 56000
1723158149225 0.3 60000
1723158163268 0.3 64000
1723158177271 0.3 68000
1723158191680 0.3 72000
1723158205823 0.3 76000
1723158220103 0.3 80000
1723158234102 0.3 84000
1723158248234 0.3 88000
1723158262252 0.3 92000
1723158276245 0.3 96000
1723158290117 0.3 100000
1723158304286 0.3 104000
1723158319173 0.3 108000
1723158333644 0.3 112000
1723158348207 0.3 116000
1723158362632 0.3 120000
1723158377104 0.3 124000
1723158392837 0.3 128000
1723158414772 0.3 132000
1723158430066 0.3 136000
1723158444652 0.3 140000
1723158458977 0.3 144000
1723158473370 0.3 148000
1723158487779 0.3 152000
1723158501898 0.3 156000
1723158516140 0.3 160000
1723158530520 0.3 164000
1723158545561 0.3 168000
1723158560290 0.3 172000
1723158575012 0.3 176000
1723158589524 0.3 180000
1723158603477 0.3 184000
1723158617264 0.3 188000
1723158631371 0.3 192000
1723158645176 0.3 196000
1723158658731 0.3 200000
1723158672859 0.3 204000
1723158687406 0.3 208000
1723158701633 0.3 212000
1723158715801 0.3 216000
1723158730263 0.3 220000
1723158744588 0.3 224000
1723158758486 0.3 228000
1723158772774 0.3 232000
1723158786653 0.3 236000
1723158800642 0.3 240000
1723158814601 0.3 244000
1723158829041 0.3 248000
1723158842533 0.3 252000
1723158856388 0.3 256000
1723158870665 0.3 260000
1723158885399 0.3 264000
1723158899337 0.3 268000
1723158913939 0.3 272000
1723158928310 0.3 276000
1723158942276 0.3 280000
1723158955913 0.3 284000
1723158969790 0.3 288000
1723158983821 0.3 292000
1723158997330 0.3 296000
1723159010895 0.3 300000
1723159024469 0.3 304000
1723159041381 0.3 308000
1723159061414 0.3 312000
1723159081112 0.3 316000
1723159096088 0.3 320000
1723159109839 0.3 324000
1723159123371 0.3 328000
1723159137142 0.3 332000
1723159151069 0.3 336000
1723159164687 0.3 340000
1723159178356 0.3 344000
1723159192378 0.3 348000
1723159205680 0.3 352000
1723159218877 0.3 356000
1723159232504 0.3 360000
1723159246761 0.3 364000
1723159260156 0.3 368000
1723159273451 0.3 372000
1723159287053 0.3 376000
1723159301093 0.3 380000
1723159315221 0.3 384000
1723159329030 0.3 388000
1723159343043 0.3 392000
1723159356715 0.3 396000
1723159370492 0.3 400000
1723159384773 0.3 404000
1723159398997 0.3 408000
1723159412456 0.3 412000
1723159431048 0.3 416000
1723159446384 0.3 420000
1723159460572 0.3 424000
1723159474856 0.3 428000
1723159488962 0.3 432000
1723159502414 0.3 436000
1723159515648 0.3 440000
1723159528945 0.3 444000
1723159542626 0.3 448000
1723159556244 0.3 452000
1723159583018 0.3 456000
1723159601073 0.3 460000
1723159618316 0.3 464000
1723159636502 0.3 468000
1723159654257 0.3 472000
1723159674012 0.3 476000
1723159692914 0.3 480000
1723159710306 0.3 484000
1723159724950 0.3 488000
1723159738624 0.3 492000
1723159751913 0.3 496000
1723159765630 0.3 500000
1723159779319 0.3 504000
1723159793050 0.3 508000
1723159806550 0.3 512000
1723159819904 0.3 516000
1723159834671 0.3 520000
1723159848617 0.3 524000
1723159863073 0.3 528000
1723159877356 0.3 532000
1723159891387 0.3 536000
1723159905568 0.3 540000
1723159919824 0.3 544000
1723159934175 0.3 548000
1723159948047 0.3 552000
1723159962162 0.3 556000
1723159976430 0.3 560000
1723159989933 0.3 564000
1723160003548 0.3 568000
1723160017363 0.3 572000
1723160031069 0.3 576000
1723160044778 0.3 580000
1723160063072 0.3 584000
1723160081283 0.3 588000
1723160099144 0.3 592000
1723160117051 0.3 596000
1723160130364 0.3 600000
1723160142885 0.3 604000
1723160155482 0.3 608000
1723160168022 0.3 612000
1723160180783 0.3 616000
1723160194103 0.3 620000
1723160206845 0.3 624000
1723160219784 0.3 628000
1723160232663 0.3 632000
1723160245028 0.3 636000
1723160257889 0.3 640000
1723160274838 0.3 644000
1723160292067 0.3 648000
1723160309403 0.3 652000
1723160326952 0.3 656000
1723160345108 0.3 660000
1723160362664 0.3 664000
1723160376962 0.3 668000
1723160390011 0.3 672000
1723160403496 0.3 676000
1723160424859 0.3 680000
1723160442728 0.3 684000
1723160460987 0.3 688000
1723160479363 0.3 692000
1723160493576 0.3 696000
1723160506749 0.3 700000
1723160523356 0.3 704000
1723160541323 0.3 708000
1723160560154 0.3 712000
1723160578842 0.3 716000
1723160596225 0.3 720000
1723160614232 0.3 724000
1723160634979 0.3 728000
1723160653661 0.3 732000
1723160672972 0.3 736000
1723160687860 0.3 740000
1723160702086 0.3 744000
1723160715669 0.3 748000
1723160729188 0.3 752000
1723160743699 0.3 756000
1723160756850 0.3 760000
1723160770740 0.3 764000
1723160783609 0.3 768000
1723160796224 0.3 772000
1723160808845 0.3 776000
1723160822447 0.3 780000
1723160835252 0.3 784000
1723160848170 0.3 788000
1723160861047 0.3 792000
1723160873912 0.3 796000
1723160887728 0.3 800000
1723160900941 0.3 804000
1723160913959 0.3 808000
1723160926626 0.3 812000
1723160939205 0.3 816000
1723160953148 0.3 820000
1723160970943 0.3 824000
1723160991081 0.3 828000
1723161004950 0.3 832000
1723161018165 0.3 836000
1723161031863 0.3 840000
1723161044382 0.3 844000
1723161057090 0.3 848000
1723161069885 0.3 852000
1723161082593 0.3 856000
1723161094980 0.3 860000
1723161107790 0.3 864000
1723161119805 0.3 868000
1723161132223 0.3 872000
1723161144786 0.3 876000
1723161156938 0.3 880000
1723161169361 0.3 884000
1723161181891 0.3 888000
1723161194363 0.3 892000
1723161206513 0.3 896000
1723161218498 0.3 900000
1723161231031 0.3 904000
1723161243427 0.3 908000
1723161255366 0.3 912000
1723161267603 0.3 916000
1723161279716 0.3 920000
1723161292031 0.3 924000
1723161304007 0.3 928000
1723161316118 0.3 932000
1723161328483 0.3 936000
1723161340633 0.3 940000
1723161353112 0.3 944000
1723161365626 0.3 948000
1723161378386 0.3 952000
1723161391172 0.3 956000
1723161403128 0.3 960000
1723161415491 0.3 964000
1723161428049 0.3 968000
1723161439964 0.3 972000
1723161452532 0.3 976000
1723161464779 0.3 980000
1723161477278 0.3 984000
1723161490005 0.3 988000
1723161502722 0.3 992000
1723161515140 0.3 996000
1723161527481 0.3 1000000
1723161540418 0.3 1004000
1723161552939 0.3 1008000
1723161565532 0.3 1012000
1723161577903 0.3 1016000
1723161590279 0.3 1020000
1723161602212 0.3 1024000
1723161614594 0.3 1028000
1723161626816 0.3 1032000
1723161639066 0.3 1036000
1723161651226 0.3 1040000
1723161663579 0.3 1044000
1723161675756 0.3 1048000
1723161687839 0.3 1052000
1723161699579 0.3 1056000
1723161711879 0.3 1060000
1723161723744 0.3 1064000
1723161735758 0.3 1068000
1723161747981 0.3 1072000
1723161760371 0.3 1076000
1723161773090 0.3 1080000
1723161785812 0.3 1084000
1723161798196 0.3 1088000
1723161810661 0.3 1092000
1723161823102 0.3 1096000
1723161835580 0.3 1100000
1723161847334 0.3 1104000
1723161859612 0.3 1108000
1723161871969 0.3 1112000
1723161883984 0.3 1116000
1723161896075 0.3 1120000
1723161908158 0.3 1124000
1723161920452 0.3 1128000
1723161932748 0.3 1132000
1723161945212 0.3 1136000
1723161957379 0.3 1140000
1723161969643 0.3 1144000
1723161982399 0.3 1148000
1723161994752 0.3 1152000
1723162007125 0.3 1156000
1723162019564 0.3 1160000
1723162032132 0.3 1164000
1723162044598 0.3 1168000
1723162057266 0.3 1172000
1723162069662 0.3 1176000
1723162082683 0.3 1180000
1723162095078 0.3 1184000
1723162108155 0.3 1188000
1723162120772 0.3 1192000
1723162133440 0.3 1196000
1723162146070 0.3 1200000
