1723157948633 1.0 4000
1723157966390 1.0 8000
1723157984298 1.0 12000
1723157998250 1.0 16000
1723158011232 1.0 20000
1723158024051 1.0 24000
1723158036992 1.0 28000
1723158050876 1.0 32000
1723158065090 1.0 36000
1723158079100 1.0 40000
1723158093191 1.0 44000
1723158107334 1.0 48000
1723158121398 1.0 52000
1723158135440 1.0 56000
1723158149196 1.0 60000
1723158163239 1.0 64000
1723158177243 1.0 68000
1723158191652 1.0 72000
1723158205794 1.0 76000
1723158220075 1.0 80000
1723158234073 1.0 84000
1723158248205 1.0 88000
1723158262221 1.0 92000
1723158276217 1.0 96000
1723158290088 1.0 100000
1723158304257 1.0 104000
1723158319143 1.0 108000
1723158333616 1.0 112000
1723158348178 1.0 116000
1723158362602 1.0 120000
1723158377075 1.0 124000
1723158392803 1.0 128000
1723158414739 1.0 132000
1723158430037 1.0 136000
1723158444620 1.0 140000
1723158458948 1.0 144000
1723158473340 1.0 148000
1723158487751 1.0 152000
1723158501869 1.0 156000
1723158516112 1.0 160000
1723158530492 1.0 164000
1723158545533 1.0 168000
1723158560261 1.0 172000
1723158574983 1.0 176000
1723158589495 1.0 180000
1723158603449 1.0 184000
1723158617235 1.0 188000
1723158631342 1.0 192000
1723158645147 1.0 196000
1723158658703 1.0 200000
1723158672832 1.0 204000
1723158687375 1.0 208000
1723158701605 1.0 212000
1723158715772 1.0 216000
1723158730235 1.0 220000
1723158744560 1.0 224000
1723158758457 1.0 228000
1723158772746 1.0 232000
1723158786622 1.0 236000
1723158800614 1.0 240000
1723158814573 1.0 244000
1723158829012 1.0 248000
1723158842505 1.0 252000
1723158856358 1.0 256000
1723158870634 1.0 260000
1723158885369 1.0 264000
1723158899307 1.0 268000
1723158913910 1.0 272000
1723158928280 1.0 276000
1723158942248 1.0 280000
1723158955884 1.0 284000
1723158969744 1.0 288000
1723158983793 1.0 292000
1723158997302 1.0 296000
1723159010866 1.0 300000
1723159024441 1.0 304000
1723159041347 1.0 308000
1723159061384 1.0 312000
1723159081075 1.0 316000
1723159096060 1.0 320000
1723159109810 1.0 324000
1723159123342 1.0 328000
1723159137112 1.0 332000
1723159151041 1.0 336000
1723159164658 1.0 340000
1723159178327 1.0 344000
1723159192349 1.0 348000
1723159205652 1.0 352000
1723159218849 1.0 356000
1723159232473 1.0 360000
1723159246732 1.0 364000
1723159260127 1.0 368000
1723159273422 1.0 372000
1723159287025 1.0 376000
1723159301065 1.0 380000
1723159315190 1.0 384000
1723159329001 1.0 388000
1723159343014 1.0 392000
1723159356687 1.0 396000
1723159370461 1.0 400000
1723159384744 1.0 404000
1723159398966 1.0 408000
1723159412427 1.0 412000
1723159431016 1.0 416000
1723159446355 1.0 420000
1723159460544 1.0 424000
1723159474827 1.0 428000
1723159488934 1.0 432000
1723159502385 1.0 436000
1723159515620 1.0 440000
1723159528917 1.0 444000
1723159542597 1.0 448000
1723159556216 1.0 452000
1723159582987 1.0 456000
1723159601038 1.0 460000
1723159618287 1.0 464000
1723159636467 1.0 468000
1723159654227 1.0 472000
1723159673983 1.0 476000
1723159692879 1.0 480000
1723159710276 1.0 484000
1723159724921 1.0 488000
1723159738595 1.0 492000
1723159751885 1.0 496000
1723159765602 1.0 500000
1723159779291 1.0 504000
1723159793021 1.0 508000
1723159806522 1.0 512000
1723159819875 1.0 516000
1723159834642 1.0 520000
1723159848588 1.0 524000
1723159863044 1.0 528000
1723159877327 1.0 532000
1723159891358 1.0 536000
1723159905539 1.0 540000
1723159919795 1.0 544000
1723159934146 1.0 548000
1723159948018 1.0 552000
1723159962134 1.0 556000
1723159976401 1.0 560000
1723159989905 1.0 564000
1723160003520 1.0 568000
1723160017333 1.0 572000
1723160031041 1.0 576000
1723160044750 1.0 580000
1723160063039 1.0 584000
1723160081250 1.0 588000
1723160099107 1.0 592000
1723160117017 1.0 596000
1723160130335 1.0 600000
1723160142856 1.0 604000
1723160155454 1.0 608000
1723160167991 1.0 612000
1723160180750 1.0 616000
1723160194073 1.0 620000
1723160206815 1.0 624000
1723160219751 1.0 628000
1723160232635 1.0 632000
1723160244999 1.0 636000
1723160257860 1.0 640000
1723160274797 1.0 644000
1723160292037 1.0 648000
1723160309373 1.0 652000
1723160326920 1.0 656000
1723160345072 1.0 660000
1723160362631 1.0 664000
1723160376933 1.0 668000
1723160389981 1.0 672000
1723160403467 1.0 676000
1723160424828 1.0 680000
1723160442695 1.0 684000
1723160460954 1.0 688000
1723160479332 1.0 692000
1723160493545 1.0 696000
1723160506720 1.0 700000
1723160523325 1.0 704000
1723160541294 1.0 708000
1723160560123 1.0 712000
1723160578809 1.0 716000
1723160596193 1.0 720000
1723160614203 1.0 724000
1723160634947 1.0 728000
1723160653630 1.0 732000
1723160672941 1.0 736000
1723160687831 1.0 740000
1723160702058 1.0 744000
1723160715640 1.0 748000
1723160729159 1.0 752000
1723160743670 1.0 756000
1723160756821 1.0 760000
1723160770711 1.0 764000
1723160783580 1.0 768000
1723160796196 1.0 772000
1723160808816 1.0 776000
1723160822418 1.0 780000
1723160835223 1.0 784000
1723160848141 1.0 788000
1723160861018 1.0 792000
1723160873884 1.0 796000
1723160887699 1.0 800000
1723160900912 1.0 804000
1723160913929 1.0 808000
1723160926596 1.0 812000
1723160939176 1.0 816000
1723160953119 1.0 820000
1723160970913 1.0 824000
1723160991046 1.0 828000
1723161004916 1.0 832000
1723161018135 1.0 836000
1723161031835 1.0 840000
1723161044354 1.0 844000
1723161057062 1.0 848000
1723161069857 1.0 852000
1723161082564 1.0 856000
1723161094952 1.0 860000
1723161107758 1.0 864000
1723161119777 1.0 868000
1723161132194 1.0 872000
1723161144757 1.0 876000
1723161156909 1.0 880000
1723161169333 1.0 884000
1723161181861 1.0 888000
1723161194332 1.0 892000
1723161206485 1.0 896000
1723161218468 1.0 900000
1723161231002 1.0 904000
1723161243399 1.0 908000
1723161255337 1.0 912000
1723161267574 1.0 916000
1723161279687 1.0 920000
1723161292000 1.0 924000
1723161303978 1.0 928000
1723161316089 1.0 932000
1723161328453 1.0 936000
1723161340604 1.0 940000
1723161353083 1.0 944000
1723161365597 1.0 948000
1723161378357 1.0 952000
1723161391143 1.0 956000
1723161403099 1.0 960000
1723161415463 1.0 964000
1723161428020 1.0 968000
1723161439935 1.0 972000
1723161452503 1.0 976000
1723161464751 1.0 980000
1723161477250 1.0 984000
1723161489976 1.0 988000
1723161502692 1.0 992000
1723161515109 1.0 996000
1723161527449 1.0 1000000
1723161540384 1.0 1004000
1723161552908 1.0 1008000
1723161565503 1.0 1012000
1723161577873 1.0 1016000
1723161590250 1.0 1020000
1723161602183 1.0 1024000
1723161614565 1.0 1028000
1723161626788 1.0 1032000
1723161639038 1.0 1036000
1723161651197 1.0 1040000
1723161663550 1.0 1044000
1723161675727 1.0 1048000
1723161687810 1.0 1052000
1723161699550 1.0 1056000
1723161711846 1.0 1060000
1723161723715 1.0 1064000
1723161735730 1.0 1068000
1723161747953 1.0 1072000
1723161760342 1.0 1076000
1723161773062 1.0 1080000
1723161785783 1.0 1084000
1723161798166 1.0 1088000
1723161810632 1.0 1092000
1723161823073 1.0 1096000
1723161835550 1.0 1100000
1723161847306 1.0 1104000
1723161859583 1.0 1108000
1723161871941 1.0 1112000
1723161883954 1.0 1116000
1723161896046 1.0 1120000
1723161908127 1.0 1124000
1723161920423 1.0 1128000
1723161932719 1.0 1132000
1723161945183 1.0 1136000
1723161957350 1.0 1140000
1723161969614 1.0 1144000
1723161982369 1.0 1148000
1723161994722 1.0 1152000
1723162007097 1.0 1156000
1723162019536 1.0 1160000
1723162032103 1.0 1164000
1723162044566 1.0 1168000
1723162057235 1.0 1172000
1723162069633 1.0 1176000
1723162082655 1.0 1180000
1723162095050 1.0 1184000
1723162108125 1.0 1188000
1723162120743 1.0 1192000
1723162133411 1.0 1196000
1723162146042 1.0 1200000
