1723157948686 0.0 4000
1723157966423 0.0 8000
1723157984333 0.0 12000
1723157998281 0.0 16000
1723158011263 0.0 20000
1723158024081 0.0 24000
1723158037022 0.0 28000
1723158050907 0.0 32000
1723158065120 0.0 36000
1723158079131 0.0 40000
1723158093221 0.0 44000
1723158107363 0.0 48000
1723158121429 0.0 52000
1723158135470 0.0 56000
1723158149227 0.0 60000
1723158163270 0.0 64000
1723158177272 0.0 68000
1723158191682 0.0 72000
1723158205825 0.0 76000
1723158220105 0.0 80000
1723158234104 0.0 84000
1723158248235 0.0 88000
1723158262253 0.0 92000
1723158276247 0.0 96000
1723158290118 0.0 100000
1723158304287 0.0 104000
1723158319174 0.0 108000
1723158333646 0.0 112000
1723158348209 0.0 116000
1723158362634 0.0 120000
1723158377106 0.0 124000
1723158392838 0.0 128000
1723158414774 0.0 132000
1723158430067 0.0 136000
1723158444653 0.0 140000
1723158458978 0.0 144000
1723158473371 0.0 148000
1723158487781 0.0 152000
1723158501899 0.0 156000
1723158516142 0.0 160000
1723158530522 0.0 164000
1723158545562 0.0 168000
1723158560292 0.0 172000
1723158575014 0.0 176000
1723158589525 0.0 180000
1723158603479 0.0 184000
1723158617266 0.0 188000
1723158631372 0.0 192000
1723158645177 0.0 196000
1723158658732 0.0 200000
1723158672861 0.0 204000
1723158687408 0.0 208000
1723158701634 0.0 212000
1723158715802 0.0 216000
1723158730264 0.0 220000
1723158744590 0.0 224000
1723158758488 0.0 228000
1723158772776 0.0 232000
1723158786654 0.0 236000
1723158800643 0.0 240000
1723158814602 0.0 244000
1723158829042 0.0 248000
1723158842534 0.0 252000
1723158856389 0.0 256000
1723158870666 0.0 260000
1723158885400 0.0 264000
1723158899339 0.0 268000
1723158913941 0.0 272000
1723158928311 0.0 276000
1723158942278 0.0 280000
1723158955915 0.0 284000
1723158969792 0.0 288000
1723158983823 0.0 292000
1723158997331 0.0 296000
1723159010896 0.0 300000
1723159024470 0.0 304000
1723159041383 0.0 308000
1723159061416 0.0 312000
1723159081114 0.0 316000
1723159096090 0.0 320000
1723159109840 0.0 324000
1723159123372 0.0 328000
1723159137143 0.0 332000
1723159151071 0.0 336000
1723159164688 0.0 340000
1723159178358 0.0 344000
1723159192379 0.0 348000
1723159205681 0.0 352000
1723159218878 0.0 356000
1723159232505 0.0 360000
1723159246762 0.0 364000
1723159260158 0.0 368000
1723159273453 0.0 372000
1723159287055 0.0 376000
1723159301094 0.0 380000
1723159315222 0.0 384000
1723159329031 0.0 388000
1723159343045 0.0 392000
1723159356717 0.0 396000
1723159370493 0.0 400000
1723159384775 0.0 404000
1723159398999 0.0 408000
1723159412458 0.0 412000
1723159431049 0.0 416000
1723159446385 0.0 420000
1723159460574 0.0 424000
1723159474857 0.0 428000
1723159488964 0.0 432000
1723159502416 0.0 436000
1723159515649 0.0 440000
1723159528946 0.0 444000
1723159542627 0.0 448000
1723159556245 0.0 452000
1723159583020 0.0 456000
1723159601075 0.0 460000
1723159618317 0.0 464000
1723159636504 0.0 468000
1723159654259 0.0 472000
1723159674014 0.0 476000
1723159692916 0.0 480000
1723159710308 0.0 484000
1723159724951 0.0 488000
1723159738626 0.0 492000
1723159751914 0.0 496000
1723159765632 0.0 500000
1723159779320 0.0 504000
1723159793051 0.0 508000
1723159806551 0.0 512000
1723159819905 0.0 516000
1723159834672 0.0 520000
1723159848619 0.0 524000
1723159863075 0.0 528000
1723159877357 0.0 532000
1723159891389 0.0 536000
1723159905569 0.0 540000
1723159919825 0.0 544000
1723159934176 0.0 548000
1723159948048 0.0 552000
1723159962163 0.0 556000
1723159976431 0.0 560000
1723159989934 0.0 564000
1723160003550 0.0 568000
1723160017364 0.0 572000
1723160031071 0.0 576000
1723160044780 0.0 580000
1723160063074 0.0 584000
1723160081285 0.0 588000
1723160099146 0.0 592000
1723160117053 0.0 596000
1723160130365 0.0 600000
1723160142886 0.0 604000
1723160155484 0.0 608000
1723160168023 0.0 612000
1723160180784 0.0 616000
1723160194105 0.0 620000
1723160206846 0.0 624000
1723160219785 0.0 628000
1723160232665 0.0 632000
1723160245030 0.0 636000
1723160257890 0.0 640000
1723160274839 0.0 644000
1723160292069 0.0 648000
1723160309405 0.0 652000
1723160326954 0.0 656000
1723160345109 0.0 660000
1723160362665 0.0 664000
1723160376964 0.0 668000
1723160390012 0.0 672000
1723160403497 0.0 676000
1723160424861 0.0 680000
1723160442730 0.0 684000
1723160460988 0.0 688000
1723160479364 0.0 692000
1723160493578 0.0 696000
1723160506750 0.0 700000
1723160523357 0.0 704000
1723160541324 0.0 708000
1723160560155 0.0 712000
1723160578844 0.0 716000
1723160596226 0.0 720000
1723160614233 0.0 724000
1723160634981 0.0 728000
1723160653662 0.0 732000
1723160672974 0.0 736000
1723160687862 0.0 740000
1723160702088 0.0 744000
1723160715671 0.0 748000
1723160729189 0.0 752000
1723160743701 0.0 756000
1723160756852 0.0 760000
1723160770741 0.0 764000
1723160783611 0.0 768000
1723160796226 0.0 772000
1723160808846 0.0 776000
1723160822449 0.0 780000
1723160835253 0.0 784000
1723160848171 0.0 788000
1723160861049 0.0 792000
1723160873914 0.0 796000
1723160887730 0.0 800000
1723160900943 0.0 804000
1723160913960 0.0 808000
1723160926627 0.0 812000
1723160939207 0.0 816000
1723160953149 0.0 820000
1723160970944 0.0 824000
1723160991083 0.0 828000
1723161004952 0.0 832000
1723161018166 0.0 836000
1723161031865 0.0 840000
1723161044384 0.0 844000
1723161057092 0.0 848000
1723161069886 0.0 852000
1723161082595 0.0 856000
1723161094982 0.0 860000
1723161107791 0.0 864000
1723161119807 0.0 868000
1723161132224 0.0 872000
1723161144788 0.0 876000
1723161156940 0.0 880000
1723161169363 0.0 884000
1723161181893 0.0 888000
1723161194364 0.0 892000
1723161206515 0.0 896000
1723161218499 0.0 900000
1723161231032 0.0 904000
1723161243429 0.0 908000
1723161255367 0.0 912000
1723161267604 0.0 916000
1723161279717 0.0 920000
1723161292033 0.0 924000
1723161304008 0.0 928000
1723161316119 0.0 932000
1723161328485 0.0 936000
1723161340634 0.0 940000
1723161353113 0.0 944000
1723161365627 0.0 948000
1723161378388 0.0 952000
1723161391173 0.0 956000
1723161403129 0.0 960000
1723161415493 0.0 964000
1723161428051 0.0 968000
1723161439965 0.0 972000
1723161452534 0.0 976000
1723161464781 0.0 980000
1723161477280 0.0 984000
1723161490006 0.0 988000
1723161502723 0.0 992000
1723161515141 0.0 996000
1723161527483 0.0 1000000
1723161540420 0.0 1004000
1723161552940 0.0 1008000
1723161565534 0.0 1012000
1723161577904 0.0 1016000
1723161590280 0.0 1020000
1723161602213 0.0 1024000
1723161614595 0.0 1028000
1723161626818 0.0 1032000
1723161639068 0.0 1036000
1723161651228 0.0 1040000
1723161663581 0.0 1044000
1723161675758 0.0 1048000
1723161687841 0.0 1052000
1723161699580 0.0 1056000
1723161711881 0.0 1060000
1723161723745 0.0 1064000
1723161735759 0.0 1068000
1723161747983 0.0 1072000
1723161760372 0.0 1076000
1723161773092 0.0 1080000
1723161785813 0.0 1084000
1723161798197 0.0 1088000
1723161810663 0.0 1092000
1723161823103 0.0 1096000
1723161835581 0.0 1100000
1723161847336 0.0 1104000
1723161859613 0.0 1108000
1723161871970 0.0 1112000
1723161883985 0.0 1116000
1723161896077 0.0 1120000
1723161908160 0.0 1124000
1723161920453 0.0 1128000
1723161932749 0.0 1132000
1723161945213 0.0 1136000
1723161957381 0.0 1140000
1723161969645 0.0 1144000
1723161982400 0.0 1148000
1723161994753 0.0 1152000
1723162007126 0.0 1156000
1723162019566 0.0 1160000
1723162032133 0.0 1164000
1723162044600 0.0 1168000
1723162057268 0.0 1172000
1723162069663 0.0 1176000
1723162082685 0.0 1180000
1723162095080 0.0 1184000
1723162108156 0.0 1188000
1723162120773 0.0 1192000
1723162133442 0.0 1196000
1723162146072 0.0 1200000
