1723157948629 20.0 4000
1723157966387 20.0 8000
1723157984296 20.0 12000
1723157998248 20.0 16000
1723158011230 20.0 20000
1723158024049 20.0 24000
1723158036989 20.0 28000
1723158050874 20.0 32000
1723158065088 20.0 36000
1723158079098 20.0 40000
1723158093189 20.0 44000
1723158107332 20.0 48000
1723158121396 20.0 52000
1723158135438 20.0 56000
1723158149194 20.0 60000
1723158163237 20.0 64000
1723158177241 20.0 68000
1723158191650 20.0 72000
1723158205792 20.0 76000
1723158220073 20.0 80000
1723158234071 20.0 84000
1723158248203 20.0 88000
1723158262218 20.0 92000
1723158276215 20.0 96000
1723158290086 20.0 100000
1723158304255 20.0 104000
1723158319141 20.0 108000
1723158333614 20.0 112000
1723158348176 20.0 116000
1723158362600 20.0 120000
1723158377073 20.0 124000
1723158392801 20.0 128000
1723158414737 20.0 132000
1723158430034 20.0 136000
1723158444617 20.0 140000
1723158458946 20.0 144000
1723158473338 20.0 148000
1723158487749 20.0 152000
1723158501867 20.0 156000
1723158516109 20.0 160000
1723158530490 20.0 164000
1723158545530 20.0 168000
1723158560258 20.0 172000
1723158574981 20.0 176000
1723158589493 20.0 180000
1723158603447 20.0 184000
1723158617233 20.0 188000
1723158631340 20.0 192000
1723158645145 20.0 196000
1723158658701 20.0 200000
1723158672830 20.0 204000
1723158687373 20.0 208000
1723158701603 20.0 212000
1723158715770 20.0 216000
1723158730233 20.0 220000
1723158744558 20.0 224000
1723158758455 20.0 228000
1723158772744 20.0 232000
1723158786620 20.0 236000
1723158800612 20.0 240000
1723158814571 20.0 244000
1723158829010 20.0 248000
1723158842503 20.0 252000
1723158856356 20.0 256000
1723158870631 20.0 260000
1723158885367 20.0 264000
1723158899304 20.0 268000
1723158913908 20.0 272000
1723158928278 20.0 276000
1723158942246 20.0 280000
1723158955882 20.0 284000
1723158969741 20.0 288000
1723158983791 20.0 292000
1723158997300 20.0 296000
1723159010864 20.0 300000
1723159024439 20.0 304000
1723159041344 20.0 308000
1723159061382 20.0 312000
1723159081072 20.0 316000
1723159096057 20.0 320000
1723159109808 20.0 324000
1723159123340 20.0 328000
1723159137110 20.0 332000
1723159151039 20.0 336000
1723159164656 20.0 340000
1723159178325 20.0 344000
1723159192346 20.0 348000
1723159205650 20.0 352000
1723159218846 20.0 356000
1723159232471 20.0 360000
1723159246730 20.0 364000
1723159260125 20.0 368000
1723159273420 20.0 372000
1723159287022 20.0 376000
1723159301062 20.0 380000
1723159315188 20.0 384000
1723159328999 20.0 388000
1723159343012 20.0 392000
1723159356685 20.0 396000
1723159370459 20.0 400000
1723159384742 20.0 404000
1723159398963 20.0 408000
1723159412425 20.0 412000
1723159431014 20.0 416000
1723159446353 20.0 420000
1723159460541 20.0 424000
1723159474824 20.0 428000
1723159488932 20.0 432000
1723159502382 20.0 436000
1723159515617 20.0 440000
1723159528915 20.0 444000
1723159542595 20.0 448000
1723159556214 20.0 452000
1723159582985 20.0 456000
1723159601036 20.0 460000
1723159618285 20.0 464000
1723159636465 20.0 468000
1723159654225 20.0 472000
1723159673981 20.0 476000
1723159692877 20.0 480000
1723159710274 20.0 484000
1723159724919 20.0 488000
1723159738593 20.0 492000
1723159751882 20.0 496000
1723159765599 20.0 500000
1723159779288 20.0 504000
1723159793019 20.0 508000
1723159806519 20.0 512000
1723159819873 20.0 516000
1723159834640 20.0 520000
1723159848586 20.0 524000
1723159863042 20.0 528000
1723159877324 20.0 532000
1723159891356 20.0 536000
1723159905537 20.0 540000
1723159919793 20.0 544000
1723159934143 20.0 548000
1723159948016 20.0 552000
1723159962132 20.0 556000
1723159976399 20.0 560000
1723159989902 20.0 564000
1723160003518 20.0 568000
1723160017331 20.0 572000
1723160031039 20.0 576000
1723160044748 20.0 580000
1723160063037 20.0 584000
1723160081248 20.0 588000
1723160099104 20.0 592000
1723160117014 20.0 596000
1723160130333 20.0 600000
1723160142854 20.0 604000
1723160155451 20.0 608000
1723160167988 20.0 612000
1723160180747 20.0 616000
1723160194071 20.0 620000
1723160206813 20.0 624000
1723160219749 20.0 628000
1723160232632 20.0 632000
1723160244997 20.0 636000
1723160257858 20.0 640000
1723160274794 20.0 644000
1723160292034 20.0 648000
1723160309371 20.0 652000
1723160326918 20.0 656000
1723160345069 20.0 660000
1723160362629 20.0 664000
1723160376931 20.0 668000
1723160389979 20.0 672000
1723160403465 20.0 676000
1723160424825 20.0 680000
1723160442693 20.0 684000
1723160460951 20.0 688000
1723160479330 20.0 692000
1723160493543 20.0 696000
1723160506718 20.0 700000
1723160523323 20.0 704000
1723160541292 20.0 708000
1723160560120 20.0 712000
1723160578807 20.0 716000
1723160596191 20.0 720000
1723160614200 20.0 724000
1723160634944 20.0 728000
1723160653628 20.0 732000
1723160672938 20.0 736000
1723160687829 20.0 740000
1723160702056 20.0 744000
1723160715638 20.0 748000
1723160729157 20.0 752000
1723160743668 20.0 756000
1723160756819 20.0 760000
1723160770709 20.0 764000
1723160783578 20.0 768000
1723160796194 20.0 772000
1723160808813 20.0 776000
1723160822415 20.0 780000
1723160835221 20.0 784000
1723160848138 20.0 788000
1723160861016 20.0 792000
1723160873882 20.0 796000
1723160887697 20.0 800000
1723160900910 20.0 804000
1723160913927 20.0 808000
1723160926594 20.0 812000
1723160939174 20.0 816000
1723160953117 20.0 820000
1723160970910 20.0 824000
1723160991044 20.0 828000
1723161004914 20.0 832000
1723161018133 20.0 836000
1723161031833 20.0 840000
1723161044352 20.0 844000
1723161057060 20.0 848000
1723161069854 20.0 852000
1723161082562 20.0 856000
1723161094949 20.0 860000
1723161107756 20.0 864000
1723161119775 20.0 868000
1723161132192 20.0 872000
1723161144755 20.0 876000
1723161156906 20.0 880000
1723161169331 20.0 884000
1723161181858 20.0 888000
1723161194329 20.0 892000
1723161206482 20.0 896000
1723161218466 20.0 900000
1723161231000 20.0 904000
1723161243396 20.0 908000
1723161255335 20.0 912000
1723161267572 20.0 916000
1723161279685 20.0 920000
1723161291998 20.0 924000
1723161303976 20.0 928000
1723161316087 20.0 932000
1723161328450 20.0 936000
1723161340602 20.0 940000
1723161353081 20.0 944000
1723161365595 20.0 948000
1723161378354 20.0 952000
1723161391141 20.0 956000
1723161403097 20.0 960000
1723161415461 20.0 964000
1723161428018 20.0 968000
1723161439933 20.0 972000
1723161452501 20.0 976000
1723161464749 20.0 980000
1723161477247 20.0 984000
1723161489974 20.0 988000
1723161502690 20.0 992000
1723161515107 20.0 996000
1723161527447 20.0 1000000
1723161540380 20.0 1004000
1723161552905 20.0 1008000
1723161565501 20.0 1012000
1723161577871 20.0 1016000
1723161590248 20.0 1020000
1723161602180 20.0 1024000
1723161614563 20.0 1028000
1723161626786 20.0 1032000
1723161639036 20.0 1036000
1723161651195 20.0 1040000
1723161663548 20.0 1044000
1723161675725 20.0 1048000
1723161687808 20.0 1052000
1723161699548 20.0 1056000
1723161711843 20.0 1060000
1723161723713 20.0 1064000
1723161735728 20.0 1068000
1723161747950 20.0 1072000
1723161760339 20.0 1076000
1723161773060 20.0 1080000
1723161785781 20.0 1084000
1723161798159 20.0 1088000
1723161810630 20.0 1092000
1723161823071 20.0 1096000
1723161835548 20.0 1100000
1723161847304 20.0 1104000
1723161859580 20.0 1108000
1723161871939 20.0 1112000
1723161883952 20.0 1116000
1723161896044 20.0 1120000
1723161908125 20.0 1124000
1723161920421 20.0 1128000
1723161932716 20.0 1132000
1723161945181 20.0 1136000
1723161957348 20.0 1140000
1723161969612 20.0 1144000
1723161982367 20.0 1148000
1723161994720 20.0 1152000
1723162007095 20.0 1156000
1723162019534 20.0 1160000
1723162032101 20.0 1164000
1723162044564 20.0 1168000
1723162057233 20.0 1172000
1723162069631 20.0 1176000
1723162082653 20.0 1180000
1723162095048 20.0 1184000
1723162108123 20.0 1188000
1723162120741 20.0 1192000
1723162133409 20.0 1196000
1723162146040 20.0 1200000
