1723157948629 1.0 4000
1723157966387 1.0 8000
1723157984295 1.0 12000
1723157998248 1.0 16000
1723158011230 1.0 20000
1723158024049 1.0 24000
1723158036989 1.0 28000
1723158050873 1.0 32000
1723158065087 1.0 36000
1723158079098 1.0 40000
1723158093188 1.0 44000
1723158107331 1.0 48000
1723158121396 1.0 52000
1723158135438 1.0 56000
1723158149194 1.0 60000
1723158163236 1.0 64000
1723158177241 1.0 68000
1723158191650 1.0 72000
1723158205792 1.0 76000
1723158220072 1.0 80000
1723158234070 1.0 84000
1723158248203 1.0 88000
1723158262218 1.0 92000
1723158276214 1.0 96000
1723158290085 1.0 100000
1723158304254 1.0 104000
1723158319141 1.0 108000
1723158333613 1.0 112000
1723158348175 1.0 116000
1723158362600 1.0 120000
1723158377072 1.0 124000
1723158392801 1.0 128000
1723158414737 1.0 132000
1723158430034 1.0 136000
1723158444617 1.0 140000
1723158458946 1.0 144000
1723158473337 1.0 148000
1723158487748 1.0 152000
1723158501867 1.0 156000
1723158516109 1.0 160000
1723158530490 1.0 164000
1723158545530 1.0 168000
1723158560258 1.0 172000
1723158574981 1.0 176000
1723158589493 1.0 180000
1723158603447 1.0 184000
1723158617233 1.0 188000
1723158631339 1.0 192000
1723158645145 1.0 196000
1723158658701 1.0 200000
1723158672829 1.0 204000
1723158687373 1.0 208000
1723158701602 1.0 212000
1723158715769 1.0 216000
1723158730233 1.0 220000
1723158744557 1.0 224000
1723158758455 1.0 228000
1723158772744 1.0 232000
1723158786619 1.0 236000
1723158800612 1.0 240000
1723158814570 1.0 244000
1723158829010 1.0 248000
1723158842503 1.0 252000
1723158856356 1.0 256000
1723158870631 1.0 260000
1723158885367 1.0 264000
1723158899304 1.0 268000
1723158913907 1.0 272000
1723158928278 1.0 276000
1723158942245 1.0 280000
1723158955882 1.0 284000
1723158969740 1.0 288000
1723158983791 1.0 292000
1723158997300 1.0 296000
1723159010864 1.0 300000
1723159024438 1.0 304000
1723159041344 1.0 308000
1723159061381 1.0 312000
1723159081072 1.0 316000
1723159096057 1.0 320000
1723159109808 1.0 324000
1723159123339 1.0 328000
1723159137110 1.0 332000
1723159151038 1.0 336000
1723159164656 1.0 340000
1723159178325 1.0 344000
1723159192346 1.0 348000
1723159205650 1.0 352000
1723159218846 1.0 356000
1723159232471 1.0 360000
1723159246730 1.0 364000
1723159260125 1.0 368000
1723159273420 1.0 372000
1723159287022 1.0 376000
1723159301062 1.0 380000
1723159315188 1.0 384000
1723159328998 1.0 388000
1723159343012 1.0 392000
1723159356685 1.0 396000
1723159370458 1.0 400000
1723159384742 1.0 404000
1723159398962 1.0 408000
1723159412424 1.0 412000
1723159431013 1.0 416000
1723159446353 1.0 420000
1723159460541 1.0 424000
1723159474824 1.0 428000
1723159488931 1.0 432000
1723159502382 1.0 436000
1723159515617 1.0 440000
1723159528914 1.0 444000
1723159542595 1.0 448000
1723159556213 1.0 452000
1723159582984 1.0 456000
1723159601036 1.0 460000
1723159618284 1.0 464000
1723159636465 1.0 468000
1723159654225 1.0 472000
1723159673981 1.0 476000
1723159692876 1.0 480000
1723159710273 1.0 484000
1723159724918 1.0 488000
1723159738593 1.0 492000
1723159751882 1.0 496000
1723159765599 1.0 500000
1723159779288 1.0 504000
1723159793018 1.0 508000
1723159806519 1.0 512000
1723159819873 1.0 516000
1723159834639 1.0 520000
1723159848586 1.0 524000
1723159863042 1.0 528000
1723159877324 1.0 532000
1723159891356 1.0 536000
1723159905536 1.0 540000
1723159919793 1.0 544000
1723159934143 1.0 548000
1723159948015 1.0 552000
1723159962131 1.0 556000
1723159976399 1.0 560000
1723159989902 1.0 564000
1723160003518 1.0 568000
1723160017331 1.0 572000
1723160031039 1.0 576000
1723160044747 1.0 580000
1723160063037 1.0 584000
1723160081248 1.0 588000
1723160099104 1.0 592000
1723160117014 1.0 596000
1723160130332 1.0 600000
1723160142854 1.0 604000
1723160155451 1.0 608000
1723160167988 1.0 612000
1723160180747 1.0 616000
1723160194071 1.0 620000
1723160206812 1.0 624000
1723160219749 1.0 628000
1723160232632 1.0 632000
1723160244996 1.0 636000
1723160257858 1.0 640000
1723160274793 1.0 644000
1723160292033 1.0 648000
1723160309371 1.0 652000
1723160326917 1.0 656000
1723160345069 1.0 660000
1723160362628 1.0 664000
1723160376931 1.0 668000
1723160389979 1.0 672000
1723160403464 1.0 676000
1723160424825 1.0 680000
1723160442693 1.0 684000
1723160460951 1.0 688000
1723160479330 1.0 692000
1723160493542 1.0 696000
1723160506718 1.0 700000
1723160523322 1.0 704000
1723160541291 1.0 708000
1723160560120 1.0 712000
1723160578806 1.0 716000
1723160596190 1.0 720000
1723160614200 1.0 724000
1723160634944 1.0 728000
1723160653627 1.0 732000
1723160672938 1.0 736000
1723160687829 1.0 740000
1723160702056 1.0 744000
1723160715638 1.0 748000
1723160729156 1.0 752000
1723160743667 1.0 756000
1723160756819 1.0 760000
1723160770709 1.0 764000
1723160783578 1.0 768000
1723160796193 1.0 772000
1723160808813 1.0 776000
1723160822415 1.0 780000
1723160835220 1.0 784000
1723160848138 1.0 788000
1723160861016 1.0 792000
1723160873881 1.0 796000
1723160887696 1.0 800000
1723160900910 1.0 804000
1723160913927 1.0 808000
1723160926594 1.0 812000
1723160939173 1.0 816000
1723160953116 1.0 820000
1723160970910 1.0 824000
1723160991043 1.0 828000
1723161004913 1.0 832000
1723161018133 1.0 836000
1723161031832 1.0 840000
1723161044351 1.0 844000
1723161057059 1.0 848000
1723161069854 1.0 852000
1723161082561 1.0 856000
1723161094949 1.0 860000
1723161107755 1.0 864000
1723161119774 1.0 868000
1723161132192 1.0 872000
1723161144754 1.0 876000
1723161156906 1.0 880000
1723161169330 1.0 884000
1723161181857 1.0 888000
1723161194329 1.0 892000
1723161206482 1.0 896000
1723161218466 1.0 900000
1723161230999 1.0 904000
1723161243396 1.0 908000
1723161255334 1.0 912000
1723161267571 1.0 916000
1723161279684 1.0 920000
1723161291998 1.0 924000
1723161303975 1.0 928000
1723161316086 1.0 932000
1723161328450 1.0 936000
1723161340602 1.0 940000
1723161353081 1.0 944000
1723161365595 1.0 948000
1723161378354 1.0 952000
1723161391140 1.0 956000
1723161403097 1.0 960000
1723161415460 1.0 964000
1723161428018 1.0 968000
1723161439933 1.0 972000
1723161452500 1.0 976000
1723161464749 1.0 980000
1723161477247 1.0 984000
1723161489973 1.0 988000
1723161502689 1.0 992000
1723161515107 1.0 996000
1723161527446 1.0 1000000
1723161540380 1.0 1004000
1723161552905 1.0 1008000
1723161565501 1.0 1012000
1723161577871 1.0 1016000
1723161590248 1.0 1020000
1723161602180 1.0 1024000
1723161614563 1.0 1028000
1723161626785 1.0 1032000
1723161639035 1.0 1036000
1723161651194 1.0 1040000
1723161663548 1.0 1044000
1723161675725 1.0 1048000
1723161687808 1.0 1052000
1723161699548 1.0 1056000
1723161711843 1.0 1060000
1723161723713 1.0 1064000
1723161735727 1.0 1068000
1723161747950 1.0 1072000
1723161760339 1.0 1076000
1723161773060 1.0 1080000
1723161785781 1.0 1084000
1723161798158 1.0 1088000
1723161810629 1.0 1092000
1723161823071 1.0 1096000
1723161835548 1.0 1100000
1723161847303 1.0 1104000
1723161859580 1.0 1108000
1723161871939 1.0 1112000
1723161883952 1.0 1116000
1723161896044 1.0 1120000
1723161908125 1.0 1124000
1723161920421 1.0 1128000
1723161932716 1.0 1132000
1723161945181 1.0 1136000
1723161957348 1.0 1140000
1723161969612 1.0 1144000
1723161982367 1.0 1148000
1723161994720 1.0 1152000
1723162007094 1.0 1156000
1723162019533 1.0 1160000
1723162032101 1.0 1164000
1723162044564 1.0 1168000
1723162057232 1.0 1172000
1723162069631 1.0 1176000
1723162082652 1.0 1180000
1723162095048 1.0 1184000
1723162108123 1.0 1188000
1723162120741 1.0 1192000
1723162133409 1.0 1196000
1723162146039 1.0 1200000
