1723157948637 1.0 4000
1723157966392 1.0 8000
1723157984300 1.0 12000
1723157998253 1.0 16000
1723158011235 1.0 20000
1723158024054 1.0 24000
1723158036994 1.0 28000
1723158050879 1.0 32000
1723158065092 1.0 36000
1723158079103 1.0 40000
1723158093193 1.0 44000
1723158107336 1.0 48000
1723158121401 1.0 52000
1723158135443 1.0 56000
1723158149199 1.0 60000
1723158163241 1.0 64000
1723158177246 1.0 68000
1723158191655 1.0 72000
1723158205797 1.0 76000
1723158220077 1.0 80000
1723158234076 1.0 84000
1723158248208 1.0 88000
1723158262224 1.0 92000
1723158276220 1.0 96000
1723158290090 1.0 100000
1723158304259 1.0 104000
1723158319146 1.0 108000
1723158333618 1.0 112000
1723158348180 1.0 116000
1723158362605 1.0 120000
1723158377077 1.0 124000
1723158392807 1.0 128000
1723158414743 1.0 132000
1723158430039 1.0 136000
1723158444623 1.0 140000
1723158458951 1.0 144000
1723158473342 1.0 148000
1723158487753 1.0 152000
1723158501872 1.0 156000
1723158516114 1.0 160000
1723158530495 1.0 164000
1723158545535 1.0 168000
1723158560263 1.0 172000
1723158574986 1.0 176000
1723158589498 1.0 180000
1723158603452 1.0 184000
1723158617238 1.0 188000
1723158631344 1.0 192000
1723158645150 1.0 196000
1723158658705 1.0 200000
1723158672834 1.0 204000
1723158687378 1.0 208000
1723158701607 1.0 212000
1723158715774 1.0 216000
1723158730237 1.0 220000
1723158744562 1.0 224000
1723158758460 1.0 228000
1723158772749 1.0 232000
1723158786624 1.0 236000
1723158800616 1.0 240000
1723158814575 1.0 244000
1723158829015 1.0 248000
1723158842508 1.0 252000
1723158856361 1.0 256000
1723158870637 1.0 260000
1723158885372 1.0 264000
1723158899310 1.0 268000
1723158913912 1.0 272000
1723158928283 1.0 276000
1723158942250 1.0 280000
1723158955887 1.0 284000
1723158969749 1.0 288000
1723158983796 1.0 292000
1723158997304 1.0 296000
1723159010869 1.0 300000
1723159024443 1.0 304000
1723159041350 1.0 308000
1723159061387 1.0 312000
1723159081079 1.0 316000
1723159096062 1.0 320000
1723159109813 1.0 324000
1723159123344 1.0 328000
1723159137115 1.0 332000
1723159151043 1.0 336000
1723159164661 1.0 340000
1723159178330 1.0 344000
1723159192351 1.0 348000
1723159205655 1.0 352000
1723159218851 1.0 356000
1723159232476 1.0 360000
1723159246735 1.0 364000
1723159260130 1.0 368000
1723159273425 1.0 372000
1723159287027 1.0 376000
1723159301067 1.0 380000
1723159315193 1.0 384000
1723159329003 1.0 388000
1723159343017 1.0 392000
1723159356690 1.0 396000
1723159370463 1.0 400000
1723159384747 1.0 404000
1723159398969 1.0 408000
1723159412429 1.0 412000
1723159431019 1.0 416000
1723159446357 1.0 420000
1723159460546 1.0 424000
1723159474829 1.0 428000
1723159488936 1.0 432000
1723159502387 1.0 436000
1723159515622 1.0 440000
1723159528919 1.0 444000
1723159542600 1.0 448000
1723159556218 1.0 452000
1723159582990 1.0 456000
1723159601041 1.0 460000
1723159618289 1.0 464000
1723159636470 1.0 468000
1723159654230 1.0 472000
1723159673986 1.0 476000
1723159692882 1.0 480000
1723159710279 1.0 484000
1723159724923 1.0 488000
1723159738598 1.0 492000
1723159751887 1.0 496000
1723159765604 1.0 500000
1723159779293 1.0 504000
1723159793024 1.0 508000
1723159806524 1.0 512000
1723159819878 1.0 516000
1723159834644 1.0 520000
1723159848591 1.0 524000
1723159863047 1.0 528000
1723159877329 1.0 532000
1723159891360 1.0 536000
1723159905541 1.0 540000
1723159919798 1.0 544000
1723159934148 1.0 548000
1723159948021 1.0 552000
1723159962136 1.0 556000
1723159976404 1.0 560000
1723159989907 1.0 564000
1723160003523 1.0 568000
1723160017336 1.0 572000
1723160031044 1.0 576000
1723160044752 1.0 580000
1723160063042 1.0 584000
1723160081253 1.0 588000
1723160099112 1.0 592000
1723160117020 1.0 596000
1723160130337 1.0 600000
1723160142859 1.0 604000
1723160155456 1.0 608000
1723160167995 1.0 612000
1723160180752 1.0 616000
1723160194076 1.0 620000
1723160206817 1.0 624000
1723160219754 1.0 628000
1723160232637 1.0 632000
1723160245001 1.0 636000
1723160257863 1.0 640000
1723160274799 1.0 644000
1723160292039 1.0 648000
1723160309376 1.0 652000
1723160326922 1.0 656000
1723160345075 1.0 660000
1723160362634 1.0 664000
1723160376936 1.0 668000
1723160389984 1.0 672000
1723160403469 1.0 676000
1723160424830 1.0 680000
1723160442698 1.0 684000
1723160460956 1.0 688000
1723160479335 1.0 692000
1723160493548 1.0 696000
1723160506723 1.0 700000
1723160523327 1.0 704000
1723160541296 1.0 708000
1723160560125 1.0 712000
1723160578812 1.0 716000
1723160596196 1.0 720000
1723160614205 1.0 724000
1723160634949 1.0 728000
1723160653633 1.0 732000
1723160672943 1.0 736000
1723160687834 1.0 740000
1723160702061 1.0 744000
1723160715643 1.0 748000
1723160729161 1.0 752000
1723160743672 1.0 756000
1723160756824 1.0 760000
1723160770713 1.0 764000
1723160783583 1.0 768000
1723160796198 1.0 772000
1723160808818 1.0 776000
1723160822420 1.0 780000
1723160835226 1.0 784000
1723160848143 1.0 788000
1723160861021 1.0 792000
1723160873886 1.0 796000
1723160887701 1.0 800000
1723160900915 1.0 804000
1723160913932 1.0 808000
1723160926599 1.0 812000
1723160939178 1.0 816000
1723160953121 1.0 820000
1723160970915 1.0 824000
1723160991049 1.0 828000
1723161004918 1.0 832000
1723161018138 1.0 836000
1723161031837 1.0 840000
1723161044356 1.0 844000
1723161057064 1.0 848000
1723161069859 1.0 852000
1723161082566 1.0 856000
1723161094954 1.0 860000
1723161107761 1.0 864000
1723161119779 1.0 868000
1723161132197 1.0 872000
1723161144759 1.0 876000
1723161156911 1.0 880000
1723161169335 1.0 884000
1723161181864 1.0 888000
1723161194335 1.0 892000
1723161206487 1.0 896000
1723161218471 1.0 900000
1723161231004 1.0 904000
1723161243401 1.0 908000
1723161255339 1.0 912000
1723161267577 1.0 916000
1723161279689 1.0 920000
1723161292003 1.0 924000
1723161303980 1.0 928000
1723161316091 1.0 932000
1723161328456 1.0 936000
1723161340607 1.0 940000
1723161353086 1.0 944000
1723161365600 1.0 948000
1723161378359 1.0 952000
1723161391145 1.0 956000
1723161403102 1.0 960000
1723161415465 1.0 964000
1723161428022 1.0 968000
1723161439938 1.0 972000
1723161452506 1.0 976000
1723161464754 1.0 980000
1723161477252 1.0 984000
1723161489978 1.0 988000
1723161502695 1.0 992000
1723161515112 1.0 996000
1723161527452 1.0 1000000
1723161540387 1.0 1004000
1723161552912 1.0 1008000
1723161565506 1.0 1012000
1723161577876 1.0 1016000
1723161590253 1.0 1020000
1723161602185 1.0 1024000
1723161614568 1.0 1028000
1723161626790 1.0 1032000
1723161639040 1.0 1036000
1723161651199 1.0 1040000
1723161663553 1.0 1044000
1723161675730 1.0 1048000
1723161687813 1.0 1052000
1723161699553 1.0 1056000
1723161711848 1.0 1060000
1723161723718 1.0 1064000
1723161735732 1.0 1068000
1723161747955 1.0 1072000
1723161760344 1.0 1076000
1723161773065 1.0 1080000
1723161785786 1.0 1084000
1723161798169 1.0 1088000
1723161810635 1.0 1092000
1723161823076 1.0 1096000
1723161835553 1.0 1100000
1723161847308 1.0 1104000
1723161859585 1.0 1108000
1723161871943 1.0 1112000
1723161883957 1.0 1116000
1723161896049 1.0 1120000
1723161908130 1.0 1124000
1723161920426 1.0 1128000
1723161932721 1.0 1132000
1723161945186 1.0 1136000
1723161957353 1.0 1140000
1723161969617 1.0 1144000
1723161982372 1.0 1148000
1723161994725 1.0 1152000
1723162007099 1.0 1156000
1723162019538 1.0 1160000
1723162032106 1.0 1164000
1723162044569 1.0 1168000
1723162057237 1.0 1172000
1723162069636 1.0 1176000
1723162082657 1.0 1180000
1723162095052 1.0 1184000
1723162108128 1.0 1188000
1723162120746 1.0 1192000
1723162133414 1.0 1196000
1723162146044 1.0 1200000
