1723157948644 1.0 4000
1723157966397 1.0 8000
1723157984306 1.0 12000
1723157998258 1.0 16000
1723158011239 1.0 20000
1723158024059 1.0 24000
1723158037000 1.0 28000
1723158050884 1.0 32000
1723158065097 1.0 36000
1723158079107 1.0 40000
1723158093198 1.0 44000
1723158107341 1.0 48000
1723158121406 1.0 52000
1723158135447 1.0 56000
1723158149204 1.0 60000
1723158163246 1.0 64000
1723158177250 1.0 68000
1723158191660 1.0 72000
1723158205802 1.0 76000
1723158220082 1.0 80000
1723158234081 1.0 84000
1723158248213 1.0 88000
1723158262229 1.0 92000
1723158276224 1.0 96000
1723158290095 1.0 100000
1723158304264 1.0 104000
1723158319151 1.0 108000
1723158333623 1.0 112000
1723158348185 1.0 116000
1723158362610 1.0 120000
1723158377082 1.0 124000
1723158392812 1.0 128000
1723158414749 1.0 132000
1723158430044 1.0 136000
1723158444629 1.0 140000
1723158458956 1.0 144000
1723158473347 1.0 148000
1723158487758 1.0 152000
1723158501876 1.0 156000
1723158516119 1.0 160000
1723158530499 1.0 164000
1723158545540 1.0 168000
1723158560268 1.0 172000
1723158574991 1.0 176000
1723158589503 1.0 180000
1723158603457 1.0 184000
1723158617243 1.0 188000
1723158631349 1.0 192000
1723158645155 1.0 196000
1723158658710 1.0 200000
1723158672839 1.0 204000
1723158687383 1.0 208000
1723158701612 1.0 212000
1723158715779 1.0 216000
1723158730242 1.0 220000
1723158744567 1.0 224000
1723158758464 1.0 228000
1723158772753 1.0 232000
1723158786629 1.0 236000
1723158800621 1.0 240000
1723158814580 1.0 244000
1723158829019 1.0 248000
1723158842512 1.0 252000
1723158856366 1.0 256000
1723158870642 1.0 260000
1723158885377 1.0 264000
1723158899315 1.0 268000
1723158913917 1.0 272000
1723158928288 1.0 276000
1723158942255 1.0 280000
1723158955892 1.0 284000
1723158969758 1.0 288000
1723158983801 1.0 292000
1723158997309 1.0 296000
1723159010874 1.0 300000
1723159024448 1.0 304000
1723159041355 1.0 308000
1723159061392 1.0 312000
1723159081085 1.0 316000
1723159096067 1.0 320000
1723159109818 1.0 324000
1723159123350 1.0 328000
1723159137120 1.0 332000
1723159151048 1.0 336000
1723159164665 1.0 340000
1723159178335 1.0 344000
1723159192356 1.0 348000
1723159205659 1.0 352000
1723159218856 1.0 356000
1723159232481 1.0 360000
1723159246740 1.0 364000
1723159260134 1.0 368000
1723159273430 1.0 372000
1723159287032 1.0 376000
1723159301072 1.0 380000
1723159315198 1.0 384000
1723159329008 1.0 388000
1723159343022 1.0 392000
1723159356695 1.0 396000
1723159370468 1.0 400000
1723159384752 1.0 404000
1723159398974 1.0 408000
1723159412434 1.0 412000
1723159431026 1.0 416000
1723159446362 1.0 420000
1723159460551 1.0 424000
1723159474834 1.0 428000
1723159488941 1.0 432000
1723159502392 1.0 436000
1723159515627 1.0 440000
1723159528924 1.0 444000
1723159542604 1.0 448000
1723159556223 1.0 452000
1723159582995 1.0 456000
1723159601046 1.0 460000
1723159618294 1.0 464000
1723159636477 1.0 468000
1723159654235 1.0 472000
1723159673991 1.0 476000
1723159692887 1.0 480000
1723159710284 1.0 484000
1723159724928 1.0 488000
1723159738603 1.0 492000
1723159751892 1.0 496000
1723159765609 1.0 500000
1723159779298 1.0 504000
1723159793029 1.0 508000
1723159806529 1.0 512000
1723159819883 1.0 516000
1723159834649 1.0 520000
1723159848596 1.0 524000
1723159863052 1.0 528000
1723159877334 1.0 532000
1723159891365 1.0 536000
1723159905546 1.0 540000
1723159919802 1.0 544000
1723159934153 1.0 548000
1723159948025 1.0 552000
1723159962141 1.0 556000
1723159976409 1.0 560000
1723159989912 1.0 564000
1723160003528 1.0 568000
1723160017341 1.0 572000
1723160031048 1.0 576000
1723160044757 1.0 580000
1723160063047 1.0 584000
1723160081258 1.0 588000
1723160099119 1.0 592000
1723160117025 1.0 596000
1723160130342 1.0 600000
1723160142864 1.0 604000
1723160155461 1.0 608000
1723160168000 1.0 612000
1723160180757 1.0 616000
1723160194081 1.0 620000
1723160206822 1.0 624000
1723160219760 1.0 628000
1723160232642 1.0 632000
1723160245006 1.0 636000
1723160257868 1.0 640000
1723160274806 1.0 644000
1723160292045 1.0 648000
1723160309381 1.0 652000
1723160326929 1.0 656000
1723160345081 1.0 660000
1723160362640 1.0 664000
1723160376941 1.0 668000
1723160389989 1.0 672000
1723160403474 1.0 676000
1723160424835 1.0 680000
1723160442703 1.0 684000
1723160460962 1.0 688000
1723160479340 1.0 692000
1723160493553 1.0 696000
1723160506728 1.0 700000
1723160523334 1.0 704000
1723160541301 1.0 708000
1723160560131 1.0 712000
1723160578817 1.0 716000
1723160596202 1.0 720000
1723160614210 1.0 724000
1723160634955 1.0 728000
1723160653638 1.0 732000
1723160672948 1.0 736000
1723160687839 1.0 740000
1723160702065 1.0 744000
1723160715648 1.0 748000
1723160729167 1.0 752000
1723160743677 1.0 756000
1723160756829 1.0 760000
1723160770719 1.0 764000
1723160783588 1.0 768000
1723160796203 1.0 772000
1723160808823 1.0 776000
1723160822426 1.0 780000
1723160835231 1.0 784000
1723160848148 1.0 788000
1723160861026 1.0 792000
1723160873891 1.0 796000
1723160887707 1.0 800000
1723160900920 1.0 804000
1723160913937 1.0 808000
1723160926604 1.0 812000
1723160939183 1.0 816000
1723160953126 1.0 820000
1723160970920 1.0 824000
1723160991056 1.0 828000
1723161004925 1.0 832000
1723161018143 1.0 836000
1723161031842 1.0 840000
1723161044361 1.0 844000
1723161057069 1.0 848000
1723161069864 1.0 852000
1723161082571 1.0 856000
1723161094959 1.0 860000
1723161107766 1.0 864000
1723161119784 1.0 868000
1723161132202 1.0 872000
1723161144764 1.0 876000
1723161156917 1.0 880000
1723161169340 1.0 884000
1723161181870 1.0 888000
1723161194341 1.0 892000
1723161206492 1.0 896000
1723161218476 1.0 900000
1723161231009 1.0 904000
1723161243406 1.0 908000
1723161255344 1.0 912000
1723161267581 1.0 916000
1723161279694 1.0 920000
1723161292008 1.0 924000
1723161303985 1.0 928000
1723161316096 1.0 932000
1723161328462 1.0 936000
1723161340612 1.0 940000
1723161353091 1.0 944000
1723161365605 1.0 948000
1723161378364 1.0 952000
1723161391150 1.0 956000
1723161403106 1.0 960000
1723161415470 1.0 964000
1723161428027 1.0 968000
1723161439943 1.0 972000
1723161452510 1.0 976000
1723161464758 1.0 980000
1723161477257 1.0 984000
1723161489983 1.0 988000
1723161502699 1.0 992000
1723161515117 1.0 996000
1723161527458 1.0 1000000
1723161540393 1.0 1004000
1723161552917 1.0 1008000
1723161565511 1.0 1012000
1723161577881 1.0 1016000
1723161590257 1.0 1020000
1723161602190 1.0 1024000
1723161614572 1.0 1028000
1723161626795 1.0 1032000
1723161639045 1.0 1036000
1723161651204 1.0 1040000
1723161663558 1.0 1044000
1723161675735 1.0 1048000
1723161687818 1.0 1052000
1723161699558 1.0 1056000
1723161711853 1.0 1060000
1723161723722 1.0 1064000
1723161735737 1.0 1068000
1723161747960 1.0 1072000
1723161760349 1.0 1076000
1723161773069 1.0 1080000
1723161785790 1.0 1084000
1723161798174 1.0 1088000
1723161810640 1.0 1092000
1723161823081 1.0 1096000
1723161835558 1.0 1100000
1723161847313 1.0 1104000
1723161859590 1.0 1108000
1723161871948 1.0 1112000
1723161883962 1.0 1116000
1723161896054 1.0 1120000
1723161908135 1.0 1124000
1723161920430 1.0 1128000
1723161932726 1.0 1132000
1723161945191 1.0 1136000
1723161957357 1.0 1140000
1723161969622 1.0 1144000
1723161982377 1.0 1148000
1723161994731 1.0 1152000
1723162007104 1.0 1156000
1723162019543 1.0 1160000
1723162032111 1.0 1164000
1723162044576 1.0 1168000
1723162057242 1.0 1172000
1723162069641 1.0 1176000
1723162082662 1.0 1180000
1723162095057 1.0 1184000
1723162108133 1.0 1188000
1723162120750 1.0 1192000
1723162133419 1.0 1196000
1723162146049 1.0 1200000
