1723157948662 0.0 4000
1723157966407 0.0 8000
1723157984315 0.0 12000
1723157998266 0.0 16000
1723158011248 0.0 20000
1723158024067 0.0 24000
1723158037008 0.0 28000
1723158050892 0.0 32000
1723158065105 0.0 36000
1723158079115 0.0 40000
1723158093206 0.0 44000
1723158107348 0.0 48000
1723158121415 0.0 52000
1723158135455 0.0 56000
1723158149212 0.0 60000
1723158163254 0.0 64000
1723158177258 0.0 68000
1723158191667 0.0 72000
1723158205810 0.0 76000
1723158220090 0.0 80000
1723158234089 0.0 84000
1723158248220 0.0 88000
1723158262238 0.0 92000
1723158276232 0.0 96000
1723158290103 0.0 100000
1723158304272 0.0 104000
1723158319159 0.0 108000
1723158333631 0.0 112000
1723158348193 0.0 116000
1723158362618 0.0 120000
1723158377090 0.0 124000
1723158392821 0.0 128000
1723158414757 0.0 132000
1723158430052 0.0 136000
1723158444638 0.0 140000
1723158458963 0.0 144000
1723158473355 0.0 148000
1723158487766 0.0 152000
1723158501884 0.0 156000
1723158516127 0.0 160000
1723158530507 0.0 164000
1723158545548 0.0 168000
1723158560276 0.0 172000
1723158574999 0.0 176000
1723158589510 0.0 180000
1723158603464 0.0 184000
1723158617250 0.0 188000
1723158631357 0.0 192000
1723158645162 0.0 196000
1723158658718 0.0 200000
1723158672846 0.0 204000
1723158687391 0.0 208000
1723158701620 0.0 212000
1723158715787 0.0 216000
1723158730250 0.0 220000
1723158744575 0.0 224000
1723158758472 0.0 228000
1723158772761 0.0 232000
1723158786639 0.0 236000
1723158800629 0.0 240000
1723158814587 0.0 244000
1723158829027 0.0 248000
1723158842520 0.0 252000
1723158856374 0.0 256000
1723158870650 0.0 260000
1723158885385 0.0 264000
1723158899323 0.0 268000
1723158913925 0.0 272000
1723158928295 0.0 276000
1723158942263 0.0 280000
1723158955900 0.0 284000
1723158969774 0.0 288000
1723158983808 0.0 292000
1723158997317 0.0 296000
1723159010882 0.0 300000
1723159024456 0.0 304000
1723159041364 0.0 308000
1723159061400 0.0 312000
1723159081096 0.0 316000
1723159096075 0.0 320000
1723159109825 0.0 324000
1723159123358 0.0 328000
1723159137128 0.0 332000
1723159151056 0.0 336000
1723159164673 0.0 340000
1723159178343 0.0 344000
1723159192364 0.0 348000
1723159205667 0.0 352000
1723159218864 0.0 356000
1723159232490 0.0 360000
1723159246748 0.0 364000
1723159260142 0.0 368000
1723159273437 0.0 372000
1723159287040 0.0 376000
1723159301079 0.0 380000
1723159315206 0.0 384000
1723159329016 0.0 388000
1723159343029 0.0 392000
1723159356702 0.0 396000
1723159370476 0.0 400000
1723159384760 0.0 404000
1723159398983 0.0 408000
1723159412442 0.0 412000
1723159431035 0.0 416000
1723159446370 0.0 420000
1723159460559 0.0 424000
1723159474842 0.0 428000
1723159488949 0.0 432000
1723159502401 0.0 436000
1723159515635 0.0 440000
1723159528932 0.0 444000
1723159542612 0.0 448000
1723159556231 0.0 452000
1723159583003 0.0 456000
1723159601055 0.0 460000
1723159618302 0.0 464000
1723159636487 0.0 468000
1723159654242 0.0 472000
1723159673998 0.0 476000
1723159692896 0.0 480000
1723159710292 0.0 484000
1723159724936 0.0 488000
1723159738611 0.0 492000
1723159751900 0.0 496000
1723159765617 0.0 500000
1723159779306 0.0 504000
1723159793036 0.0 508000
1723159806537 0.0 512000
1723159819890 0.0 516000
1723159834657 0.0 520000
1723159848603 0.0 524000
1723159863060 0.0 528000
1723159877342 0.0 532000
1723159891373 0.0 536000
1723159905554 0.0 540000
1723159919810 0.0 544000
1723159934161 0.0 548000
1723159948033 0.0 552000
1723159962148 0.0 556000
1723159976416 0.0 560000
1723159989920 0.0 564000
1723160003535 0.0 568000
1723160017349 0.0 572000
1723160031056 0.0 576000
1723160044765 0.0 580000
1723160063056 0.0 584000
1723160081268 0.0 588000
1723160099129 0.0 592000
1723160117034 0.0 596000
1723160130350 0.0 600000
1723160142871 0.0 604000
1723160155469 0.0 608000
1723160168008 0.0 612000
1723160180765 0.0 616000
1723160194089 0.0 620000
1723160206830 0.0 624000
1723160219768 0.0 628000
1723160232650 0.0 632000
1723160245014 0.0 636000
1723160257876 0.0 640000
1723160274822 0.0 644000
1723160292053 0.0 648000
1723160309389 0.0 652000
1723160326938 0.0 656000
1723160345091 0.0 660000
1723160362648 0.0 664000
1723160376949 0.0 668000
1723160389997 0.0 672000
1723160403483 0.0 676000
1723160424845 0.0 680000
1723160442712 0.0 684000
1723160460970 0.0 688000
1723160479349 0.0 692000
1723160493562 0.0 696000
1723160506736 0.0 700000
1723160523342 0.0 704000
1723160541309 0.0 708000
1723160560139 0.0 712000
1723160578825 0.0 716000
1723160596210 0.0 720000
1723160614218 0.0 724000
1723160634964 0.0 728000
1723160653647 0.0 732000
1723160672957 0.0 736000
1723160687847 0.0 740000
1723160702073 0.0 744000
1723160715655 0.0 748000
1723160729174 0.0 752000
1723160743685 0.0 756000
1723160756837 0.0 760000
1723160770726 0.0 764000
1723160783596 0.0 768000
1723160796211 0.0 772000
1723160808831 0.0 776000
1723160822434 0.0 780000
1723160835238 0.0 784000
1723160848156 0.0 788000
1723160861034 0.0 792000
1723160873899 0.0 796000
1723160887714 0.0 800000
1723160900928 0.0 804000
1723160913945 0.0 808000
1723160926612 0.0 812000
1723160939191 0.0 816000
1723160953134 0.0 820000
1723160970928 0.0 824000
1723160991065 0.0 828000
1723161004935 0.0 832000
1723161018151 0.0 836000
1723161031850 0.0 840000
1723161044369 0.0 844000
1723161057077 0.0 848000
1723161069872 0.0 852000
1723161082579 0.0 856000
1723161094967 0.0 860000
1723161107774 0.0 864000
1723161119792 0.0 868000
1723161132209 0.0 872000
1723161144772 0.0 876000
1723161156925 0.0 880000
1723161169348 0.0 884000
1723161181878 0.0 888000
1723161194349 0.0 892000
1723161206500 0.0 896000
1723161218484 0.0 900000
1723161231017 0.0 904000
1723161243414 0.0 908000
1723161255352 0.0 912000
1723161267589 0.0 916000
1723161279702 0.0 920000
1723161292016 0.0 924000
1723161303993 0.0 928000
1723161316104 0.0 932000
1723161328470 0.0 936000
1723161340619 0.0 940000
1723161353099 0.0 944000
1723161365613 0.0 948000
1723161378372 0.0 952000
1723161391158 0.0 956000
1723161403114 0.0 960000
1723161415478 0.0 964000
1723161428035 0.0 968000
1723161439951 0.0 972000
1723161452519 0.0 976000
1723161464766 0.0 980000
1723161477265 0.0 984000
1723161489991 0.0 988000
1723161502708 0.0 992000
1723161515126 0.0 996000
1723161527466 0.0 1000000
1723161540402 0.0 1004000
1723161552925 0.0 1008000
1723161565519 0.0 1012000
1723161577889 0.0 1016000
1723161590266 0.0 1020000
1723161602198 0.0 1024000
1723161614580 0.0 1028000
1723161626803 0.0 1032000
1723161639053 0.0 1036000
1723161651213 0.0 1040000
1723161663566 0.0 1044000
1723161675743 0.0 1048000
1723161687826 0.0 1052000
1723161699566 0.0 1056000
1723161711861 0.0 1060000
1723161723731 0.0 1064000
1723161735745 0.0 1068000
1723161747968 0.0 1072000
1723161760357 0.0 1076000
1723161773077 0.0 1080000
1723161785798 0.0 1084000
1723161798182 0.0 1088000
1723161810648 0.0 1092000
1723161823089 0.0 1096000
1723161835566 0.0 1100000
1723161847321 0.0 1104000
1723161859598 0.0 1108000
1723161871956 0.0 1112000
1723161883970 0.0 1116000
1723161896062 0.0 1120000
1723161908143 0.0 1124000
1723161920438 0.0 1128000
1723161932734 0.0 1132000
1723161945198 0.0 1136000
1723161957365 0.0 1140000
1723161969630 0.0 1144000
1723161982385 0.0 1148000
1723161994738 0.0 1152000
1723162007112 0.0 1156000
1723162019551 0.0 1160000
1723162032118 0.0 1164000
1723162044584 0.0 1168000
1723162057251 0.0 1172000
1723162069649 0.0 1176000
1723162082670 0.0 1180000
1723162095065 0.0 1184000
1723162108141 0.0 1188000
1723162120758 0.0 1192000
1723162133427 0.0 1196000
1723162146057 0.0 1200000
