1723157948663 0.0 4000
1723157966408 0.0 8000
1723157984316 0.0 12000
1723157998267 0.0 16000
1723158011249 0.0 20000
1723158024068 0.0 24000
1723158037009 0.0 28000
1723158050893 0.0 32000
1723158065106 0.0 36000
1723158079116 0.0 40000
1723158093207 0.0 44000
1723158107349 0.0 48000
1723158121416 0.0 52000
1723158135456 0.0 56000
1723158149213 0.0 60000
1723158163255 0.0 64000
1723158177259 0.0 68000
1723158191668 0.0 72000
1723158205811 0.0 76000
1723158220091 0.0 80000
1723158234090 0.0 84000
1723158248221 0.0 88000
1723158262239 0.0 92000
1723158276233 0.0 96000
1723158290104 0.0 100000
1723158304273 0.0 104000
1723158319160 0.0 108000
1723158333632 0.0 112000
1723158348194 0.0 116000
1723158362620 0.0 120000
1723158377091 0.0 124000
1723158392822 0.0 128000
1723158414758 0.0 132000
1723158430053 0.0 136000
1723158444639 0.0 140000
1723158458964 0.0 144000
1723158473356 0.0 148000
1723158487767 0.0 152000
1723158501885 0.0 156000
1723158516128 0.0 160000
1723158530508 0.0 164000
1723158545549 0.0 168000
1723158560277 0.0 172000
1723158575000 0.0 176000
1723158589511 0.0 180000
1723158603465 0.0 184000
1723158617252 0.0 188000
1723158631358 0.0 192000
1723158645163 0.0 196000
1723158658719 0.0 200000
1723158672847 0.0 204000
1723158687392 0.0 208000
1723158701621 0.0 212000
1723158715788 0.0 216000
1723158730251 0.0 220000
1723158744576 0.0 224000
1723158758473 0.0 228000
1723158772762 0.0 232000
1723158786641 0.0 236000
1723158800630 0.0 240000
1723158814588 0.0 244000
1723158829028 0.0 248000
1723158842521 0.0 252000
1723158856375 0.0 256000
1723158870651 0.0 260000
1723158885386 0.0 264000
1723158899324 0.0 268000
1723158913926 0.0 272000
1723158928296 0.0 276000
1723158942264 0.0 280000
1723158955901 0.0 284000
1723158969775 0.0 288000
1723158983809 0.0 292000
1723158997318 0.0 296000
1723159010883 0.0 300000
1723159024457 0.0 304000
1723159041365 0.0 308000
1723159061401 0.0 312000
1723159081098 0.0 316000
1723159096076 0.0 320000
1723159109826 0.0 324000
1723159123359 0.0 328000
1723159137129 0.0 332000
1723159151057 0.0 336000
1723159164674 0.0 340000
1723159178344 0.0 344000
1723159192365 0.0 348000
1723159205668 0.0 352000
1723159218865 0.0 356000
1723159232491 0.0 360000
1723159246749 0.0 364000
1723159260144 0.0 368000
1723159273438 0.0 372000
1723159287041 0.0 376000
1723159301080 0.0 380000
1723159315207 0.0 384000
1723159329017 0.0 388000
1723159343030 0.0 392000
1723159356703 0.0 396000
1723159370477 0.0 400000
1723159384761 0.0 404000
1723159398984 0.0 408000
1723159412443 0.0 412000
1723159431036 0.0 416000
1723159446371 0.0 420000
1723159460560 0.0 424000
1723159474843 0.0 428000
1723159488950 0.0 432000
1723159502402 0.0 436000
1723159515636 0.0 440000
1723159528933 0.0 444000
1723159542613 0.0 448000
1723159556232 0.0 452000
1723159583004 0.0 456000
1723159601056 0.0 460000
1723159618303 0.0 464000
1723159636488 0.0 468000
1723159654244 0.0 472000
1723159673999 0.0 476000
1723159692898 0.0 480000
1723159710293 0.0 484000
1723159724937 0.0 488000
1723159738612 0.0 492000
1723159751901 0.0 496000
1723159765618 0.0 500000
1723159779307 0.0 504000
1723159793037 0.0 508000
1723159806538 0.0 512000
1723159819891 0.0 516000
1723159834658 0.0 520000
1723159848605 0.0 524000
1723159863061 0.0 528000
1723159877343 0.0 532000
1723159891374 0.0 536000
1723159905555 0.0 540000
1723159919811 0.0 544000
1723159934162 0.0 548000
1723159948034 0.0 552000
1723159962149 0.0 556000
1723159976417 0.0 560000
1723159989921 0.0 564000
1723160003536 0.0 568000
1723160017350 0.0 572000
1723160031057 0.0 576000
1723160044766 0.0 580000
1723160063057 0.0 584000
1723160081269 0.0 588000
1723160099130 0.0 592000
1723160117035 0.0 596000
1723160130351 0.0 600000
1723160142872 0.0 604000
1723160155470 0.0 608000
1723160168009 0.0 612000
1723160180767 0.0 616000
1723160194090 0.0 620000
1723160206831 0.0 624000
1723160219770 0.0 628000
1723160232651 0.0 632000
1723160245015 0.0 636000
1723160257877 0.0 640000
1723160274823 0.0 644000
1723160292055 0.0 648000
1723160309390 0.0 652000
1723160326939 0.0 656000
1723160345092 0.0 660000
1723160362649 0.0 664000
1723160376950 0.0 668000
1723160389998 0.0 672000
1723160403484 0.0 676000
1723160424846 0.0 680000
1723160442713 0.0 684000
1723160460972 0.0 688000
1723160479350 0.0 692000
1723160493563 0.0 696000
1723160506737 0.0 700000
1723160523343 0.0 704000
1723160541310 0.0 708000
1723160560140 0.0 712000
1723160578826 0.0 716000
1723160596211 0.0 720000
1723160614219 0.0 724000
1723160634965 0.0 728000
1723160653648 0.0 732000
1723160672958 0.0 736000
1723160687848 0.0 740000
1723160702074 0.0 744000
1723160715656 0.0 748000
1723160729175 0.0 752000
1723160743686 0.0 756000
1723160756838 0.0 760000
1723160770727 0.0 764000
1723160783597 0.0 768000
1723160796212 0.0 772000
1723160808832 0.0 776000
1723160822435 0.0 780000
1723160835239 0.0 784000
1723160848157 0.0 788000
1723160861035 0.0 792000
1723160873900 0.0 796000
1723160887715 0.0 800000
1723160900929 0.0 804000
1723160913946 0.0 808000
1723160926613 0.0 812000
1723160939192 0.0 816000
1723160953135 0.0 820000
1723160970929 0.0 824000
1723160991067 0.0 828000
1723161004936 0.0 832000
1723161018152 0.0 836000
1723161031851 0.0 840000
1723161044370 0.0 844000
1723161057078 0.0 848000
1723161069873 0.0 852000
1723161082580 0.0 856000
1723161094968 0.0 860000
1723161107775 0.0 864000
1723161119793 0.0 868000
1723161132210 0.0 872000
1723161144773 0.0 876000
1723161156926 0.0 880000
1723161169349 0.0 884000
1723161181879 0.0 888000
1723161194350 0.0 892000
1723161206501 0.0 896000
1723161218485 0.0 900000
1723161231018 0.0 904000
1723161243415 0.0 908000
1723161255353 0.0 912000
1723161267590 0.0 916000
1723161279703 0.0 920000
1723161292017 0.0 924000
1723161303994 0.0 928000
1723161316105 0.0 932000
1723161328471 0.0 936000
1723161340620 0.0 940000
1723161353100 0.0 944000
1723161365614 0.0 948000
1723161378373 0.0 952000
1723161391159 0.0 956000
1723161403115 0.0 960000
1723161415479 0.0 964000
1723161428036 0.0 968000
1723161439952 0.0 972000
1723161452520 0.0 976000
1723161464767 0.0 980000
1723161477266 0.0 984000
1723161489992 0.0 988000
1723161502709 0.0 992000
1723161515127 0.0 996000
1723161527467 0.0 1000000
1723161540404 0.0 1004000
1723161552926 0.0 1008000
1723161565520 0.0 1012000
1723161577890 0.0 1016000
1723161590267 0.0 1020000
1723161602199 0.0 1024000
1723161614581 0.0 1028000
1723161626804 0.0 1032000
1723161639054 0.0 1036000
1723161651214 0.0 1040000
1723161663567 0.0 1044000
1723161675744 0.0 1048000
1723161687827 0.0 1052000
1723161699567 0.0 1056000
1723161711863 0.0 1060000
1723161723732 0.0 1064000
1723161735746 0.0 1068000
1723161747969 0.0 1072000
1723161760358 0.0 1076000
1723161773078 0.0 1080000
1723161785799 0.0 1084000
1723161798183 0.0 1088000
1723161810649 0.0 1092000
1723161823090 0.0 1096000
1723161835567 0.0 1100000
1723161847322 0.0 1104000
1723161859599 0.0 1108000
1723161871957 0.0 1112000
1723161883971 0.0 1116000
1723161896063 0.0 1120000
1723161908144 0.0 1124000
1723161920439 0.0 1128000
1723161932735 0.0 1132000
1723161945199 0.0 1136000
1723161957366 0.0 1140000
1723161969631 0.0 1144000
1723161982386 0.0 1148000
1723161994739 0.0 1152000
1723162007113 0.0 1156000
1723162019552 0.0 1160000
1723162032120 0.0 1164000
1723162044585 0.0 1168000
1723162057252 0.0 1172000
1723162069650 0.0 1176000
1723162082671 0.0 1180000
1723162095066 0.0 1184000
1723162108142 0.0 1188000
1723162120759 0.0 1192000
1723162133428 0.0 1196000
1723162146058 0.0 1200000
