1723157948663 1.0 4000
1723157966408 1.0 8000
1723157984316 1.0 12000
1723157998267 1.0 16000
1723158011248 1.0 20000
1723158024067 1.0 24000
1723158037008 1.0 28000
1723158050893 1.0 32000
1723158065106 1.0 36000
1723158079116 1.0 40000
1723158093207 1.0 44000
1723158107349 1.0 48000
1723158121415 1.0 52000
1723158135456 1.0 56000
1723158149213 1.0 60000
1723158163255 1.0 64000
1723158177259 1.0 68000
1723158191668 1.0 72000
1723158205811 1.0 76000
1723158220091 1.0 80000
1723158234089 1.0 84000
1723158248221 1.0 88000
1723158262238 1.0 92000
1723158276233 1.0 96000
1723158290104 1.0 100000
1723158304273 1.0 104000
1723158319160 1.0 108000
1723158333632 1.0 112000
1723158348194 1.0 116000
1723158362619 1.0 120000
1723158377091 1.0 124000
1723158392821 1.0 128000
1723158414758 1.0 132000
1723158430052 1.0 136000
1723158444638 1.0 140000
1723158458964 1.0 144000
1723158473356 1.0 148000
1723158487767 1.0 152000
1723158501885 1.0 156000
1723158516128 1.0 160000
1723158530508 1.0 164000
1723158545549 1.0 168000
1723158560277 1.0 172000
1723158574999 1.0 176000
1723158589511 1.0 180000
1723158603465 1.0 184000
1723158617251 1.0 188000
1723158631358 1.0 192000
1723158645163 1.0 196000
1723158658719 1.0 200000
1723158672847 1.0 204000
1723158687392 1.0 208000
1723158701620 1.0 212000
1723158715788 1.0 216000
1723158730251 1.0 220000
1723158744576 1.0 224000
1723158758473 1.0 228000
1723158772762 1.0 232000
1723158786640 1.0 236000
1723158800630 1.0 240000
1723158814588 1.0 244000
1723158829028 1.0 248000
1723158842521 1.0 252000
1723158856374 1.0 256000
1723158870651 1.0 260000
1723158885386 1.0 264000
1723158899324 1.0 268000
1723158913926 1.0 272000
1723158928296 1.0 276000
1723158942264 1.0 280000
1723158955901 1.0 284000
1723158969775 1.0 288000
1723158983809 1.0 292000
1723158997317 1.0 296000
1723159010882 1.0 300000
1723159024456 1.0 304000
1723159041365 1.0 308000
1723159061401 1.0 312000
1723159081098 1.0 316000
1723159096076 1.0 320000
1723159109826 1.0 324000
1723159123358 1.0 328000
1723159137129 1.0 332000
1723159151057 1.0 336000
1723159164674 1.0 340000
1723159178343 1.0 344000
1723159192364 1.0 348000
1723159205668 1.0 352000
1723159218865 1.0 356000
1723159232491 1.0 360000
1723159246748 1.0 364000
1723159260143 1.0 368000
1723159273438 1.0 372000
1723159287041 1.0 376000
1723159301080 1.0 380000
1723159315207 1.0 384000
1723159329017 1.0 388000
1723159343030 1.0 392000
1723159356703 1.0 396000
1723159370477 1.0 400000
1723159384760 1.0 404000
1723159398983 1.0 408000
1723159412443 1.0 412000
1723159431035 1.0 416000
1723159446371 1.0 420000
1723159460559 1.0 424000
1723159474842 1.0 428000
1723159488950 1.0 432000
1723159502402 1.0 436000
1723159515635 1.0 440000
1723159528932 1.0 444000
1723159542613 1.0 448000
1723159556232 1.0 452000
1723159583004 1.0 456000
1723159601055 1.0 460000
1723159618303 1.0 464000
1723159636488 1.0 468000
1723159654243 1.0 472000
1723159673999 1.0 476000
1723159692897 1.0 480000
1723159710293 1.0 484000
1723159724937 1.0 488000
1723159738611 1.0 492000
1723159751900 1.0 496000
1723159765618 1.0 500000
1723159779306 1.0 504000
1723159793037 1.0 508000
1723159806537 1.0 512000
1723159819891 1.0 516000
1723159834658 1.0 520000
1723159848604 1.0 524000
1723159863060 1.0 528000
1723159877343 1.0 532000
1723159891374 1.0 536000
1723159905555 1.0 540000
1723159919811 1.0 544000
1723159934162 1.0 548000
1723159948034 1.0 552000
1723159962149 1.0 556000
1723159976417 1.0 560000
1723159989920 1.0 564000
1723160003536 1.0 568000
1723160017350 1.0 572000
1723160031057 1.0 576000
1723160044766 1.0 580000
1723160063057 1.0 584000
1723160081269 1.0 588000
1723160099130 1.0 592000
1723160117035 1.0 596000
1723160130351 1.0 600000
1723160142872 1.0 604000
1723160155470 1.0 608000
1723160168009 1.0 612000
1723160180766 1.0 616000
1723160194090 1.0 620000
1723160206831 1.0 624000
1723160219769 1.0 628000
1723160232651 1.0 632000
1723160245015 1.0 636000
1723160257876 1.0 640000
1723160274823 1.0 644000
1723160292054 1.0 648000
1723160309390 1.0 652000
1723160326939 1.0 656000
1723160345092 1.0 660000
1723160362649 1.0 664000
1723160376949 1.0 668000
1723160389997 1.0 672000
1723160403483 1.0 676000
1723160424845 1.0 680000
1723160442713 1.0 684000
1723160460971 1.0 688000
1723160479349 1.0 692000
1723160493563 1.0 696000
1723160506736 1.0 700000
1723160523343 1.0 704000
1723160541310 1.0 708000
1723160560140 1.0 712000
1723160578825 1.0 716000
1723160596211 1.0 720000
1723160614219 1.0 724000
1723160634965 1.0 728000
1723160653648 1.0 732000
1723160672958 1.0 736000
1723160687847 1.0 740000
1723160702074 1.0 744000
1723160715656 1.0 748000
1723160729175 1.0 752000
1723160743686 1.0 756000
1723160756837 1.0 760000
1723160770727 1.0 764000
1723160783597 1.0 768000
1723160796212 1.0 772000
1723160808832 1.0 776000
1723160822434 1.0 780000
1723160835239 1.0 784000
1723160848157 1.0 788000
1723160861034 1.0 792000
1723160873900 1.0 796000
1723160887715 1.0 800000
1723160900928 1.0 804000
1723160913946 1.0 808000
1723160926613 1.0 812000
1723160939192 1.0 816000
1723160953135 1.0 820000
1723160970929 1.0 824000
1723160991066 1.0 828000
1723161004936 1.0 832000
1723161018152 1.0 836000
1723161031851 1.0 840000
1723161044369 1.0 844000
1723161057078 1.0 848000
1723161069872 1.0 852000
1723161082580 1.0 856000
1723161094968 1.0 860000
1723161107774 1.0 864000
1723161119793 1.0 868000
1723161132210 1.0 872000
1723161144773 1.0 876000
1723161156925 1.0 880000
1723161169349 1.0 884000
1723161181879 1.0 888000
1723161194350 1.0 892000
1723161206500 1.0 896000
1723161218485 1.0 900000
1723161231018 1.0 904000
1723161243414 1.0 908000
1723161255353 1.0 912000
1723161267590 1.0 916000
1723161279703 1.0 920000
1723161292016 1.0 924000
1723161303994 1.0 928000
1723161316105 1.0 932000
1723161328471 1.0 936000
1723161340620 1.0 940000
1723161353099 1.0 944000
1723161365613 1.0 948000
1723161378373 1.0 952000
1723161391159 1.0 956000
1723161403115 1.0 960000
1723161415479 1.0 964000
1723161428036 1.0 968000
1723161439952 1.0 972000
1723161452519 1.0 976000
1723161464767 1.0 980000
1723161477265 1.0 984000
1723161489991 1.0 988000
1723161502709 1.0 992000
1723161515126 1.0 996000
1723161527467 1.0 1000000
1723161540403 1.0 1004000
1723161552925 1.0 1008000
1723161565519 1.0 1012000
1723161577890 1.0 1016000
1723161590266 1.0 1020000
1723161602199 1.0 1024000
1723161614581 1.0 1028000
1723161626804 1.0 1032000
1723161639053 1.0 1036000
1723161651214 1.0 1040000
1723161663566 1.0 1044000
1723161675743 1.0 1048000
1723161687826 1.0 1052000
1723161699566 1.0 1056000
1723161711862 1.0 1060000
1723161723731 1.0 1064000
1723161735745 1.0 1068000
1723161747969 1.0 1072000
1723161760357 1.0 1076000
1723161773078 1.0 1080000
1723161785799 1.0 1084000
1723161798182 1.0 1088000
1723161810648 1.0 1092000
1723161823089 1.0 1096000
1723161835566 1.0 1100000
1723161847322 1.0 1104000
1723161859599 1.0 1108000
1723161871957 1.0 1112000
1723161883970 1.0 1116000
1723161896063 1.0 1120000
1723161908144 1.0 1124000
1723161920439 1.0 1128000
1723161932735 1.0 1132000
1723161945199 1.0 1136000
1723161957366 1.0 1140000
1723161969631 1.0 1144000
1723161982386 1.0 1148000
1723161994739 1.0 1152000
1723162007112 1.0 1156000
1723162019552 1.0 1160000
1723162032119 1.0 1164000
1723162044585 1.0 1168000
1723162057252 1.0 1172000
1723162069649 1.0 1176000
1723162082671 1.0 1180000
1723162095066 1.0 1184000
1723162108142 1.0 1188000
1723162120759 1.0 1192000
1723162133427 1.0 1196000
1723162146058 1.0 1200000
