1723157948666 1000.0 4000
1723157966411 1000.0 8000
1723157984318 1000.0 12000
1723157998269 1000.0 16000
1723158011250 1000.0 20000
1723158024069 1000.0 24000
1723158037010 1000.0 28000
1723158050895 1000.0 32000
1723158065108 1000.0 36000
1723158079118 1000.0 40000
1723158093209 1000.0 44000
1723158107351 1000.0 48000
1723158121417 1000.0 52000
1723158135458 1000.0 56000
1723158149215 1000.0 60000
1723158163257 1000.0 64000
1723158177261 1000.0 68000
1723158191670 1000.0 72000
1723158205813 1000.0 76000
1723158220093 1000.0 80000
1723158234091 1000.0 84000
1723158248223 1000.0 88000
1723158262240 1000.0 92000
1723158276235 1000.0 96000
1723158290106 1000.0 100000
1723158304275 1000.0 104000
1723158319162 1000.0 108000
1723158333634 1000.0 112000
1723158348196 1000.0 116000
1723158362621 1000.0 120000
1723158377093 1000.0 124000
1723158392824 1000.0 128000
1723158414760 1000.0 132000
1723158430055 1000.0 136000
1723158444640 1000.0 140000
1723158458966 1000.0 144000
1723158473358 1000.0 148000
1723158487769 1000.0 152000
1723158501887 1000.0 156000
1723158516130 1000.0 160000
1723158530510 1000.0 164000
1723158545551 1000.0 168000
1723158560279 1000.0 172000
1723158575002 1000.0 176000
1723158589513 1000.0 180000
1723158603467 1000.0 184000
1723158617253 1000.0 188000
1723158631360 1000.0 192000
1723158645165 1000.0 196000
1723158658721 1000.0 200000
1723158672849 1000.0 204000
1723158687395 1000.0 208000
1723158701622 1000.0 212000
1723158715790 1000.0 216000
1723158730253 1000.0 220000
1723158744578 1000.0 224000
1723158758475 1000.0 228000
1723158772764 1000.0 232000
1723158786642 1000.0 236000
1723158800632 1000.0 240000
1723158814590 1000.0 244000
1723158829030 1000.0 248000
1723158842523 1000.0 252000
1723158856377 1000.0 256000
1723158870653 1000.0 260000
1723158885388 1000.0 264000
1723158899326 1000.0 268000
1723158913928 1000.0 272000
1723158928298 1000.0 276000
1723158942266 1000.0 280000
1723158955903 1000.0 284000
1723158969777 1000.0 288000
1723158983811 1000.0 292000
1723158997320 1000.0 296000
1723159010884 1000.0 300000
1723159024458 1000.0 304000
1723159041368 1000.0 308000
1723159061403 1000.0 312000
1723159081100 1000.0 316000
1723159096078 1000.0 320000
1723159109828 1000.0 324000
1723159123360 1000.0 328000
1723159137131 1000.0 332000
1723159151059 1000.0 336000
1723159164676 1000.0 340000
1723159178345 1000.0 344000
1723159192366 1000.0 348000
1723159205670 1000.0 352000
1723159218867 1000.0 356000
1723159232493 1000.0 360000
1723159246750 1000.0 364000
1723159260145 1000.0 368000
1723159273440 1000.0 372000
1723159287043 1000.0 376000
1723159301082 1000.0 380000
1723159315209 1000.0 384000
1723159329019 1000.0 388000
1723159343032 1000.0 392000
1723159356705 1000.0 396000
1723159370479 1000.0 400000
1723159384762 1000.0 404000
1723159398986 1000.0 408000
1723159412445 1000.0 412000
1723159431038 1000.0 416000
1723159446373 1000.0 420000
1723159460562 1000.0 424000
1723159474845 1000.0 428000
1723159488952 1000.0 432000
1723159502404 1000.0 436000
1723159515637 1000.0 440000
1723159528934 1000.0 444000
1723159542615 1000.0 448000
1723159556234 1000.0 452000
1723159583006 1000.0 456000
1723159601058 1000.0 460000
1723159618305 1000.0 464000
1723159636490 1000.0 468000
1723159654245 1000.0 472000
1723159674001 1000.0 476000
1723159692900 1000.0 480000
1723159710295 1000.0 484000
1723159724939 1000.0 488000
1723159738613 1000.0 492000
1723159751902 1000.0 496000
1723159765620 1000.0 500000
1723159779309 1000.0 504000
1723159793039 1000.0 508000
1723159806539 1000.0 512000
1723159819893 1000.0 516000
1723159834660 1000.0 520000
1723159848606 1000.0 524000
1723159863062 1000.0 528000
1723159877345 1000.0 532000
1723159891376 1000.0 536000
1723159905557 1000.0 540000
1723159919813 1000.0 544000
1723159934164 1000.0 548000
1723159948036 1000.0 552000
1723159962151 1000.0 556000
1723159976419 1000.0 560000
1723159989923 1000.0 564000
1723160003538 1000.0 568000
1723160017352 1000.0 572000
1723160031059 1000.0 576000
1723160044768 1000.0 580000
1723160063060 1000.0 584000
1723160081272 1000.0 588000
1723160099132 1000.0 592000
1723160117037 1000.0 596000
1723160130353 1000.0 600000
1723160142874 1000.0 604000
1723160155472 1000.0 608000
1723160168011 1000.0 612000
1723160180769 1000.0 616000
1723160194092 1000.0 620000
1723160206833 1000.0 624000
1723160219772 1000.0 628000
1723160232653 1000.0 632000
1723160245017 1000.0 636000
1723160257878 1000.0 640000
1723160274826 1000.0 644000
1723160292056 1000.0 648000
1723160309392 1000.0 652000
1723160326941 1000.0 656000
1723160345095 1000.0 660000
1723160362651 1000.0 664000
1723160376952 1000.0 668000
1723160389999 1000.0 672000
1723160403485 1000.0 676000
1723160424848 1000.0 680000
1723160442715 1000.0 684000
1723160460974 1000.0 688000
1723160479352 1000.0 692000
1723160493565 1000.0 696000
1723160506738 1000.0 700000
1723160523345 1000.0 704000
1723160541312 1000.0 708000
1723160560143 1000.0 712000
1723160578827 1000.0 716000
1723160596213 1000.0 720000
1723160614221 1000.0 724000
1723160634967 1000.0 728000
1723160653650 1000.0 732000
1723160672960 1000.0 736000
1723160687849 1000.0 740000
1723160702076 1000.0 744000
1723160715658 1000.0 748000
1723160729177 1000.0 752000
1723160743688 1000.0 756000
1723160756840 1000.0 760000
1723160770729 1000.0 764000
1723160783599 1000.0 768000
1723160796214 1000.0 772000
1723160808834 1000.0 776000
1723160822437 1000.0 780000
1723160835241 1000.0 784000
1723160848159 1000.0 788000
1723160861036 1000.0 792000
1723160873902 1000.0 796000
1723160887717 1000.0 800000
1723160900930 1000.0 804000
1723160913948 1000.0 808000
1723160926615 1000.0 812000
1723160939194 1000.0 816000
1723160953137 1000.0 820000
1723160970931 1000.0 824000
1723160991069 1000.0 828000
1723161004939 1000.0 832000
1723161018154 1000.0 836000
1723161031853 1000.0 840000
1723161044372 1000.0 844000
1723161057080 1000.0 848000
1723161069875 1000.0 852000
1723161082582 1000.0 856000
1723161094970 1000.0 860000
1723161107777 1000.0 864000
1723161119795 1000.0 868000
1723161132212 1000.0 872000
1723161144775 1000.0 876000
1723161156928 1000.0 880000
1723161169351 1000.0 884000
1723161181881 1000.0 888000
1723161194352 1000.0 892000
1723161206503 1000.0 896000
1723161218487 1000.0 900000
1723161231020 1000.0 904000
1723161243416 1000.0 908000
1723161255355 1000.0 912000
1723161267592 1000.0 916000
1723161279705 1000.0 920000
1723161292019 1000.0 924000
1723161303996 1000.0 928000
1723161316107 1000.0 932000
1723161328473 1000.0 936000
1723161340622 1000.0 940000
1723161353101 1000.0 944000
1723161365615 1000.0 948000
1723161378375 1000.0 952000
1723161391161 1000.0 956000
1723161403117 1000.0 960000
1723161415481 1000.0 964000
1723161428038 1000.0 968000
1723161439954 1000.0 972000
1723161452521 1000.0 976000
1723161464769 1000.0 980000
1723161477267 1000.0 984000
1723161489994 1000.0 988000
1723161502711 1000.0 992000
1723161515129 1000.0 996000
1723161527469 1000.0 1000000
1723161540406 1000.0 1004000
1723161552928 1000.0 1008000
1723161565521 1000.0 1012000
1723161577892 1000.0 1016000
1723161590268 1000.0 1020000
1723161602201 1000.0 1024000
1723161614583 1000.0 1028000
1723161626806 1000.0 1032000
1723161639056 1000.0 1036000
1723161651216 1000.0 1040000
1723161663568 1000.0 1044000
1723161675746 1000.0 1048000
1723161687828 1000.0 1052000
1723161699568 1000.0 1056000
1723161711865 1000.0 1060000
1723161723733 1000.0 1064000
1723161735747 1000.0 1068000
1723161747971 1000.0 1072000
1723161760360 1000.0 1076000
1723161773080 1000.0 1080000
1723161785801 1000.0 1084000
1723161798185 1000.0 1088000
1723161810650 1000.0 1092000
1723161823091 1000.0 1096000
1723161835569 1000.0 1100000
1723161847324 1000.0 1104000
1723161859601 1000.0 1108000
1723161871959 1000.0 1112000
1723161883973 1000.0 1116000
1723161896065 1000.0 1120000
1723161908146 1000.0 1124000
1723161920441 1000.0 1128000
1723161932737 1000.0 1132000
1723161945201 1000.0 1136000
1723161957368 1000.0 1140000
1723161969633 1000.0 1144000
1723161982388 1000.0 1148000
1723161994741 1000.0 1152000
1723162007114 1000.0 1156000
1723162019554 1000.0 1160000
1723162032121 1000.0 1164000
1723162044587 1000.0 1168000
1723162057254 1000.0 1172000
1723162069651 1000.0 1176000
1723162082673 1000.0 1180000
1723162095068 1000.0 1184000
1723162108144 1000.0 1188000
1723162120761 1000.0 1192000
1723162133430 1000.0 1196000
1723162146060 1000.0 1200000
