1723157948660 0.0 4000
1723157966406 0.0 8000
1723157984314 0.0 12000
1723157998265 0.0 16000
1723158011247 0.0 20000
1723158024066 0.0 24000
1723158037007 0.0 28000
1723158050891 0.0 32000
1723158065104 0.0 36000
1723158079114 0.0 40000
1723158093206 0.0 44000
1723158107348 0.0 48000
1723158121414 0.0 52000
1723158135454 0.0 56000
1723158149211 0.0 60000
1723158163254 0.0 64000
1723158177257 0.0 68000
1723158191667 0.0 72000
1723158205809 0.0 76000
1723158220089 0.0 80000
1723158234088 0.0 84000
1723158248220 0.0 88000
1723158262237 0.0 92000
1723158276231 0.0 96000
1723158290102 0.0 100000
1723158304271 0.0 104000
1723158319158 0.0 108000
1723158333630 0.0 112000
1723158348193 0.0 116000
1723158362617 0.0 120000
1723158377089 0.0 124000
1723158392820 0.0 128000
1723158414756 0.0 132000
1723158430051 0.0 136000
1723158444637 0.0 140000
1723158458963 0.0 144000
1723158473355 0.0 148000
1723158487765 0.0 152000
1723158501883 0.0 156000
1723158516126 0.0 160000
1723158530506 0.0 164000
1723158545547 0.0 168000
1723158560276 0.0 172000
1723158574998 0.0 176000
1723158589510 0.0 180000
1723158603463 0.0 184000
1723158617250 0.0 188000
1723158631356 0.0 192000
1723158645162 0.0 196000
1723158658717 0.0 200000
1723158672846 0.0 204000
1723158687391 0.0 208000
1723158701619 0.0 212000
1723158715787 0.0 216000
1723158730249 0.0 220000
1723158744574 0.0 224000
1723158758471 0.0 228000
1723158772760 0.0 232000
1723158786638 0.0 236000
1723158800628 0.0 240000
1723158814587 0.0 244000
1723158829027 0.0 248000
1723158842519 0.0 252000
1723158856373 0.0 256000
1723158870649 0.0 260000
1723158885384 0.0 264000
1723158899322 0.0 268000
1723158913924 0.0 272000
1723158928295 0.0 276000
1723158942262 0.0 280000
1723158955899 0.0 284000
1723158969773 0.0 288000
1723158983808 0.0 292000
1723158997316 0.0 296000
1723159010881 0.0 300000
1723159024455 0.0 304000
1723159041363 0.0 308000
1723159061400 0.0 312000
1723159081095 0.0 316000
1723159096074 0.0 320000
1723159109825 0.0 324000
1723159123357 0.0 328000
1723159137127 0.0 332000
1723159151055 0.0 336000
1723159164673 0.0 340000
1723159178342 0.0 344000
1723159192363 0.0 348000
1723159205666 0.0 352000
1723159218863 0.0 356000
1723159232489 0.0 360000
1723159246747 0.0 364000
1723159260142 0.0 368000
1723159273437 0.0 372000
1723159287039 0.0 376000
1723159301079 0.0 380000
1723159315205 0.0 384000
1723159329016 0.0 388000
1723159343029 0.0 392000
1723159356702 0.0 396000
1723159370475 0.0 400000
1723159384759 0.0 404000
1723159398982 0.0 408000
1723159412441 0.0 412000
1723159431034 0.0 416000
1723159446370 0.0 420000
1723159460558 0.0 424000
1723159474841 0.0 428000
1723159488948 0.0 432000
1723159502400 0.0 436000
1723159515634 0.0 440000
1723159528931 0.0 444000
1723159542612 0.0 448000
1723159556230 0.0 452000
1723159583003 0.0 456000
1723159601054 0.0 460000
1723159618302 0.0 464000
1723159636485 0.0 468000
1723159654242 0.0 472000
1723159673998 0.0 476000
1723159692895 0.0 480000
1723159710291 0.0 484000
1723159724935 0.0 488000
1723159738610 0.0 492000
1723159751899 0.0 496000
1723159765616 0.0 500000
1723159779305 0.0 504000
1723159793036 0.0 508000
1723159806536 0.0 512000
1723159819890 0.0 516000
1723159834657 0.0 520000
1723159848603 0.0 524000
1723159863059 0.0 528000
1723159877342 0.0 532000
1723159891373 0.0 536000
1723159905553 0.0 540000
1723159919809 0.0 544000
1723159934160 0.0 548000
1723159948033 0.0 552000
1723159962148 0.0 556000
1723159976416 0.0 560000
1723159989919 0.0 564000
1723160003534 0.0 568000
1723160017349 0.0 572000
1723160031055 0.0 576000
1723160044764 0.0 580000
1723160063055 0.0 584000
1723160081267 0.0 588000
1723160099128 0.0 592000
1723160117034 0.0 596000
1723160130349 0.0 600000
1723160142871 0.0 604000
1723160155468 0.0 608000
1723160168008 0.0 612000
1723160180765 0.0 616000
1723160194088 0.0 620000
1723160206830 0.0 624000
1723160219768 0.0 628000
1723160232649 0.0 632000
1723160245014 0.0 636000
1723160257875 0.0 640000
1723160274822 0.0 644000
1723160292053 0.0 648000
1723160309388 0.0 652000
1723160326937 0.0 656000
1723160345090 0.0 660000
1723160362647 0.0 664000
1723160376948 0.0 668000
1723160389996 0.0 672000
1723160403482 0.0 676000
1723160424844 0.0 680000
1723160442711 0.0 684000
1723160460970 0.0 688000
1723160479348 0.0 692000
1723160493561 0.0 696000
1723160506735 0.0 700000
1723160523341 0.0 704000
1723160541308 0.0 708000
1723160560138 0.0 712000
1723160578824 0.0 716000
1723160596209 0.0 720000
1723160614217 0.0 724000
1723160634963 0.0 728000
1723160653646 0.0 732000
1723160672956 0.0 736000
1723160687846 0.0 740000
1723160702072 0.0 744000
1723160715655 0.0 748000
1723160729174 0.0 752000
1723160743685 0.0 756000
1723160756836 0.0 760000
1723160770726 0.0 764000
1723160783595 0.0 768000
1723160796210 0.0 772000
1723160808830 0.0 776000
1723160822433 0.0 780000
1723160835238 0.0 784000
1723160848155 0.0 788000
1723160861033 0.0 792000
1723160873898 0.0 796000
1723160887714 0.0 800000
1723160900927 0.0 804000
1723160913945 0.0 808000
1723160926611 0.0 812000
1723160939190 0.0 816000
1723160953134 0.0 820000
1723160970928 0.0 824000
1723160991064 0.0 828000
1723161004934 0.0 832000
1723161018150 0.0 836000
1723161031849 0.0 840000
1723161044368 0.0 844000
1723161057076 0.0 848000
1723161069871 0.0 852000
1723161082579 0.0 856000
1723161094966 0.0 860000
1723161107773 0.0 864000
1723161119791 0.0 868000
1723161132209 0.0 872000
1723161144772 0.0 876000
1723161156924 0.0 880000
1723161169347 0.0 884000
1723161181877 0.0 888000
1723161194349 0.0 892000
1723161206499 0.0 896000
1723161218483 0.0 900000
1723161231017 0.0 904000
1723161243413 0.0 908000
1723161255351 0.0 912000
1723161267589 0.0 916000
1723161279702 0.0 920000
1723161292015 0.0 924000
1723161303992 0.0 928000
1723161316103 0.0 932000
1723161328469 0.0 936000
1723161340619 0.0 940000
1723161353098 0.0 944000
1723161365612 0.0 948000
1723161378371 0.0 952000
1723161391157 0.0 956000
1723161403114 0.0 960000
1723161415477 0.0 964000
1723161428035 0.0 968000
1723161439950 0.0 972000
1723161452518 0.0 976000
1723161464765 0.0 980000
1723161477264 0.0 984000
1723161489990 0.0 988000
1723161502707 0.0 992000
1723161515125 0.0 996000
1723161527465 0.0 1000000
1723161540402 0.0 1004000
1723161552924 0.0 1008000
1723161565518 0.0 1012000
1723161577888 0.0 1016000
1723161590265 0.0 1020000
1723161602198 0.0 1024000
1723161614580 0.0 1028000
1723161626802 0.0 1032000
1723161639052 0.0 1036000
1723161651212 0.0 1040000
1723161663565 0.0 1044000
1723161675742 0.0 1048000
1723161687825 0.0 1052000
1723161699565 0.0 1056000
1723161711861 0.0 1060000
1723161723730 0.0 1064000
1723161735744 0.0 1068000
1723161747967 0.0 1072000
1723161760356 0.0 1076000
1723161773077 0.0 1080000
1723161785797 0.0 1084000
1723161798181 0.0 1088000
1723161810647 0.0 1092000
1723161823088 0.0 1096000
1723161835565 0.0 1100000
1723161847320 0.0 1104000
1723161859597 0.0 1108000
1723161871955 0.0 1112000
1723161883969 0.0 1116000
1723161896061 0.0 1120000
1723161908142 0.0 1124000
1723161920437 0.0 1128000
1723161932734 0.0 1132000
1723161945198 0.0 1136000
1723161957364 0.0 1140000
1723161969629 0.0 1144000
1723161982385 0.0 1148000
1723161994738 0.0 1152000
1723162007111 0.0 1156000
1723162019550 0.0 1160000
1723162032118 0.0 1164000
1723162044583 0.0 1168000
1723162057251 0.0 1172000
1723162069648 0.0 1176000
1723162082669 0.0 1180000
1723162095064 0.0 1184000
1723162108141 0.0 1188000
1723162120758 0.0 1192000
1723162133426 0.0 1196000
1723162146056 0.0 1200000
