1723157948689 1.0 4000
1723157966426 1.0 8000
1723157984336 1.0 12000
1723157998284 1.0 16000
1723158011265 1.0 20000
1723158024083 1.0 24000
1723158037024 1.0 28000
1723158050909 1.0 32000
1723158065123 1.0 36000
1723158079133 1.0 40000
1723158093223 1.0 44000
1723158107365 1.0 48000
1723158121431 1.0 52000
1723158135472 1.0 56000
1723158149229 1.0 60000
1723158163273 1.0 64000
1723158177275 1.0 68000
1723158191684 1.0 72000
1723158205827 1.0 76000
1723158220107 1.0 80000
1723158234106 1.0 84000
1723158248237 1.0 88000
1723158262255 1.0 92000
1723158276249 1.0 96000
1723158290120 1.0 100000
1723158304289 1.0 104000
1723158319176 1.0 108000
1723158333648 1.0 112000
1723158348211 1.0 116000
1723158362636 1.0 120000
1723158377108 1.0 124000
1723158392840 1.0 128000
1723158414777 1.0 132000
1723158430070 1.0 136000
1723158444655 1.0 140000
1723158458980 1.0 144000
1723158473373 1.0 148000
1723158487783 1.0 152000
1723158501901 1.0 156000
1723158516144 1.0 160000
1723158530524 1.0 164000
1723158545565 1.0 168000
1723158560294 1.0 172000
1723158575017 1.0 176000
1723158589527 1.0 180000
1723158603481 1.0 184000
1723158617268 1.0 188000
1723158631374 1.0 192000
1723158645179 1.0 196000
1723158658734 1.0 200000
1723158672863 1.0 204000
1723158687410 1.0 208000
1723158701636 1.0 212000
1723158715804 1.0 216000
1723158730267 1.0 220000
1723158744592 1.0 224000
1723158758490 1.0 228000
1723158772778 1.0 232000
1723158786656 1.0 236000
1723158800645 1.0 240000
1723158814604 1.0 244000
1723158829044 1.0 248000
1723158842537 1.0 252000
1723158856392 1.0 256000
1723158870668 1.0 260000
1723158885402 1.0 264000
1723158899341 1.0 268000
1723158913943 1.0 272000
1723158928313 1.0 276000
1723158942280 1.0 280000
1723158955917 1.0 284000
1723158969794 1.0 288000
1723158983825 1.0 292000
1723158997333 1.0 296000
1723159010898 1.0 300000
1723159024472 1.0 304000
1723159041385 1.0 308000
1723159061418 1.0 312000
1723159081118 1.0 316000
1723159096092 1.0 320000
1723159109842 1.0 324000
1723159123375 1.0 328000
1723159137145 1.0 332000
1723159151073 1.0 336000
1723159164690 1.0 340000
1723159178360 1.0 344000
1723159192382 1.0 348000
1723159205684 1.0 352000
1723159218881 1.0 356000
1723159232507 1.0 360000
1723159246764 1.0 364000
1723159260160 1.0 368000
1723159273455 1.0 372000
1723159287057 1.0 376000
1723159301097 1.0 380000
1723159315224 1.0 384000
1723159329033 1.0 388000
1723159343047 1.0 392000
1723159356719 1.0 396000
1723159370496 1.0 400000
1723159384777 1.0 404000
1723159399001 1.0 408000
1723159412460 1.0 412000
1723159431051 1.0 416000
1723159446387 1.0 420000
1723159460576 1.0 424000
1723159474859 1.0 428000
1723159488966 1.0 432000
1723159502418 1.0 436000
1723159515651 1.0 440000
1723159528948 1.0 444000
1723159542629 1.0 448000
1723159556248 1.0 452000
1723159583022 1.0 456000
1723159601077 1.0 460000
1723159618320 1.0 464000
1723159636507 1.0 468000
1723159654261 1.0 472000
1723159674016 1.0 476000
1723159692919 1.0 480000
1723159710310 1.0 484000
1723159724953 1.0 488000
1723159738628 1.0 492000
1723159751917 1.0 496000
1723159765634 1.0 500000
1723159779322 1.0 504000
1723159793053 1.0 508000
1723159806553 1.0 512000
1723159819908 1.0 516000
1723159834674 1.0 520000
1723159848621 1.0 524000
1723159863077 1.0 528000
1723159877359 1.0 532000
1723159891391 1.0 536000
1723159905571 1.0 540000
1723159919827 1.0 544000
1723159934178 1.0 548000
1723159948050 1.0 552000
1723159962165 1.0 556000
1723159976433 1.0 560000
1723159989937 1.0 564000
1723160003552 1.0 568000
1723160017367 1.0 572000
1723160031073 1.0 576000
1723160044782 1.0 580000
1723160063077 1.0 584000
1723160081288 1.0 588000
1723160099148 1.0 592000
1723160117055 1.0 596000
1723160130368 1.0 600000
1723160142888 1.0 604000
1723160155486 1.0 608000
1723160168025 1.0 612000
1723160180787 1.0 616000
1723160194107 1.0 620000
1723160206848 1.0 624000
1723160219787 1.0 628000
1723160232667 1.0 632000
1723160245032 1.0 636000
1723160257892 1.0 640000
1723160274842 1.0 644000
1723160292071 1.0 648000
1723160309407 1.0 652000
1723160326957 1.0 656000
1723160345112 1.0 660000
1723160362667 1.0 664000
1723160376966 1.0 668000
1723160390015 1.0 672000
1723160403499 1.0 676000
1723160424864 1.0 680000
1723160442733 1.0 684000
1723160460991 1.0 688000
1723160479367 1.0 692000
1723160493580 1.0 696000
1723160506753 1.0 700000
1723160523360 1.0 704000
1723160541326 1.0 708000
1723160560157 1.0 712000
1723160578846 1.0 716000
1723160596229 1.0 720000
1723160614235 1.0 724000
1723160634984 1.0 728000
1723160653666 1.0 732000
1723160672976 1.0 736000
1723160687864 1.0 740000
1723160702090 1.0 744000
1723160715673 1.0 748000
1723160729191 1.0 752000
1723160743703 1.0 756000
1723160756854 1.0 760000
1723160770743 1.0 764000
1723160783613 1.0 768000
1723160796228 1.0 772000
1723160808848 1.0 776000
1723160822451 1.0 780000
1723160835255 1.0 784000
1723160848173 1.0 788000
1723160861051 1.0 792000
1723160873916 1.0 796000
1723160887732 1.0 800000
1723160900945 1.0 804000
1723160913962 1.0 808000
1723160926629 1.0 812000
1723160939209 1.0 816000
1723160953151 1.0 820000
1723160970947 1.0 824000
1723160991085 1.0 828000
1723161004954 1.0 832000
1723161018168 1.0 836000
1723161031867 1.0 840000
1723161044386 1.0 844000
1723161057094 1.0 848000
1723161069889 1.0 852000
1723161082597 1.0 856000
1723161094984 1.0 860000
1723161107794 1.0 864000
1723161119809 1.0 868000
1723161132226 1.0 872000
1723161144790 1.0 876000
1723161156942 1.0 880000
1723161169366 1.0 884000
1723161181896 1.0 888000
1723161194367 1.0 892000
1723161206517 1.0 896000
1723161218502 1.0 900000
1723161231034 1.0 904000
1723161243431 1.0 908000
1723161255369 1.0 912000
1723161267606 1.0 916000
1723161279720 1.0 920000
1723161292035 1.0 924000
1723161304011 1.0 928000
1723161316121 1.0 932000
1723161328487 1.0 936000
1723161340637 1.0 940000
1723161353115 1.0 944000
1723161365630 1.0 948000
1723161378390 1.0 952000
1723161391175 1.0 956000
1723161403131 1.0 960000
1723161415495 1.0 964000
1723161428053 1.0 968000
1723161439968 1.0 972000
1723161452536 1.0 976000
1723161464783 1.0 980000
1723161477282 1.0 984000
1723161490008 1.0 988000
1723161502725 1.0 992000
1723161515143 1.0 996000
1723161527485 1.0 1000000
1723161540422 1.0 1004000
1723161552943 1.0 1008000
1723161565536 1.0 1012000
1723161577907 1.0 1016000
1723161590283 1.0 1020000
1723161602215 1.0 1024000
1723161614597 1.0 1028000
1723161626820 1.0 1032000
1723161639070 1.0 1036000
1723161651230 1.0 1040000
1723161663583 1.0 1044000
1723161675760 1.0 1048000
1723161687843 1.0 1052000
1723161699583 1.0 1056000
1723161711883 1.0 1060000
1723161723747 1.0 1064000
1723161735761 1.0 1068000
1723161747985 1.0 1072000
1723161760374 1.0 1076000
1723161773094 1.0 1080000
1723161785815 1.0 1084000
1723161798199 1.0 1088000
1723161810665 1.0 1092000
1723161823105 1.0 1096000
1723161835583 1.0 1100000
1723161847338 1.0 1104000
1723161859615 1.0 1108000
1723161871973 1.0 1112000
1723161883987 1.0 1116000
1723161896079 1.0 1120000
1723161908162 1.0 1124000
1723161920456 1.0 1128000
1723161932752 1.0 1132000
1723161945215 1.0 1136000
1723161957383 1.0 1140000
1723161969647 1.0 1144000
1723161982403 1.0 1148000
1723161994755 1.0 1152000
1723162007129 1.0 1156000
1723162019568 1.0 1160000
1723162032136 1.0 1164000
1723162044602 1.0 1168000
1723162057270 1.0 1172000
1723162069666 1.0 1176000
1723162082687 1.0 1180000
1723162095082 1.0 1184000
1723162108158 1.0 1188000
1723162120776 1.0 1192000
1723162133444 1.0 1196000
1723162146074 1.0 1200000
