1723157948687 9.0 4000
1723157966424 9.0 8000
1723157984334 9.0 12000
1723157998282 9.0 16000
1723158011263 9.0 20000
1723158024082 9.0 24000
1723158037023 9.0 28000
1723158050908 9.0 32000
1723158065121 9.0 36000
1723158079132 9.0 40000
1723158093222 9.0 44000
1723158107363 9.0 48000
1723158121430 9.0 52000
1723158135471 9.0 56000
1723158149228 9.0 60000
1723158163271 9.0 64000
1723158177273 9.0 68000
1723158191683 9.0 72000
1723158205826 9.0 76000
1723158220105 9.0 80000
1723158234104 9.0 84000
1723158248236 9.0 88000
1723158262254 9.0 92000
1723158276248 9.0 96000
1723158290119 9.0 100000
1723158304288 9.0 104000
1723158319175 9.0 108000
1723158333646 9.0 112000
1723158348210 9.0 116000
1723158362634 9.0 120000
1723158377107 9.0 124000
1723158392839 9.0 128000
1723158414775 9.0 132000
1723158430068 9.0 136000
1723158444654 9.0 140000
1723158458979 9.0 144000
1723158473372 9.0 148000
1723158487782 9.0 152000
1723158501900 9.0 156000
1723158516143 9.0 160000
1723158530523 9.0 164000
1723158545563 9.0 168000
1723158560292 9.0 172000
1723158575015 9.0 176000
1723158589526 9.0 180000
1723158603479 9.0 184000
1723158617266 9.0 188000
1723158631373 9.0 192000
1723158645178 9.0 196000
1723158658733 9.0 200000
1723158672862 9.0 204000
1723158687409 9.0 208000
1723158701635 9.0 212000
1723158715803 9.0 216000
1723158730265 9.0 220000
1723158744591 9.0 224000
1723158758488 9.0 228000
1723158772776 9.0 232000
1723158786655 9.0 236000
1723158800644 9.0 240000
1723158814603 9.0 244000
1723158829043 9.0 248000
1723158842535 9.0 252000
1723158856390 9.0 256000
1723158870667 9.0 260000
1723158885401 9.0 264000
1723158899339 9.0 268000
1723158913941 9.0 272000
1723158928312 9.0 276000
1723158942278 9.0 280000
1723158955915 9.0 284000
1723158969792 9.0 288000
1723158983824 9.0 292000
1723158997332 9.0 296000
1723159010897 9.0 300000
1723159024471 9.0 304000
1723159041383 9.0 308000
1723159061417 9.0 312000
1723159081115 9.0 316000
1723159096091 9.0 320000
1723159109841 9.0 324000
1723159123373 9.0 328000
1723159137144 9.0 332000
1723159151071 9.0 336000
1723159164689 9.0 340000
1723159178358 9.0 344000
1723159192380 9.0 348000
1723159205682 9.0 352000
1723159218879 9.0 356000
1723159232506 9.0 360000
1723159246763 9.0 364000
1723159260158 9.0 368000
1723159273453 9.0 372000
1723159287055 9.0 376000
1723159301095 9.0 380000
1723159315223 9.0 384000
1723159329032 9.0 388000
1723159343045 9.0 392000
1723159356718 9.0 396000
1723159370494 9.0 400000
1723159384775 9.0 404000
1723159399000 9.0 408000
1723159412458 9.0 412000
1723159431050 9.0 416000
1723159446386 9.0 420000
1723159460574 9.0 424000
1723159474858 9.0 428000
1723159488964 9.0 432000
1723159502416 9.0 436000
1723159515650 9.0 440000
1723159528947 9.0 444000
1723159542628 9.0 448000
1723159556246 9.0 452000
1723159583020 9.0 456000
1723159601076 9.0 460000
1723159618318 9.0 464000
1723159636505 9.0 468000
1723159654260 9.0 472000
1723159674014 9.0 476000
1723159692917 9.0 480000
1723159710309 9.0 484000
1723159724952 9.0 488000
1723159738626 9.0 492000
1723159751915 9.0 496000
1723159765632 9.0 500000
1723159779321 9.0 504000
1723159793052 9.0 508000
1723159806552 9.0 512000
1723159819906 9.0 516000
1723159834673 9.0 520000
1723159848619 9.0 524000
1723159863076 9.0 528000
1723159877358 9.0 532000
1723159891389 9.0 536000
1723159905570 9.0 540000
1723159919826 9.0 544000
1723159934177 9.0 548000
1723159948049 9.0 552000
1723159962164 9.0 556000
1723159976432 9.0 560000
1723159989935 9.0 564000
1723160003550 9.0 568000
1723160017365 9.0 572000
1723160031071 9.0 576000
1723160044780 9.0 580000
1723160063075 9.0 584000
1723160081286 9.0 588000
1723160099146 9.0 592000
1723160117054 9.0 596000
1723160130366 9.0 600000
1723160142887 9.0 604000
1723160155485 9.0 608000
1723160168024 9.0 612000
1723160180785 9.0 616000
1723160194106 9.0 620000
1723160206847 9.0 624000
1723160219786 9.0 628000
1723160232666 9.0 632000
1723160245031 9.0 636000
1723160257891 9.0 640000
1723160274840 9.0 644000
1723160292070 9.0 648000
1723160309406 9.0 652000
1723160326955 9.0 656000
1723160345110 9.0 660000
1723160362666 9.0 664000
1723160376964 9.0 668000
1723160390013 9.0 672000
1723160403498 9.0 676000
1723160424862 9.0 680000
1723160442731 9.0 684000
1723160460989 9.0 688000
1723160479365 9.0 692000
1723160493578 9.0 696000
1723160506751 9.0 700000
1723160523358 9.0 704000
1723160541325 9.0 708000
1723160560156 9.0 712000
1723160578844 9.0 716000
1723160596227 9.0 720000
1723160614234 9.0 724000
1723160634982 9.0 728000
1723160653663 9.0 732000
1723160672975 9.0 736000
1723160687862 9.0 740000
1723160702088 9.0 744000
1723160715671 9.0 748000
1723160729190 9.0 752000
1723160743701 9.0 756000
1723160756853 9.0 760000
1723160770742 9.0 764000
1723160783611 9.0 768000
1723160796227 9.0 772000
1723160808847 9.0 776000
1723160822450 9.0 780000
1723160835254 9.0 784000
1723160848172 9.0 788000
1723160861049 9.0 792000
1723160873915 9.0 796000
1723160887730 9.0 800000
1723160900943 9.0 804000
1723160913961 9.0 808000
1723160926628 9.0 812000
1723160939208 9.0 816000
1723160953150 9.0 820000
1723160970945 9.0 824000
1723160991084 9.0 828000
1723161004953 9.0 832000
1723161018167 9.0 836000
1723161031866 9.0 840000
1723161044385 9.0 844000
1723161057093 9.0 848000
1723161069887 9.0 852000
1723161082596 9.0 856000
1723161094983 9.0 860000
1723161107792 9.0 864000
1723161119808 9.0 868000
1723161132225 9.0 872000
1723161144788 9.0 876000
1723161156941 9.0 880000
1723161169363 9.0 884000
1723161181894 9.0 888000
1723161194365 9.0 892000
1723161206515 9.0 896000
1723161218500 9.0 900000
1723161231033 9.0 904000
1723161243430 9.0 908000
1723161255368 9.0 912000
1723161267605 9.0 916000
1723161279718 9.0 920000
1723161292033 9.0 924000
1723161304009 9.0 928000
1723161316120 9.0 932000
1723161328485 9.0 936000
1723161340635 9.0 940000
1723161353114 9.0 944000
1723161365628 9.0 948000
1723161378388 9.0 952000
1723161391174 9.0 956000
1723161403130 9.0 960000
1723161415494 9.0 964000
1723161428051 9.0 968000
1723161439966 9.0 972000
1723161452534 9.0 976000
1723161464782 9.0 980000
1723161477280 9.0 984000
1723161490007 9.0 988000
1723161502724 9.0 992000
1723161515142 9.0 996000
1723161527483 9.0 1000000
1723161540420 9.0 1004000
1723161552941 9.0 1008000
1723161565534 9.0 1012000
1723161577905 9.0 1016000
1723161590281 9.0 1020000
1723161602214 9.0 1024000
1723161614596 9.0 1028000
1723161626818 9.0 1032000
1723161639068 9.0 1036000
1723161651228 9.0 1040000
1723161663581 9.0 1044000
1723161675758 9.0 1048000
1723161687841 9.0 1052000
1723161699581 9.0 1056000
1723161711882 9.0 1060000
1723161723746 9.0 1064000
1723161735760 9.0 1068000
1723161747984 9.0 1072000
1723161760373 9.0 1076000
1723161773093 9.0 1080000
1723161785814 9.0 1084000
1723161798198 9.0 1088000
1723161810663 9.0 1092000
1723161823104 9.0 1096000
1723161835582 9.0 1100000
1723161847336 9.0 1104000
1723161859614 9.0 1108000
1723161871971 9.0 1112000
1723161883986 9.0 1116000
1723161896077 9.0 1120000
1723161908160 9.0 1124000
1723161920454 9.0 1128000
1723161932750 9.0 1132000
1723161945214 9.0 1136000
1723161957382 9.0 1140000
1723161969645 9.0 1144000
1723161982401 9.0 1148000
1723161994754 9.0 1152000
1723162007127 9.0 1156000
1723162019567 9.0 1160000
1723162032134 9.0 1164000
1723162044601 9.0 1168000
1723162057268 9.0 1172000
1723162069664 9.0 1176000
1723162082685 9.0 1180000
1723162095081 9.0 1184000
1723162108157 9.0 1188000
1723162120774 9.0 1192000
1723162133443 9.0 1196000
1723162146072 9.0 1200000
