1723157948627 0.0 4000
1723157966386 0.0 8000
1723157984294 0.0 12000
1723157998247 0.0 16000
1723158011229 0.0 20000
1723158024048 0.0 24000
1723158036988 0.0 28000
1723158050872 0.0 32000
1723158065087 0.0 36000
1723158079097 0.0 40000
1723158093188 0.0 44000
1723158107330 0.0 48000
1723158121395 0.0 52000
1723158135437 0.0 56000
1723158149193 0.0 60000
1723158163236 0.0 64000
1723158177240 0.0 68000
1723158191649 0.0 72000
1723158205791 0.0 76000
1723158220072 0.0 80000
1723158234070 0.0 84000
1723158248202 0.0 88000
1723158262217 0.0 92000
1723158276214 0.0 96000
1723158290085 0.0 100000
1723158304254 0.0 104000
1723158319140 0.0 108000
1723158333613 0.0 112000
1723158348175 0.0 116000
1723158362599 0.0 120000
1723158377071 0.0 124000
1723158392800 0.0 128000
1723158414736 0.0 132000
1723158430033 0.0 136000
1723158444616 0.0 140000
1723158458945 0.0 144000
1723158473336 0.0 148000
1723158487747 0.0 152000
1723158501866 0.0 156000
1723158516108 0.0 160000
1723158530489 0.0 164000
1723158545529 0.0 168000
1723158560257 0.0 172000
1723158574980 0.0 176000
1723158589492 0.0 180000
1723158603446 0.0 184000
1723158617232 0.0 188000
1723158631339 0.0 192000
1723158645144 0.0 196000
1723158658700 0.0 200000
1723158672829 0.0 204000
1723158687372 0.0 208000
1723158701601 0.0 212000
1723158715769 0.0 216000
1723158730232 0.0 220000
1723158744557 0.0 224000
1723158758454 0.0 228000
1723158772743 0.0 232000
1723158786619 0.0 236000
1723158800611 0.0 240000
1723158814570 0.0 244000
1723158829009 0.0 248000
1723158842502 0.0 252000
1723158856355 0.0 256000
1723158870630 0.0 260000
1723158885366 0.0 264000
1723158899303 0.0 268000
1723158913906 0.0 272000
1723158928277 0.0 276000
1723158942245 0.0 280000
1723158955881 0.0 284000
1723158969739 0.0 288000
1723158983790 0.0 292000
1723158997299 0.0 296000
1723159010863 0.0 300000
1723159024438 0.0 304000
1723159041343 0.0 308000
1723159061381 0.0 312000
1723159081071 0.0 316000
1723159096056 0.0 320000
1723159109807 0.0 324000
1723159123339 0.0 328000
1723159137109 0.0 332000
1723159151037 0.0 336000
1723159164655 0.0 340000
1723159178324 0.0 344000
1723159192345 0.0 348000
1723159205649 0.0 352000
1723159218845 0.0 356000
1723159232470 0.0 360000
1723159246729 0.0 364000
1723159260124 0.0 368000
1723159273419 0.0 372000
1723159287021 0.0 376000
1723159301061 0.0 380000
1723159315187 0.0 384000
1723159328998 0.0 388000
1723159343011 0.0 392000
1723159356684 0.0 396000
1723159370458 0.0 400000
1723159384741 0.0 404000
1723159398961 0.0 408000
1723159412424 0.0 412000
1723159431013 0.0 416000
1723159446352 0.0 420000
1723159460540 0.0 424000
1723159474823 0.0 428000
1723159488931 0.0 432000
1723159502381 0.0 436000
1723159515616 0.0 440000
1723159528914 0.0 444000
1723159542594 0.0 448000
1723159556213 0.0 452000
1723159582984 0.0 456000
1723159601035 0.0 460000
1723159618283 0.0 464000
1723159636464 0.0 468000
1723159654224 0.0 472000
1723159673980 0.0 476000
1723159692875 0.0 480000
1723159710272 0.0 484000
1723159724918 0.0 488000
1723159738592 0.0 492000
1723159751881 0.0 496000
1723159765598 0.0 500000
1723159779287 0.0 504000
1723159793018 0.0 508000
1723159806518 0.0 512000
1723159819872 0.0 516000
1723159834638 0.0 520000
1723159848585 0.0 524000
1723159863041 0.0 528000
1723159877323 0.0 532000
1723159891355 0.0 536000
1723159905536 0.0 540000
1723159919792 0.0 544000
1723159934142 0.0 548000
1723159948015 0.0 552000
1723159962131 0.0 556000
1723159976398 0.0 560000
1723159989901 0.0 564000
1723160003517 0.0 568000
1723160017330 0.0 572000
1723160031038 0.0 576000
1723160044747 0.0 580000
1723160063036 0.0 584000
1723160081247 0.0 588000
1723160099103 0.0 592000
1723160117013 0.0 596000
1723160130331 0.0 600000
1723160142853 0.0 604000
1723160155450 0.0 608000
1723160167987 0.0 612000
1723160180746 0.0 616000
1723160194070 0.0 620000
1723160206812 0.0 624000
1723160219748 0.0 628000
1723160232631 0.0 632000
1723160244996 0.0 636000
1723160257857 0.0 640000
1723160274792 0.0 644000
1723160292032 0.0 648000
1723160309370 0.0 652000
1723160326916 0.0 656000
1723160345068 0.0 660000
1723160362628 0.0 664000
1723160376930 0.0 668000
1723160389978 0.0 672000
1723160403463 0.0 676000
1723160424824 0.0 680000
1723160442692 0.0 684000
1723160460950 0.0 688000
1723160479329 0.0 692000
1723160493542 0.0 696000
1723160506717 0.0 700000
1723160523321 0.0 704000
1723160541290 0.0 708000
1723160560119 0.0 712000
1723160578806 0.0 716000
1723160596190 0.0 720000
1723160614199 0.0 724000
1723160634943 0.0 728000
1723160653627 0.0 732000
1723160672937 0.0 736000
1723160687828 0.0 740000
1723160702055 0.0 744000
1723160715637 0.0 748000
1723160729156 0.0 752000
1723160743666 0.0 756000
1723160756818 0.0 760000
1723160770708 0.0 764000
1723160783577 0.0 768000
1723160796193 0.0 772000
1723160808812 0.0 776000
1723160822414 0.0 780000
1723160835219 0.0 784000
1723160848137 0.0 788000
1723160861015 0.0 792000
1723160873881 0.0 796000
1723160887696 0.0 800000
1723160900909 0.0 804000
1723160913926 0.0 808000
1723160926593 0.0 812000
1723160939173 0.0 816000
1723160953116 0.0 820000
1723160970909 0.0 824000
1723160991042 0.0 828000
1723161004913 0.0 832000
1723161018132 0.0 836000
1723161031831 0.0 840000
1723161044350 0.0 844000
1723161057059 0.0 848000
1723161069853 0.0 852000
1723161082560 0.0 856000
1723161094948 0.0 860000
1723161107755 0.0 864000
1723161119774 0.0 868000
1723161132191 0.0 872000
1723161144754 0.0 876000
1723161156905 0.0 880000
1723161169330 0.0 884000
1723161181856 0.0 888000
1723161194328 0.0 892000
1723161206481 0.0 896000
1723161218465 0.0 900000
1723161230998 0.0 904000
1723161243395 0.0 908000
1723161255334 0.0 912000
1723161267571 0.0 916000
1723161279684 0.0 920000
1723161291997 0.0 924000
1723161303975 0.0 928000
1723161316086 0.0 932000
1723161328449 0.0 936000
1723161340601 0.0 940000
1723161353080 0.0 944000
1723161365594 0.0 948000
1723161378353 0.0 952000
1723161391140 0.0 956000
1723161403096 0.0 960000
1723161415460 0.0 964000
1723161428017 0.0 968000
1723161439932 0.0 972000
1723161452500 0.0 976000
1723161464748 0.0 980000
1723161477246 0.0 984000
1723161489973 0.0 988000
1723161502689 0.0 992000
1723161515106 0.0 996000
1723161527446 0.0 1000000
1723161540379 0.0 1004000
1723161552904 0.0 1008000
1723161565500 0.0 1012000
1723161577870 0.0 1016000
1723161590247 0.0 1020000
1723161602179 0.0 1024000
1723161614562 0.0 1028000
1723161626785 0.0 1032000
1723161639034 0.0 1036000
1723161651194 0.0 1040000
1723161663547 0.0 1044000
1723161675724 0.0 1048000
1723161687807 0.0 1052000
1723161699547 0.0 1056000
1723161711842 0.0 1060000
1723161723712 0.0 1064000
1723161735726 0.0 1068000
1723161747949 0.0 1072000
1723161760338 0.0 1076000
1723161773059 0.0 1080000
1723161785780 0.0 1084000
1723161798155 0.0 1088000
1723161810629 0.0 1092000
1723161823070 0.0 1096000
1723161835547 0.0 1100000
1723161847303 0.0 1104000
1723161859579 0.0 1108000
1723161871938 0.0 1112000
1723161883951 0.0 1116000
1723161896043 0.0 1120000
1723161908124 0.0 1124000
1723161920420 0.0 1128000
1723161932715 0.0 1132000
1723161945180 0.0 1136000
1723161957347 0.0 1140000
1723161969611 0.0 1144000
1723161982366 0.0 1148000
1723161994719 0.0 1152000
1723162007093 0.0 1156000
1723162019532 0.0 1160000
1723162032100 0.0 1164000
1723162044563 0.0 1168000
1723162057232 0.0 1172000
1723162069630 0.0 1176000
1723162082652 0.0 1180000
1723162095047 0.0 1184000
1723162108122 0.0 1188000
1723162120740 0.0 1192000
1723162133408 0.0 1196000
1723162146038 0.0 1200000
