1723157948668 100.0 4000
1723157966412 100.0 8000
1723157984319 100.0 12000
1723157998270 100.0 16000
1723158011252 100.0 20000
1723158024070 100.0 24000
1723158037011 100.0 28000
1723158050896 100.0 32000
1723158065109 100.0 36000
1723158079119 100.0 40000
1723158093210 100.0 44000
1723158107352 100.0 48000
1723158121418 100.0 52000
1723158135459 100.0 56000
1723158149216 100.0 60000
1723158163258 100.0 64000
1723158177262 100.0 68000
1723158191671 100.0 72000
1723158205814 100.0 76000
1723158220094 100.0 80000
1723158234092 100.0 84000
1723158248224 100.0 88000
1723158262242 100.0 92000
1723158276236 100.0 96000
1723158290107 100.0 100000
1723158304276 100.0 104000
1723158319163 100.0 108000
1723158333635 100.0 112000
1723158348197 100.0 116000
1723158362622 100.0 120000
1723158377094 100.0 124000
1723158392825 100.0 128000
1723158414761 100.0 132000
1723158430056 100.0 136000
1723158444641 100.0 140000
1723158458967 100.0 144000
1723158473360 100.0 148000
1723158487770 100.0 152000
1723158501888 100.0 156000
1723158516131 100.0 160000
1723158530511 100.0 164000
1723158545552 100.0 168000
1723158560280 100.0 172000
1723158575003 100.0 176000
1723158589514 100.0 180000
1723158603468 100.0 184000
1723158617254 100.0 188000
1723158631361 100.0 192000
1723158645166 100.0 196000
1723158658722 100.0 200000
1723158672850 100.0 204000
1723158687396 100.0 208000
1723158701623 100.0 212000
1723158715791 100.0 216000
1723158730254 100.0 220000
1723158744579 100.0 224000
1723158758476 100.0 228000
1723158772765 100.0 232000
1723158786643 100.0 236000
1723158800633 100.0 240000
1723158814591 100.0 244000
1723158829031 100.0 248000
1723158842524 100.0 252000
1723158856378 100.0 256000
1723158870654 100.0 260000
1723158885389 100.0 264000
1723158899327 100.0 268000
1723158913929 100.0 272000
1723158928299 100.0 276000
1723158942267 100.0 280000
1723158955904 100.0 284000
1723158969779 100.0 288000
1723158983812 100.0 292000
1723158997321 100.0 296000
1723159010885 100.0 300000
1723159024459 100.0 304000
1723159041369 100.0 308000
1723159061405 100.0 312000
1723159081101 100.0 316000
1723159096079 100.0 320000
1723159109829 100.0 324000
1723159123361 100.0 328000
1723159137132 100.0 332000
1723159151060 100.0 336000
1723159164677 100.0 340000
1723159178347 100.0 344000
1723159192368 100.0 348000
1723159205671 100.0 352000
1723159218868 100.0 356000
1723159232494 100.0 360000
1723159246752 100.0 364000
1723159260146 100.0 368000
1723159273441 100.0 372000
1723159287044 100.0 376000
1723159301083 100.0 380000
1723159315210 100.0 384000
1723159329020 100.0 388000
1723159343034 100.0 392000
1723159356706 100.0 396000
1723159370480 100.0 400000
1723159384763 100.0 404000
1723159398987 100.0 408000
1723159412446 100.0 412000
1723159431039 100.0 416000
1723159446374 100.0 420000
1723159460563 100.0 424000
1723159474846 100.0 428000
1723159488953 100.0 432000
1723159502405 100.0 436000
1723159515638 100.0 440000
1723159528935 100.0 444000
1723159542616 100.0 448000
1723159556235 100.0 452000
1723159583007 100.0 456000
1723159601059 100.0 460000
1723159618306 100.0 464000
1723159636491 100.0 468000
1723159654247 100.0 472000
1723159674002 100.0 476000
1723159692901 100.0 480000
1723159710296 100.0 484000
1723159724940 100.0 488000
1723159738615 100.0 492000
1723159751903 100.0 496000
1723159765621 100.0 500000
1723159779310 100.0 504000
1723159793040 100.0 508000
1723159806540 100.0 512000
1723159819894 100.0 516000
1723159834661 100.0 520000
1723159848607 100.0 524000
1723159863063 100.0 528000
1723159877346 100.0 532000
1723159891377 100.0 536000
1723159905558 100.0 540000
1723159919814 100.0 544000
1723159934165 100.0 548000
1723159948037 100.0 552000
1723159962152 100.0 556000
1723159976420 100.0 560000
1723159989924 100.0 564000
1723160003539 100.0 568000
1723160017353 100.0 572000
1723160031060 100.0 576000
1723160044769 100.0 580000
1723160063061 100.0 584000
1723160081273 100.0 588000
1723160099133 100.0 592000
1723160117039 100.0 596000
1723160130354 100.0 600000
1723160142875 100.0 604000
1723160155473 100.0 608000
1723160168012 100.0 612000
1723160180771 100.0 616000
1723160194093 100.0 620000
1723160206834 100.0 624000
1723160219773 100.0 628000
1723160232654 100.0 632000
1723160245018 100.0 636000
1723160257879 100.0 640000
1723160274827 100.0 644000
1723160292057 100.0 648000
1723160309393 100.0 652000
1723160326942 100.0 656000
1723160345096 100.0 660000
1723160362653 100.0 664000
1723160376953 100.0 668000
1723160390000 100.0 672000
1723160403486 100.0 676000
1723160424849 100.0 680000
1723160442716 100.0 684000
1723160460975 100.0 688000
1723160479353 100.0 692000
1723160493566 100.0 696000
1723160506739 100.0 700000
1723160523346 100.0 704000
1723160541313 100.0 708000
1723160560144 100.0 712000
1723160578829 100.0 716000
1723160596215 100.0 720000
1723160614222 100.0 724000
1723160634968 100.0 728000
1723160653651 100.0 732000
1723160672961 100.0 736000
1723160687850 100.0 740000
1723160702077 100.0 744000
1723160715659 100.0 748000
1723160729178 100.0 752000
1723160743689 100.0 756000
1723160756841 100.0 760000
1723160770730 100.0 764000
1723160783600 100.0 768000
1723160796215 100.0 772000
1723160808835 100.0 776000
1723160822438 100.0 780000
1723160835242 100.0 784000
1723160848160 100.0 788000
1723160861038 100.0 792000
1723160873903 100.0 796000
1723160887718 100.0 800000
1723160900932 100.0 804000
1723160913949 100.0 808000
1723160926616 100.0 812000
1723160939195 100.0 816000
1723160953138 100.0 820000
1723160970932 100.0 824000
1723160991070 100.0 828000
1723161004940 100.0 832000
1723161018155 100.0 836000
1723161031854 100.0 840000
1723161044373 100.0 844000
1723161057081 100.0 848000
1723161069876 100.0 852000
1723161082584 100.0 856000
1723161094971 100.0 860000
1723161107778 100.0 864000
1723161119796 100.0 868000
1723161132213 100.0 872000
1723161144777 100.0 876000
1723161156929 100.0 880000
1723161169352 100.0 884000
1723161181882 100.0 888000
1723161194353 100.0 892000
1723161206504 100.0 896000
1723161218488 100.0 900000
1723161231021 100.0 904000
1723161243418 100.0 908000
1723161255356 100.0 912000
1723161267593 100.0 916000
1723161279706 100.0 920000
1723161292020 100.0 924000
1723161303997 100.0 928000
1723161316108 100.0 932000
1723161328474 100.0 936000
1723161340623 100.0 940000
1723161353102 100.0 944000
1723161365616 100.0 948000
1723161378376 100.0 952000
1723161391162 100.0 956000
1723161403118 100.0 960000
1723161415482 100.0 964000
1723161428039 100.0 968000
1723161439955 100.0 972000
1723161452523 100.0 976000
1723161464770 100.0 980000
1723161477268 100.0 984000
1723161489995 100.0 988000
1723161502712 100.0 992000
1723161515130 100.0 996000
1723161527471 100.0 1000000
1723161540407 100.0 1004000
1723161552929 100.0 1008000
1723161565523 100.0 1012000
1723161577893 100.0 1016000
1723161590269 100.0 1020000
1723161602202 100.0 1024000
1723161614584 100.0 1028000
1723161626807 100.0 1032000
1723161639057 100.0 1036000
1723161651217 100.0 1040000
1723161663570 100.0 1044000
1723161675747 100.0 1048000
1723161687829 100.0 1052000
1723161699570 100.0 1056000
1723161711866 100.0 1060000
1723161723734 100.0 1064000
1723161735748 100.0 1068000
1723161747972 100.0 1072000
1723161760361 100.0 1076000
1723161773081 100.0 1080000
1723161785802 100.0 1084000
1723161798186 100.0 1088000
1723161810652 100.0 1092000
1723161823092 100.0 1096000
1723161835570 100.0 1100000
1723161847325 100.0 1104000
1723161859602 100.0 1108000
1723161871960 100.0 1112000
1723161883974 100.0 1116000
1723161896066 100.0 1120000
1723161908147 100.0 1124000
1723161920442 100.0 1128000
1723161932738 100.0 1132000
1723161945202 100.0 1136000
1723161957369 100.0 1140000
1723161969634 100.0 1144000
1723161982389 100.0 1148000
1723161994742 100.0 1152000
1723162007115 100.0 1156000
1723162019555 100.0 1160000
1723162032122 100.0 1164000
1723162044588 100.0 1168000
1723162057256 100.0 1172000
1723162069652 100.0 1176000
1723162082674 100.0 1180000
1723162095069 100.0 1184000
1723162108145 100.0 1188000
1723162120762 100.0 1192000
1723162133431 100.0 1196000
1723162146061 100.0 1200000
