1723157948687 1.0 4000
1723157966424 1.0 8000
1723157984334 1.0 12000
1723157998282 1.0 16000
1723158011263 1.0 20000
1723158024081 1.0 24000
1723158037023 1.0 28000
1723158050907 1.0 32000
1723158065121 1.0 36000
1723158079131 1.0 40000
1723158093221 1.0 44000
1723158107363 1.0 48000
1723158121430 1.0 52000
1723158135470 1.0 56000
1723158149227 1.0 60000
1723158163270 1.0 64000
1723158177273 1.0 68000
1723158191682 1.0 72000
1723158205825 1.0 76000
1723158220105 1.0 80000
1723158234104 1.0 84000
1723158248235 1.0 88000
1723158262254 1.0 92000
1723158276247 1.0 96000
1723158290118 1.0 100000
1723158304288 1.0 104000
1723158319174 1.0 108000
1723158333646 1.0 112000
1723158348209 1.0 116000
1723158362634 1.0 120000
1723158377106 1.0 124000
1723158392839 1.0 128000
1723158414775 1.0 132000
1723158430068 1.0 136000
1723158444654 1.0 140000
1723158458978 1.0 144000
1723158473372 1.0 148000
1723158487781 1.0 152000
1723158501900 1.0 156000
1723158516142 1.0 160000
1723158530522 1.0 164000
1723158545563 1.0 168000
1723158560292 1.0 172000
1723158575014 1.0 176000
1723158589525 1.0 180000
1723158603479 1.0 184000
1723158617266 1.0 188000
1723158631372 1.0 192000
1723158645177 1.0 196000
1723158658733 1.0 200000
1723158672861 1.0 204000
1723158687408 1.0 208000
1723158701635 1.0 212000
1723158715803 1.0 216000
1723158730265 1.0 220000
1723158744590 1.0 224000
1723158758488 1.0 228000
1723158772776 1.0 232000
1723158786655 1.0 236000
1723158800644 1.0 240000
1723158814603 1.0 244000
1723158829042 1.0 248000
1723158842535 1.0 252000
1723158856390 1.0 256000
1723158870666 1.0 260000
1723158885400 1.0 264000
1723158899339 1.0 268000
1723158913941 1.0 272000
1723158928311 1.0 276000
1723158942278 1.0 280000
1723158955915 1.0 284000
1723158969792 1.0 288000
1723158983823 1.0 292000
1723158997332 1.0 296000
1723159010896 1.0 300000
1723159024471 1.0 304000
1723159041383 1.0 308000
1723159061416 1.0 312000
1723159081115 1.0 316000
1723159096090 1.0 320000
1723159109840 1.0 324000
1723159123373 1.0 328000
1723159137144 1.0 332000
1723159151071 1.0 336000
1723159164688 1.0 340000
1723159178358 1.0 344000
1723159192380 1.0 348000
1723159205682 1.0 352000
1723159218879 1.0 356000
1723159232505 1.0 360000
1723159246763 1.0 364000
1723159260158 1.0 368000
1723159273453 1.0 372000
1723159287055 1.0 376000
1723159301095 1.0 380000
1723159315223 1.0 384000
1723159329032 1.0 388000
1723159343045 1.0 392000
1723159356717 1.0 396000
1723159370494 1.0 400000
1723159384775 1.0 404000
1723159398999 1.0 408000
1723159412458 1.0 412000
1723159431050 1.0 416000
1723159446385 1.0 420000
1723159460574 1.0 424000
1723159474857 1.0 428000
1723159488964 1.0 432000
1723159502416 1.0 436000
1723159515649 1.0 440000
1723159528947 1.0 444000
1723159542627 1.0 448000
1723159556246 1.0 452000
1723159583020 1.0 456000
1723159601075 1.0 460000
1723159618318 1.0 464000
1723159636504 1.0 468000
1723159654259 1.0 472000
1723159674014 1.0 476000
1723159692916 1.0 480000
1723159710308 1.0 484000
1723159724951 1.0 488000
1723159738626 1.0 492000
1723159751915 1.0 496000
1723159765632 1.0 500000
1723159779321 1.0 504000
1723159793052 1.0 508000
1723159806552 1.0 512000
1723159819906 1.0 516000
1723159834672 1.0 520000
1723159848619 1.0 524000
1723159863075 1.0 528000
1723159877358 1.0 532000
1723159891389 1.0 536000
1723159905570 1.0 540000
1723159919825 1.0 544000
1723159934176 1.0 548000
1723159948049 1.0 552000
1723159962164 1.0 556000
1723159976431 1.0 560000
1723159989935 1.0 564000
1723160003550 1.0 568000
1723160017365 1.0 572000
1723160031071 1.0 576000
1723160044780 1.0 580000
1723160063074 1.0 584000
1723160081286 1.0 588000
1723160099146 1.0 592000
1723160117053 1.0 596000
1723160130366 1.0 600000
1723160142886 1.0 604000
1723160155484 1.0 608000
1723160168024 1.0 612000
1723160180785 1.0 616000
1723160194105 1.0 620000
1723160206846 1.0 624000
1723160219785 1.0 628000
1723160232665 1.0 632000
1723160245030 1.0 636000
1723160257891 1.0 640000
1723160274839 1.0 644000
1723160292069 1.0 648000
1723160309405 1.0 652000
1723160326955 1.0 656000
1723160345110 1.0 660000
1723160362665 1.0 664000
1723160376964 1.0 668000
1723160390013 1.0 672000
1723160403498 1.0 676000
1723160424862 1.0 680000
1723160442730 1.0 684000
1723160460989 1.0 688000
1723160479365 1.0 692000
1723160493578 1.0 696000
1723160506751 1.0 700000
1723160523358 1.0 704000
1723160541325 1.0 708000
1723160560156 1.0 712000
1723160578844 1.0 716000
1723160596227 1.0 720000
1723160614234 1.0 724000
1723160634981 1.0 728000
1723160653663 1.0 732000
1723160672974 1.0 736000
1723160687862 1.0 740000
1723160702088 1.0 744000
1723160715671 1.0 748000
1723160729190 1.0 752000
1723160743701 1.0 756000
1723160756852 1.0 760000
1723160770742 1.0 764000
1723160783611 1.0 768000
1723160796226 1.0 772000
1723160808846 1.0 776000
1723160822449 1.0 780000
1723160835254 1.0 784000
1723160848172 1.0 788000
1723160861049 1.0 792000
1723160873914 1.0 796000
1723160887730 1.0 800000
1723160900943 1.0 804000
1723160913960 1.0 808000
1723160926627 1.0 812000
1723160939207 1.0 816000
1723160953149 1.0 820000
1723160970945 1.0 824000
1723160991083 1.0 828000
1723161004952 1.0 832000
1723161018167 1.0 836000
1723161031865 1.0 840000
1723161044384 1.0 844000
1723161057092 1.0 848000
1723161069887 1.0 852000
1723161082595 1.0 856000
1723161094982 1.0 860000
1723161107792 1.0 864000
1723161119807 1.0 868000
1723161132224 1.0 872000
1723161144788 1.0 876000
1723161156940 1.0 880000
1723161169363 1.0 884000
1723161181893 1.0 888000
1723161194365 1.0 892000
1723161206515 1.0 896000
1723161218500 1.0 900000
1723161231032 1.0 904000
1723161243429 1.0 908000
1723161255367 1.0 912000
1723161267605 1.0 916000
1723161279718 1.0 920000
1723161292033 1.0 924000
1723161304009 1.0 928000
1723161316120 1.0 932000
1723161328485 1.0 936000
1723161340635 1.0 940000
1723161353113 1.0 944000
1723161365628 1.0 948000
1723161378388 1.0 952000
1723161391173 1.0 956000
1723161403129 1.0 960000
1723161415493 1.0 964000
1723161428051 1.0 968000
1723161439966 1.0 972000
1723161452534 1.0 976000
1723161464781 1.0 980000
1723161477280 1.0 984000
1723161490006 1.0 988000
1723161502723 1.0 992000
1723161515141 1.0 996000
1723161527483 1.0 1000000
1723161540420 1.0 1004000
1723161552941 1.0 1008000
1723161565534 1.0 1012000
1723161577905 1.0 1016000
1723161590281 1.0 1020000
1723161602213 1.0 1024000
1723161614596 1.0 1028000
1723161626818 1.0 1032000
1723161639068 1.0 1036000
1723161651228 1.0 1040000
1723161663581 1.0 1044000
1723161675758 1.0 1048000
1723161687841 1.0 1052000
1723161699581 1.0 1056000
1723161711882 1.0 1060000
1723161723746 1.0 1064000
1723161735759 1.0 1068000
1723161747983 1.0 1072000
1723161760372 1.0 1076000
1723161773092 1.0 1080000
1723161785814 1.0 1084000
1723161798197 1.0 1088000
1723161810663 1.0 1092000
1723161823104 1.0 1096000
1723161835581 1.0 1100000
1723161847336 1.0 1104000
1723161859613 1.0 1108000
1723161871971 1.0 1112000
1723161883986 1.0 1116000
1723161896077 1.0 1120000
1723161908160 1.0 1124000
1723161920454 1.0 1128000
1723161932750 1.0 1132000
1723161945214 1.0 1136000
1723161957381 1.0 1140000
1723161969645 1.0 1144000
1723161982401 1.0 1148000
1723161994754 1.0 1152000
1723162007127 1.0 1156000
1723162019566 1.0 1160000
1723162032134 1.0 1164000
1723162044600 1.0 1168000
1723162057268 1.0 1172000
1723162069664 1.0 1176000
1723162082685 1.0 1180000
1723162095080 1.0 1184000
1723162108156 1.0 1188000
1723162120774 1.0 1192000
1723162133442 1.0 1196000
1723162146072 1.0 1200000
