1723157948654 1.0 4000
1723157966402 1.0 8000
1723157984311 1.0 12000
1723157998263 1.0 16000
1723158011244 1.0 20000
1723158024063 1.0 24000
1723158037004 1.0 28000
1723158050888 1.0 32000
1723158065102 1.0 36000
1723158079112 1.0 40000
1723158093203 1.0 44000
1723158107345 1.0 48000
1723158121411 1.0 52000
1723158135452 1.0 56000
1723158149208 1.0 60000
1723158163251 1.0 64000
1723158177255 1.0 68000
1723158191664 1.0 72000
1723158205806 1.0 76000
1723158220086 1.0 80000
1723158234085 1.0 84000
1723158248217 1.0 88000
1723158262234 1.0 92000
1723158276229 1.0 96000
1723158290099 1.0 100000
1723158304268 1.0 104000
1723158319155 1.0 108000
1723158333628 1.0 112000
1723158348190 1.0 116000
1723158362614 1.0 120000
1723158377086 1.0 124000
1723158392817 1.0 128000
1723158414753 1.0 132000
1723158430048 1.0 136000
1723158444634 1.0 140000
1723158458960 1.0 144000
1723158473352 1.0 148000
1723158487762 1.0 152000
1723158501881 1.0 156000
1723158516123 1.0 160000
1723158530504 1.0 164000
1723158545544 1.0 168000
1723158560273 1.0 172000
1723158574995 1.0 176000
1723158589507 1.0 180000
1723158603461 1.0 184000
1723158617247 1.0 188000
1723158631354 1.0 192000
1723158645159 1.0 196000
1723158658714 1.0 200000
1723158672843 1.0 204000
1723158687387 1.0 208000
1723158701616 1.0 212000
1723158715784 1.0 216000
1723158730247 1.0 220000
1723158744571 1.0 224000
1723158758469 1.0 228000
1723158772758 1.0 232000
1723158786633 1.0 236000
1723158800625 1.0 240000
1723158814584 1.0 244000
1723158829024 1.0 248000
1723158842517 1.0 252000
1723158856370 1.0 256000
1723158870646 1.0 260000
1723158885381 1.0 264000
1723158899319 1.0 268000
1723158913921 1.0 272000
1723158928292 1.0 276000
1723158942259 1.0 280000
1723158955896 1.0 284000
1723158969769 1.0 288000
1723158983805 1.0 292000
1723158997313 1.0 296000
1723159010878 1.0 300000
1723159024452 1.0 304000
1723159041360 1.0 308000
1723159061397 1.0 312000
1723159081091 1.0 316000
1723159096071 1.0 320000
1723159109822 1.0 324000
1723159123354 1.0 328000
1723159137124 1.0 332000
1723159151053 1.0 336000
1723159164670 1.0 340000
1723159178339 1.0 344000
1723159192360 1.0 348000
1723159205664 1.0 352000
1723159218860 1.0 356000
1723159232486 1.0 360000
1723159246744 1.0 364000
1723159260139 1.0 368000
1723159273434 1.0 372000
1723159287037 1.0 376000
1723159301076 1.0 380000
1723159315202 1.0 384000
1723159329013 1.0 388000
1723159343026 1.0 392000
1723159356699 1.0 396000
1723159370473 1.0 400000
1723159384756 1.0 404000
1723159398979 1.0 408000
1723159412439 1.0 412000
1723159431031 1.0 416000
1723159446367 1.0 420000
1723159460555 1.0 424000
1723159474838 1.0 428000
1723159488945 1.0 432000
1723159502397 1.0 436000
1723159515631 1.0 440000
1723159528928 1.0 444000
1723159542609 1.0 448000
1723159556228 1.0 452000
1723159583000 1.0 456000
1723159601051 1.0 460000
1723159618299 1.0 464000
1723159636482 1.0 468000
1723159654239 1.0 472000
1723159673995 1.0 476000
1723159692892 1.0 480000
1723159710288 1.0 484000
1723159724932 1.0 488000
1723159738607 1.0 492000
1723159751896 1.0 496000
1723159765613 1.0 500000
1723159779302 1.0 504000
1723159793033 1.0 508000
1723159806533 1.0 512000
1723159819887 1.0 516000
1723159834654 1.0 520000
1723159848600 1.0 524000
1723159863056 1.0 528000
1723159877338 1.0 532000
1723159891370 1.0 536000
1723159905551 1.0 540000
1723159919807 1.0 544000
1723159934157 1.0 548000
1723159948030 1.0 552000
1723159962145 1.0 556000
1723159976413 1.0 560000
1723159989916 1.0 564000
1723160003532 1.0 568000
1723160017346 1.0 572000
1723160031053 1.0 576000
1723160044762 1.0 580000
1723160063052 1.0 584000
1723160081264 1.0 588000
1723160099124 1.0 592000
1723160117030 1.0 596000
1723160130346 1.0 600000
1723160142868 1.0 604000
1723160155465 1.0 608000
1723160168005 1.0 612000
1723160180762 1.0 616000
1723160194085 1.0 620000
1723160206827 1.0 624000
1723160219765 1.0 628000
1723160232647 1.0 632000
1723160245011 1.0 636000
1723160257872 1.0 640000
1723160274818 1.0 644000
1723160292050 1.0 648000
1723160309386 1.0 652000
1723160326933 1.0 656000
1723160345086 1.0 660000
1723160362644 1.0 664000
1723160376945 1.0 668000
1723160389993 1.0 672000
1723160403479 1.0 676000
1723160424840 1.0 680000
1723160442708 1.0 684000
1723160460967 1.0 688000
1723160479345 1.0 692000
1723160493558 1.0 696000
1723160506732 1.0 700000
1723160523338 1.0 704000
1723160541306 1.0 708000
1723160560136 1.0 712000
1723160578821 1.0 716000
1723160596206 1.0 720000
1723160614215 1.0 724000
1723160634960 1.0 728000
1723160653643 1.0 732000
1723160672953 1.0 736000
1723160687843 1.0 740000
1723160702070 1.0 744000
1723160715652 1.0 748000
1723160729171 1.0 752000
1723160743682 1.0 756000
1723160756833 1.0 760000
1723160770723 1.0 764000
1723160783592 1.0 768000
1723160796207 1.0 772000
1723160808828 1.0 776000
1723160822430 1.0 780000
1723160835235 1.0 784000
1723160848153 1.0 788000
1723160861030 1.0 792000
1723160873895 1.0 796000
1723160887711 1.0 800000
1723160900924 1.0 804000
1723160913941 1.0 808000
1723160926609 1.0 812000
1723160939187 1.0 816000
1723160953131 1.0 820000
1723160970925 1.0 824000
1723160991061 1.0 828000
1723161004931 1.0 832000
1723161018147 1.0 836000
1723161031846 1.0 840000
1723161044365 1.0 844000
1723161057074 1.0 848000
1723161069868 1.0 852000
1723161082576 1.0 856000
1723161094964 1.0 860000
1723161107770 1.0 864000
1723161119789 1.0 868000
1723161132206 1.0 872000
1723161144769 1.0 876000
1723161156921 1.0 880000
1723161169344 1.0 884000
1723161181874 1.0 888000
1723161194346 1.0 892000
1723161206496 1.0 896000
1723161218481 1.0 900000
1723161231013 1.0 904000
1723161243410 1.0 908000
1723161255349 1.0 912000
1723161267586 1.0 916000
1723161279699 1.0 920000
1723161292012 1.0 924000
1723161303989 1.0 928000
1723161316100 1.0 932000
1723161328466 1.0 936000
1723161340616 1.0 940000
1723161353095 1.0 944000
1723161365609 1.0 948000
1723161378368 1.0 952000
1723161391155 1.0 956000
1723161403111 1.0 960000
1723161415474 1.0 964000
1723161428032 1.0 968000
1723161439948 1.0 972000
1723161452515 1.0 976000
1723161464763 1.0 980000
1723161477261 1.0 984000
1723161489987 1.0 988000
1723161502704 1.0 992000
1723161515122 1.0 996000
1723161527462 1.0 1000000
1723161540398 1.0 1004000
1723161552921 1.0 1008000
1723161565515 1.0 1012000
1723161577885 1.0 1016000
1723161590262 1.0 1020000
1723161602195 1.0 1024000
1723161614577 1.0 1028000
1723161626799 1.0 1032000
1723161639049 1.0 1036000
1723161651208 1.0 1040000
1723161663562 1.0 1044000
1723161675739 1.0 1048000
1723161687822 1.0 1052000
1723161699562 1.0 1056000
1723161711858 1.0 1060000
1723161723727 1.0 1064000
1723161735741 1.0 1068000
1723161747964 1.0 1072000
1723161760353 1.0 1076000
1723161773074 1.0 1080000
1723161785795 1.0 1084000
1723161798178 1.0 1088000
1723161810644 1.0 1092000
1723161823085 1.0 1096000
1723161835562 1.0 1100000
1723161847318 1.0 1104000
1723161859595 1.0 1108000
1723161871952 1.0 1112000
1723161883966 1.0 1116000
1723161896058 1.0 1120000
1723161908139 1.0 1124000
1723161920435 1.0 1128000
1723161932731 1.0 1132000
1723161945195 1.0 1136000
1723161957362 1.0 1140000
1723161969626 1.0 1144000
1723161982382 1.0 1148000
1723161994735 1.0 1152000
1723162007108 1.0 1156000
1723162019547 1.0 1160000
1723162032115 1.0 1164000
1723162044580 1.0 1168000
1723162057248 1.0 1172000
1723162069645 1.0 1176000
1723162082666 1.0 1180000
1723162095062 1.0 1184000
1723162108138 1.0 1188000
1723162120755 1.0 1192000
1723162133423 1.0 1196000
1723162146053 1.0 1200000
