1723157948646 0.0 4000
1723157966398 0.0 8000
1723157984307 0.0 12000
1723157998259 0.0 16000
1723158011240 0.0 20000
1723158024059 0.0 24000
1723158037000 0.0 28000
1723158050885 0.0 32000
1723158065098 0.0 36000
1723158079108 0.0 40000
1723158093199 0.0 44000
1723158107341 0.0 48000
1723158121407 0.0 52000
1723158135448 0.0 56000
1723158149205 0.0 60000
1723158163247 0.0 64000
1723158177251 0.0 68000
1723158191660 0.0 72000
1723158205802 0.0 76000
1723158220083 0.0 80000
1723158234081 0.0 84000
1723158248213 0.0 88000
1723158262230 0.0 92000
1723158276225 0.0 96000
1723158290096 0.0 100000
1723158304265 0.0 104000
1723158319152 0.0 108000
1723158333624 0.0 112000
1723158348186 0.0 116000
1723158362611 0.0 120000
1723158377083 0.0 124000
1723158392813 0.0 128000
1723158414749 0.0 132000
1723158430045 0.0 136000
1723158444630 0.0 140000
1723158458956 0.0 144000
1723158473348 0.0 148000
1723158487759 0.0 152000
1723158501877 0.0 156000
1723158516120 0.0 160000
1723158530500 0.0 164000
1723158545541 0.0 168000
1723158560269 0.0 172000
1723158574992 0.0 176000
1723158589503 0.0 180000
1723158603457 0.0 184000
1723158617243 0.0 188000
1723158631350 0.0 192000
1723158645155 0.0 196000
1723158658711 0.0 200000
1723158672840 0.0 204000
1723158687383 0.0 208000
1723158701612 0.0 212000
1723158715780 0.0 216000
1723158730243 0.0 220000
1723158744568 0.0 224000
1723158758465 0.0 228000
1723158772754 0.0 232000
1723158786630 0.0 236000
1723158800622 0.0 240000
1723158814580 0.0 244000
1723158829020 0.0 248000
1723158842513 0.0 252000
1723158856367 0.0 256000
1723158870643 0.0 260000
1723158885378 0.0 264000
1723158899316 0.0 268000
1723158913918 0.0 272000
1723158928288 0.0 276000
1723158942256 0.0 280000
1723158955893 0.0 284000
1723158969760 0.0 288000
1723158983801 0.0 292000
1723158997310 0.0 296000
1723159010874 0.0 300000
1723159024449 0.0 304000
1723159041356 0.0 308000
1723159061393 0.0 312000
1723159081086 0.0 316000
1723159096068 0.0 320000
1723159109818 0.0 324000
1723159123350 0.0 328000
1723159137121 0.0 332000
1723159151049 0.0 336000
1723159164666 0.0 340000
1723159178335 0.0 344000
1723159192357 0.0 348000
1723159205660 0.0 352000
1723159218857 0.0 356000
1723159232482 0.0 360000
1723159246740 0.0 364000
1723159260135 0.0 368000
1723159273430 0.0 372000
1723159287033 0.0 376000
1723159301072 0.0 380000
1723159315199 0.0 384000
1723159329009 0.0 388000
1723159343023 0.0 392000
1723159356695 0.0 396000
1723159370469 0.0 400000
1723159384752 0.0 404000
1723159398974 0.0 408000
1723159412435 0.0 412000
1723159431027 0.0 416000
1723159446363 0.0 420000
1723159460552 0.0 424000
1723159474835 0.0 428000
1723159488942 0.0 432000
1723159502393 0.0 436000
1723159515628 0.0 440000
1723159528925 0.0 444000
1723159542605 0.0 448000
1723159556224 0.0 452000
1723159582996 0.0 456000
1723159601046 0.0 460000
1723159618295 0.0 464000
1723159636478 0.0 468000
1723159654235 0.0 472000
1723159673991 0.0 476000
1723159692888 0.0 480000
1723159710285 0.0 484000
1723159724929 0.0 488000
1723159738603 0.0 492000
1723159751893 0.0 496000
1723159765610 0.0 500000
1723159779299 0.0 504000
1723159793029 0.0 508000
1723159806530 0.0 512000
1723159819883 0.0 516000
1723159834650 0.0 520000
1723159848596 0.0 524000
1723159863052 0.0 528000
1723159877335 0.0 532000
1723159891366 0.0 536000
1723159905547 0.0 540000
1723159919803 0.0 544000
1723159934154 0.0 548000
1723159948026 0.0 552000
1723159962142 0.0 556000
1723159976410 0.0 560000
1723159989913 0.0 564000
1723160003528 0.0 568000
1723160017342 0.0 572000
1723160031049 0.0 576000
1723160044758 0.0 580000
1723160063048 0.0 584000
1723160081259 0.0 588000
1723160099120 0.0 592000
1723160117026 0.0 596000
1723160130343 0.0 600000
1723160142864 0.0 604000
1723160155462 0.0 608000
1723160168001 0.0 612000
1723160180758 0.0 616000
1723160194082 0.0 620000
1723160206823 0.0 624000
1723160219761 0.0 628000
1723160232643 0.0 632000
1723160245007 0.0 636000
1723160257869 0.0 640000
1723160274814 0.0 644000
1723160292046 0.0 648000
1723160309382 0.0 652000
1723160326930 0.0 656000
1723160345082 0.0 660000
1723160362641 0.0 664000
1723160376941 0.0 668000
1723160389989 0.0 672000
1723160403475 0.0 676000
1723160424837 0.0 680000
1723160442704 0.0 684000
1723160460963 0.0 688000
1723160479341 0.0 692000
1723160493554 0.0 696000
1723160506728 0.0 700000
1723160523335 0.0 704000
1723160541302 0.0 708000
1723160560132 0.0 712000
1723160578817 0.0 716000
1723160596203 0.0 720000
1723160614211 0.0 724000
1723160634956 0.0 728000
1723160653639 0.0 732000
1723160672949 0.0 736000
1723160687840 0.0 740000
1723160702066 0.0 744000
1723160715648 0.0 748000
1723160729167 0.0 752000
1723160743678 0.0 756000
1723160756829 0.0 760000
1723160770719 0.0 764000
1723160783589 0.0 768000
1723160796204 0.0 772000
1723160808824 0.0 776000
1723160822426 0.0 780000
1723160835231 0.0 784000
1723160848149 0.0 788000
1723160861027 0.0 792000
1723160873892 0.0 796000
1723160887707 0.0 800000
1723160900921 0.0 804000
1723160913938 0.0 808000
1723160926605 0.0 812000
1723160939184 0.0 816000
1723160953127 0.0 820000
1723160970921 0.0 824000
1723160991057 0.0 828000
1723161004926 0.0 832000
1723161018144 0.0 836000
1723161031843 0.0 840000
1723161044362 0.0 844000
1723161057070 0.0 848000
1723161069865 0.0 852000
1723161082572 0.0 856000
1723161094960 0.0 860000
1723161107766 0.0 864000
1723161119785 0.0 868000
1723161132202 0.0 872000
1723161144765 0.0 876000
1723161156917 0.0 880000
1723161169341 0.0 884000
1723161181871 0.0 888000
1723161194342 0.0 892000
1723161206493 0.0 896000
1723161218477 0.0 900000
1723161231010 0.0 904000
1723161243407 0.0 908000
1723161255345 0.0 912000
1723161267582 0.0 916000
1723161279695 0.0 920000
1723161292009 0.0 924000
1723161303986 0.0 928000
1723161316097 0.0 932000
1723161328463 0.0 936000
1723161340612 0.0 940000
1723161353091 0.0 944000
1723161365605 0.0 948000
1723161378365 0.0 952000
1723161391151 0.0 956000
1723161403107 0.0 960000
1723161415471 0.0 964000
1723161428028 0.0 968000
1723161439944 0.0 972000
1723161452511 0.0 976000
1723161464759 0.0 980000
1723161477258 0.0 984000
1723161489984 0.0 988000
1723161502700 0.0 992000
1723161515118 0.0 996000
1723161527459 0.0 1000000
1723161540395 0.0 1004000
1723161552917 0.0 1008000
1723161565512 0.0 1012000
1723161577882 0.0 1016000
1723161590258 0.0 1020000
1723161602191 0.0 1024000
1723161614573 0.0 1028000
1723161626796 0.0 1032000
1723161639046 0.0 1036000
1723161651205 0.0 1040000
1723161663558 0.0 1044000
1723161675735 0.0 1048000
1723161687819 0.0 1052000
1723161699559 0.0 1056000
1723161711854 0.0 1060000
1723161723723 0.0 1064000
1723161735738 0.0 1068000
1723161747961 0.0 1072000
1723161760350 0.0 1076000
1723161773070 0.0 1080000
1723161785791 0.0 1084000
1723161798175 0.0 1088000
1723161810640 0.0 1092000
1723161823082 0.0 1096000
1723161835558 0.0 1100000
1723161847314 0.0 1104000
1723161859591 0.0 1108000
1723161871949 0.0 1112000
1723161883963 0.0 1116000
1723161896055 0.0 1120000
1723161908136 0.0 1124000
1723161920431 0.0 1128000
1723161932727 0.0 1132000
1723161945191 0.0 1136000
1723161957358 0.0 1140000
1723161969623 0.0 1144000
1723161982378 0.0 1148000
1723161994731 0.0 1152000
1723162007104 0.0 1156000
1723162019544 0.0 1160000
1723162032112 0.0 1164000
1723162044577 0.0 1168000
1723162057243 0.0 1172000
1723162069641 0.0 1176000
1723162082663 0.0 1180000
1723162095058 0.0 1184000
1723162108134 0.0 1188000
1723162120751 0.0 1192000
1723162133420 0.0 1196000
1723162146050 0.0 1200000
