1723157948674 -1.0 4000
1723157966415 -1.0 8000
1723157984323 -1.0 12000
1723157998273 -1.0 16000
1723158011255 -1.0 20000
1723158024073 -1.0 24000
1723158037014 -1.0 28000
1723158050899 -1.0 32000
1723158065112 -1.0 36000
1723158079122 -1.0 40000
1723158093213 -1.0 44000
1723158107355 -1.0 48000
1723158121421 -1.0 52000
1723158135462 -1.0 56000
1723158149219 -1.0 60000
1723158163261 -1.0 64000
1723158177265 -1.0 68000
1723158191674 -1.0 72000
1723158205817 -1.0 76000
1723158220096 -1.0 80000
1723158234095 -1.0 84000
1723158248227 -1.0 88000
1723158262244 -1.0 92000
1723158276239 -1.0 96000
1723158290110 -1.0 100000
1723158304279 -1.0 104000
1723158319166 -1.0 108000
1723158333638 -1.0 112000
1723158348200 -1.0 116000
1723158362625 -1.0 120000
1723158377097 -1.0 124000
1723158392829 -1.0 128000
1723158414764 -1.0 132000
1723158430059 -1.0 136000
1723158444644 -1.0 140000
1723158458970 -1.0 144000
1723158473363 -1.0 148000
1723158487773 -1.0 152000
1723158501891 -1.0 156000
1723158516134 -1.0 160000
1723158530514 -1.0 164000
1723158545554 -1.0 168000
1723158560283 -1.0 172000
1723158575006 -1.0 176000
1723158589517 -1.0 180000
1723158603471 -1.0 184000
1723158617257 -1.0 188000
1723158631364 -1.0 192000
1723158645169 -1.0 196000
1723158658724 -1.0 200000
1723158672853 -1.0 204000
1723158687399 -1.0 208000
1723158701626 -1.0 212000
1723158715794 -1.0 216000
1723158730257 -1.0 220000
1723158744582 -1.0 224000
1723158758479 -1.0 228000
1723158772768 -1.0 232000
1723158786646 -1.0 236000
1723158800635 -1.0 240000
1723158814594 -1.0 244000
1723158829034 -1.0 248000
1723158842527 -1.0 252000
1723158856381 -1.0 256000
1723158870657 -1.0 260000
1723158885392 -1.0 264000
1723158899330 -1.0 268000
1723158913932 -1.0 272000
1723158928303 -1.0 276000
1723158942270 -1.0 280000
1723158955906 -1.0 284000
1723158969782 -1.0 288000
1723158983815 -1.0 292000
1723158997323 -1.0 296000
1723159010888 -1.0 300000
1723159024462 -1.0 304000
1723159041372 -1.0 308000
1723159061408 -1.0 312000
1723159081104 -1.0 316000
1723159096082 -1.0 320000
1723159109832 -1.0 324000
1723159123364 -1.0 328000
1723159137135 -1.0 332000
1723159151063 -1.0 336000
1723159164680 -1.0 340000
1723159178349 -1.0 344000
1723159192371 -1.0 348000
1723159205674 -1.0 352000
1723159218871 -1.0 356000
1723159232497 -1.0 360000
1723159246754 -1.0 364000
1723159260149 -1.0 368000
1723159273444 -1.0 372000
1723159287047 -1.0 376000
1723159301086 -1.0 380000
1723159315214 -1.0 384000
1723159329023 -1.0 388000
1723159343036 -1.0 392000
1723159356709 -1.0 396000
1723159370484 -1.0 400000
1723159384766 -1.0 404000
1723159398990 -1.0 408000
1723159412449 -1.0 412000
1723159431041 -1.0 416000
1723159446377 -1.0 420000
1723159460565 -1.0 424000
1723159474849 -1.0 428000
1723159488956 -1.0 432000
1723159502408 -1.0 436000
1723159515641 -1.0 440000
1723159528938 -1.0 444000
1723159542619 -1.0 448000
1723159556238 -1.0 452000
1723159583011 -1.0 456000
1723159601062 -1.0 460000
1723159618309 -1.0 464000
1723159636494 -1.0 468000
1723159654250 -1.0 472000
1723159674005 -1.0 476000
1723159692905 -1.0 480000
1723159710299 -1.0 484000
1723159724943 -1.0 488000
1723159738617 -1.0 492000
1723159751906 -1.0 496000
1723159765624 -1.0 500000
1723159779312 -1.0 504000
1723159793043 -1.0 508000
1723159806543 -1.0 512000
1723159819897 -1.0 516000
1723159834664 -1.0 520000
1723159848610 -1.0 524000
1723159863067 -1.0 528000
1723159877349 -1.0 532000
1723159891380 -1.0 536000
1723159905561 -1.0 540000
1723159919817 -1.0 544000
1723159934168 -1.0 548000
1723159948040 -1.0 552000
1723159962155 -1.0 556000
1723159976423 -1.0 560000
1723159989926 -1.0 564000
1723160003542 -1.0 568000
1723160017356 -1.0 572000
1723160031063 -1.0 576000
1723160044772 -1.0 580000
1723160063064 -1.0 584000
1723160081276 -1.0 588000
1723160099137 -1.0 592000
1723160117042 -1.0 596000
1723160130357 -1.0 600000
1723160142878 -1.0 604000
1723160155476 -1.0 608000
1723160168015 -1.0 612000
1723160180774 -1.0 616000
1723160194096 -1.0 620000
1723160206838 -1.0 624000
1723160219776 -1.0 628000
1723160232657 -1.0 632000
1723160245021 -1.0 636000
1723160257882 -1.0 640000
1723160274831 -1.0 644000
1723160292060 -1.0 648000
1723160309396 -1.0 652000
1723160326945 -1.0 656000
1723160345099 -1.0 660000
1723160362656 -1.0 664000
1723160376955 -1.0 668000
1723160390003 -1.0 672000
1723160403489 -1.0 676000
1723160424852 -1.0 680000
1723160442719 -1.0 684000
1723160460978 -1.0 688000
1723160479356 -1.0 692000
1723160493569 -1.0 696000
1723160506742 -1.0 700000
1723160523349 -1.0 704000
1723160541316 -1.0 708000
1723160560146 -1.0 712000
1723160578832 -1.0 716000
1723160596217 -1.0 720000
1723160614225 -1.0 724000
1723160634972 -1.0 728000
1723160653654 -1.0 732000
1723160672964 -1.0 736000
1723160687854 -1.0 740000
1723160702080 -1.0 744000
1723160715662 -1.0 748000
1723160729181 -1.0 752000
1723160743692 -1.0 756000
1723160756844 -1.0 760000
1723160770733 -1.0 764000
1723160783603 -1.0 768000
1723160796218 -1.0 772000
1723160808838 -1.0 776000
1723160822441 -1.0 780000
1723160835245 -1.0 784000
1723160848163 -1.0 788000
1723160861041 -1.0 792000
1723160873906 -1.0 796000
1723160887721 -1.0 800000
1723160900934 -1.0 804000
1723160913952 -1.0 808000
1723160926619 -1.0 812000
1723160939198 -1.0 816000
1723160953141 -1.0 820000
1723160970935 -1.0 824000
1723160991073 -1.0 828000
1723161004944 -1.0 832000
1723161018158 -1.0 836000
1723161031857 -1.0 840000
1723161044376 -1.0 844000
1723161057084 -1.0 848000
1723161069878 -1.0 852000
1723161082587 -1.0 856000
1723161094974 -1.0 860000
1723161107782 -1.0 864000
1723161119799 -1.0 868000
1723161132216 -1.0 872000
1723161144779 -1.0 876000
1723161156932 -1.0 880000
1723161169355 -1.0 884000
1723161181885 -1.0 888000
1723161194356 -1.0 892000
1723161206506 -1.0 896000
1723161218491 -1.0 900000
1723161231024 -1.0 904000
1723161243420 -1.0 908000
1723161255359 -1.0 912000
1723161267596 -1.0 916000
1723161279709 -1.0 920000
1723161292024 -1.0 924000
1723161304000 -1.0 928000
1723161316111 -1.0 932000
1723161328477 -1.0 936000
1723161340626 -1.0 940000
1723161353105 -1.0 944000
1723161365619 -1.0 948000
1723161378379 -1.0 952000
1723161391165 -1.0 956000
1723161403121 -1.0 960000
1723161415485 -1.0 964000
1723161428042 -1.0 968000
1723161439958 -1.0 972000
1723161452525 -1.0 976000
1723161464773 -1.0 980000
1723161477271 -1.0 984000
1723161489998 -1.0 988000
1723161502715 -1.0 992000
1723161515133 -1.0 996000
1723161527474 -1.0 1000000
1723161540411 -1.0 1004000
1723161552932 -1.0 1008000
1723161565525 -1.0 1012000
1723161577896 -1.0 1016000
1723161590272 -1.0 1020000
1723161602205 -1.0 1024000
1723161614587 -1.0 1028000
1723161626810 -1.0 1032000
1723161639060 -1.0 1036000
1723161651220 -1.0 1040000
1723161663572 -1.0 1044000
1723161675750 -1.0 1048000
1723161687832 -1.0 1052000
1723161699572 -1.0 1056000
1723161711872 -1.0 1060000
1723161723737 -1.0 1064000
1723161735751 -1.0 1068000
1723161747975 -1.0 1072000
1723161760363 -1.0 1076000
1723161773084 -1.0 1080000
1723161785805 -1.0 1084000
1723161798188 -1.0 1088000
1723161810655 -1.0 1092000
1723161823095 -1.0 1096000
1723161835573 -1.0 1100000
1723161847328 -1.0 1104000
1723161859605 -1.0 1108000
1723161871962 -1.0 1112000
1723161883976 -1.0 1116000
1723161896068 -1.0 1120000
1723161908150 -1.0 1124000
1723161920445 -1.0 1128000
1723161932741 -1.0 1132000
1723161945205 -1.0 1136000
1723161957372 -1.0 1140000
1723161969637 -1.0 1144000
1723161982392 -1.0 1148000
1723161994745 -1.0 1152000
1723162007118 -1.0 1156000
1723162019558 -1.0 1160000
1723162032125 -1.0 1164000
1723162044591 -1.0 1168000
1723162057259 -1.0 1172000
1723162069655 -1.0 1176000
1723162082677 -1.0 1180000
1723162095072 -1.0 1184000
1723162108148 -1.0 1188000
1723162120765 -1.0 1192000
1723162133434 -1.0 1196000
1723162146064 -1.0 1200000
