1723157948634 0.0 4000
1723157966390 0.0 8000
1723157984298 0.0 12000
1723157998251 0.0 16000
1723158011232 0.0 20000
1723158024052 0.0 24000
1723158036992 0.0 28000
1723158050877 0.0 32000
1723158065090 0.0 36000
1723158079101 0.0 40000
1723158093191 0.0 44000
1723158107334 0.0 48000
1723158121398 0.0 52000
1723158135441 0.0 56000
1723158149196 0.0 60000
1723158163239 0.0 64000
1723158177244 0.0 68000
1723158191653 0.0 72000
1723158205795 0.0 76000
1723158220075 0.0 80000
1723158234074 0.0 84000
1723158248206 0.0 88000
1723158262221 0.0 92000
1723158276217 0.0 96000
1723158290088 0.0 100000
1723158304257 0.0 104000
1723158319144 0.0 108000
1723158333616 0.0 112000
1723158348178 0.0 116000
1723158362603 0.0 120000
1723158377075 0.0 124000
1723158392804 0.0 128000
1723158414741 0.0 132000
1723158430037 0.0 136000
1723158444620 0.0 140000
1723158458949 0.0 144000
1723158473340 0.0 148000
1723158487751 0.0 152000
1723158501870 0.0 156000
1723158516112 0.0 160000
1723158530492 0.0 164000
1723158545533 0.0 168000
1723158560261 0.0 172000
1723158574984 0.0 176000
1723158589496 0.0 180000
1723158603450 0.0 184000
1723158617236 0.0 188000
1723158631342 0.0 192000
1723158645148 0.0 196000
1723158658703 0.0 200000
1723158672832 0.0 204000
1723158687376 0.0 208000
1723158701605 0.0 212000
1723158715772 0.0 216000
1723158730235 0.0 220000
1723158744560 0.0 224000
1723158758458 0.0 228000
1723158772747 0.0 232000
1723158786622 0.0 236000
1723158800614 0.0 240000
1723158814573 0.0 244000
1723158829013 0.0 248000
1723158842505 0.0 252000
1723158856359 0.0 256000
1723158870635 0.0 260000
1723158885370 0.0 264000
1723158899307 0.0 268000
1723158913910 0.0 272000
1723158928281 0.0 276000
1723158942248 0.0 280000
1723158955885 0.0 284000
1723158969745 0.0 288000
1723158983794 0.0 292000
1723158997302 0.0 296000
1723159010867 0.0 300000
1723159024441 0.0 304000
1723159041348 0.0 308000
1723159061385 0.0 312000
1723159081076 0.0 316000
1723159096060 0.0 320000
1723159109811 0.0 324000
1723159123342 0.0 328000
1723159137113 0.0 332000
1723159151041 0.0 336000
1723159164659 0.0 340000
1723159178328 0.0 344000
1723159192349 0.0 348000
1723159205653 0.0 352000
1723159218849 0.0 356000
1723159232474 0.0 360000
1723159246733 0.0 364000
1723159260128 0.0 368000
1723159273423 0.0 372000
1723159287025 0.0 376000
1723159301065 0.0 380000
1723159315191 0.0 384000
1723159329001 0.0 388000
1723159343015 0.0 392000
1723159356687 0.0 396000
1723159370461 0.0 400000
1723159384745 0.0 404000
1723159398966 0.0 408000
1723159412427 0.0 412000
1723159431016 0.0 416000
1723159446355 0.0 420000
1723159460544 0.0 424000
1723159474827 0.0 428000
1723159488934 0.0 432000
1723159502385 0.0 436000
1723159515620 0.0 440000
1723159528917 0.0 444000
1723159542598 0.0 448000
1723159556216 0.0 452000
1723159582988 0.0 456000
1723159601038 0.0 460000
1723159618287 0.0 464000
1723159636468 0.0 468000
1723159654228 0.0 472000
1723159673984 0.0 476000
1723159692879 0.0 480000
1723159710277 0.0 484000
1723159724921 0.0 488000
1723159738595 0.0 492000
1723159751885 0.0 496000
1723159765602 0.0 500000
1723159779291 0.0 504000
1723159793021 0.0 508000
1723159806522 0.0 512000
1723159819876 0.0 516000
1723159834642 0.0 520000
1723159848589 0.0 524000
1723159863045 0.0 528000
1723159877327 0.0 532000
1723159891358 0.0 536000
1723159905539 0.0 540000
1723159919795 0.0 544000
1723159934146 0.0 548000
1723159948018 0.0 552000
1723159962134 0.0 556000
1723159976402 0.0 560000
1723159989905 0.0 564000
1723160003521 0.0 568000
1723160017334 0.0 572000
1723160031041 0.0 576000
1723160044750 0.0 580000
1723160063040 0.0 584000
1723160081251 0.0 588000
1723160099108 0.0 592000
1723160117017 0.0 596000
1723160130335 0.0 600000
1723160142857 0.0 604000
1723160155454 0.0 608000
1723160167991 0.0 612000
1723160180750 0.0 616000
1723160194074 0.0 620000
1723160206815 0.0 624000
1723160219752 0.0 628000
1723160232635 0.0 632000
1723160244999 0.0 636000
1723160257861 0.0 640000
1723160274797 0.0 644000
1723160292037 0.0 648000
1723160309374 0.0 652000
1723160326920 0.0 656000
1723160345072 0.0 660000
1723160362632 0.0 664000
1723160376934 0.0 668000
1723160389982 0.0 672000
1723160403467 0.0 676000
1723160424828 0.0 680000
1723160442696 0.0 684000
1723160460954 0.0 688000
1723160479333 0.0 692000
1723160493546 0.0 696000
1723160506721 0.0 700000
1723160523325 0.0 704000
1723160541294 0.0 708000
1723160560123 0.0 712000
1723160578809 0.0 716000
1723160596194 0.0 720000
1723160614203 0.0 724000
1723160634947 0.0 728000
1723160653630 0.0 732000
1723160672941 0.0 736000
1723160687832 0.0 740000
1723160702058 0.0 744000
1723160715641 0.0 748000
1723160729159 0.0 752000
1723160743670 0.0 756000
1723160756822 0.0 760000
1723160770711 0.0 764000
1723160783581 0.0 768000
1723160796196 0.0 772000
1723160808816 0.0 776000
1723160822418 0.0 780000
1723160835223 0.0 784000
1723160848141 0.0 788000
1723160861019 0.0 792000
1723160873884 0.0 796000
1723160887699 0.0 800000
1723160900913 0.0 804000
1723160913930 0.0 808000
1723160926597 0.0 812000
1723160939176 0.0 816000
1723160953119 0.0 820000
1723160970913 0.0 824000
1723160991046 0.0 828000
1723161004916 0.0 832000
1723161018136 0.0 836000
1723161031835 0.0 840000
1723161044354 0.0 844000
1723161057062 0.0 848000
1723161069857 0.0 852000
1723161082564 0.0 856000
1723161094952 0.0 860000
1723161107758 0.0 864000
1723161119777 0.0 868000
1723161132195 0.0 872000
1723161144757 0.0 876000
1723161156909 0.0 880000
1723161169333 0.0 884000
1723161181862 0.0 888000
1723161194332 0.0 892000
1723161206485 0.0 896000
1723161218469 0.0 900000
1723161231002 0.0 904000
1723161243399 0.0 908000
1723161255337 0.0 912000
1723161267574 0.0 916000
1723161279687 0.0 920000
1723161292001 0.0 924000
1723161303978 0.0 928000
1723161316089 0.0 932000
1723161328453 0.0 936000
1723161340605 0.0 940000
1723161353084 0.0 944000
1723161365597 0.0 948000
1723161378357 0.0 952000
1723161391143 0.0 956000
1723161403099 0.0 960000
1723161415463 0.0 964000
1723161428020 0.0 968000
1723161439936 0.0 972000
1723161452503 0.0 976000
1723161464751 0.0 980000
1723161477250 0.0 984000
1723161489976 0.0 988000
1723161502692 0.0 992000
1723161515110 0.0 996000
1723161527449 0.0 1000000
1723161540385 0.0 1004000
1723161552908 0.0 1008000
1723161565504 0.0 1012000
1723161577874 0.0 1016000
1723161590250 0.0 1020000
1723161602183 0.0 1024000
1723161614565 0.0 1028000
1723161626788 0.0 1032000
1723161639038 0.0 1036000
1723161651197 0.0 1040000
1723161663551 0.0 1044000
1723161675728 0.0 1048000
1723161687811 0.0 1052000
1723161699550 0.0 1056000
1723161711846 0.0 1060000
1723161723715 0.0 1064000
1723161735730 0.0 1068000
1723161747953 0.0 1072000
1723161760342 0.0 1076000
1723161773063 0.0 1080000
1723161785783 0.0 1084000
1723161798167 0.0 1088000
1723161810632 0.0 1092000
1723161823074 0.0 1096000
1723161835551 0.0 1100000
1723161847306 0.0 1104000
1723161859583 0.0 1108000
1723161871941 0.0 1112000
1723161883955 0.0 1116000
1723161896047 0.0 1120000
1723161908128 0.0 1124000
1723161920423 0.0 1128000
1723161932719 0.0 1132000
1723161945184 0.0 1136000
1723161957350 0.0 1140000
1723161969615 0.0 1144000
1723161982370 0.0 1148000
1723161994723 0.0 1152000
1723162007097 0.0 1156000
1723162019536 0.0 1160000
1723162032104 0.0 1164000
1723162044566 0.0 1168000
1723162057235 0.0 1172000
1723162069634 0.0 1176000
1723162082655 0.0 1180000
1723162095050 0.0 1184000
1723162108126 0.0 1188000
1723162120743 0.0 1192000
1723162133412 0.0 1196000
1723162146042 0.0 1200000
