1723157948636 60.0 4000
1723157966391 60.0 8000
1723157984299 60.0 12000
1723157998252 60.0 16000
1723158011234 60.0 20000
1723158024053 60.0 24000
1723158036993 60.0 28000
1723158050878 60.0 32000
1723158065091 60.0 36000
1723158079102 60.0 40000
1723158093192 60.0 44000
1723158107335 60.0 48000
1723158121399 60.0 52000
1723158135442 60.0 56000
1723158149198 60.0 60000
1723158163240 60.0 64000
1723158177245 60.0 68000
1723158191654 60.0 72000
1723158205796 60.0 76000
1723158220076 60.0 80000
1723158234075 60.0 84000
1723158248207 60.0 88000
1723158262223 60.0 92000
1723158276218 60.0 96000
1723158290089 60.0 100000
1723158304258 60.0 104000
1723158319145 60.0 108000
1723158333617 60.0 112000
1723158348179 60.0 116000
1723158362604 60.0 120000
1723158377076 60.0 124000
1723158392805 60.0 128000
1723158414742 60.0 132000
1723158430038 60.0 136000
1723158444621 60.0 140000
1723158458950 60.0 144000
1723158473341 60.0 148000
1723158487752 60.0 152000
1723158501871 60.0 156000
1723158516113 60.0 160000
1723158530493 60.0 164000
1723158545534 60.0 168000
1723158560262 60.0 172000
1723158574985 60.0 176000
1723158589497 60.0 180000
1723158603451 60.0 184000
1723158617237 60.0 188000
1723158631343 60.0 192000
1723158645149 60.0 196000
1723158658704 60.0 200000
1723158672833 60.0 204000
1723158687377 60.0 208000
1723158701606 60.0 212000
1723158715773 60.0 216000
1723158730236 60.0 220000
1723158744561 60.0 224000
1723158758459 60.0 228000
1723158772748 60.0 232000
1723158786623 60.0 236000
1723158800615 60.0 240000
1723158814574 60.0 244000
1723158829014 60.0 248000
1723158842506 60.0 252000
1723158856360 60.0 256000
1723158870636 60.0 260000
1723158885371 60.0 264000
1723158899309 60.0 268000
1723158913911 60.0 272000
1723158928282 60.0 276000
1723158942249 60.0 280000
1723158955886 60.0 284000
1723158969747 60.0 288000
1723158983795 60.0 292000
1723158997303 60.0 296000
1723159010868 60.0 300000
1723159024442 60.0 304000
1723159041349 60.0 308000
1723159061386 60.0 312000
1723159081077 60.0 316000
1723159096061 60.0 320000
1723159109812 60.0 324000
1723159123343 60.0 328000
1723159137114 60.0 332000
1723159151042 60.0 336000
1723159164660 60.0 340000
1723159178329 60.0 344000
1723159192350 60.0 348000
1723159205654 60.0 352000
1723159218850 60.0 356000
1723159232475 60.0 360000
1723159246734 60.0 364000
1723159260129 60.0 368000
1723159273424 60.0 372000
1723159287026 60.0 376000
1723159301066 60.0 380000
1723159315192 60.0 384000
1723159329002 60.0 388000
1723159343016 60.0 392000
1723159356689 60.0 396000
1723159370462 60.0 400000
1723159384746 60.0 404000
1723159398967 60.0 408000
1723159412428 60.0 412000
1723159431018 60.0 416000
1723159446356 60.0 420000
1723159460545 60.0 424000
1723159474828 60.0 428000
1723159488935 60.0 432000
1723159502386 60.0 436000
1723159515621 60.0 440000
1723159528918 60.0 444000
1723159542599 60.0 448000
1723159556217 60.0 452000
1723159582989 60.0 456000
1723159601039 60.0 460000
1723159618288 60.0 464000
1723159636469 60.0 468000
1723159654229 60.0 472000
1723159673985 60.0 476000
1723159692880 60.0 480000
1723159710278 60.0 484000
1723159724922 60.0 488000
1723159738596 60.0 492000
1723159751886 60.0 496000
1723159765603 60.0 500000
1723159779292 60.0 504000
1723159793022 60.0 508000
1723159806523 60.0 512000
1723159819877 60.0 516000
1723159834643 60.0 520000
1723159848590 60.0 524000
1723159863046 60.0 528000
1723159877328 60.0 532000
1723159891359 60.0 536000
1723159905540 60.0 540000
1723159919796 60.0 544000
1723159934147 60.0 548000
1723159948019 60.0 552000
1723159962135 60.0 556000
1723159976403 60.0 560000
1723159989906 60.0 564000
1723160003522 60.0 568000
1723160017335 60.0 572000
1723160031043 60.0 576000
1723160044751 60.0 580000
1723160063041 60.0 584000
1723160081252 60.0 588000
1723160099110 60.0 592000
1723160117019 60.0 596000
1723160130336 60.0 600000
1723160142858 60.0 604000
1723160155455 60.0 608000
1723160167992 60.0 612000
1723160180751 60.0 616000
1723160194075 60.0 620000
1723160206816 60.0 624000
1723160219753 60.0 628000
1723160232636 60.0 632000
1723160245000 60.0 636000
1723160257862 60.0 640000
1723160274798 60.0 644000
1723160292038 60.0 648000
1723160309375 60.0 652000
1723160326921 60.0 656000
1723160345074 60.0 660000
1723160362633 60.0 664000
1723160376935 60.0 668000
1723160389983 60.0 672000
1723160403468 60.0 676000
1723160424829 60.0 680000
1723160442697 60.0 684000
1723160460955 60.0 688000
1723160479334 60.0 692000
1723160493547 60.0 696000
1723160506722 60.0 700000
1723160523326 60.0 704000
1723160541295 60.0 708000
1723160560124 60.0 712000
1723160578810 60.0 716000
1723160596195 60.0 720000
1723160614204 60.0 724000
1723160634948 60.0 728000
1723160653631 60.0 732000
1723160672942 60.0 736000
1723160687833 60.0 740000
1723160702060 60.0 744000
1723160715642 60.0 748000
1723160729160 60.0 752000
1723160743671 60.0 756000
1723160756823 60.0 760000
1723160770712 60.0 764000
1723160783582 60.0 768000
1723160796197 60.0 772000
1723160808817 60.0 776000
1723160822419 60.0 780000
1723160835225 60.0 784000
1723160848142 60.0 788000
1723160861020 60.0 792000
1723160873885 60.0 796000
1723160887700 60.0 800000
1723160900914 60.0 804000
1723160913931 60.0 808000
1723160926598 60.0 812000
1723160939177 60.0 816000
1723160953120 60.0 820000
1723160970914 60.0 824000
1723160991048 60.0 828000
1723161004917 60.0 832000
1723161018137 60.0 836000
1723161031836 60.0 840000
1723161044355 60.0 844000
1723161057063 60.0 848000
1723161069858 60.0 852000
1723161082565 60.0 856000
1723161094953 60.0 860000
1723161107759 60.0 864000
1723161119778 60.0 868000
1723161132196 60.0 872000
1723161144758 60.0 876000
1723161156910 60.0 880000
1723161169334 60.0 884000
1723161181863 60.0 888000
1723161194334 60.0 892000
1723161206486 60.0 896000
1723161218470 60.0 900000
1723161231003 60.0 904000
1723161243400 60.0 908000
1723161255338 60.0 912000
1723161267575 60.0 916000
1723161279688 60.0 920000
1723161292002 60.0 924000
1723161303979 60.0 928000
1723161316090 60.0 932000
1723161328454 60.0 936000
1723161340606 60.0 940000
1723161353085 60.0 944000
1723161365598 60.0 948000
1723161378358 60.0 952000
1723161391144 60.0 956000
1723161403100 60.0 960000
1723161415464 60.0 964000
1723161428021 60.0 968000
1723161439937 60.0 972000
1723161452504 60.0 976000
1723161464752 60.0 980000
1723161477251 60.0 984000
1723161489977 60.0 988000
1723161502693 60.0 992000
1723161515111 60.0 996000
1723161527451 60.0 1000000
1723161540386 60.0 1004000
1723161552910 60.0 1008000
1723161565505 60.0 1012000
1723161577875 60.0 1016000
1723161590251 60.0 1020000
1723161602184 60.0 1024000
1723161614566 60.0 1028000
1723161626789 60.0 1032000
1723161639039 60.0 1036000
1723161651198 60.0 1040000
1723161663552 60.0 1044000
1723161675729 60.0 1048000
1723161687812 60.0 1052000
1723161699551 60.0 1056000
1723161711847 60.0 1060000
1723161723716 60.0 1064000
1723161735731 60.0 1068000
1723161747954 60.0 1072000
1723161760343 60.0 1076000
1723161773064 60.0 1080000
1723161785784 60.0 1084000
1723161798168 60.0 1088000
1723161810633 60.0 1092000
1723161823075 60.0 1096000
1723161835552 60.0 1100000
1723161847307 60.0 1104000
1723161859584 60.0 1108000
1723161871942 60.0 1112000
1723161883956 60.0 1116000
1723161896048 60.0 1120000
1723161908129 60.0 1124000
1723161920424 60.0 1128000
1723161932720 60.0 1132000
1723161945185 60.0 1136000
1723161957351 60.0 1140000
1723161969616 60.0 1144000
1723161982371 60.0 1148000
1723161994724 60.0 1152000
1723162007098 60.0 1156000
1723162019537 60.0 1160000
1723162032105 60.0 1164000
1723162044568 60.0 1168000
1723162057236 60.0 1172000
1723162069635 60.0 1176000
1723162082656 60.0 1180000
1723162095052 60.0 1184000
1723162108127 60.0 1188000
1723162120745 60.0 1192000
1723162133413 60.0 1196000
1723162146043 60.0 1200000
