1723157948682 128.0 4000
1723157966420 128.0 8000
1723157984329 128.0 12000
1723157998278 128.0 16000
1723158011260 128.0 20000
1723158024078 128.0 24000
1723158037019 128.0 28000
1723158050904 128.0 32000
1723158065117 128.0 36000
1723158079128 128.0 40000
1723158093218 128.0 44000
1723158107360 128.0 48000
1723158121426 128.0 52000
1723158135467 128.0 56000
1723158149224 128.0 60000
1723158163266 128.0 64000
1723158177269 128.0 68000
1723158191679 128.0 72000
1723158205822 128.0 76000
1723158220102 128.0 80000
1723158234100 128.0 84000
1723158248232 128.0 88000
1723158262250 128.0 92000
1723158276244 128.0 96000
1723158290115 128.0 100000
1723158304284 128.0 104000
1723158319171 128.0 108000
1723158333643 128.0 112000
1723158348205 128.0 116000
1723158362630 128.0 120000
1723158377103 128.0 124000
1723158392835 128.0 128000
1723158414770 128.0 132000
1723158430064 128.0 136000
1723158444650 128.0 140000
1723158458975 128.0 144000
1723158473368 128.0 148000
1723158487778 128.0 152000
1723158501896 128.0 156000
1723158516139 128.0 160000
1723158530519 128.0 164000
1723158545559 128.0 168000
1723158560288 128.0 172000
1723158575011 128.0 176000
1723158589522 128.0 180000
1723158603476 128.0 184000
1723158617262 128.0 188000
1723158631369 128.0 192000
1723158645174 128.0 196000
1723158658729 128.0 200000
1723158672858 128.0 204000
1723158687404 128.0 208000
1723158701631 128.0 212000
1723158715799 128.0 216000
1723158730261 128.0 220000
1723158744587 128.0 224000
1723158758484 128.0 228000
1723158772772 128.0 232000
1723158786651 128.0 236000
1723158800640 128.0 240000
1723158814599 128.0 244000
1723158829039 128.0 248000
1723158842531 128.0 252000
1723158856386 128.0 256000
1723158870663 128.0 260000
1723158885397 128.0 264000
1723158899335 128.0 268000
1723158913937 128.0 272000
1723158928308 128.0 276000
1723158942274 128.0 280000
1723158955911 128.0 284000
1723158969788 128.0 288000
1723158983820 128.0 292000
1723158997328 128.0 296000
1723159010893 128.0 300000
1723159024467 128.0 304000
1723159041379 128.0 308000
1723159061412 128.0 312000
1723159081110 128.0 316000
1723159096087 128.0 320000
1723159109837 128.0 324000
1723159123369 128.0 328000
1723159137140 128.0 332000
1723159151067 128.0 336000
1723159164685 128.0 340000
1723159178354 128.0 344000
1723159192376 128.0 348000
1723159205678 128.0 352000
1723159218875 128.0 356000
1723159232502 128.0 360000
1723159246759 128.0 364000
1723159260154 128.0 368000
1723159273449 128.0 372000
1723159287052 128.0 376000
1723159301091 128.0 380000
1723159315219 128.0 384000
1723159329028 128.0 388000
1723159343041 128.0 392000
1723159356714 128.0 396000
1723159370490 128.0 400000
1723159384771 128.0 404000
1723159398995 128.0 408000
1723159412454 128.0 412000
1723159431046 128.0 416000
1723159446382 128.0 420000
1723159460570 128.0 424000
1723159474854 128.0 428000
1723159488961 128.0 432000
1723159502412 128.0 436000
1723159515646 128.0 440000
1723159528943 128.0 444000
1723159542624 128.0 448000
1723159556242 128.0 452000
1723159583016 128.0 456000
1723159601070 128.0 460000
1723159618314 128.0 464000
1723159636500 128.0 468000
1723159654255 128.0 472000
1723159674010 128.0 476000
1723159692912 128.0 480000
1723159710305 128.0 484000
1723159724948 128.0 488000
1723159738622 128.0 492000
1723159751911 128.0 496000
1723159765629 128.0 500000
1723159779317 128.0 504000
1723159793048 128.0 508000
1723159806548 128.0 512000
1723159819902 128.0 516000
1723159834669 128.0 520000
1723159848615 128.0 524000
1723159863072 128.0 528000
1723159877354 128.0 532000
1723159891385 128.0 536000
1723159905566 128.0 540000
1723159919822 128.0 544000
1723159934173 128.0 548000
1723159948045 128.0 552000
1723159962160 128.0 556000
1723159976428 128.0 560000
1723159989931 128.0 564000
1723160003546 128.0 568000
1723160017362 128.0 572000
1723160031068 128.0 576000
1723160044777 128.0 580000
1723160063070 128.0 584000
1723160081281 128.0 588000
1723160099142 128.0 592000
1723160117047 128.0 596000
1723160130362 128.0 600000
1723160142883 128.0 604000
1723160155481 128.0 608000
1723160168020 128.0 612000
1723160180781 128.0 616000
1723160194102 128.0 620000
1723160206843 128.0 624000
1723160219781 128.0 628000
1723160232662 128.0 632000
1723160245027 128.0 636000
1723160257887 128.0 640000
1723160274836 128.0 644000
1723160292065 128.0 648000
1723160309402 128.0 652000
1723160326951 128.0 656000
1723160345106 128.0 660000
1723160362662 128.0 664000
1723160376960 128.0 668000
1723160390009 128.0 672000
1723160403494 128.0 676000
1723160424857 128.0 680000
1723160442725 128.0 684000
1723160460984 128.0 688000
1723160479361 128.0 692000
1723160493574 128.0 696000
1723160506747 128.0 700000
1723160523354 128.0 704000
1723160541321 128.0 708000
1723160560151 128.0 712000
1723160578840 128.0 716000
1723160596222 128.0 720000
1723160614230 128.0 724000
1723160634978 128.0 728000
1723160653659 128.0 732000
1723160672970 128.0 736000
1723160687858 128.0 740000
1723160702084 128.0 744000
1723160715667 128.0 748000
1723160729186 128.0 752000
1723160743697 128.0 756000
1723160756849 128.0 760000
1723160770738 128.0 764000
1723160783608 128.0 768000
1723160796223 128.0 772000
1723160808843 128.0 776000
1723160822446 128.0 780000
1723160835250 128.0 784000
1723160848168 128.0 788000
1723160861045 128.0 792000
1723160873911 128.0 796000
1723160887726 128.0 800000
1723160900939 128.0 804000
1723160913957 128.0 808000
1723160926624 128.0 812000
1723160939204 128.0 816000
1723160953146 128.0 820000
1723160970941 128.0 824000
1723160991079 128.0 828000
1723161004949 128.0 832000
1723161018163 128.0 836000
1723161031862 128.0 840000
1723161044380 128.0 844000
1723161057089 128.0 848000
1723161069883 128.0 852000
1723161082592 128.0 856000
1723161094979 128.0 860000
1723161107788 128.0 864000
1723161119804 128.0 868000
1723161132221 128.0 872000
1723161144784 128.0 876000
1723161156936 128.0 880000
1723161169360 128.0 884000
1723161181890 128.0 888000
1723161194361 128.0 892000
1723161206511 128.0 896000
1723161218496 128.0 900000
1723161231029 128.0 904000
1723161243426 128.0 908000
1723161255364 128.0 912000
1723161267601 128.0 916000
1723161279714 128.0 920000
1723161292029 128.0 924000
1723161304005 128.0 928000
1723161316116 128.0 932000
1723161328482 128.0 936000
1723161340631 128.0 940000
1723161353110 128.0 944000
1723161365624 128.0 948000
1723161378384 128.0 952000
1723161391170 128.0 956000
1723161403126 128.0 960000
1723161415490 128.0 964000
1723161428047 128.0 968000
1723161439962 128.0 972000
1723161452530 128.0 976000
1723161464778 128.0 980000
1723161477276 128.0 984000
1723161490003 128.0 988000
1723161502720 128.0 992000
1723161515138 128.0 996000
1723161527479 128.0 1000000
1723161540416 128.0 1004000
1723161552937 128.0 1008000
1723161565530 128.0 1012000
1723161577901 128.0 1016000
1723161590277 128.0 1020000
1723161602210 128.0 1024000
1723161614592 128.0 1028000
1723161626815 128.0 1032000
1723161639064 128.0 1036000
1723161651225 128.0 1040000
1723161663577 128.0 1044000
1723161675755 128.0 1048000
1723161687837 128.0 1052000
1723161699577 128.0 1056000
1723161711878 128.0 1060000
1723161723742 128.0 1064000
1723161735756 128.0 1068000
1723161747980 128.0 1072000
1723161760369 128.0 1076000
1723161773089 128.0 1080000
1723161785810 128.0 1084000
1723161798194 128.0 1088000
1723161810659 128.0 1092000
1723161823100 128.0 1096000
1723161835578 128.0 1100000
1723161847333 128.0 1104000
1723161859610 128.0 1108000
1723161871967 128.0 1112000
1723161883982 128.0 1116000
1723161896073 128.0 1120000
1723161908156 128.0 1124000
1723161920450 128.0 1128000
1723161932746 128.0 1132000
1723161945210 128.0 1136000
1723161957378 128.0 1140000
1723161969641 128.0 1144000
1723161982397 128.0 1148000
1723161994750 128.0 1152000
1723162007123 128.0 1156000
1723162019563 128.0 1160000
1723162032130 128.0 1164000
1723162044596 128.0 1168000
1723162057264 128.0 1172000
1723162069660 128.0 1176000
1723162082682 128.0 1180000
1723162095077 128.0 1184000
1723162108153 128.0 1188000
1723162120770 128.0 1192000
1723162133439 128.0 1196000
1723162146068 128.0 1200000
