1723147967061 11572.877 4000
1723147979791 11409.267 8000
1723147994276 11943.245 12000
1723148013904 13422.269 16000
1723148031006 13826.117 20000
1723148046185 13774.113 24000
1723148059757 13541.942 28000
1723148071858 13203.822 32000
1723148084675 13020.961 36000
1723148097913 12902.166 40000
1723148111790 12977.656 44000
1723148124155 12958.332 48000
1723148142581 13344.265 52000
1723148155817 12718.296 56000
1723148169057 12334.251 60000
1723148181708 12093.988 64000
1723148194539 12025.389 68000
1723148209354 12287.604 72000
1723148227386 12774.257 76000
1723148243797 13074.975 80000
1723148256610 12955.27 84000
1723148271428 13201.551 88000
1723148289350 13152.042 92000
1723148306972 13602.074 96000
1723148319580 13556.845 100000
1723148331150 13479.814 104000
1723148345154 13605.946 108000
1723148365623 13974.646 112000
1723148379100 13522.352 116000
1723148392463 13233.43 120000
1723148406230 13358.514 124000
1723148418822 13121.663 128000
1723148431868 12640.659 132000
1723148444591 12164.261 136000
1723148457850 12217.662 140000
1723148470767 12320.166 144000
1723148488445 12662.523 148000
1723148501516 12112.774 152000
1723148514633 12078.259 156000
1723148529220 12193.588 160000
1723148542098 12078.832 164000
1723148554934 12054.689 168000
1723148567337 11995.8 172000
1723148583147 12300.181 176000
1723148596425 12286.418 180000
1723148610308 12393.991 184000
1723148622723 11878.128 188000
1723148635995 11883.224 192000
1723148651187 12091.135 196000
1723148665345 12022.668 200000
1723148677421 11955.173 204000
1723148689056 11893.358 208000
1723148707196 12458.695 212000
1723148723824 12511.546 216000
1723148740336 12862.747 220000
1723148756415 13083.95 224000
1723148772443 13430.787 228000
1723148789272 13783.631 232000
1723148808616 14185.846 236000
1723148823906 14315.651 240000
1723148835878 14322.756 244000
1723148848795 14451.04 248000
1723148864995 14240.96 252000
1723148884033 14506.123 256000
1723148904664 14861.9 260000
1723148916557 14444.042 264000
1723148928512 14060.74 268000
1723148940675 13610.236 272000
1723148952350 12883.727 276000
1723148963954 12536.279 280000
1723148977246 12650.441 284000
1723148988933 12527.501 288000
1723149002129 12247.22 292000
1723149014616 11595.07 296000
1723149025880 10730.831 300000
1723149037253 10692.786 304000
1723149049551 10716.202 308000
1723149067492 11297.091 312000
1723149084155 11735.193 316000
1723149103748 12494.926 320000
1723149117429 12530.344 324000
1723149131850 12793.454 328000
1723149150936 13367.451 332000
1723149166379 13667.025 336000
1723149182991 14181.468 340000
1723149199317 14666.147 344000
1723149215867 15094.935 348000
1723149234107 15100.115 352000
1723149247204 14747.784 356000
1723149259519 14057.736 360000
1723149271934 13909.347 364000
1723149283782 13664.296 368000
1723149295672 12972.123 372000
1723149307851 12652.269 376000
1723149320399 12261.356 380000
1723149332490 11840.237 384000
1723149344584 11401.462 388000
1723149356922 10849.358 392000
1723149369026 10800.63 396000
1723149380477 10721.277 400000
1723149392289 10706.572 404000
1723149403778 10671.389 408000
1723149415288 10636.407 412000
1723149427061 10599.13 416000
1723149446003 11212.061 420000
1723149458999 11263.532 424000
1723149470504 11207.592 428000
1723149481936 11115.751 432000
1723149493672 11087.725 436000
1723149505887 11161.717 440000
1723149518206 11200.842 444000
1723149529887 11222.109 448000
1723149541583 11243.388 452000
1723149552956 11205.397 456000
1723149564504 10496.973 460000
1723149576726 10461.808 464000
1723149588348 10476.624 468000
1723149599649 10465.811 472000
1723149611019 10427.826 476000
1723149622401 10346.017 480000
1723149633561 10244.342 484000
1723149644963 10219.898 488000
1723149656031 10160.651 492000
1723149667600 10178.84 496000
1723149678981 10159.838 500000
1723149690335 10077.902 504000
1723149701668 10050.41 508000
1723149712961 10052.686 512000
1723149724337 10045.694 516000
1723149735767 10051.114 520000
1723149747251 10075.036 524000
1723149759183 10130.046 528000
1723149770820 10185.563 532000
1723149782136 10164.568 536000
1723149793448 10160.816 540000
1723149804442 10127.516 544000
1723149815877 10136.462 548000
1723149826946 10112.783 552000
1723149838239 10109.285 556000
1723149850083 10118.626 560000
1723149861262 10094.731 564000
1723149872959 10064.651 568000
1723149884326 10035.368 572000
1723149895684 10038.757 576000
1723149906892 10025.285 580000
1723149918423 10079.884 584000
1723149929840 10076.718 588000
1723149941544 10133.656 592000
1723149952963 10148.991 596000
1723149964819 10178.505 600000
1723149976084 10186.417 604000
1723149987498 10156.558 608000
1723149999033 10125.802 612000
1723150010249 10106.899 616000
1723150021604 10124.531 620000
1723150032899 10092.208 624000
1723150044360 10096.343 628000
1723150055799 10065.016 632000
1723150067189 10060.263 636000
1723150078824 10041.533 640000
1723150090613 10094.253 644000
1723150101937 10086.453 648000
1723150113460 10125.982 652000
1723150124800 10141.446 656000
1723150136231 10145.898 660000
1723150147495 10144.877 664000
1723150158475 10099.537 668000
1723150169683 10085.402 672000
1723150180952 10074.418 676000
1723150192288 10048.586 680000
1723150203383 9984.406 684000
1723150214389 9953.366 688000
1723150225866 9944.66 692000
1723150237227 9929.458 696000
1723150249148 9979.873 700000
1723150260627 9994.866 704000
1723150272094 10036.711 708000
1723150283626 10054.756 712000
1723150295511 10111.268 716000
1723150306703 10099.229 720000
1723150319421 10251.917 724000
1723150330817 10276.672 728000
1723150342126 10268.111 732000
1723150353418 10272.582 736000
1723150365005 10239.315 740000
1723150376317 10225.841 744000
1723150387671 10215.369 748000
1723150399111 10213.049 752000
1723150410836 10156.555 756000
1723150422294 10168.812 760000
1723150433770 10044.658 764000
1723150445008 10046.721 768000
1723150456439 10056.968 772000
1723150467441 10028.154 776000
1723150479366 10056.508 780000
1723150490780 10066.661 784000
1723150505611 10400.675 788000
1723150524350 11096.764 792000
1723150543310 11827.664 796000
1723150557306 12038.062 800000
