1723147967062 345.636 4000
1723147979791 350.592 8000
1723147994277 334.917 12000
1723148013904 298.012 16000
1723148031006 289.308 20000
1723148046185 290.4 24000
1723148059757 295.379 28000
1723148071858 302.943 32000
1723148084675 307.197 36000
1723148097913 310.025 40000
1723148111790 308.222 44000
1723148124156 308.682 48000
1723148142582 299.754 52000
1723148155817 314.508 56000
1723148169058 324.3 60000
1723148181709 330.743 64000
1723148194540 332.63 68000
1723148209354 325.531 72000
1723148227386 313.13 76000
1723148243798 305.928 80000
1723148256610 308.755 84000
1723148271428 302.995 88000
1723148289350 304.135 92000
1723148306972 294.073 96000
1723148319581 295.054 100000
1723148331150 296.74 104000
1723148345155 293.989 108000
1723148365623 286.233 112000
1723148379101 295.807 116000
1723148392463 302.265 120000
1723148406230 299.434 124000
1723148418822 304.839 128000
1723148431869 316.439 132000
1723148444591 328.832 136000
1723148457850 327.395 140000
1723148470767 324.671 144000
1723148488445 315.893 148000
1723148501516 330.23 152000
1723148514633 331.174 156000
1723148529220 328.041 160000
1723148542099 331.158 164000
1723148554934 331.821 168000
1723148567337 333.45 172000
1723148583147 325.198 176000
1723148596426 325.563 180000
1723148610308 322.737 184000
1723148622723 336.753 188000
1723148635995 336.609 192000
1723148651187 330.821 196000
1723148665346 332.705 200000
1723148677421 334.583 204000
1723148689056 336.322 208000
1723148707196 321.061 212000
1723148723824 319.705 216000
1723148740337 310.976 220000
1723148756415 305.718 224000
1723148772443 297.823 228000
1723148789273 290.199 232000
1723148808617 281.971 236000
1723148823906 279.414 240000
1723148835878 279.276 244000
1723148848796 276.797 248000
1723148864995 280.88 252000
1723148884033 275.746 256000
1723148904664 269.145 260000
1723148916558 276.931 264000
1723148928512 284.48 268000
1723148940675 293.896 272000
1723148952350 310.469 276000
1723148963955 319.074 280000
1723148977247 316.195 284000
1723148988933 319.298 288000
1723149002129 326.605 292000
1723149014617 344.974 296000
1723149025880 372.758 300000
1723149037253 374.084 304000
1723149049552 373.267 308000
1723149067492 354.073 312000
1723149084155 340.855 316000
1723149103748 320.13 320000
1723149117430 319.225 324000
1723149131851 312.66 328000
1723149150936 299.234 332000
1723149166379 292.675 336000
1723149182991 282.058 340000
1723149199317 272.737 344000
1723149215867 264.99 348000
1723149234107 264.899 352000
1723149247205 271.227 356000
1723149259519 284.541 360000
1723149271934 287.576 364000
1723149283783 292.734 368000
1723149295673 308.354 372000
1723149307852 316.149 376000
1723149320399 326.228 380000
1723149332490 337.831 384000
1723149344584 350.832 388000
1723149356922 368.685 392000
1723149369026 370.349 396000
1723149380477 373.09 400000
1723149392289 373.602 404000
1723149403778 374.834 408000
1723149415288 376.067 412000
1723149427062 377.389 416000
1723149446003 356.759 420000
1723149459000 355.128 424000
1723149470505 356.901 428000
1723149481937 359.85 432000
1723149493672 360.759 436000
1723149505887 358.368 440000
1723149518206 357.116 444000
1723149529887 356.439 448000
1723149541584 355.765 452000
1723149552957 356.971 456000
1723149564505 381.062 460000
1723149576727 382.343 464000
1723149588348 381.802 468000
1723149599649 382.197 472000
1723149611019 383.589 476000
1723149622401 386.622 480000
1723149633562 390.459 484000
1723149644964 391.393 488000
1723149656032 393.676 492000
1723149667600 392.972 496000
1723149678981 393.707 500000
1723149690336 396.908 504000
1723149701668 397.994 508000
1723149712961 397.904 512000
1723149724338 398.181 516000
1723149735768 397.966 520000
1723149747251 397.021 524000
1723149759184 394.865 528000
1723149770821 392.713 532000
1723149782137 393.524 536000
1723149793448 393.669 540000
1723149804442 394.964 544000
1723149815878 394.615 548000
1723149826946 395.539 552000
1723149838240 395.676 556000
1723149850084 395.311 560000
1723149861262 396.246 564000
1723149872959 397.431 568000
1723149884326 398.59 572000
1723149895684 398.456 576000
1723149906892 398.991 580000
1723149918424 396.83 584000
1723149929840 396.955 588000
1723149941544 394.724 592000
1723149952963 394.128 596000
1723149964819 392.985 600000
1723149976084 392.68 604000
1723149987498 393.834 608000
1723149999033 395.03 612000
1723150010250 395.769 616000
1723150021605 395.08 620000
1723150032900 396.345 624000
1723150044360 396.183 628000
1723150055800 397.416 632000
1723150067189 397.604 636000
1723150078824 398.346 640000
1723150090613 396.265 644000
1723150101938 396.572 648000
1723150113460 395.023 652000
1723150124800 394.421 656000
1723150136232 394.248 660000
1723150147496 394.288 664000
1723150158476 396.058 668000
1723150169683 396.613 672000
1723150180953 397.045 676000
1723150192288 398.066 680000
1723150203383 400.625 684000
1723150214390 401.874 688000
1723150225866 402.226 692000
1723150237228 402.842 696000
1723150249148 400.807 700000
1723150260628 400.205 704000
1723150272095 398.537 708000
1723150283626 397.822 712000
1723150295511 395.598 716000
1723150306703 396.07 720000
1723150319421 390.171 724000
1723150330817 389.231 728000
1723150342126 389.556 732000
1723150353419 389.386 736000
1723150365005 390.651 740000
1723150376317 391.166 744000
1723150387671 391.567 748000
1723150399111 391.656 752000
1723150410836 393.834 756000
1723150422295 393.36 760000
1723150433770 398.222 764000
1723150445009 398.14 768000
1723150456440 397.734 772000
1723150467442 398.877 776000
1723150479367 397.752 780000
1723150490780 397.351 784000
1723150505611 384.59 788000
1723150524350 360.465 792000
1723150543310 338.19 796000
1723150557306 332.279 800000
