1723147967060 12825.551 4000
1723147979790 12668.622 8000
1723147994276 13199.143 12000
1723148013903 14738.472 16000
1723148031005 15165.382 20000
1723148046184 15136.419 24000
1723148059756 14884.947 28000
1723148071857 14518.274 32000
1723148084674 14311.894 36000
1723148097912 14185.558 40000
1723148111789 14263.347 44000
1723148124154 14235.236 48000
1723148142581 14632.783 52000
1723148155816 14000.787 56000
1723148169057 13602.546 60000
1723148181708 13346.314 64000
1723148194539 13276.87 68000
1723148209353 13548.175 72000
1723148227385 14063.315 76000
1723148243796 14376.698 80000
1723148256609 14272.927 84000
1723148271427 14514.302 88000
1723148289349 14464.953 92000
1723148306971 14901.56 96000
1723148319580 14855.642 100000
1723148331149 14756.81 104000
1723148345153 14869.64 108000
1723148365622 15362.608 112000
1723148379100 14907.353 116000
1723148392462 14607.662 120000
1723148406229 14708.143 124000
1723148418821 14480.49 128000
1723148431868 13989.771 132000
1723148444590 13504.574 136000
1723148457849 13564.167 140000
1723148470766 13689.769 144000
1723148488444 14056.631 148000
1723148501515 13387.116 152000
1723148514632 13354.595 156000
1723148529219 13473.126 160000
1723148542098 13382.35 164000
1723148554933 13409.818 168000
1723148567336 13351.781 172000
1723148583146 13656.679 176000
1723148596425 13660.158 180000
1723148610307 13756.018 184000
1723148622722 13231.482 188000
1723148635994 13249.816 192000
1723148651186 13453.627 196000
1723148665345 13373.997 200000
1723148677420 13296.265 204000
1723148689055 13177.978 208000
1723148707195 13743.867 212000
1723148723823 13812.007 216000
1723148740336 14134.273 220000
1723148756414 14358.437 224000
1723148772442 14717.555 228000
1723148789271 15062.401 232000
1723148808616 15478.866 236000
1723148823905 15627.37 240000
1723148835877 15618.57 244000
1723148848794 15745.007 248000
1723148864994 15557.797 252000
1723148884032 15810.063 256000
1723148904663 16223.187 260000
1723148916557 15804.625 264000
1723148928511 15398.523 268000
1723148940674 14945.792 272000
1723148952349 14181.882 276000
1723148963954 13817.975 280000
1723148977245 13946.291 284000
1723148988932 13827.556 288000
1723149002128 13519.978 292000
1723149014616 12870.541 296000
1723149025879 11938.342 300000
1723149037252 11886.591 304000
1723149049551 11919.916 308000
1723149067491 12492.281 312000
1723149084154 12959.946 316000
1723149103747 13749.772 320000
1723149117429 13787.948 324000
1723149131850 14053.565 328000
1723149150935 14641.139 332000
1723149166378 14932.758 336000
1723149182990 15463.414 340000
1723149199316 15956.984 344000
1723149215866 16382.131 348000
1723149234106 16410.607 352000
1723149247203 16074.466 356000
1723149259518 15355.51 360000
1723149271933 15232.78 364000
1723149283782 14979.171 368000
1723149295672 14265.449 372000
1723149307851 13942.129 376000
1723149320398 13538.518 380000
1723149332489 13116.405 384000
1723149344583 12675.911 388000
1723149356921 12091.762 392000
1723149369025 12002.595 396000
1723149380476 11916.317 400000
1723149392288 11855.633 404000
1723149403777 11820.672 408000
1723149415287 11782.609 412000
1723149427061 11741.509 416000
1723149446002 12365.153 420000
1723149458999 12452.809 424000
1723149470504 12393.11 428000
1723149481936 12303.609 432000
1723149493671 12269.458 436000
1723149505886 12345.037 440000
1723149518205 12394.608 444000
1723149529886 12416.495 448000
1723149541582 12434.285 452000
1723149552956 12394.642 456000
1723149564504 11670.622 460000
1723149576726 11594.481 464000
1723149588347 11606.445 468000
1723149599648 11591.083 472000
1723149611018 11554.732 476000
1723149622400 11471.768 480000
1723149633560 11356.779 484000
1723149644963 11328.728 488000
1723149656030 11269.711 492000
1723149667599 11292.092 496000
1723149678980 11278.124 500000
1723149690335 11195.372 504000
1723149701667 11165.496 508000
1723149712960 11166.923 512000
1723149724337 11162.274 516000
1723149735767 11166.336 520000
1723149747250 11198.263 524000
1723149759183 11251.347 528000
1723149770819 11307.685 532000
1723149782136 11282.392 536000
1723149793447 11275.394 540000
1723149804441 11239.481 544000
1723149815877 11249.946 548000
1723149826945 11226.802 552000
1723149838239 11222.479 556000
1723149850083 11263.843 560000
1723149861261 11232.321 564000
1723149872958 11203.16 568000
1723149884325 11176.324 572000
1723149895683 11180.259 576000
1723149906891 11169.744 580000
1723149918423 11222.804 584000
1723149929839 11220.329 588000
1723149941543 11283.955 592000
1723149952962 11296.718 596000
1723149964818 11294.134 600000
1723149976083 11303.319 604000
1723149987497 11276.568 608000
1723149999032 11246.721 612000
1723150010248 11231.483 616000
1723150021604 11242.449 620000
1723150032899 11214.407 624000
1723150044359 11215.892 628000
1723150055799 11184.331 632000
1723150067188 11180.919 636000
1723150078823 11161.826 640000
1723150090612 11212.002 644000
1723150101937 11202.06 648000
1723150113459 11242.704 652000
1723150124799 11255.182 656000
1723150136231 11265.561 660000
1723150147495 11266.251 664000
1723150158475 11221.078 668000
1723150169682 11202.521 672000
1723150180952 11190.779 676000
1723150192287 11164.354 680000
1723150203382 11099.351 684000
1723150214388 11070.68 688000
1723150225865 11064.679 692000
1723150237226 11060.241 696000
1723150249147 11103.979 700000
1723150260626 11120.387 704000
1723150272094 11161.946 708000
1723150283625 11188.511 712000
1723150295510 11244.491 716000
1723150306702 11229.631 720000
1723150319420 11384.496 724000
1723150330816 11418.066 728000
1723150342125 11401.037 732000
1723150353418 11395.488 736000
1723150365004 11367.165 740000
1723150376316 11349.26 744000
1723150387670 11339.636 748000
1723150399110 11330.084 752000
1723150410835 11313.075 756000
1723150422293 11335.093 760000
1723150433769 11218.55 764000
1723150445008 11207.778 768000
1723150456439 11218.151 772000
1723150467441 11188.912 776000
1723150479366 11217.495 780000
1723150490779 11233.134 784000
1723150505610 11573.402 788000
1723150524349 12298.167 792000
1723150543309 13019.334 796000
1723150557305 13271.331 800000
