1723157948623 14033.1 4000
1723157966383 15115.158 8000
1723157984291 15514.735 12000
1723157998244 14759.353 16000
1723158011226 14143.812 20000
1723158024046 13719.312 24000
1723158036986 13434.021 28000
1723158050870 13333.674 32000
1723158065084 13297.973 36000
1723158079095 13245.727 40000
1723158093185 13129.39 44000
1723158107328 12795.409 48000
1723158121392 12450.489 52000
1723158135435 12482.9 56000
1723158149190 12567.282 60000
1723158163233 12688.816 64000
1723158177238 12785.808 68000
1723158191647 12835.605 72000
1723158205789 12821.124 76000
1723158220069 12824.641 80000
1723158234067 12805.731 84000
1723158248200 12809.225 88000
1723158262214 12804.023 92000
1723158276211 12796.325 96000
1723158290082 12803.562 100000
1723158304251 12815.129 104000
1723158319137 12896.409 108000
1723158333610 12888.376 112000
1723158348172 12923.876 116000
1723158362597 12953.408 120000
1723158377069 12996.983 124000
1723158392797 13134.068 128000
1723158414733 13874.567 132000
1723158430031 13977.63 136000
1723158444613 14036.974 140000
1723158458942 14046.781 144000
1723158473334 14008.34 148000
1723158487745 14010.923 152000
1723158501864 13969.269 156000
1723158516106 13953.605 160000
1723158530486 13953.583 164000
1723158545527 13857.43 168000
1723158560254 13177.28 172000
1723158574977 13131.943 176000
1723158589489 13125.361 180000
1723158603444 13083.989 184000
1723158617230 13017.423 188000
1723158631336 12993.76 192000
1723158645142 12969.271 196000
1723158658698 12900.959 200000
1723158672826 12873.062 204000
1723158687370 12863.206 208000
1723158701599 12812.445 212000
1723158715766 12753.339 216000
1723158730229 12756.714 220000
1723158744554 12794.754 224000
1723158758452 12807.734 228000
1723158772741 12826.667 232000
1723158786616 12822.447 236000
1723158800609 12866.658 240000
1723158814567 12845.512 244000
1723158829006 12839.112 248000
1723158842500 12769.545 252000
1723158856352 12757.887 256000
1723158870628 12737.827 260000
1723158885364 12763.974 264000
1723158899300 12759.599 268000
1723158913904 12781.258 272000
1723158928275 12827.038 276000
1723158942242 12813.429 280000
1723158955879 12784.458 284000
1723158969736 12717.033 288000
1723158983788 12759.637 292000
1723158997296 12722.505 296000
1723159010860 12656.65 300000
1723159024435 12559.904 304000
1723159041340 12858.361 308000
1723159061378 13340.776 312000
1723159081069 13857.797 316000
1723159096054 13940.525 320000
1723159109805 13950.427 324000
1723159123336 13929.162 328000
1723159137107 13901.666 332000
1723159151035 13932.787 336000
1723159164653 13934.369 340000
1723159178321 13937.657 344000
1723159192343 13647.265 348000
1723159205647 13039.31 352000
1723159218843 12411.291 356000
1723159232468 12301.317 360000
1723159246727 12313.566 364000
1723159260122 12297.318 368000
1723159273417 12257.393 372000
1723159287019 12234.252 376000
1723159301059 12276.257 380000
1723159315185 12322.156 384000
1723159328995 12304.755 388000
1723159343009 12378.034 392000
1723159356681 12423.808 396000
1723159370455 12439.137 400000
1723159384738 12469.495 404000
1723159398956 12534.267 408000
1723159412421 12547.713 412000
1723159431010 13037.405 416000
1723159446349 13113.605 420000
1723159460538 13116.772 424000
1723159474821 13165.159 428000
1723159488928 13174.812 432000
1723159502379 13148.418 436000
1723159515614 13097.006 440000
1723159528911 13016.697 444000
1723159542592 12980.998 448000
1723159556210 12998.477 452000
1723159582981 13814.285 456000
1723159601033 14116.936 460000
1723159618281 14415.23 464000
1723159636461 14796.629 468000
1723159654221 15149.128 472000
1723159673977 15763.403 476000
1723159692872 16304.749 480000
1723159710270 16694.13 484000
1723159724915 16776.31 488000
1723159738590 16785.705 492000
1723159751879 15442.798 496000
1723159765596 15035.663 500000
1723159779285 14694.676 504000
1723159793015 14262.796 508000
1723159806516 13839.209 512000
1723159819870 13227.402 516000
1723159834636 12828.739 520000
1723159848582 12493.325 524000
1723159863038 12479.175 528000
1723159877321 12526.699 532000
1723159891352 12605.49 536000
1723159905533 12653.312 540000
1723159919789 12714.67 544000
1723159934140 12769.255 548000
1723159948012 12807.666 552000
1723159962128 12877.072 556000
1723159976396 12800.845 560000
1723159989899 12757.009 564000
1723160003515 12678.095 568000
1723160017328 12645.489 572000
1723160031036 12616.013 576000
1723160044744 12563.246 580000
1723160063033 12939.267 584000
1723160081244 13310.981 588000
1723160099099 13681.558 592000
1723160117010 14035.269 596000
1723160130329 13953.047 600000
1723160142851 13859.798 604000
1723160155448 13759.096 608000
1723160167984 13620.102 612000
1723160180744 13516.425 616000
1723160194068 13475.222 620000
1723160206809 12945.695 624000
1723160219745 12436.875 628000
1723160232629 11974.55 632000
1723160244993 11448.57 636000
1723160257855 11421.21 640000
1723160274789 11855.989 644000
1723160292030 12294.426 648000
1723160309367 12759.783 652000
1723160326914 13218.647 656000
1723160345065 13668.32 660000
1723160362625 14124.674 664000
1723160376928 14226.534 668000
1723160389975 14244.678 672000
1723160403461 14358.349 676000
1723160424821 15191.673 680000
1723160442688 15265.641 684000
1723160460947 15362.863 688000
1723160479326 15456.204 692000
1723160493539 15101.076 696000
1723160506715 14631.249 700000
1723160523319 14541.63 704000
1723160541287 14914.213 708000
1723160560117 15465.67 712000
1723160578803 15947.279 716000
1723160596187 15537.639 720000
1723160614197 15546.58 724000
1723160634941 15796.949 728000
1723160653624 15815.964 732000
1723160672934 16354.17 736000
1723160687826 16505.243 740000
1723160702053 16269.642 744000
1723160715635 15856.438 748000
1723160729153 15342.546 752000
1723160743664 14887.094 756000
1723160756815 14490.26 760000
1723160770705 14099.499 764000
1723160783575 13339.999 768000
1723160796190 12779.716 772000
1723160808810 12129.89 776000
1723160822411 12013.945 780000
1723160835217 11879.425 784000
1723160848135 11816.979 788000
1723160861013 11757.598 792000
1723160873878 11665.698 796000
1723160887693 11730.318 800000
1723160900907 11658.63 804000
1723160913924 11671.069 808000
1723160926591 11677.234 812000
1723160939170 11659.571 816000
1723160953113 11693.58 820000
1723160970907 12185.473 824000
1723160991040 12862.75 828000
1723161004910 12943.445 832000
1723161018130 12975.374 836000
1723161031829 12950.762 840000
1723161044348 12892.801 844000
1723161057056 12862.863 848000
1723161069851 12877.349 852000
1723161082558 12895.76 856000
1723161094946 12756.038 860000
1723161107752 12272.022 864000
1723161119771 11514.681 868000
1723161132189 11395.504 872000
1723161144751 11338.297 876000
1723161156903 11206.498 880000
1723161169327 11194.846 884000
1723161181853 11182.878 888000
1723161194325 11152.197 892000
1723161206479 11110.688 896000
1723161218462 11071.087 900000
1723161230996 11042.83 904000
1723161243393 11069.192 908000
1723161255331 11022.912 912000
1723161267568 10992.04 916000
1723161279681 10992.095 920000
1723161291995 10982.52 924000
1723161303972 10928.182 928000
1723161316083 10894.175 932000
1723161328447 10913.851 936000
1723161340599 10935.16 940000
1723161353078 10933.657 944000
1723161365591 10948.169 948000
1723161378351 10987.524 952000
1723161391137 11040.158 956000
1723161403093 11024.704 960000
1723161415457 11031.87 964000
1723161428014 11086.964 968000
1723161439930 11067.074 972000
1723161452497 11080.292 976000
1723161464745 11084.562 980000
1723161477244 11084.38 984000
1723161489970 11111.496 988000
1723161502686 11143.233 992000
1723161515103 11097.813 996000
1723161527443 11135.298 1000000
1723161540376 11179.563 1004000
1723161552901 11177.429 1008000
1723161565498 11241.709 1012000
1723161577867 11226.921 1016000
1723161590245 11234.673 1020000
1723161602177 11180.074 1024000
1723161614559 11144.774 1028000
1723161626782 11100.745 1032000
1723161639032 11095.205 1036000
1723161651191 11066.784 1040000
1723161663544 11018.689 1044000
1723161675722 10989.927 1048000
1723161687805 10940.678 1052000
1723161699544 10881.404 1056000
1723161711840 10874.827 1060000
1723161723709 10866.454 1064000
1723161735724 10828.634 1068000
1723161747947 10827.508 1072000
1723161760336 10839.434 1076000
1723161773057 10903.844 1080000
1723161785777 10937.33 1084000
1723161798150 10936.052 1088000
1723161810626 10973.415 1092000
1723161823068 11038.978 1096000
1723161835545 11057.946 1100000
1723161847300 11050.316 1104000
1723161859577 11073.025 1108000
1723161871935 11086.343 1112000
1723161883949 11053.651 1116000
1723161896041 10992.364 1120000
1723161908122 10939.303 1124000
1723161920417 10945.935 1128000
1723161932713 10927.924 1132000
1723161945177 10928.593 1136000
1723161957344 10900.413 1140000
1723161969605 10947.492 1144000
1723161982363 10965.538 1148000
1723161994717 10964.486 1152000
1723162007091 10992.317 1156000
1723162019530 11020.427 1160000
1723162032098 11062.217 1164000
1723162044560 11081.315 1168000
1723162057229 11114.447 1172000
1723162069628 11102.188 1176000
1723162082649 11185.799 1180000
1723162095044 11200.725 1184000
1723162108119 11264.495 1188000
1723162120737 11285.994 1192000
1723162133406 11316.01 1196000
1723162146036 11331.065 1200000
