1723157948622 0.019 4000
1723157966382 0.017 8000
1723157984289 0.016 12000
1723157998243 0.015 16000
1723158011225 0.015 20000
1723158024045 0.015 24000
1723158036985 0.014 28000
1723158050869 0.014 32000
1723158065083 0.014 36000
1723158079094 0.014 40000
1723158093184 0.014 44000
1723158107327 0.014 48000
1723158121391 0.014 52000
1723158135434 0.014 56000
1723158149189 0.013 60000
1723158163232 0.015 64000
1723158177237 0.015 68000
1723158191646 0.015 72000
1723158205788 0.015 76000
1723158220068 0.015 80000
1723158234066 0.015 84000
1723158248199 0.015 88000
1723158262213 0.014 92000
1723158276210 0.015 96000
1723158290081 0.015 100000
1723158304250 0.013 104000
1723158319136 0.013 108000
1723158333609 0.013 112000
1723158348171 0.031 116000
1723158362596 0.031 120000
1723158377068 0.031 124000
1723158392796 0.031 128000
1723158414732 0.031 132000
1723158430030 0.031 136000
1723158444612 0.031 140000
1723158458941 0.031 144000
1723158473333 0.031 148000
1723158487744 0.032 152000
1723158501863 0.013 156000
1723158516105 0.013 160000
1723158530485 0.014 164000
1723158545526 0.013 168000
1723158560253 0.013 172000
1723158574976 0.013 176000
1723158589488 0.013 180000
1723158603443 0.013 184000
1723158617229 0.013 188000
1723158631335 0.013 192000
1723158645140 0.013 196000
1723158658696 0.013 200000
1723158672825 0.013 204000
1723158687369 0.014 208000
1723158701598 0.013 212000
1723158715765 0.013 216000
1723158730228 0.013 220000
1723158744553 0.013 224000
1723158758451 0.013 228000
1723158772740 0.013 232000
1723158786615 0.013 236000
1723158800608 0.013 240000
1723158814566 0.013 244000
1723158829005 0.013 248000
1723158842498 0.013 252000
1723158856350 0.013 256000
1723158870627 0.013 260000
1723158885363 0.014 264000
1723158899299 0.015 268000
1723158913903 0.015 272000
1723158928273 0.016 276000
1723158942241 0.016 280000
1723158955877 0.016 284000
1723158969734 0.016 288000
1723158983787 0.02 292000
1723158997295 0.02 296000
1723159010859 0.02 300000
1723159024434 0.019 304000
1723159041339 0.018 308000
1723159061377 0.02 312000
1723159081067 0.019 316000
1723159096053 0.019 320000
1723159109804 0.019 324000
1723159123335 0.018 328000
1723159137105 0.015 332000
1723159151034 0.015 336000
1723159164652 0.014 340000
1723159178320 0.015 344000
1723159192342 0.015 348000
1723159205646 0.014 352000
1723159218842 0.013 356000
1723159232467 0.013 360000
1723159246725 0.013 364000
1723159260121 0.013 368000
1723159273416 0.013 372000
1723159287018 0.013 376000
1723159301058 0.013 380000
1723159315184 0.013 384000
1723159328994 0.013 388000
1723159343008 0.013 392000
1723159356680 0.013 396000
1723159370454 0.013 400000
1723159384737 0.013 404000
1723159398955 0.013 408000
1723159412420 0.013 412000
1723159431009 0.013 416000
1723159446348 2.754 420000
1723159460537 2.754 424000
1723159474820 2.754 428000
1723159488927 2.755 432000
1723159502378 2.755 436000
1723159515613 2.754 440000
1723159528910 2.755 444000
1723159542591 2.755 448000
1723159556209 2.755 452000
1723159582980 2.755 456000
1723159601032 0.014 460000
1723159618280 0.013 464000
1723159636460 0.014 468000
1723159654220 0.013 472000
1723159673976 0.013 476000
1723159692871 0.013 480000
1723159710269 0.013 484000
1723159724914 0.013 488000
1723159738589 0.013 492000
1723159751878 0.013 496000
1723159765595 0.013 500000
1723159779284 0.013 504000
1723159793014 0.013 508000
1723159806515 0.013 512000
1723159819869 0.013 516000
1723159834635 0.012 520000
1723159848581 0.012 524000
1723159863037 0.012 528000
1723159877320 0.012 532000
1723159891351 0.012 536000
1723159905532 0.012 540000
1723159919788 0.012 544000
1723159934139 0.012 548000
1723159948011 0.012 552000
1723159962127 0.013 556000
1723159976395 0.013 560000
1723159989898 0.012 564000
1723160003514 0.012 568000
1723160017327 0.013 572000
1723160031034 0.013 576000
1723160044743 0.013 580000
1723160063032 0.013 584000
1723160081243 0.013 588000
1723160099097 0.013 592000
1723160117009 0.013 596000
1723160130328 0.013 600000
1723160142850 0.013 604000
1723160155447 0.013 608000
1723160167983 0.013 612000
1723160180743 0.013 616000
1723160194067 0.013 620000
1723160206808 0.013 624000
1723160219744 0.013 628000
1723160232628 0.012 632000
1723160244992 0.012 636000
1723160257854 0.012 640000
1723160274787 0.012 644000
1723160292029 0.013 648000
1723160309366 0.013 652000
1723160326913 0.013 656000
1723160345064 0.013 660000
1723160362624 0.013 664000
1723160376926 0.013 668000
1723160389974 0.013 672000
1723160403460 0.013 676000
1723160424820 0.013 680000
1723160442686 0.014 684000
1723160460946 0.013 688000
1723160479325 0.013 692000
1723160493538 0.013 696000
1723160506713 0.014 700000
1723160523318 0.014 704000
1723160541286 0.014 708000
1723160560115 0.014 712000
1723160578802 0.014 716000
1723160596186 0.015 720000
1723160614196 0.015 724000
1723160634940 0.015 728000
1723160653623 0.015 732000
1723160672932 0.017 736000
1723160687825 0.016 740000
1723160702052 0.016 744000
1723160715634 0.016 748000
1723160729152 0.016 752000
1723160743663 0.016 756000
1723160756814 0.016 760000
1723160770704 0.016 764000
1723160783574 0.016 768000
1723160796189 0.016 772000
1723160808809 0.014 776000
1723160822410 0.013 780000
1723160835216 0.013 784000
1723160848134 0.013 788000
1723160861012 0.013 792000
1723160873877 0.013 796000
1723160887692 0.013 800000
1723160900905 0.012 804000
1723160913923 0.012 808000
1723160926590 0.012 812000
1723160939169 0.013 816000
1723160953112 0.014 820000
1723160970905 0.014 824000
1723160991039 0.014 828000
1723161004909 0.014 832000
1723161018129 0.014 836000
1723161031828 0.014 840000
1723161044347 0.014 844000
1723161057055 0.014 848000
1723161069850 0.014 852000
1723161082557 0.014 856000
1723161094945 0.013 860000
1723161107751 0.013 864000
1723161119770 0.013 868000
1723161132188 0.013 872000
1723161144750 0.014 876000
1723161156902 0.014 880000
1723161169326 0.013 884000
1723161181851 0.013 888000
1723161194323 0.013 892000
1723161206478 0.013 896000
1723161218461 0.013 900000
1723161230995 0.013 904000
1723161243392 0.013 908000
1723161255330 0.013 912000
1723161267567 0.013 916000
1723161279680 0.013 920000
1723161291994 0.013 924000
1723161303971 0.013 928000
1723161316082 0.013 932000
1723161328446 0.013 936000
1723161340598 0.013 940000
1723161353077 0.013 944000
1723161365590 0.013 948000
1723161378350 0.013 952000
1723161391136 0.013 956000
1723161403092 0.013 960000
1723161415456 0.013 964000
1723161428013 0.013 968000
1723161439929 0.013 972000
1723161452496 0.013 976000
1723161464744 0.061 980000
1723161477243 0.061 984000
1723161489969 0.061 988000
1723161502685 0.061 992000
1723161515102 0.061 996000
1723161527442 0.061 1000000
1723161540375 0.061 1004000
1723161552900 0.061 1008000
1723161565496 0.062 1012000
1723161577866 0.062 1016000
1723161590244 0.014 1020000
1723161602176 0.014 1024000
1723161614558 0.014 1028000
1723161626781 0.014 1032000
1723161639031 0.014 1036000
1723161651190 0.014 1040000
1723161663543 0.014 1044000
1723161675721 0.014 1048000
1723161687803 0.013 1052000
1723161699543 0.013 1056000
1723161711839 0.013 1060000
1723161723708 0.013 1064000
1723161735723 0.013 1068000
1723161747946 0.013 1072000
1723161760335 0.013 1076000
1723161773056 0.013 1080000
1723161785776 0.013 1084000
1723161798148 0.013 1088000
1723161810625 0.013 1092000
1723161823067 0.013 1096000
1723161835544 0.013 1100000
1723161847299 0.013 1104000
1723161859576 0.012 1108000
1723161871934 0.012 1112000
1723161883948 0.012 1116000
1723161896040 0.013 1120000
1723161908121 0.013 1124000
1723161920416 0.013 1128000
1723161932712 0.013 1132000
1723161945176 0.013 1136000
1723161957343 0.013 1140000
1723161969604 0.013 1144000
1723161982362 0.014 1148000
1723161994716 0.014 1152000
1723162007090 0.014 1156000
1723162019529 0.013 1160000
1723162032097 0.013 1164000
1723162044559 0.013 1168000
1723162057228 0.013 1172000
1723162069627 0.013 1176000
1723162082648 0.013 1180000
1723162095043 0.013 1184000
1723162108118 0.013 1188000
1723162120736 0.013 1192000
1723162133405 0.013 1196000
1723162146035 0.013 1200000
