1723172544877 0.0 4000
1723172560106 0.0 8000
1723172575109 0.0 12000
1723172590151 0.0 16000
1723172604639 0.0 20000
1723172618991 0.0 24000
1723172633117 0.0 28000
1723172647631 0.0 32000
1723172662273 0.0 36000
1723172675390 0.0 40000
1723172689916 0.0 44000
1723172704075 0.0 48000
1723172718062 0.0 52000
1723172732110 0.0 56000
1723172749575 0.0 60000
1723172763935 0.0 64000
1723172778400 0.0 68000
1723172793039 0.0 72000
1723172807200 0.0 76000
1723172821261 0.0 80000
1723172835240 0.0 84000
1723172849117 0.0 88000
1723172863029 0.0 92000
1723172877189 0.0 96000
1723172891035 0.0 100000
1723172904766 0.0 104000
1723172918022 0.0 108000
1723172932036 0.0 112000
1723172946268 0.0 116000
1723172960169 0.0 120000
1723172974289 0.0 124000
1723172988167 0.0 128000
1723173002100 0.0 132000
1723173016051 0.0 136000
1723173029996 0.0 140000
1723173043959 0.0 144000
1723173057984 0.0 148000
1723173071860 0.0 152000
1723173085784 0.0 156000
1723173099474 0.0 160000
1723173113980 0.0 164000
1723173128502 0.0 168000
1723173142483 0.0 172000
1723173155501 0.0 176000
1723173169548 0.0 180000
1723173183309 0.0 184000
1723173197351 0.0 188000
1723173211512 0.0 192000
1723173225520 0.0 196000
1723173239436 0.0 200000
1723173253023 0.0 204000
1723173266801 0.0 208000
1723173280484 0.0 212000
1723173294154 0.0 216000
1723173307664 0.0 220000
1723173321462 0.0 224000
1723173335076 0.0 228000
1723173348743 0.0 232000
1723173362505 0.0 236000
