1723231574357 0.004974791878148129 4000
1723231581543 0.005007103869789525 8000
1723231588703 0.004853072919343647 12000
1723231596112 0.005432692441073331 16000
1723231603468 0.0050220489501953125 20000
1723231610572 0.004668712615966797 24000
1723231617991 0.004404306411743164 28000
1723231625252 0.00425267219543457 32000
1723231632650 0.003475189208984375 36000
1723231640351 0.0035120248794555664 40000
1723231647650 0.0035657882690429688 44000
1723231654937 0.00355684757232666 48000
1723231662290 0.0035037994384765625 52000
1723231669599 0.0034935474395751953 56000
1723231678829 0.0033538341522216797 60000
1723231687477 0.0033397674560546875 64000
1723231695484 0.0034776926040649414 68000
1723231704116 0.00357973575592041 72000
1723231712972 0.004171609878540039 76000
1723231721629 0.004411816596984863 80000
1723231730000 0.004221081733703613 84000
1723231738090 0.004948973655700684 88000
1723231745875 0.004790306091308594 92000
1723231755157 0.004248261451721191 96000
1723231764869 0.006016850471496582 100000
1723231772541 0.005959033966064453 104000
1723231780164 0.005154132843017578 108000
1723231788086 0.004977226257324219 112000
1723231796921 0.004772663116455078 116000
1723231804850 0.003039717674255371 120000
1723231812592 0.0030246973037719727 124000
1723231820162 0.0031365156173706055 128000
1723231827912 0.003162980079650879 132000
1723231835545 0.0034455060958862305 136000
1723231843219 0.0034737586975097656 140000
1723231850816 0.00361788272857666 144000
1723231858617 0.004733681678771973 148000
1723231866362 0.004928469657897949 152000
1723231874010 0.004719138145446777 156000
1723231881563 0.004754185676574707 160000
1723231889461 0.0046215057373046875 164000
1723231897655 0.0036356449127197266 168000
1723231905414 0.003565669059753418 172000
1723231912946 0.0034488439559936523 176000
1723231920601 0.0034830570220947266 180000
1723231928478 0.0033696889877319336 184000
1723231936410 0.003865480422973633 188000
1723231944058 0.0038527250289916992 192000
1723231951824 0.004143834114074707 196000
1723231959203 0.0041844844818115234 200000
1723231966854 0.0035932064056396484 204000
1723231974207 0.0033620595932006836 208000
1723231981756 0.0032845735549926758 212000
1723231989135 0.0032802820205688477 216000
1723231997087 0.003282308578491211 220000
1723232004763 0.0033538341522216797 224000
1723232012312 0.0033614635467529297 228000
1723232019754 0.0033162832260131836 232000
1723232027244 0.00336456298828125 236000
1723232034792 0.003464221954345703 240000
1723232042366 0.003434419631958008 244000
1723232050020 0.003443598747253418 248000
1723232057790 0.003504157066345215 252000
1723232065978 0.0035033226013183594 256000
1723232073712 0.0035562515258789062 260000
1723232080970 0.0034477710723876953 264000
1723232088533 0.0033724308013916016 268000
1723232096011 0.0033736228942871094 272000
1723232103522 0.0032994747161865234 276000
1723232111114 0.0033521652221679688 280000
1723232118681 0.00331878662109375 284000
1723232126228 0.00330352783203125 288000
1723232133830 0.0033233165740966797 292000
1723232141140 0.0033431053161621094 296000
1723232148569 0.003188610076904297 300000
1723232156031 0.003229379653930664 304000
1723232163441 0.0034674406051635742 308000
1723232171378 0.0035452842712402344 312000
1723232178780 0.003527402877807617 316000
1723232186237 0.003771543502807617 320000
1723232193498 0.003783106803894043 324000
1723232201018 0.0039681196212768555 328000
1723232208580 0.003973245620727539 332000
1723232216034 0.004023909568786621 336000
1723232223654 0.0037927627563476562 340000
1723232231045 0.0037255287170410156 344000
1723232238945 0.0032500028610229492 348000
1723232246595 0.0033049583435058594 352000
1723232253856 0.003313422203063965 356000
1723232260999 0.0033495426177978516 360000
1723232268847 0.0034117698669433594 364000
1723232276500 0.0034047365188598633 368000
1723232283944 0.0033544301986694336 372000
1723232291319 0.0033208131790161133 376000
1723232298941 0.003280043601989746 380000
1723232306441 0.0033791065216064453 384000
1723232313930 0.0034445524215698242 388000
1723232321257 0.0034322738647460938 392000
1723232328651 0.0033987760543823242 396000
1723232335867 0.0034432411193847656 400000
1723232343393 0.003239870071411133 404000
1723232350708 0.0032024383544921875 408000
1723232358188 0.0033233165740966797 412000
1723232365468 0.003282308578491211 416000
1723232372704 0.003367900848388672 420000
1723232379912 0.0034214258193969727 424000
1723232387326 0.0034314393997192383 428000
1723232394689 0.0035282373428344727 432000
1723232402069 0.003716707229614258 436000
1723232409221 0.0036118030548095703 440000
1723232416525 0.0035446882247924805 444000
1723232423842 0.0034189224243164062 448000
1723232431209 0.003123164176940918 452000
1723232438465 0.0032973289489746094 456000
1723232445626 0.003272533416748047 460000
1723232453289 0.003234386444091797 464000
1723232460526 0.0031806230545043945 468000
1723232467697 0.00324094295501709 472000
1723232475084 0.003289341926574707 476000
1723232482416 0.0033398866653442383 480000
1723232489667 0.003414750099182129 484000
1723232496994 0.0033670663833618164 488000
1723232504570 0.0033903121948242188 492000
1723232511979 0.0033069849014282227 496000
1723232519500 0.0034219026565551758 500000
1723232526825 0.0034216642379760742 504000
1723232534270 0.0034378767013549805 508000
1723232541773 0.003419637680053711 512000
1723232549477 0.0033301115036010742 516000
1723232556867 0.0033179521560668945 520000
1723232564307 0.003423333168029785 524000
1723232571737 0.003423452377319336 528000
1723232579077 0.0033801794052124023 532000
1723232586586 0.003306269645690918 536000
1723232594138 0.0032607316970825195 540000
1723232602293 0.0031517744064331055 544000
1723232609987 0.0031723976135253906 548000
1723232617416 0.0032405853271484375 552000
1723232625051 0.003293752670288086 556000
1723232632546 0.0031669139862060547 560000
1723232640047 0.0032695531845092773 564000
1723232647511 0.0033479928970336914 568000
1723232655043 0.003319382667541504 572000
1723232662564 0.0034395456314086914 576000
1723232669957 0.0034372806549072266 580000
1723232677383 0.004337430000305176 584000
1723232684891 0.004311919212341309 588000
1723232692309 0.0042514801025390625 592000
1723232700424 0.00347137451171875 596000
1723232708259 0.004112362861633301 600000
1723232716493 0.004224896430969238 604000
1723232723845 0.004268646240234375 608000
1723232731336 0.0041741132736206055 612000
1723232738651 0.003489851951599121 616000
1723232746197 0.0032404661178588867 620000
1723232753636 0.003302931785583496 624000
1723232761288 0.0033693313598632812 628000
1723232768713 0.0034780502319335938 632000
1723232776258 0.0034922361373901367 636000
1723232784197 0.003503084182739258 640000
1723232791882 0.0035636425018310547 644000
1723232799231 0.0034339427947998047 648000
1723232806790 0.0033614635467529297 652000
1723232814701 0.0032521486282348633 656000
1723232822501 0.003119945526123047 660000
1723232829674 0.0030968189239501953 664000
1723232837325 0.0032744407653808594 668000
1723232844770 0.0032328367233276367 672000
1723232852900 0.003262758255004883 676000
1723232860401 0.0032949447631835938 680000
1723232867726 0.003371119499206543 684000
1723232875194 0.0032787322998046875 688000
1723232883057 0.0033048391342163086 692000
1723232890293 0.0032739639282226562 696000
1723232897588 0.0033131837844848633 700000
1723232904908 0.003939390182495117 704000
1723232912176 0.0038548707962036133 708000
1723232919496 0.003928184509277344 712000
1723232926727 0.003867030143737793 716000
1723232934073 0.003930926322937012 720000
1723232942097 0.0031936168670654297 724000
1723232949871 0.0032843351364135742 728000
1723232957434 0.00324404239654541 732000
1723232964892 0.003161787986755371 736000
1723232972430 0.003243684768676758 740000
1723232980162 0.0033761262893676758 744000
1723232987748 0.003468751907348633 748000
1723232995262 0.0034083127975463867 752000
1723233002982 0.0035467147827148438 756000
1723233010616 0.005669593811035156 760000
1723233018221 0.005652427673339844 764000
1723233025852 0.005638480186462402 768000
1723233033552 0.005718350410461426 772000
1723233040900 0.005637168884277344 776000
1723233048112 0.003407597541809082 780000
1723233055475 0.0032143592834472656 784000
1723233062702 0.0031796693801879883 788000
1723233069942 0.003075242042541504 792000
1723233077251 0.0030106306076049805 796000
1723233084601 0.0030573606491088867 800000
