1723173953632 0.5641482774572373 4000
1723173968263 0.5422746600622 8000
1723173984107 0.5377225805491523 12000
1723173999082 0.551101450625118 16000
1723174014658 0.5457030048187211 20000
1723174030093 0.5405210805495424 24000
1723174046334 0.5373271367951165 28000
1723174061222 0.5361951180823541 32000
1723174078171 0.5364499036172596 36000
1723174093327 0.5354043495748423 40000
1723174108164 0.5510245677318532 44000
1723174124675 0.5470691028409194 48000
1723174139246 0.5426815783297827 52000
1723174153139 0.53875518301312 56000
1723174167309 0.5343551933906046 60000
1723174181418 0.5316264418405502 64000
1723174195996 0.5293475215041588 68000
1723174209801 0.5265948545943945 72000
1723174224065 0.524667924720803 76000
1723174238077 0.5218470423448982 80000
1723174252306 0.5200089839133905 84000
1723174266654 0.5184759990822159 88000
1723174280788 0.5167182358080251 92000
1723174294678 0.5149116955901272 96000
1723174308615 0.514167936352762 100000
1723174322339 0.5132721776489542 104000
1723174335981 0.5121687538319735 108000
1723174350334 0.5121710899916839 112000
1723174364330 0.5113144354378065 116000
1723174378738 0.5111803150607857 120000
1723174394121 0.5206262330527315 124000
1723174408343 0.5196869343550228 128000
1723174422239 0.5188027496451157 132000
1723174436592 0.5185201086579013 136000
1723174450666 0.517859130038199 140000
1723174464530 0.5173263747696565 144000
1723174478443 0.5160831832889811 148000
1723174492150 0.5150974796401061 152000
1723174505752 0.5147185997025556 156000
1723174519160 0.5139418102392056 160000
1723174532556 0.513042503826507 164000
1723174546879 0.5127180011239207 168000
1723174560432 0.5118731579214882 172000
1723174574350 0.5113209825222801 176000
1723174588858 0.5105693930534914 180000
1723174602433 0.5099644629117145 184000
1723174616139 0.5097853425859233 188000
1723174630062 0.509441505804308 192000
1723174643598 0.5090118749988817 196000
1723174657291 0.5086902998223297 200000
1723174671292 0.5083877543754081 204000
1723174684864 0.5083597115930079 208000
1723174698591 0.5084216015427647 212000
1723174711797 0.5079614506839057 216000
1723174725154 0.5074738335834441 220000
1723174739049 0.5073095495983272 224000
1723174752362 0.5072346007360842 228000
1723174765878 0.5068083479264008 232000
1723174779158 0.5064035704132924 236000
1723174792756 0.5059012738230386 240000
1723174806488 0.5055149328993949 244000
1723174820221 0.5051178620334342 248000
1723174833662 0.504749968214304 252000
1723174846809 0.5044262133244082 256000
1723174860310 0.5043236611947588 260000
1723174874150 0.5046743335312257 264000
1723174887739 0.5042736430334673 268000
1723174901066 0.5039227522126644 272000
1723174914702 0.5037400120774178 276000
1723174927727 0.5034972548144783 280000
1723174941105 0.5032020463458394 284000
1723174954266 0.5030545039182848 288000
1723174967755 0.5029218888955412 292000
1723174981010 0.5028614400898851 296000
1723174994302 0.5032878319560076 300000
1723175007681 0.5033029641176657 304000
1723175021045 0.5030784233629536 308000
1723175034405 0.5029631236842882 312000
1723175047493 0.5027108578995825 316000
1723175060469 0.502411227143161 320000
1723175073954 0.5021984714732026 324000
1723175087334 0.5020855889330441 328000
1723175100609 0.5017742064008818 332000
1723175113762 0.5015461144689377 336000
1723175127379 0.5013924927389313 340000
1723175140611 0.5011976163966384 344000
1723175153968 0.5013163704166281 348000
1723175167562 0.501102094148643 352000
1723175181354 0.5011989284037432 356000
1723175194544 0.5011293752956694 360000
1723175208622 0.5012045235813413 364000
1723175221306 0.5010402669693725 368000
1723175234252 0.500835382095297 372000
1723175248038 0.5005673175137365 376000
1723175261300 0.5006133166480109 380000
1723175275214 0.5004809330949129 384000
1723175288845 0.5002455391031575 388000
1723175302408 0.49997574440919096 392000
1723175315711 0.4999366346215099 396000
1723175329272 0.499927717467532 400000
1723175342523 0.4999409041576767 404000
1723175355780 0.4998404208862008 408000
1723175369035 0.4997865418774907 412000
1723175382107 0.4995540529291879 416000
1723175395862 0.4994948249031048 420000
1723175409486 0.49956914678463865 424000
1723175423006 0.49956245928674614 428000
1723175436318 0.49948620626894175 432000
1723175449749 0.4992887482728559 436000
1723175462897 0.49923229305741873 440000
1723175476066 0.49930950025983684 444000
1723175490498 0.4996725372440268 448000
1723175503491 0.49964569481929966 452000
1723175517132 0.4996144650821754 456000
1723175530032 0.4994306024023439 460000
1723175543146 0.4994039170945141 464000
1723175555101 0.4993350555853106 468000
1723175567947 0.5016664517355313 472000
1723175581181 0.5015314461289416 476000
1723175594549 0.5017044807454765 480000
1723175608032 0.5015484261060331 484000
1723175621281 0.5013988242503913 488000
1723175634937 0.501297727653742 492000
1723175648846 0.501254571651318 496000
1723175662504 0.5012595626468257 500000
1723175675881 0.5011648272594883 504000
1723175689652 0.5009217814478041 508000
1723175703498 0.5009349678862506 512000
1723175717489 0.5008147783724045 516000
1723175731085 0.5006931280879838 520000
1723175744910 0.5007747889868313 524000
1723175758899 0.5006844692435503 528000
1723175773240 0.5005963229688515 532000
1723175786698 0.5023393874388565 536000
1723175800474 0.5044016488490994 540000
1723175813536 0.5048930768904718 544000
1723175826544 0.5076609164760455 548000
1723175839810 0.5073942692971183 552000
1723175853362 0.5072915866626608 556000
1723175867617 0.5085664196920405 560000
1723175881430 0.5100653394793749 564000
1723175894853 0.5123234458718445 568000
1723175910156 0.5143333936427267 572000
1723175924119 0.5142683131774719 576000
1723175937024 0.5143789325980123 580000
1723175950568 0.5149044362635671 584000
1723175963571 0.5159089316888927 588000
1723175976864 0.5179064036440661 592000
1723175990773 0.5185027015465673 596000
1723176005500 0.5186051183916655 600000
1723176019117 0.5184419385905985 604000
1723176032564 0.5183374642200101 608000
1723176045672 0.5180561697053786 612000
1723176058105 0.5178632846831417 616000
1723176071837 0.5182988699231731 620000
1723176085577 0.5199999954581489 624000
1723176099263 0.5207988503931084 628000
1723176113449 0.5221843978812962 632000
1723176126585 0.5218873297081236 636000
1723176140601 0.5233993325502823 640000
1723176153271 0.5236371673989825 644000
1723176166513 0.5234140145858085 648000
1723176180345 0.5231856203567314 652000
1723176194049 0.5230421414846566 656000
1723176207548 0.5228393625659543 660000
1723176220819 0.5227478262987941 664000
1723176234813 0.522315643231843 668000
1723176247862 0.5222391208430335 672000
1723176261561 0.5220169062465999 676000
1723176274863 0.5223001544240332 680000
1723176289191 0.5240680461441797 684000
1723176302258 0.523864443034894 688000
1723176314524 0.5236576321770474 692000
1723176327950 0.5254041899755892 696000
1723176341343 0.5267779241316866 700000
1723176354765 0.5274258834306684 704000
1723176368491 0.5286101391403812 708000
1723176382051 0.5298281919004925 712000
1723176395405 0.529590885347001 716000
1723176409356 0.5313552438482946 720000
1723176423266 0.5314654938614681 724000
1723176436541 0.5311754978730988 728000
1723176448928 0.530966182918419 732000
1723176462232 0.5323982287385767 736000
1723176475881 0.5338918539173402 740000
1723176489195 0.5360243206587789 744000
1723176502998 0.5362342550170509 748000
1723176516424 0.5364210750688926 752000
1723176529975 0.5372812559679945 756000
1723176543290 0.5371657441912442 760000
1723176556945 0.5369735517317672 764000
1723176569963 0.5367286327791927 768000
1723176583686 0.5365179995154088 772000
1723176597522 0.5362882900720221 776000
1723176610786 0.5360180106947269 780000
1723176624220 0.5358508619380761 784000
1723176637356 0.5356250247346196 788000
1723176650681 0.535336045218361 792000
1723176663769 0.5350961505459376 796000
1723176677080 0.5349025568870649 800000
1723176691007 0.5347217805528086 804000
1723176704857 0.5344350454536458 808000
1723176718273 0.534183041197314 812000
1723176731540 0.5338754249036486 816000
1723176744770 0.5335659732254107 820000
1723176758029 0.5333509259048317 824000
1723176771640 0.5330512874879965 828000
1723176785248 0.5327887122862536 832000
1723176798713 0.5325154334211839 836000
1723176812015 0.5323679487756487 840000
1723176825583 0.5322089279400067 844000
1723176839389 0.5319739678914641 848000
1723176852804 0.5318023395372742 852000
1723176866160 0.5316379996894348 856000
1723176879497 0.531404794669515 860000
1723176893294 0.5312567319939994 864000
1723176907385 0.5310285599488563 868000
1723176921177 0.5308223965532423 872000
1723176934709 0.5307051244176884 876000
1723176948265 0.530554942540418 880000
1723176961765 0.5303564797082243 884000
1723176975532 0.5302194264772722 888000
1723176989041 0.5300108633060648 892000
1723177002451 0.5298026583325632 896000
1723177015787 0.5297197903354187 900000
1723177029226 0.5295244313107063 904000
1723177042189 0.529282603231662 908000
1723177056309 0.5290640407777389 912000
1723177069963 0.5288708412857817 916000
1723177083469 0.5287044635573367 920000
1723177097248 0.5286679754427651 924000
1723177110640 0.5285271840477384 928000
1723177124248 0.5284209229061103 932000
1723177137974 0.5282640165908082 936000
1723177151206 0.5281551957215729 940000
1723177164406 0.527990158058392 944000
1723177177905 0.5277541085299233 948000
1723177192480 0.5276176824292395 952000
1723177205842 0.5274534554800221 956000
1723177219458 0.527295167410156 960000
1723177232848 0.5271990986135195 964000
1723177246432 0.5269253623432524 968000
1723177260068 0.5268698556158875 972000
1723177274337 0.5267180572464201 976000
1723177287976 0.5265986835531073 980000
1723177301964 0.5264904772816582 984000
1723177315728 0.5263203816392955 988000
1723177329330 0.5262113983647599 992000
1723177342456 0.526071994838085 996000
1723177355623 0.5258999390742031 1000000
1723177369179 0.5257162871765383 1004000
1723177382876 0.5256118885390371 1008000
1723177396569 0.52549827679129 1012000
1723177410306 0.5253666247523795 1016000
1723177423749 0.5251524352045036 1020000
1723177437327 0.5250877801840078 1024000
1723177451092 0.5249572809414245 1028000
1723177464788 0.524777383452174 1032000
1723177478922 0.5245827580088195 1036000
1723177492964 0.5244730603235805 1040000
1723177506873 0.5244042177976661 1044000
1723177520543 0.5242033460353551 1048000
1723177534422 0.5240123686174922 1052000
1723177548263 0.5239725386985726 1056000
1723177561812 0.5239136151674791 1060000
1723177575964 0.5240161918643309 1064000
1723177589604 0.523866619811042 1068000
1723177602424 0.5237288450506776 1072000
1723177615593 0.5236351605700629 1076000
1723177628939 0.5234992088806621 1080000
1723177641981 0.5233240757544338 1084000
1723177655410 0.5231988073759442 1088000
1723177668858 0.5230638300635082 1092000
1723177682563 0.5229225343829187 1096000
1723177696067 0.5227781788838768 1100000
1723177709612 0.5226491647532432 1104000
1723177723106 0.5225000716750758 1108000
1723177737053 0.5225292672918637 1112000
1723177750223 0.522459441921549 1116000
1723177763793 0.5222860782699702 1120000
1723177777166 0.5222321984869434 1124000
1723177790720 0.5220553430390995 1128000
1723177803888 0.5219091036592796 1132000
1723177817041 0.5217397281844983 1136000
1723177830547 0.5217109571667353 1140000
1723177844258 0.521610786569721 1144000
1723177858375 0.5215137561426791 1148000
1723177871953 0.5213718148918274 1152000
1723177885618 0.5213173484597976 1156000
1723177899134 0.5212463430533077 1160000
1723177912733 0.521164254223532 1164000
1723177925723 0.5209757124547114 1168000
1723177939335 0.5208760979738888 1172000
1723177952325 0.520730114053434 1176000
1723177965675 0.5206223278532636 1180000
1723177979143 0.5205070114561781 1184000
1723177993071 0.5204052084329716 1188000
1723178006557 0.5203011193970921 1192000
1723178019779 0.5202233192082077 1196000
1723178033050 0.520106834101046 1200000
1723178045162 0.5201074523193037 1204000
1723178058677 0.5203596759177129 1208000
1723178071615 0.5208717451811988 1212000
1723178084951 0.5207888920447878 1216000
1723178097816 0.5206343819115397 1220000
1723178111143 0.5206031254507132 1224000
1723178124347 0.5204261297165871 1228000
1723178137680 0.5203137719616602 1232000
1723178151425 0.5201759555451554 1236000
1723178165189 0.5201012914458282 1240000
1723178178625 0.5200362102509846 1244000
1723178191691 0.5198362067403677 1248000
1723178205065 0.5196503566456873 1252000
1723178218969 0.5195715457037449 1256000
1723178232296 0.5194300174524665 1260000
1723178245725 0.5193194594219259 1264000
1723178259228 0.5190646391902232 1268000
1723178273049 0.5190903264142825 1272000
1723178286356 0.5189732130298279 1276000
1723178299553 0.5189006532368913 1280000
1723178312905 0.5187828827113035 1284000
1723178326942 0.5187051263437551 1288000
1723178340888 0.518674458453713 1292000
1723178354505 0.5185942455037593 1296000
1723178367837 0.5185799521233386 1300000
1723178381133 0.5184846277687023 1304000
1723178394728 0.5183683238426475 1308000
1723178407707 0.5183103171751487 1312000
1723178420911 0.5181674329919311 1316000
1723178434410 0.5180335331924578 1320000
1723178447740 0.5180246362067795 1324000
1723178461233 0.517884154881866 1328000
1723178474770 0.5177852546869135 1332000
1723178488246 0.5176524906767558 1336000
1723178501694 0.5176284872931171 1340000
1723178515721 0.5176033526497057 1344000
1723178529930 0.5175013978088543 1348000
1723178543425 0.5174029126988622 1352000
1723178556961 0.517388598736514 1356000
1723178570390 0.5172767953569205 1360000
1723178583533 0.5172100916504555 1364000
1723178597111 0.5171276337994285 1368000
1723178610326 0.5171098065455785 1372000
1723178623482 0.5170260110383209 1376000
1723178636614 0.5170129566635137 1380000
1723178649933 0.5169535123043182 1384000
1723178662647 0.5168662433512689 1388000
1723178675146 0.5167567388307266 1392000
1723178688503 0.5166150665721035 1396000
1723178701610 0.5165263563562671 1400000
1723178714947 0.5164321502522068 1404000
1723178728585 0.5163690991769307 1408000
1723178742373 0.5162843295831998 1412000
1723178755604 0.51617266587291 1416000
1723178769344 0.5160473307280117 1420000
1723178782868 0.516059397875807 1424000
1723178796309 0.5159382406468709 1428000
1723178809878 0.5158077172301652 1432000
1723178823235 0.5157254393061761 1436000
1723178836126 0.5157318384043358 1440000
1723178847533 0.5155944242335885 1444000
1723178859331 0.5153475467689493 1448000
1723178871065 0.5151019617622484 1452000
1723178883039 0.5149638202914432 1456000
1723178895044 0.5147709873273131 1460000
1723178907088 0.5146273454210385 1464000
1723178918387 0.5143306626027161 1468000
1723178929956 0.5142023674929549 1472000
1723178942212 0.5140236122202668 1476000
1723178953888 0.5138375849388745 1480000
1723178965797 0.5136572215453803 1484000
1723178977729 0.5134765133569666 1488000
1723178989866 0.5132936759098543 1492000
1723179001744 0.5131260757251471 1496000
1723179013758 0.5129440181595959 1500000
1723179025379 0.512763879504607 1504000
1723179037299 0.5126100129901493 1508000
1723179049018 0.5124369066679104 1512000
1723179060661 0.5122541163705568 1516000
1723179072632 0.5120367976915987 1520000
1723179084942 0.5119587466128538 1524000
1723179096602 0.5117587777958997 1528000
1723179108112 0.5116330970189364 1532000
1723179119716 0.5114192064681063 1536000
1723179131477 0.5113662306774779 1540000
1723179143262 0.5112599268405572 1544000
1723179154807 0.511055639545311 1548000
1723179166526 0.5108203482735474 1552000
1723179177982 0.5107125511134306 1556000
1723179189817 0.510559477387495 1560000
1723179201099 0.5104881945392348 1564000
1723179212737 0.5102264365419331 1568000
1723179224417 0.5101252467441258 1572000
1723179236328 0.5099857149519599 1576000
1723179247945 0.5098227892978178 1580000
1723179259138 0.5096972923139024 1584000
1723179270740 0.5095382429105265 1588000
1723179282434 0.5093742790125306 1592000
1723179293793 0.5092125554845148 1596000
1723179305077 0.509062269930746 1600000
1723179316186 0.5089089647988542 1604000
1723179327998 0.5087623780060734 1608000
1723179339556 0.5086238941633282 1612000
1723179350951 0.5084742435876208 1616000
1723179362344 0.5082691942571917 1620000
1723179373631 0.5082490342646964 1624000
1723179384982 0.5080575580794462 1628000
1723179396232 0.5079295709685034 1632000
1723179407422 0.507727546221719 1636000
1723179418908 0.5076381222665971 1640000
1723179430587 0.5075570700296801 1644000
1723179441936 0.5073482282835289 1648000
1723179453284 0.5071433066828943 1652000
1723179464686 0.5070473336760083 1656000
1723179475992 0.5069078726222055 1660000
1723179487810 0.5068167426980679 1664000
1723179499224 0.5065736989339613 1668000
1723179510765 0.506508414926437 1672000
1723179522301 0.5063587618882986 1676000
1723179533941 0.5062285242548618 1680000
1723179544961 0.5060926899567008 1684000
1723179556223 0.5059511119599246 1688000
1723179567709 0.5058215676254214 1692000
1723179579100 0.5056771716006649 1696000
1723179590479 0.5055452718658409 1700000
1723179601850 0.5054004468665328 1704000
1723179613145 0.5052969906104108 1708000
1723179624291 0.5051561829118526 1712000
1723179635712 0.5050187803917034 1716000
1723179646970 0.5048209747727018 1720000
1723179658473 0.5047973087136739 1724000
1723179669897 0.5046105842626466 1728000
1723179681191 0.5045040653495994 1732000
1723179692543 0.5043157222207566 1736000
1723179703988 0.5042596452602366 1740000
1723179715240 0.5041608833649275 1744000
1723179726693 0.5040526890514025 1748000
1723179738173 0.5038935224806509 1752000
1723179749549 0.5038027638754374 1756000
1723179760746 0.5036774155168189 1760000
1723179772190 0.5035764677246405 1764000
1723179784195 0.503367786471919 1768000
1723179795988 0.5033407276850376 1772000
1723179807459 0.5032278333113959 1776000
1723179818888 0.503092160507987 1780000
1723179830413 0.5029712739463339 1784000
1723179842591 0.5030295907006384 1788000
1723179853849 0.5029062833700407 1792000
1723179865372 0.5027840704876925 1796000
1723179876407 0.5026688670831324 1800000
1723179888026 0.5025520454389274 1804000
1723179899478 0.5024197264251518 1808000
1723179911029 0.5022975517271929 1812000
1723179922403 0.502174235920962 1816000
1723179933838 0.5020073698222871 1820000
1723179945158 0.5019906150570328 1824000
1723179956396 0.5018121310532466 1828000
1723179967973 0.5016945395137524 1832000
1723179979269 0.5015203362056794 1836000
1723179990762 0.5014365274499625 1840000
1723180002146 0.5013555188354073 1844000
1723180013324 0.5011972907084675 1848000
1723180024915 0.5010381291778079 1852000
1723180036556 0.5009574952570167 1856000
1723180048229 0.5008489107119846 1860000
1723180059764 0.5007860108149437 1864000
1723180071107 0.5005969869736725 1868000
1723180082513 0.5005206952695499 1872000
1723180093890 0.5003913006448906 1876000
1723180105062 0.5002849800855163 1880000
1723180116384 0.5001927445618071 1884000
1723180127860 0.5000792437917526 1888000
1723180139389 0.49996389080186937 1892000
1723180150889 0.4998505711803993 1896000
1723180162035 0.4997446000901112 1900000
1723180173280 0.499628093401264 1904000
1723180184565 0.4995146300265349 1908000
1723180196160 0.4994111164571365 1912000
1723180207620 0.49930615872729334 1916000
1723180219016 0.49914011188880525 1920000
1723180230502 0.49913077312539983 1924000
1723180241766 0.4989767553803269 1928000
1723180253493 0.498875053817845 1932000
1723180264974 0.4987255560249083 1936000
1723180276099 0.4986681379400537 1940000
1723180287556 0.4986166490538855 1944000
1723180298788 0.49847169471952546 1948000
1723180310144 0.49830817961841734 1952000
1723180321914 0.4982400469739072 1956000
1723180333050 0.49813286563435366 1960000
1723180344529 0.49807307660260236 1964000
1723180356176 0.4978903376995734 1968000
1723180367660 0.4978505261633202 1972000
1723180379165 0.4977740250202268 1976000
1723180390550 0.49765734431276915 1980000
1723180401952 0.49755785376596656 1984000
1723180413622 0.4974543416150161 1988000
1723180425381 0.49735960301576354 1992000
1723180436833 0.49725969598412656 1996000
1723180448680 0.49716736856306337 2000000
