1723171812057 0.601634118835981 4000
1723171825445 0.550000042431223 8000
1723171838167 0.5333613464241026 12000
1723171851748 0.5139304939807535 16000
1723171869926 0.5055295123867969 20000
1723171886421 0.5124370658606217 24000
1723171904867 0.5104883999622163 28000
1723171922407 0.5147141490645525 32000
1723171940916 0.5148979614977666 36000
1723171958904 0.5128035397552374 40000
1723171977213 0.5146840948352692 44000
1723171994400 0.5156630276064459 48000
1723172010956 0.514648256471002 52000
1723172029665 0.515832181426984 56000
1723172044745 0.5199005723688344 60000
1723172058670 0.5220387079339873 64000
1723172072306 0.5221161965611726 68000
1723172086235 0.5211427005635875 72000
1723172099987 0.5202352746325272 76000
1723172113419 0.518194130347522 80000
1723172126005 0.5156886266745434 84000
1723172139053 0.5127044769174475 88000
1723172151541 0.5100967027188713 92000
1723172163986 0.5084791862644691 96000
1723172176732 0.5064850437169461 100000
1723172189607 0.5042708581983288 104000
1723172201815 0.5025594389002834 108000
1723172214567 0.5011987424634227 112000
1723172227424 0.49990247407997085 116000
1723172240101 0.49891948708610107 120000
1723172252910 0.4975081505171408 124000
1723172265488 0.49646731698269886 128000
1723172278132 0.4953515121892593 132000
1723172290525 0.495000513919394 136000
1723172303013 0.4937447339893837 140000
1723172315598 0.492837049196817 144000
1723172328108 0.49235709112019743 148000
1723172340441 0.4922892457523842 152000
1723172353013 0.49122771839740725 156000
1723172365074 0.49055545245816473 160000
1723172376927 0.48926047584328203 164000
1723172389983 0.48943604383174943 168000
1723172402589 0.4889437946595569 172000
1723172414585 0.48839079288890613 176000
1723172426777 0.48750828425109594 180000
1723172439177 0.4867428992018409 184000
1723172451834 0.48594744143177715 188000
1723172465526 0.4862455188863512 192000
1723172478532 0.48581292705639917 196000
1723172494394 0.4861622718033378 200000
1723172507754 0.48589296060118764 204000
1723172524631 0.485489135162032 208000
1723172546690 0.48580514283565424 212000
1723172563818 0.4861675796689295 216000
1723172581175 0.48639387985834553 220000
1723172598084 0.48633667674552383 224000
1723172613445 0.48655806029176063 228000
1723172628777 0.48645785872630687 232000
1723172644005 0.48670012751019864 236000
1723172659937 0.4865818397151027 240000
1723172675796 0.4862082588984644 244000
1723172692125 0.49019208809017284 248000
1723172707080 0.49043080256131266 252000
1723172721812 0.48999735256525045 256000
1723172738294 0.489530396961677 260000
1723172756117 0.4899247035794841 264000
1723172770998 0.4900807228989185 268000
1723172785984 0.49018699811204336 272000
1723172800900 0.4900245016782527 276000
1723172815764 0.4899025215233608 280000
1723172830431 0.48974861854581914 284000
1723172844884 0.489478910362073 288000
1723172859266 0.4892755492966085 292000
1723172874468 0.48891236663255444 296000
1723172889287 0.48902222006169943 300000
1723172903658 0.48884617288074467 304000
1723172919790 0.48918565835680317 308000
1723172934691 0.4891960541434865 312000
1723172948524 0.488985670494406 316000
1723172963179 0.4889279230307193 320000
1723172977727 0.4881320538677058 324000
1723172992116 0.4881568401249537 328000
1723173006936 0.48788861370911896 332000
1723173022377 0.4878631473337249 336000
1723173036756 0.4875596586826151 340000
1723173051295 0.48715697882436515 344000
1723173065675 0.48721592393368196 348000
1723173080180 0.48722575067276497 352000
1723173094717 0.48675593167932407 356000
1723173109394 0.48667122865598933 360000
1723173125496 0.48643191424630117 364000
1723173140483 0.486803583968013 368000
1723173155634 0.48634272198360834 372000
1723173171517 0.49009419589662806 376000
1723173186389 0.48981059549748 380000
1723173201446 0.4896567393461958 384000
1723173216080 0.4893202058466404 388000
1723173230958 0.4891949867907573 392000
1723173245621 0.4889490787419153 396000
1723173259810 0.4886746307931849 400000
1723173274613 0.4884939565443223 404000
1723173289050 0.48835591209283336 408000
1723173302862 0.4881403907516746 412000
1723173317056 0.48805553598907375 416000
1723173331046 0.4880428966492343 420000
1723173344714 0.48748611980673534 424000
1723173359342 0.48763143131518405 428000
1723173374462 0.48744848496149107 432000
1723173388030 0.48780164318823177 436000
1723173401054 0.487327069822061 440000
1723173417292 0.4869380514775881 444000
1723173434360 0.4871645190499793 448000
1723173452287 0.4876843459493093 452000
1723173472629 0.4875286400032269 456000
1723173492623 0.4878641043677995 460000
1723173511555 0.4879148036583444 464000
1723173529360 0.48851239294942306 468000
1723173544111 0.4886371121569706 472000
1723173568085 0.4884033561913285 476000
1723173585306 0.48850368061806426 480000
1723173600872 0.48848579620073546 484000
1723173616365 0.48843049630424584 488000
1723173631750 0.4887359012390321 492000
1723173646200 0.48887040312672814 496000
1723173661982 0.48933496408787464 500000
1723173679539 0.4911765326242238 504000
1723173698972 0.4916214477193087 508000
1723173715851 0.49216472676727724 512000
1723173729839 0.49243192322451 516000
1723173741836 0.49232868886113396 520000
1723173753995 0.49165913450610904 524000
1723173766875 0.4917365117096882 528000
1723173779498 0.4917764753858969 532000
1723173796108 0.4919345966018022 536000
1723173814626 0.49186125552887944 540000
1723173834475 0.4918157552852081 544000
1723173855040 0.4922639272939591 548000
1723173868914 0.49281393204469937 552000
1723173887155 0.492658081053565 556000
1723173903170 0.49310852380117304 560000
1723173916600 0.4929509895474472 564000
1723173942222 0.49323931902386753 568000
1723173958477 0.4932511667638354 572000
1723173972752 0.4932453550062966 576000
1723173988073 0.49325843085647186 580000
1723174003719 0.49335475448709104 584000
1723174019222 0.4935424186708679 588000
1723174034013 0.4934974475438545 592000
1723174049956 0.49373848174329477 596000
1723174064432 0.49379495338935697 600000
1723174079885 0.49406867792189385 604000
1723174093355 0.4940574931158366 608000
1723174108906 0.49470821939603055 612000
1723174123210 0.4947604094210004 616000
1723174137211 0.4953253948946261 620000
1723174150889 0.4948694172638514 624000
1723174164501 0.4949374151277158 628000
1723174178006 0.49483731860372837 632000
1723174191315 0.4949706817918295 636000
1723174205189 0.4947190146407732 640000
1723174218568 0.4944232172355633 644000
1723174231978 0.49451739410138357 648000
1723174245397 0.4947507600280707 652000
1723174258676 0.49450611930094535 656000
1723174272720 0.49434180066915534 660000
1723174286001 0.49410651095662267 664000
1723174299373 0.4943506237716333 668000
1723174312964 0.49412160827809004 672000
1723174326422 0.4939825118877348 676000
1723174340052 0.4939012784858442 680000
1723174353415 0.49384093616148533 684000
1723174366623 0.4937444395583916 688000
1723174379036 0.493738671254291 692000
1723174392487 0.49494414884059673 696000
1723174405863 0.49480960314498007 700000
1723174419177 0.4947320387894554 704000
1723174432551 0.49465105282460753 708000
1723174445852 0.494526860933594 712000
1723174459122 0.4944734711560031 716000
1723174471933 0.49456229333780055 720000
1723174485490 0.49402076060620836 724000
1723174499171 0.4941498738967257 728000
1723174512499 0.4939779147235273 732000
1723174525734 0.494042964158758 736000
1723174539760 0.4937200509696805 740000
1723174553208 0.49339657073911275 744000
1723174567137 0.4935249885721752 748000
1723174580366 0.49363712851086583 752000
1723174594414 0.493367331586603 756000
1723174607451 0.49326330726154616 760000
1723174621226 0.49300587876663304 764000
1723174634871 0.4933903109738902 768000
1723174648376 0.49310864180394487 772000
1723174662023 0.4931059880848985 776000
1723174675959 0.4930168590613767 780000
1723174689560 0.4929623481500082 784000
1723174702889 0.4929095352667371 788000
1723174716258 0.49278144417533165 792000
1723174730039 0.49270857595812795 796000
1723174743999 0.4927021904639222 800000
1723174757134 0.49264078924255766 804000
1723174770159 0.4926132679795106 808000
1723174783227 0.4926084523442188 812000
1723174796630 0.49264037606356964 816000
1723174809862 0.49277942764775917 820000
1723174823388 0.4923452920819671 824000
1723174836705 0.492542201327738 828000
1723174850454 0.49241559011600167 832000
1723174864154 0.4925829704550737 836000
1723174877641 0.49239346956679275 840000
1723174890691 0.4920697590860292 844000
1723174904384 0.49222533781335126 848000
1723174917559 0.49240771550806073 852000
1723174930500 0.49208767367081074 856000
1723174943678 0.4920170815219539 860000
1723174957213 0.49173913587886237 864000
1723174971309 0.49215829938708283 868000
1723174984836 0.49183037808605673 872000
1723174998278 0.4918093608534288 876000
1723175011768 0.4917474057992732 880000
1723175025636 0.4917349084224874 884000
1723175038995 0.49171753980130656 888000
1723175052004 0.49160317027745626 892000
1723175065354 0.4916208031319961 896000
1723175078895 0.4915925841080863 900000
1723175091986 0.49156465465881677 904000
1723175105073 0.4915892516722173 908000
1723175118350 0.49160511295260856 912000
1723175131958 0.4915655815444534 916000
1723175145237 0.4917619638896809 920000
1723175158681 0.49126673636721907 924000
1723175172564 0.49143494277754696 928000
1723175186576 0.4914783811654242 932000
1723175200689 0.4916294177084814 936000
1723175214892 0.4914389697526023 940000
1723175228627 0.49114475877119845 944000
1723175242198 0.4912966968210348 948000
1723175255893 0.49156865717527404 952000
1723175269359 0.4912813711359484 956000
1723175283341 0.49122283044833354 960000
1723175296955 0.4909806013502986 964000
1723175310738 0.49137052859582037 968000
1723175324606 0.4911432755888294 972000
1723175338158 0.4911516196639552 976000
1723175351511 0.49111939953752143 980000
1723175365044 0.4911208879660201 984000
1723175378273 0.49106752494377776 988000
1723175392471 0.4909909615178445 992000
1723175406007 0.4909621158463288 996000
1723175419150 0.49092805879621926 1000000
1723175432306 0.49091509388260285 1004000
1723175445726 0.49096435906299246 1008000
1723175459159 0.49086843659591706 1012000
1723175472618 0.49079281631295824 1016000
1723175487638 0.4910123532953332 1020000
1723175501180 0.49056728791574916 1024000
1723175514729 0.4907167225000565 1028000
1723175528064 0.4906614895155354 1032000
1723175541334 0.49086139083426 1036000
1723175555326 0.49061798525520417 1040000
1723175569986 0.49129413058022525 1044000
1723175583672 0.49142494187688807 1048000
1723175597287 0.49160266778147715 1052000
1723175611046 0.4913328320717438 1056000
1723175624531 0.4913544912574507 1060000
1723175637991 0.4910845662580711 1064000
1723175652541 0.4915076774242819 1068000
1723175666220 0.4912533363324771 1072000
1723175679501 0.4911908478502124 1076000
1723175693224 0.49108848503900837 1080000
1723175706865 0.4910976708586764 1084000
1723175720287 0.49103512268893196 1088000
1723175733618 0.4909975772521383 1092000
1723175747152 0.4909299023581056 1096000
1723175760988 0.49097876631356574 1100000
1723175773084 0.49095894600306855 1104000
1723175786925 0.4917038827351667 1108000
1723175800062 0.4926343174883822 1112000
1723175813588 0.4929889329464194 1116000
1723175827594 0.4945205121005075 1120000
1723175841365 0.49406770410317347 1124000
1723175853670 0.494247071181286 1128000
1723175868011 0.49509822550961685 1132000
1723175881516 0.49569983538729384 1136000
1723175895172 0.4963611686672318 1140000
1723175908437 0.4969307350708863 1144000
1723175922373 0.4970973449246401 1148000
1723175936464 0.49736112015655276 1152000
1723175950246 0.4977886195896333 1156000
1723175963868 0.4987007859010002 1160000
1723175977100 0.49922042948862894 1164000
1723175990445 0.4998857877417 1168000
1723176003967 0.499810254074846 1172000
1723176017080 0.49976424381634105 1176000
1723176030459 0.4997540631796319 1180000
1723176044354 0.49970727169177925 1184000
1723176058796 0.49966008046006133 1188000
1723176072166 0.49978249144039727 1192000
1723176085234 0.5004250870248 1196000
1723176099089 0.5011770715924242 1200000
1723176112960 0.5019445939372907 1204000
1723176126658 0.5019661076444338 1208000
1723176139968 0.5028081077179554 1212000
1723176154440 0.5028973112964441 1216000
1723176168402 0.503066323812425 1220000
1723176182135 0.5026474052228339 1224000
1723176195838 0.502767340988649 1228000
1723176209014 0.502744605214937 1232000
1723176222173 0.502862179198234 1236000
1723176236043 0.5026157479312556 1240000
1723176249542 0.5023026402759098 1244000
1723176262349 0.5024841935577669 1248000
1723176274789 0.502749112167934 1252000
1723176287973 0.5035473660475723 1256000
1723176301085 0.5034666274521034 1260000
1723176314493 0.5031570470985582 1264000
1723176327878 0.5044893977174408 1268000
1723176341145 0.5052505494263655 1272000
1723176355072 0.5056857892623806 1276000
1723176368903 0.506355247303459 1280000
1723176383307 0.507004222868438 1284000
1723176395523 0.5068702590908323 1288000
1723176408675 0.5076483265970687 1292000
1723176422071 0.5076866584006458 1296000
1723176435178 0.5075945668923357 1300000
1723176448912 0.5074906804933611 1304000
1723176462136 0.508685262537302 1308000
1723176475883 0.5094266798518261 1312000
1723176490074 0.5103646696686295 1316000
1723176502733 0.5105864807105595 1320000
1723176516116 0.5103913899703765 1324000
1723176530433 0.511388571736029 1328000
1723176544852 0.5113581076071336 1332000
1723176558156 0.5115048380632404 1336000
1723176572119 0.5111802279844229 1340000
1723176585644 0.5108306819569194 1344000
1723176599565 0.5110128203362752 1348000
1723176613501 0.5111431385541262 1352000
1723176627225 0.5108146249932191 1356000
1723176640651 0.5107200069518472 1360000
1723176654137 0.5103883864477694 1364000
1723176667856 0.5107480205259362 1368000
1723176681426 0.5104397030707617 1372000
1723176694991 0.5103225195164979 1376000
1723176708600 0.5102578880424486 1380000
1723176722038 0.5101603291439688 1384000
1723176735503 0.5100716089431039 1388000
1723176748870 0.5099539863668513 1392000
1723176762362 0.5098882433492764 1396000
1723176776150 0.509814974729374 1400000
1723176789960 0.5097223077008832 1404000
1723176803597 0.5096410043959797 1408000
1723176816709 0.5095456418643737 1412000
1723176830358 0.5094118270788693 1416000
1723176844069 0.5096098720047363 1420000
1723176857365 0.5090837614985878 1424000
1723176871044 0.5092086822867201 1428000
1723176884692 0.5091527000352648 1432000
1723176898676 0.5093209943449141 1436000
1723176912454 0.5091114884649107 1440000
1723176926088 0.5088221971050046 1444000
1723176939460 0.5090017082231986 1448000
1723176953008 0.5091439816011702 1452000
1723176966123 0.5088496790047127 1456000
1723176979507 0.5087516629594655 1460000
1723176992936 0.508425155964547 1464000
1723177006352 0.5088068320590227 1468000
1723177019760 0.508481008811464 1472000
1723177033195 0.5083745969494288 1476000
1723177046718 0.5082950327260556 1480000
1723177060378 0.5082441371290187 1484000
1723177074238 0.5082079679863429 1488000
1723177088063 0.5081143640542418 1492000
1723177101802 0.5080945016117788 1496000
1723177115450 0.5080146548109729 1500000
1723177129286 0.5079839362961089 1504000
1723177143072 0.5078851488566466 1508000
1723177156373 0.5077944315926616 1512000
1723177169531 0.5077049659293493 1516000
1723177183871 0.5078814820299918 1520000
1723177197297 0.5073463496177507 1524000
1723177210604 0.5075296651872133 1528000
1723177223638 0.5074438160719132 1532000
1723177236885 0.5075787425343372 1536000
1723177250889 0.5072674841787594 1540000
1723177264503 0.5069416190100577 1544000
1723177278872 0.507135227910493 1548000
1723177292853 0.5072859423684426 1552000
1723177306767 0.5070393842737229 1556000
1723177320532 0.5070225459145346 1560000
1723177334352 0.5067230233301712 1564000
1723177347899 0.5071006102921612 1568000
1723177361758 0.5067879393219481 1572000
1723177375696 0.50672906350252 1576000
1723177389901 0.5066864129188311 1580000
1723177403487 0.5066651069191315 1584000
1723177416859 0.5065855884148789 1588000
1723177430890 0.5065076135801737 1592000
1723177444914 0.5064615004217062 1596000
1723177458676 0.5063930865209054 1600000
1723177472328 0.506322086613062 1604000
1723177486223 0.5062396008660393 1608000
1723177499964 0.5062042710285961 1612000
1723177513648 0.5061274367520029 1616000
1723177527889 0.5062569783430846 1620000
1723177541620 0.5057396802176534 1624000
1723177555317 0.5059341180055345 1628000
1723177569649 0.5058584763904833 1632000
1723177583723 0.5060212977983402 1636000
1723177597056 0.5057370007819392 1640000
1723177610753 0.5054544857636364 1644000
1723177624338 0.5055978777124795 1648000
1723177637699 0.5057979596565814 1652000
1723177651427 0.5055178895983936 1656000
1723177664759 0.5054317371483855 1660000
1723177678216 0.5051422496379265 1664000
1723177691860 0.5055266786560764 1668000
1723177705545 0.5052198449712803 1672000
1723177718888 0.5051178219878529 1676000
1723177732940 0.5050717526371472 1680000
1723177746495 0.5050051656930331 1684000
1723177759708 0.5049119000207313 1688000
1723177773552 0.5048544024683637 1692000
1723177787157 0.5047652554717809 1696000
1723177800800 0.5046710640077872 1700000
1723177813921 0.5046475733511919 1704000
1723177827211 0.504578507901837 1708000
1723177840335 0.5044852487845627 1712000
1723177854645 0.5044363762484795 1716000
1723177868244 0.5046414399659219 1720000
1723177882030 0.5041609168266258 1724000
1723177895324 0.5043217824701697 1728000
1723177908924 0.5042422967300417 1732000
1723177921957 0.5044271052137966 1736000
1723177934795 0.504140787112774 1740000
1723177948554 0.5038565164965004 1744000
1723177962171 0.504059844993034 1748000
1723177975837 0.5042093154818169 1752000
1723177990073 0.5039223721355819 1756000
1723178003921 0.5038927248306033 1760000
1723178017750 0.5036277097840944 1764000
1723178031631 0.504000714007115 1768000
1723178045701 0.5037669700519549 1772000
1723178059025 0.5038463895987061 1776000
1723178073329 0.5041640392684177 1780000
1723178087118 0.5040991883649911 1784000
1723178100801 0.5040253044027007 1788000
1723178114344 0.5039756522663643 1792000
1723178127603 0.5038851134152327 1796000
1723178141375 0.5038190242362419 1800000
1723178155408 0.5037763298537147 1804000
1723178170173 0.5037067851929954 1808000
1723178183784 0.5036569332128603 1812000
1723178197232 0.5036183989691416 1816000
1723178210977 0.5037550400531533 1820000
1723178224814 0.5032842116839601 1824000
1723178238206 0.5034307359608069 1828000
1723178251512 0.5033636086841471 1832000
1723178265452 0.5035192743515279 1836000
1723178279513 0.5032531431757333 1840000
1723178293261 0.503017228875412 1844000
1723178306855 0.5032059953798608 1848000
1723178320144 0.5033201783918649 1852000
1723178334222 0.5030120003320475 1856000
1723178347755 0.5030136268908794 1860000
1723178361237 0.5027670224459458 1864000
1723178374301 0.503130710668988 1868000
1723178387715 0.5028731981122977 1872000
1723178401184 0.5028196585472327 1876000
1723178414736 0.5027744746660313 1880000
1723178427865 0.502719843696286 1884000
1723178441376 0.5027026288045953 1888000
1723178454790 0.5026357467477627 1892000
1723178468800 0.5025971027983207 1896000
1723178482308 0.502560712284774 1900000
1723178496003 0.5025084254795527 1904000
1723178510357 0.5024704667168183 1908000
1723178524192 0.5024145967653714 1912000
1723178537828 0.5023859627865725 1916000
1723178551658 0.5025465281737654 1920000
1723178565092 0.5020645463594194 1924000
1723178578943 0.5021996281795246 1928000
1723178592916 0.5021372253096735 1932000
1723178606197 0.5022815963840668 1936000
1723178619736 0.5020283642087734 1940000
1723178634028 0.5017412140910408 1944000
1723178647878 0.5019137034355179 1948000
1723178661809 0.5020797680625992 1952000
1723178676725 0.5018694067801914 1956000
1723178690488 0.5018057551071171 1960000
1723178704279 0.5015270133107858 1964000
1723178717860 0.501915151305473 1968000
1723178731526 0.501652544748702 1972000
1723178744654 0.501611504779072 1976000
1723178758581 0.5015578935341324 1980000
1723178772316 0.5015037921312036 1984000
1723178786145 0.5014807661743885 1988000
1723178799545 0.5014330196034199 1992000
1723178813172 0.5014051831099821 1996000
1723178827013 0.5013396585407758 2000000
