1723145479468 0.0 4000
1723145492618 0.0 8000
1723145505882 0.0 12000
1723145519964 0.0 16000
1723145533915 0.0 20000
1723145548755 0.0 24000
1723145563271 0.0 28000
1723145577683 0.0 32000
1723145592205 0.0 36000
1723145606801 0.0 40000
1723145621139 0.0 44000
1723145635549 0.0 48000
1723145649499 0.0 52000
1723145664085 0.0 56000
1723145679004 0.0 60000
1723145694222 0.0 64000
1723145715520 0.0 68000
1723145731854 0.0 72000
1723145746921 0.0 76000
1723145762679 0.0 80000
1723145778789 0.0 84000
1723145796508 0.0 88000
1723145814170 0.0 92000
1723145830011 0.0 96000
1723145845044 0.0 100000
1723145864106 0.0 104000
1723145887426 0.0 108000
1723145903357 0.0 112000
1723145918376 0.0 116000
1723145933927 0.0 120000
1723145948280 0.0 124000
1723145962122 0.0 128000
1723145976340 0.0 132000
1723145990868 0.0 136000
1723146004863 0.0 140000
1723146019097 0.0 144000
1723146033084 0.0 148000
1723146047417 0.0 152000
1723146061599 0.0 156000
1723146076162 0.0 160000
1723146090489 0.0 164000
1723146105513 0.0 168000
1723146119356 0.0 172000
1723146133189 0.0 176000
1723146147608 0.0 180000
1723146161875 0.0 184000
1723146176118 0.0 188000
1723146190298 0.0 192000
1723146204533 0.0 196000
1723146218755 0.0 200000
1723146233070 0.0 204000
1723146247044 0.0 208000
1723146261039 0.0 212000
1723146274465 0.0 216000
1723146288589 0.0 220000
1723146303019 0.0 224000
1723146316949 0.0 228000
1723146330760 0.0 232000
1723146344843 0.0 236000
1723146358845 0.0 240000
1723146372691 0.0 244000
1723146386820 0.0 248000
1723146400350 0.0 252000
1723146414391 0.0 256000
1723146428002 0.0 260000
1723146441765 0.0 264000
1723146455439 0.0 268000
1723146469145 0.0 272000
1723146483202 0.0 276000
1723146496634 0.0 280000
1723146509790 0.0 284000
1723146523422 0.0 288000
1723146536693 0.0 292000
1723146550285 0.0 296000
1723146563767 0.0 300000
1723146577478 0.0 304000
1723146591021 0.0 308000
1723146604730 0.0 312000
1723146618306 0.0 316000
1723146632410 0.0 320000
1723146646497 0.0 324000
1723146659965 0.0 328000
1723146674180 0.0 332000
1723146687923 0.0 336000
1723146701351 0.0 340000
1723146715741 0.0 344000
1723146729027 0.0 348000
1723146742627 0.0 352000
1723146756115 0.0 356000
1723146769266 0.0 360000
1723146783175 0.0 364000
1723146796968 0.0 368000
1723146810741 0.0 372000
1723146824283 0.0 376000
1723146838078 0.0 380000
1723146851437 0.0 384000
1723146864971 0.0 388000
1723146878275 0.0 392000
1723146892046 0.0 396000
1723146905091 0.0 400000
