1723145479476 32.0 4000
1723145492627 32.0 8000
1723145505890 32.0 12000
1723145519970 32.0 16000
1723145533922 32.0 20000
1723145548762 32.0 24000
1723145563277 32.0 28000
1723145577690 32.0 32000
1723145592213 32.0 36000
1723145606808 32.0 40000
1723145621146 32.0 44000
1723145635555 32.0 48000
1723145649505 32.0 52000
1723145664092 32.0 56000
1723145679010 32.0 60000
1723145694229 32.0 64000
1723145715526 32.0 68000
1723145731864 32.0 72000
1723145746928 32.0 76000
1723145762687 32.0 80000
1723145778795 32.0 84000
1723145796516 32.0 88000
1723145814177 32.0 92000
1723145830018 32.0 96000
1723145845052 32.0 100000
1723145864113 32.0 104000
1723145887432 32.0 108000
1723145903364 32.0 112000
1723145918384 32.0 116000
1723145933934 32.0 120000
1723145948287 32.0 124000
1723145962129 32.0 128000
1723145976346 32.0 132000
1723145990876 32.0 136000
1723146004870 32.0 140000
1723146019103 32.0 144000
1723146033090 32.0 148000
1723146047423 32.0 152000
1723146061605 32.0 156000
1723146076168 32.0 160000
1723146090496 32.0 164000
1723146105520 32.0 168000
1723146119364 32.0 172000
1723146133196 32.0 176000
1723146147615 32.0 180000
1723146161882 32.0 184000
1723146176125 32.0 188000
1723146190305 32.0 192000
1723146204540 32.0 196000
1723146218762 32.0 200000
1723146233076 32.0 204000
1723146247051 32.0 208000
1723146261045 32.0 212000
1723146274471 32.0 216000
1723146288595 32.0 220000
1723146303025 32.0 224000
1723146316956 32.0 228000
1723146330767 32.0 232000
1723146344849 32.0 236000
1723146358852 32.0 240000
1723146372697 32.0 244000
1723146386826 32.0 248000
1723146400357 32.0 252000
1723146414397 32.0 256000
1723146428008 32.0 260000
1723146441772 32.0 264000
1723146455445 32.0 268000
1723146469151 32.0 272000
1723146483210 32.0 276000
1723146496641 32.0 280000
1723146509797 32.0 284000
1723146523428 32.0 288000
1723146536699 32.0 292000
1723146550291 32.0 296000
1723146563774 32.0 300000
1723146577486 32.0 304000
1723146591028 32.0 308000
1723146604737 32.0 312000
1723146618313 32.0 316000
1723146632417 32.0 320000
1723146646503 32.0 324000
1723146659973 32.0 328000
1723146674186 32.0 332000
1723146687929 32.0 336000
1723146701358 32.0 340000
1723146715748 32.0 344000
1723146729034 32.0 348000
1723146742633 32.0 352000
1723146756122 32.0 356000
1723146769273 32.0 360000
1723146783182 32.0 364000
1723146796974 32.0 368000
1723146810748 32.0 372000
1723146824289 32.0 376000
1723146838084 32.0 380000
1723146851443 32.0 384000
1723146864977 32.0 388000
1723146878282 32.0 392000
1723146892052 32.0 396000
1723146905097 32.0 400000
