1723145479475 32.0 4000
1723145492626 32.0 8000
1723145505888 32.0 12000
1723145519969 32.0 16000
1723145533921 32.0 20000
1723145548761 32.0 24000
1723145563276 32.0 28000
1723145577689 32.0 32000
1723145592212 32.0 36000
1723145606806 32.0 40000
1723145621145 32.0 44000
1723145635554 32.0 48000
1723145649504 32.0 52000
1723145664091 32.0 56000
1723145679009 32.0 60000
1723145694228 32.0 64000
1723145715525 32.0 68000
1723145731861 32.0 72000
1723145746926 32.0 76000
1723145762686 32.0 80000
1723145778794 32.0 84000
1723145796515 32.0 88000
1723145814175 32.0 92000
1723145830017 32.0 96000
1723145845050 32.0 100000
1723145864112 32.0 104000
1723145887431 32.0 108000
1723145903363 32.0 112000
1723145918382 32.0 116000
1723145933933 32.0 120000
1723145948286 32.0 124000
1723145962128 32.0 128000
1723145976345 32.0 132000
1723145990875 32.0 136000
1723146004868 32.0 140000
1723146019102 32.0 144000
1723146033089 32.0 148000
1723146047422 32.0 152000
1723146061604 32.0 156000
1723146076167 32.0 160000
1723146090495 32.0 164000
1723146105519 32.0 168000
1723146119363 32.0 172000
1723146133195 32.0 176000
1723146147614 32.0 180000
1723146161881 32.0 184000
1723146176124 32.0 188000
1723146190304 32.0 192000
1723146204539 32.0 196000
1723146218761 32.0 200000
1723146233075 32.0 204000
1723146247050 32.0 208000
1723146261044 32.0 212000
1723146274470 32.0 216000
1723146288594 32.0 220000
1723146303024 32.0 224000
1723146316955 32.0 228000
1723146330766 32.0 232000
1723146344848 32.0 236000
1723146358851 32.0 240000
1723146372696 32.0 244000
1723146386825 32.0 248000
1723146400356 32.0 252000
1723146414396 32.0 256000
1723146428007 32.0 260000
1723146441771 32.0 264000
1723146455444 32.0 268000
1723146469150 32.0 272000
1723146483208 32.0 276000
1723146496640 32.0 280000
1723146509795 32.0 284000
1723146523427 32.0 288000
1723146536698 32.0 292000
1723146550290 32.0 296000
1723146563773 32.0 300000
1723146577485 32.0 304000
1723146591027 32.0 308000
1723146604736 32.0 312000
1723146618312 32.0 316000
1723146632416 32.0 320000
1723146646502 32.0 324000
1723146659972 32.0 328000
1723146674185 32.0 332000
1723146687928 32.0 336000
1723146701357 32.0 340000
1723146715747 32.0 344000
1723146729033 32.0 348000
1723146742632 32.0 352000
1723146756121 32.0 356000
1723146769272 32.0 360000
1723146783181 32.0 364000
1723146796973 32.0 368000
1723146810746 32.0 372000
1723146824288 32.0 376000
1723146838083 32.0 380000
1723146851442 32.0 384000
1723146864976 32.0 388000
1723146878281 32.0 392000
1723146892051 32.0 396000
1723146905096 32.0 400000
