1723145479472 0.0 4000
1723145492623 0.0 8000
1723145505886 0.0 12000
1723145519967 0.0 16000
1723145533918 0.0 20000
1723145548759 0.0 24000
1723145563274 0.0 28000
1723145577686 0.0 32000
1723145592209 0.0 36000
1723145606804 0.0 40000
1723145621143 0.0 44000
1723145635552 0.0 48000
1723145649501 0.0 52000
1723145664088 0.0 56000
1723145679007 0.0 60000
1723145694226 0.0 64000
1723145715523 0.0 68000
1723145731857 0.0 72000
1723145746924 0.0 76000
1723145762682 0.0 80000
1723145778792 0.0 84000
1723145796511 0.0 88000
1723145814173 0.0 92000
1723145830015 0.0 96000
1723145845047 0.0 100000
1723145864109 0.0 104000
1723145887429 0.0 108000
1723145903360 0.0 112000
1723145918379 0.0 116000
1723145933930 0.0 120000
1723145948283 0.0 124000
1723145962125 0.0 128000
1723145976343 0.0 132000
1723145990871 0.0 136000
1723146004866 0.0 140000
1723146019100 0.0 144000
1723146033086 0.0 148000
1723146047420 0.0 152000
1723146061602 0.0 156000
1723146076165 0.0 160000
1723146090492 0.0 164000
1723146105517 0.0 168000
1723146119360 0.0 172000
1723146133192 0.0 176000
1723146147611 0.0 180000
1723146161878 0.0 184000
1723146176121 0.0 188000
1723146190301 0.0 192000
1723146204536 0.0 196000
1723146218758 0.0 200000
1723146233073 0.0 204000
1723146247047 0.0 208000
1723146261042 0.0 212000
1723146274468 0.0 216000
1723146288592 0.0 220000
1723146303022 0.0 224000
1723146316952 0.0 228000
1723146330764 0.0 232000
1723146344846 0.0 236000
1723146358848 0.0 240000
1723146372694 0.0 244000
1723146386823 0.0 248000
1723146400354 0.0 252000
1723146414394 0.0 256000
1723146428004 0.0 260000
1723146441768 0.0 264000
1723146455442 0.0 268000
1723146469148 0.0 272000
1723146483205 0.0 276000
1723146496637 0.0 280000
1723146509793 0.0 284000
1723146523425 0.0 288000
1723146536696 0.0 292000
1723146550287 0.0 296000
1723146563770 0.0 300000
1723146577482 0.0 304000
1723146591024 0.0 308000
1723146604734 0.0 312000
1723146618309 0.0 316000
1723146632413 0.0 320000
1723146646499 0.0 324000
1723146659969 0.0 328000
1723146674183 0.0 332000
1723146687926 0.0 336000
1723146701354 0.0 340000
1723146715745 0.0 344000
1723146729030 0.0 348000
1723146742629 0.0 352000
1723146756118 0.0 356000
1723146769269 0.0 360000
1723146783178 0.0 364000
1723146796971 0.0 368000
1723146810744 0.0 372000
1723146824285 0.0 376000
1723146838080 0.0 380000
1723146851440 0.0 384000
1723146864974 0.0 388000
1723146878278 0.0 392000
1723146892048 0.0 396000
1723146905093 0.0 400000
