1723145479458 82.52000000000001 4000
1723145492610 82.64736842105263 8000
1723145505874 81.63157894736842 12000
1723145519957 81.08999999999999 16000
1723145533908 81.6 20000
1723145548749 82.41818181818181 24000
1723145563264 82.06 28000
1723145577676 81.91428571428571 32000
1723145592196 82.04 36000
1723145606793 82.52380952380952 40000
1723145621131 82.37 44000
1723145635542 82.41428571428571 48000
1723145649492 82.53 52000
1723145664074 82.99499999999999 56000
1723145678997 83.20476190476191 60000
1723145694214 83.00909090909092 64000
1723145715511 83.19666666666667 68000
1723145731844 83.42173913043476 72000
1723145746913 83.54285714285714 76000
1723145762671 83.15652173913043 80000
1723145778781 83.36086956521739 84000
1723145796498 83.30799999999999 88000
1723145814161 81.40833333333333 92000
1723145830003 81.45 96000
1723145845036 81.6904761904762 100000
1723145864096 82.05555555555556 104000
1723145887417 82.13030303030304 108000
1723145903349 82.05909090909091 112000
1723145918367 82.24090909090908 116000
1723145933919 82.61363636363636 120000
1723145948270 82.46500000000002 124000
1723145962115 82.83 128000
1723145976332 82.39999999999999 132000
1723145990860 81.66190476190475 136000
1723146004854 81.2578947368421 140000
1723146019089 80.9714285714286 144000
1723146033076 80.875 148000
1723146047408 81.09 152000
1723146061591 81.23499999999999 156000
1723146076153 80.82380952380952 160000
1723146090482 81.35499999999999 164000
1723146105504 82.54285714285713 168000
1723146119348 82.97999999999999 172000
1723146133181 82.935 176000
1723146147599 83.08 180000
1723146161867 83.04999999999998 184000
1723146176110 83.16190476190475 188000
1723146190290 83.145 192000
1723146204525 83.23 196000
1723146218747 82.62 200000
1723146233062 82.66 204000
1723146247035 82.48500000000001 208000
1723146261030 82.575 212000
1723146274457 82.59473684210528 216000
1723146288580 82.47999999999999 220000
1723146303011 83.0 224000
1723146316941 83.165 228000
1723146330752 83.17999999999999 232000
1723146344835 83.1 236000
1723146358837 82.05789473684212 240000
1723146372683 81.52000000000001 244000
1723146386812 81.375 248000
1723146400342 81.34210526315788 252000
1723146414383 81.31000000000002 256000
1723146427994 81.19473684210527 260000
1723146441758 81.55263157894737 264000
1723146455432 81.75999999999998 268000
1723146469137 81.7578947368421 272000
1723146483195 82.14000000000001 276000
1723146496626 82.4421052631579 280000
1723146509782 82.44736842105266 284000
1723146523414 82.34736842105262 288000
1723146536685 82.17894736842106 292000
1723146550277 82.28947368421053 296000
1723146563759 82.63157894736842 300000
1723146577471 82.77894736842106 304000
1723146591013 82.76842105263158 308000
1723146604722 82.67500000000001 312000
1723146618298 83.05263157894737 316000
1723146632402 82.45500000000001 320000
1723146646489 82.51 324000
1723146659957 82.81052631578947 328000
1723146674171 82.88 332000
1723146687915 83.22105263157894 336000
1723146701342 83.0263157894737 340000
1723146715734 82.775 344000
1723146729020 81.9684210526316 348000
1723146742619 82.01052631578946 352000
1723146756107 81.91052631578947 356000
1723146769259 81.68947368421053 360000
1723146783168 81.49 364000
1723146796960 81.91052631578948 368000
1723146810733 82.52999999999999 372000
1723146824274 82.47894736842106 376000
1723146838070 82.03684210526316 380000
1723146851429 81.91578947368421 384000
1723146864963 82.09999999999998 388000
1723146878267 82.26315789473685 392000
1723146892038 81.94210526315788 396000
1723146905081 81.97368421052632 400000
