1723157948616 -0.7355887207797835 4000
1723157966377 3.874166571084107 8000
1723157984285 5.656527754400706 12000
1723157998240 5.8280697984542575 16000
1723158011222 8.947697157076945 20000
1723158024041 10.001449305611038 24000
1723158036981 13.517828917367172 28000
1723158050865 15.30042992157703 32000
1723158065079 17.9595009258312 36000
1723158079090 11.831216832262998 40000
1723158093180 11.09302979279339 44000
1723158107324 20.89362204241847 48000
1723158121387 17.98956879843176 52000
1723158135430 14.987952606845482 56000
1723158149186 16.015010378468258 60000
1723158163229 16.349974383876656 64000
1723158177233 24.32205277092046 68000
1723158191642 15.100862140440734 72000
1723158205784 21.95495579128266 76000
1723158220065 21.834360473803326 80000
1723158234063 26.608847881685726 84000
1723158248195 22.526503280863725 88000
1723158262209 29.445971040858208 92000
1723158276206 21.84718098200118 96000
1723158290078 20.640447504755606 100000
1723158304247 29.138398858604496 104000
1723158319133 36.103384013856775 108000
1723158333606 25.34917745935024 112000
1723158348167 30.68922848652383 116000
1723158362592 23.146000780205437 120000
1723158377064 28.049867575845404 124000
1723158392791 30.913826668762027 128000
1723158414728 30.48456845547324 132000
1723158430026 29.296174699848294 136000
1723158444605 27.774587931791846 140000
1723158458938 31.021746587583305 144000
1723158473329 33.26813092335524 148000
1723158487740 34.72568537551692 152000
1723158501859 31.769204568724966 156000
1723158516101 28.71705559273659 160000
1723158530482 37.232622463099055 164000
1723158545522 34.952178133172445 168000
1723158560249 35.95433507710682 172000
1723158574973 32.63830312329891 176000
1723158589484 41.07800988459736 180000
1723158603439 28.89326604954154 184000
1723158617225 31.38956188819535 188000
1723158631331 34.81589771237632 192000
1723158645137 24.67354485628388 196000
1723158658693 29.902549834337208 200000
1723158672822 28.95016789431347 204000
1723158687365 33.95613337058681 208000
1723158701595 27.761417880280685 212000
1723158715761 24.396995444635284 216000
1723158730225 24.373216391119772 220000
1723158744550 27.20904342254182 224000
1723158758447 21.754561452959003 228000
1723158772736 26.060195562816205 232000
1723158786611 30.990348667115878 236000
1723158800604 28.731105412421726 240000
1723158814563 31.537632185571777 244000
1723158829002 26.502206447237903 248000
1723158842495 21.62587379033709 252000
1723158856346 23.27735471731478 256000
1723158870623 27.99607061895996 260000
1723158885359 25.940063143482043 264000
1723158899296 26.90092651756477 268000
1723158913899 21.91135881823142 272000
1723158928270 23.903233332449627 276000
1723158942238 21.04873118557854 280000
1723158955874 21.247057136078574 284000
1723158969728 18.150526756012496 288000
1723158983783 21.953357418005027 292000
1723158997292 24.61225547328901 296000
1723159010856 21.709268426765547 300000
1723159024431 24.70651088319741 304000
1723159041333 20.155557950534256 308000
1723159061374 12.820302846497473 312000
1723159081062 22.77976273871069 316000
1723159096049 22.99644600407481 320000
1723159109800 17.941370951361986 324000
1723159123332 26.12612360680855 328000
1723159137102 19.187619548111442 332000
1723159151030 21.36191951667083 336000
1723159164648 18.981906742944624 340000
1723159178316 16.67953695484076 344000
1723159192338 20.42491119670705 348000
1723159205642 24.36746798581875 352000
1723159218838 19.983700514283377 356000
1723159232464 13.557940062907889 360000
1723159246722 21.960279662133054 364000
1723159260117 17.943564236684786 368000
1723159273412 21.810066031985617 372000
1723159287014 17.89391495748393 376000
1723159301054 22.191856263542864 380000
1723159315180 18.28416144974874 384000
1723159328991 19.25857823786651 388000
1723159343004 21.57378068604709 392000
1723159356677 18.28472465692053 396000
1723159370450 18.004169490426328 400000
1723159384734 14.474308955845505 404000
1723159398949 13.746090945880821 408000
1723159412416 13.854047205357144 412000
1723159431005 19.194112769088566 416000
1723159446345 12.717693746145498 420000
1723159460533 12.196299973113403 424000
1723159474816 18.31026385922195 428000
1723159488924 20.08790418146965 432000
1723159502374 18.15293636255964 436000
1723159515609 14.530048669685348 440000
1723159528907 17.025434979627224 444000
1723159542587 16.172786208367267 448000
1723159556206 10.684860488448324 452000
1723159582975 20.719335417773326 456000
1723159601027 17.412729692644234 460000
1723159618276 18.38674773733556 464000
1723159636455 16.71815451721225 468000
1723159654216 16.911839972685925 472000
1723159673972 11.178992000815372 476000
1723159692867 16.46393919887769 480000
1723159710265 20.223446331689658 484000
1723159724911 18.006626725507093 488000
1723159738585 17.863384293701753 492000
1723159751874 16.536439583687883 496000
1723159765592 18.663353725210435 500000
1723159779280 16.921288176969956 504000
1723159793011 16.790604775959366 508000
1723159806511 18.43452962326357 512000
1723159819865 18.090181666852242 516000
1723159834631 17.93429668792549 520000
1723159848578 13.223748220701278 524000
1723159863034 21.78492071192184 528000
1723159877316 16.9963719747643 532000
1723159891347 13.117172994572805 536000
1723159905529 15.77064235754347 540000
1723159919785 13.663042529040421 544000
1723159934135 13.062627479152932 548000
1723159948007 17.410970828540492 552000
1723159962124 12.190686550158652 556000
1723159976391 19.43262593017126 560000
1723159989894 18.993067682485837 564000
1723160003510 20.37871369673294 568000
1723160017323 14.382860044890032 572000
1723160031031 17.917115817455375 576000
1723160044740 16.969445187479806 580000
1723160063028 15.601482405188797 584000
1723160081239 17.922069203022904 588000
1723160099091 16.867329368483645 592000
1723160117005 18.48427012527482 596000
1723160130325 17.59150799603583 600000
1723160142846 18.34001844982798 604000
1723160155443 17.57069512926066 608000
1723160167980 12.798725362710117 612000
1723160180739 18.914585737308148 616000
1723160194063 22.6622418065021 620000
1723160206805 14.393545342388927 624000
1723160219740 15.632673932355882 628000
1723160232625 16.986160788859156 632000
1723160244989 13.354715559469268 636000
1723160257850 17.54783805020676 640000
1723160274782 13.147665237292552 644000
1723160292024 10.18944608426271 648000
1723160309362 10.850853272993627 652000
1723160326909 14.90461292046524 656000
1723160345060 16.932635155531052 660000
1723160362620 21.27740343728952 664000
1723160376923 15.989063054048987 668000
1723160389971 24.888487727519017 672000
1723160403456 16.64229188747098 676000
1723160424816 19.07922439123413 680000
1723160442681 18.81314018063881 684000
1723160460942 14.928532921724104 688000
1723160479321 19.909561239179375 692000
1723160493533 17.54427670165894 696000
1723160506710 18.183707769553987 700000
1723160523314 19.327423989351242 704000
1723160541283 21.029674344374957 708000
1723160560112 18.62661662467388 712000
1723160578798 19.303966701071232 716000
1723160596183 13.012613732326905 720000
1723160614192 20.73267814669896 724000
1723160634935 18.8974895881386 728000
1723160653619 16.41408810137386 732000
1723160672928 16.98712993146721 736000
1723160687821 17.818249572267316 740000
1723160702048 21.22130861141286 744000
1723160715630 19.820134858671697 748000
1723160729149 18.452667994170433 752000
1723160743659 16.32454279213474 756000
1723160756810 18.3894718425287 760000
1723160770700 18.124705323211984 764000
1723160783570 12.182536926263701 768000
1723160796186 19.719490140420906 772000
1723160808805 12.218999066448854 776000
1723160822406 16.41195856584368 780000
1723160835212 19.61140203817746 784000
1723160848130 19.991156740917873 788000
1723160861008 28.21019656785595 792000
1723160873873 22.352656330679572 796000
1723160887688 17.676854585118388 800000
1723160900902 22.671927469502513 804000
1723160913919 18.837323309073007 808000
1723160926586 20.94342038109168 812000
1723160939165 20.009520441370025 816000
1723160953109 22.235267815436814 820000
1723160970901 20.314064167551454 824000
1723160991034 16.357730995490844 828000
1723161004905 19.91096040957781 832000
1723161018125 16.87142239903599 836000
1723161031825 15.39451120917364 840000
1723161044341 13.362711402238668 844000
1723161057052 13.91947614429229 848000
1723161069846 16.648867082026857 852000
1723161082553 17.16060295690527 856000
1723161094941 18.244855230753487 860000
1723161107748 17.999106950511944 864000
1723161119767 18.500235698523507 868000
1723161132184 19.626150240093516 872000
1723161144747 17.04489351987941 876000
1723161156898 18.06645808839531 880000
1723161169323 20.6000878507467 884000
1723161181846 19.514497320356615 888000
1723161194319 14.339161109150774 892000
1723161206474 21.214137796847453 896000
1723161218457 18.940693632235728 900000
1723161230991 18.109984703037977 904000
1723161243388 17.878158273588262 908000
1723161255327 17.73016686950328 912000
1723161267564 15.925773000099971 916000
1723161279676 17.485879569012255 920000
1723161291990 16.984213270110484 924000
1723161303968 13.714969304092788 928000
1723161316079 18.802099704959073 932000
1723161328442 15.806748249108646 936000
1723161340594 18.54193901249368 940000
1723161353073 22.910792141977687 944000
1723161365587 21.157437004794627 948000
1723161378346 15.914432417739759 952000
1723161391133 18.274033829232923 956000
1723161403089 15.100616345213966 960000
1723161415453 12.773287428226146 964000
1723161428010 16.947747770002543 968000
1723161439925 18.03984998525907 972000
1723161452493 15.022570383357802 976000
1723161464741 17.27705421419623 980000
1723161477239 17.354823154595397 984000
1723161489966 15.407191597240327 988000
1723161502682 19.432967015028126 992000
1723161515098 19.848917007925344 996000
1723161527438 17.796303288759336 1000000
1723161540369 19.42951847973495 1004000
1723161552897 14.003416472288833 1008000
1723161565493 18.24965900545423 1012000
1723161577863 14.614105925721274 1016000
1723161590240 21.05123965386491 1020000
1723161602172 12.66974603629398 1024000
1723161614555 17.6819650218892 1028000
1723161626778 17.9467258742045 1032000
1723161639027 17.27188731711933 1036000
1723161651187 15.436883954452952 1040000
1723161663540 11.46388753857761 1044000
1723161675717 18.300194090093918 1048000
1723161687799 15.755697875593263 1052000
1723161699540 16.936320865556333 1056000
1723161711835 13.367398963345586 1060000
1723161723705 11.776450805241769 1064000
1723161735720 17.09023358227191 1068000
1723161747942 11.667080515997725 1072000
1723161760331 14.347623342689468 1076000
1723161773052 14.704758975399736 1080000
1723161785773 16.24777116145443 1084000
1723161798143 11.364566154950543 1088000
1723161810621 12.891697559837676 1092000
1723161823063 19.024886431369204 1096000
1723161835540 16.164037925286856 1100000
1723161847296 17.497360598068667 1104000
1723161859572 13.19141432393264 1108000
1723161871931 23.315112710449323 1112000
1723161883944 18.406426865957837 1116000
1723161896036 20.054585510462097 1120000
1723161908116 18.019023749989984 1124000
1723161920413 16.299887001052177 1128000
1723161932708 17.223210930586475 1132000
1723161945173 16.49362597928971 1136000
1723161957340 24.474360639736304 1140000
1723161969600 20.266024453965535 1144000
1723161982358 13.546482183780698 1148000
1723161994712 15.234185845301083 1152000
1723162007087 19.271349549387672 1156000
1723162019525 20.42112957451958 1160000
1723162032093 15.897629442546629 1164000
1723162044556 12.648562873334969 1168000
1723162057224 18.385255074091866 1172000
1723162069623 20.621919663916994 1176000
1723162082644 19.105159389149904 1180000
1723162095040 13.892074035268111 1184000
1723162108114 22.37840317197222 1188000
1723162120732 16.423752994123433 1192000
1723162133401 19.092288946113243 1196000
1723162146031 12.907810884725565 1200000
