1723157948620 -93.59361558960684 4000
1723157966380 -96.17514521172791 8000
1723157984288 -29.3631608499694 12000
1723157998242 -48.82098907830433 16000
1723158011224 -55.78404443622913 20000
1723158024044 -38.44870153750715 24000
1723158036984 -29.976384712236186 28000
1723158050868 -22.90539063792668 32000
1723158065082 -27.64219522693827 36000
1723158079093 -64.11859956827254 40000
1723158093183 -38.85912469990169 44000
1723158107326 -16.17119254929718 48000
1723158121389 -35.99482275212689 52000
1723158135433 -31.13780983627401 56000
1723158149188 -37.74987631662513 60000
1723158163231 -59.991043072520874 64000
1723158177235 -24.353347633537073 68000
1723158191645 -44.07897708259603 72000
1723158205787 -28.717212797062928 76000
1723158220067 -27.021581709478443 80000
1723158234065 -51.98158678492517 84000
1723158248198 -30.134506448691944 88000
1723158262212 -26.321850172846833 92000
1723158276209 -58.32448946176326 96000
1723158290080 -49.758064270393724 100000
1723158304249 -39.47612931351427 104000
1723158319135 -40.27222670337947 108000
1723158333608 -27.3813877625191 112000
1723158348170 -27.788541711860738 116000
1723158362595 -47.39514239333238 120000
1723158377067 -33.579438420763736 124000
1723158392794 -42.88364413421005 128000
1723158414731 -42.747124247902086 132000
1723158430029 -34.18177395766504 136000
1723158444609 -49.57966843107371 140000
1723158458940 -46.5628682001473 144000
1723158473331 -29.938514665330437 148000
1723158487743 -40.77640244388123 152000
1723158501862 -45.34276115018483 156000
1723158516104 -50.848386417867154 160000
1723158530484 -24.636448098379145 164000
1723158545524 -38.69220578513135 168000
1723158560252 -35.89676691959018 172000
1723158574975 -37.01936978767719 176000
1723158589487 -46.462372289743335 180000
1723158603442 -47.646936449584025 184000
1723158617228 -39.607743779453244 188000
1723158631334 -43.09701621883104 192000
1723158645139 -44.82310091911512 196000
1723158658695 -46.0477590002513 200000
1723158672824 -32.64759163795604 204000
1723158687368 -29.882901734734048 208000
1723158701597 -48.886878571352774 212000
1723158715764 -63.05529776416084 216000
1723158730227 -69.44725843807737 220000
1723158744552 -43.89431437361081 224000
1723158758450 -44.9398118579937 228000
1723158772739 -72.97476140630965 232000
1723158786614 -28.33037355964244 236000
1723158800606 -35.016656558188444 240000
1723158814565 -31.64846089097597 244000
1723158829004 -40.84978500086156 248000
1723158842497 -32.123714702163 252000
1723158856349 -28.841357697959083 256000
1723158870626 -35.95819368500635 260000
1723158885361 -33.11131014599742 264000
1723158899298 -37.54209193857423 268000
1723158913902 -49.401794276570634 272000
1723158928272 -55.23543659296835 276000
1723158942240 -34.234496511942986 280000
1723158955876 -25.773428552364255 284000
1723158969733 -36.64630505416529 288000
1723158983786 -38.15196791446368 292000
1723158997294 -45.52222632057561 296000
1723159010858 -37.061722288020476 300000
1723159024433 -19.140123133284572 304000
1723159041337 -42.647977722239176 308000
1723159061376 -53.9618425866891 312000
1723159081066 -36.468039834251684 316000
1723159096052 -42.27678697024481 320000
1723159109803 -45.37100537842656 324000
1723159123334 -33.652372061710565 328000
1723159137104 -25.907375405011027 332000
1723159151032 -35.64543710163151 336000
1723159164651 -32.30787413908716 340000
1723159178319 -33.29611418243638 344000
1723159192341 -42.831313191691876 348000
1723159205645 -37.467873403927754 352000
1723159218841 -28.928840604116925 356000
1723159232466 -36.57457355931402 360000
1723159246724 -30.84847947921988 364000
1723159260120 -32.00395218297313 368000
1723159273415 -35.550219600608884 372000
1723159287017 -22.555047989951472 376000
1723159301057 -32.94723982081317 380000
1723159315182 -36.11207565064777 384000
1723159328993 -39.27675484892038 388000
1723159343007 -25.590228710519018 392000
1723159356679 -22.26518068221978 396000
1723159370453 -31.32905076202213 400000
1723159384736 -32.42018766002912 404000
1723159398953 -28.082060411619477 408000
1723159412419 -25.64573351951191 412000
1723159431008 -31.746484047617525 416000
1723159446347 -46.123036316541274 420000
1723159460536 -46.93053093056958 424000
1723159474819 -39.40925422042606 428000
1723159488926 -35.45493334736641 432000
1723159502377 -30.668041958765873 436000
1723159515612 -34.23769193869282 440000
1723159528909 -36.16643194312384 444000
1723159542589 -19.770019310824132 448000
1723159556208 -32.637019928339946 452000
1723159582978 -75.17113106342967 456000
1723159601030 -34.47944254987733 460000
1723159618278 -26.32597957346577 464000
1723159636458 -38.7428620770317 468000
1723159654219 -27.06254517863084 472000
1723159673975 -43.07392736518162 476000
1723159692869 -32.246402422245616 480000
1723159710267 -27.949357488713968 484000
1723159724913 -36.627924117563744 488000
1723159738588 -17.86262620864242 492000
1723159751876 -25.42552329985513 496000
1723159765594 -31.89605806417596 500000
1723159779283 -36.157028750905454 504000
1723159793013 -29.783487029524203 508000
1723159806514 -24.34288849426815 512000
1723159819868 -47.47019491489356 516000
1723159834634 -33.560900896924444 520000
1723159848580 -17.042850875959978 524000
1723159863036 -34.27539937302678 528000
1723159877319 -24.43348668418729 532000
1723159891350 -38.23792704709784 536000
1723159905531 -28.246274945386734 540000
1723159919787 -34.10200723763136 544000
1723159934138 -26.18938180188899 548000
1723159948010 -46.07025573485312 552000
1723159962126 -29.53397124053952 556000
1723159976393 -27.878493345765833 560000
1723159989897 -20.338717751156484 564000
1723160003513 -23.886774226780695 568000
1723160017326 -32.94459645892673 572000
1723160031033 -30.465004620281174 576000
1723160044742 -31.915220628427438 580000
1723160063030 -18.85263638261838 584000
1723160081242 -21.15349552759121 588000
1723160099095 -26.749285273681007 592000
1723160117007 -29.20469480280073 596000
1723160130327 -36.30313048964092 600000
1723160142849 -18.13706538314922 604000
1723160155446 -32.648628513300885 608000
1723160167982 -28.325469993694966 612000
1723160180742 -35.3772174028032 616000
1723160194066 -30.77743463588019 620000
1723160206807 -43.21628748168053 624000
1723160219743 -34.14589380423478 628000
1723160232627 -35.520453473928164 632000
1723160244991 -40.17500024214423 636000
1723160257853 -30.359166956210686 640000
1723160274786 -39.802072728228836 644000
1723160292027 -37.51064130718976 648000
1723160309365 -46.09375944283853 652000
1723160326911 -25.804031093371737 656000
1723160345063 -27.95689018503977 660000
1723160362623 -25.8951896405134 664000
1723160376925 -19.904717926432614 668000
1723160389973 -23.743819291345382 672000
1723160403459 -22.802875893344478 676000
1723160424819 -25.78788695546836 680000
1723160442685 -29.211998545552397 684000
1723160460945 -31.156471136034465 688000
1723160479324 -34.902777610021154 692000
1723160493536 -19.96707451142996 696000
1723160506712 -21.368156852694792 700000
1723160523316 -23.99734110376819 704000
1723160541285 -30.36909364788879 708000
1723160560114 -19.66807408583169 712000
1723160578801 -51.29765493335481 716000
1723160596185 -36.99824581160799 720000
1723160614195 -22.891653656164515 724000
1723160634938 -32.77908404981221 728000
1723160653622 -20.400852549258424 732000
1723160672931 -30.748516867183152 736000
1723160687824 -26.032375569821244 740000
1723160702051 -81.05720716796493 744000
1723160715632 -32.62205985505673 748000
1723160729151 -34.660630140079235 752000
1723160743662 -33.11387987742283 756000
1723160756813 -29.780432431434583 760000
1723160770703 -37.483190502010544 764000
1723160783573 -22.88718859652271 768000
1723160796188 -31.024616778221848 772000
1723160808808 -21.165812581881557 776000
1723160822409 -23.86128322496764 780000
1723160835215 -31.8416907613835 784000
1723160848133 -20.502207648124 788000
1723160861011 -20.154192823726582 792000
1723160873876 -44.270175751443 796000
1723160887691 -30.775970967154155 800000
1723160900904 -27.45700628326141 804000
1723160913922 -19.167003012460015 808000
1723160926589 -29.849363592777173 812000
1723160939168 -31.497274865542572 816000
1723160953111 -16.092894153074766 820000
1723160970904 -17.143913890882136 824000
1723160991037 -39.82819510861399 828000
1723161004908 -28.35309650306672 832000
1723161018128 -30.415523333598212 836000
1723161031827 -30.25578045993048 840000
1723161044344 -45.04860282680444 844000
1723161057054 -33.78332434682737 848000
1723161069849 -17.046268439929694 852000
1723161082556 -31.011486755363567 856000
1723161094944 -40.13694334295647 860000
1723161107750 -43.47375621489922 864000
1723161119769 -23.96749922855465 868000
1723161132186 -17.82662773014343 872000
1723161144749 -36.15751793021302 876000
1723161156901 -28.71984155766339 880000
1723161169325 -38.069251499824574 884000
1723161181850 -25.516966700229972 888000
1723161194322 -44.5417695582899 892000
1723161206477 -20.418152863574623 896000
1723161218460 -22.51302390024238 900000
1723161230994 -28.14775243365998 904000
1723161243391 -26.06368797466606 908000
1723161255329 -27.948320695241094 912000
1723161267566 -29.27406039307205 916000
1723161279679 -44.47714148517067 920000
1723161291993 -26.332096024601746 924000
1723161303970 -24.202717735679737 928000
1723161316081 -34.32420900646729 932000
1723161328445 -37.104868743900866 936000
1723161340597 -26.18905351181781 940000
1723161353076 -41.48222989998843 944000
1723161365589 -23.570606372445972 948000
1723161378349 -52.94976878975687 952000
1723161391135 -45.660642278714036 956000
1723161403091 -31.07393443938048 960000
1723161415455 -24.81475791211586 964000
1723161428012 -29.679558885927182 968000
1723161439928 -25.197898474337574 972000
1723161452495 -24.128121502797903 976000
1723161464743 -28.953334442909345 980000
1723161477242 -67.6405087694418 984000
1723161489968 -34.80658001373012 988000
1723161502684 -38.10470045351439 992000
1723161515101 -45.98372458988293 996000
1723161527441 -36.11957755642224 1000000
1723161540374 -29.54823071326892 1004000
1723161552899 -42.83462879422973 1008000
1723161565495 -22.666422958203853 1012000
1723161577865 -38.82645389556177 1016000
1723161590243 -33.888653799622446 1020000
1723161602175 -53.07759868516007 1024000
1723161614557 -58.03761903349379 1028000
1723161626780 -28.96965694953484 1032000
1723161639030 -22.071131361817923 1036000
1723161651189 -69.49695177639916 1040000
1723161663542 -23.554007457126033 1044000
1723161675720 -30.807844648545785 1048000
1723161687802 -32.59822448408582 1052000
1723161699542 -34.187367335338344 1056000
1723161711838 -37.47696196945499 1060000
1723161723707 -40.227385152422585 1064000
1723161735722 -26.844663850782677 1068000
1723161747945 -33.15332387583926 1072000
1723161760334 -30.00287308281132 1076000
1723161773054 -39.60508991878346 1080000
1723161785775 -35.28823384452297 1084000
1723161798147 -68.19448655784213 1088000
1723161810624 -40.4557363224424 1092000
1723161823066 -25.671502541768707 1096000
1723161835542 -22.367469144957614 1100000
1723161847298 -21.469649551536605 1104000
1723161859575 -26.395776670582347 1108000
1723161871933 -41.46128510248579 1112000
1723161883947 -20.448331948937348 1116000
1723161896039 -22.118992103292346 1120000
1723161908119 -21.92145383807239 1124000
1723161920415 -25.081561810770665 1128000
1723161932711 -24.400425348013705 1132000
1723161945175 -38.235392052973516 1136000
1723161957342 -23.269142217171225 1140000
1723161969603 -25.955668359523656 1144000
1723161982361 -46.26094967008639 1148000
1723161994715 -23.17140713991444 1152000
1723162007089 -26.31646733086363 1156000
1723162019528 -27.8956594470004 1160000
1723162032095 -25.109531958477668 1164000
1723162044558 -28.236610973231517 1168000
1723162057227 -37.330418828906026 1172000
1723162069626 -25.46223982779963 1176000
1723162082647 -32.45612990021101 1180000
1723162095042 -36.25562959783743 1184000
1723162108117 -21.14001377752925 1188000
1723162120735 -25.79298935559908 1192000
1723162133404 -32.75812478285097 1196000
1723162146034 -27.885236525350628 1200000
