1723157948619 153.0 4000
1723157966379 162.0 8000
1723157984287 162.0 12000
1723157998241 162.0 16000
1723158011223 157.0 20000
1723158024043 158.0 24000
1723158036983 162.0 28000
1723158050867 162.0 32000
1723158065081 157.0 36000
1723158079092 162.0 40000
1723158093182 158.0 44000
1723158107325 162.0 48000
1723158121389 157.0 52000
1723158135432 162.0 56000
1723158149187 162.0 60000
1723158163230 158.0 64000
1723158177235 157.0 68000
1723158191644 162.0 72000
1723158205786 162.0 76000
1723158220066 162.0 80000
1723158234064 153.0 84000
1723158248197 162.0 88000
1723158262211 162.0 92000
1723158276208 162.0 96000
1723158290079 162.0 100000
1723158304249 153.0 104000
1723158319135 162.0 108000
1723158333608 162.0 112000
1723158348169 162.0 116000
1723158362594 157.0 120000
1723158377066 158.0 124000
1723158392793 162.0 128000
1723158414730 162.0 132000
1723158430028 157.0 136000
1723158444608 162.0 140000
1723158458940 158.0 144000
1723158473331 162.0 148000
1723158487742 157.0 152000
1723158501861 162.0 156000
1723158516103 162.0 160000
1723158530483 158.0 164000
1723158545524 157.0 168000
1723158560251 162.0 172000
1723158574975 162.0 176000
1723158589486 162.0 180000
1723158603441 153.0 184000
1723158617227 162.0 188000
1723158631333 162.0 192000
1723158645139 162.0 196000
1723158658695 162.0 200000
1723158672823 153.0 204000
1723158687367 162.0 208000
1723158701596 162.0 212000
1723158715763 162.0 216000
1723158730227 157.0 220000
1723158744552 158.0 224000
1723158758449 162.0 228000
1723158772738 162.0 232000
1723158786613 157.0 236000
1723158800606 162.0 240000
1723158814564 158.0 244000
1723158829003 162.0 248000
1723158842497 157.0 252000
1723158856348 162.0 256000
1723158870625 162.0 260000
1723158885361 158.0 264000
1723158899298 157.0 268000
1723158913901 162.0 272000
1723158928272 162.0 276000
1723158942239 162.0 280000
1723158955876 153.0 284000
1723158969731 162.0 288000
1723158983785 162.0 292000
1723158997294 162.0 296000
1723159010858 162.0 300000
1723159024432 153.0 304000
1723159041336 162.0 308000
1723159061375 162.0 312000
1723159081065 162.0 316000
1723159096051 157.0 320000
1723159109802 158.0 324000
1723159123334 162.0 328000
1723159137104 162.0 332000
1723159151032 157.0 336000
1723159164650 162.0 340000
1723159178318 158.0 344000
1723159192340 162.0 348000
1723159205644 157.0 352000
1723159218840 162.0 356000
1723159232465 162.0 360000
1723159246724 158.0 364000
1723159260119 157.0 368000
1723159273414 162.0 372000
1723159287016 162.0 376000
1723159301056 162.0 380000
1723159315182 153.0 384000
1723159328993 162.0 388000
1723159343006 162.0 392000
1723159356679 162.0 396000
1723159370452 162.0 400000
1723159384735 153.0 404000
1723159398952 162.0 408000
1723159412418 162.0 412000
1723159431007 162.0 416000
1723159446347 157.0 420000
1723159460535 158.0 424000
1723159474818 162.0 428000
1723159488926 162.0 432000
1723159502376 157.0 436000
1723159515611 162.0 440000
1723159528908 158.0 444000
1723159542589 162.0 448000
1723159556207 157.0 452000
1723159582978 162.0 456000
1723159601029 162.0 460000
1723159618278 158.0 464000
1723159636458 157.0 468000
1723159654218 162.0 472000
1723159673974 162.0 476000
1723159692869 162.0 480000
1723159710267 153.0 484000
1723159724913 162.0 488000
1723159738587 162.0 492000
1723159751876 162.0 496000
1723159765593 162.0 500000
1723159779282 153.0 504000
1723159793013 162.0 508000
1723159806513 162.0 512000
1723159819867 162.0 516000
1723159834633 157.0 520000
1723159848580 158.0 524000
1723159863035 162.0 528000
1723159877318 162.0 532000
1723159891349 157.0 536000
1723159905530 162.0 540000
1723159919787 158.0 544000
1723159934137 162.0 548000
1723159948009 157.0 552000
1723159962125 162.0 556000
1723159976392 162.0 560000
1723159989896 158.0 564000
1723160003512 157.0 568000
1723160017325 162.0 572000
1723160031033 162.0 576000
1723160044741 162.0 580000
1723160063030 153.0 584000
1723160081241 162.0 588000
1723160099093 162.0 592000
1723160117007 162.0 596000
1723160130326 162.0 600000
1723160142848 153.0 604000
1723160155445 162.0 608000
1723160167981 162.0 612000
1723160180741 162.0 616000
1723160194065 157.0 620000
1723160206806 158.0 624000
1723160219742 162.0 628000
1723160232626 162.0 632000
1723160244990 157.0 636000
1723160257852 162.0 640000
1723160274785 158.0 644000
1723160292026 162.0 648000
1723160309364 157.0 652000
1723160326911 162.0 656000
1723160345062 162.0 660000
1723160362622 158.0 664000
1723160376925 157.0 668000
1723160389973 162.0 672000
1723160403458 162.0 676000
1723160424818 162.0 680000
1723160442684 153.0 684000
1723160460945 162.0 688000
1723160479323 162.0 692000
1723160493535 162.0 696000
1723160506712 162.0 700000
1723160523316 153.0 704000
1723160541284 162.0 708000
1723160560114 162.0 712000
1723160578800 162.0 716000
1723160596185 157.0 720000
1723160614194 158.0 724000
1723160634938 162.0 728000
1723160653621 162.0 732000
1723160672931 157.0 736000
1723160687823 162.0 740000
1723160702050 158.0 744000
1723160715632 162.0 748000
1723160729150 157.0 752000
1723160743661 162.0 756000
1723160756812 162.0 760000
1723160770702 158.0 764000
1723160783572 157.0 768000
1723160796187 162.0 772000
1723160808807 162.0 776000
1723160822408 162.0 780000
1723160835214 153.0 784000
1723160848132 162.0 788000
1723160861010 162.0 792000
1723160873875 162.0 796000
1723160887690 162.0 800000
1723160900904 153.0 804000
1723160913921 162.0 808000
1723160926588 162.0 812000
1723160939167 162.0 816000
1723160953110 157.0 820000
1723160970903 158.0 824000
1723160991036 162.0 828000
1723161004907 162.0 832000
1723161018127 157.0 836000
1723161031826 162.0 840000
1723161044343 158.0 844000
1723161057053 162.0 848000
1723161069848 157.0 852000
1723161082555 162.0 856000
1723161094943 162.0 860000
1723161107749 158.0 864000
1723161119769 157.0 868000
1723161132186 162.0 872000
1723161144748 162.0 876000
1723161156900 162.0 880000
1723161169324 153.0 884000
1723161181849 162.0 888000
1723161194321 162.0 892000
1723161206476 162.0 896000
1723161218459 162.0 900000
1723161230993 153.0 904000
1723161243390 162.0 908000
1723161255328 162.0 912000
1723161267565 162.0 916000
1723161279678 157.0 920000
1723161291992 158.0 924000
1723161303970 162.0 928000
1723161316080 162.0 932000
1723161328444 157.0 936000
1723161340596 162.0 940000
1723161353075 158.0 944000
1723161365589 162.0 948000
1723161378348 157.0 952000
1723161391134 162.0 956000
1723161403091 162.0 960000
1723161415454 158.0 964000
1723161428011 157.0 968000
1723161439927 162.0 972000
1723161452494 162.0 976000
1723161464743 162.0 980000
1723161477241 153.0 984000
1723161489967 162.0 988000
1723161502683 162.0 992000
1723161515100 162.0 996000
1723161527440 162.0 1000000
1723161540373 153.0 1004000
1723161552898 162.0 1008000
1723161565495 162.0 1012000
1723161577865 162.0 1016000
1723161590242 157.0 1020000
1723161602174 158.0 1024000
1723161614556 162.0 1028000
1723161626779 162.0 1032000
1723161639029 157.0 1036000
1723161651189 162.0 1040000
1723161663541 158.0 1044000
1723161675719 162.0 1048000
1723161687801 157.0 1052000
1723161699542 162.0 1056000
1723161711837 162.0 1060000
1723161723707 158.0 1064000
1723161735721 157.0 1068000
1723161747944 162.0 1072000
1723161760333 162.0 1076000
1723161773054 162.0 1080000
1723161785774 153.0 1084000
1723161798145 162.0 1088000
1723161810623 162.0 1092000
1723161823065 162.0 1096000
1723161835542 162.0 1100000
1723161847297 153.0 1104000
1723161859574 162.0 1108000
1723161871933 162.0 1112000
1723161883946 162.0 1116000
1723161896038 157.0 1120000
1723161908119 158.0 1124000
1723161920415 162.0 1128000
1723161932710 162.0 1132000
1723161945175 157.0 1136000
1723161957341 162.0 1140000
1723161969602 158.0 1144000
1723161982361 162.0 1148000
1723161994714 157.0 1152000
1723162007088 162.0 1156000
1723162019527 162.0 1160000
1723162032095 158.0 1164000
1723162044558 157.0 1168000
1723162057226 162.0 1172000
1723162069625 162.0 1176000
1723162082646 162.0 1180000
1723162095042 153.0 1184000
1723162108116 162.0 1188000
1723162120734 162.0 1192000
1723162133403 162.0 1196000
1723162146033 162.0 1200000
