1723231574360 8.0 4000
1723231581546 8.0 8000
1723231588706 8.0 12000
1723231596115 8.0 16000
1723231603471 8.0 20000
1723231610575 8.0 24000
1723231617994 8.0 28000
1723231625254 8.0 32000
1723231632653 8.0 36000
1723231640353 8.0 40000
1723231647653 8.0 44000
1723231654940 8.0 48000
1723231662293 8.0 52000
1723231669602 8.0 56000
1723231678833 8.0 60000
1723231687479 8.0 64000
1723231695487 8.0 68000
1723231704119 8.0 72000
1723231712975 8.0 76000
1723231721631 8.0 80000
1723231730003 8.0 84000
1723231738093 8.0 88000
1723231745878 8.0 92000
1723231755161 8.0 96000
1723231764872 8.0 100000
1723231772544 8.0 104000
1723231780166 8.0 108000
1723231788089 8.0 112000
1723231796923 8.0 116000
1723231804852 8.0 120000
1723231812594 8.0 124000
1723231820165 8.0 128000
1723231827914 8.0 132000
1723231835548 8.0 136000
1723231843221 8.0 140000
1723231850819 8.0 144000
1723231858620 8.0 148000
1723231866364 8.0 152000
1723231874013 8.0 156000
1723231881566 8.0 160000
1723231889464 8.0 164000
1723231897658 8.0 168000
1723231905417 8.0 172000
1723231912949 8.0 176000
1723231920604 8.0 180000
1723231928481 8.0 184000
1723231936413 8.0 188000
1723231944060 8.0 192000
1723231951827 8.0 196000
1723231959205 8.0 200000
1723231966856 8.0 204000
1723231974210 8.0 208000
1723231981759 8.0 212000
1723231989137 8.0 216000
1723231997089 8.0 220000
1723232004766 8.0 224000
1723232012315 8.0 228000
1723232019756 8.0 232000
1723232027247 8.0 236000
1723232034794 8.0 240000
1723232042369 8.0 244000
1723232050023 8.0 248000
1723232057793 8.0 252000
1723232065981 8.0 256000
1723232073714 8.0 260000
1723232080973 8.0 264000
1723232088536 8.0 268000
1723232096015 8.0 272000
1723232103525 8.0 276000
1723232111117 8.0 280000
1723232118684 8.0 284000
1723232126231 8.0 288000
1723232133833 8.0 292000
1723232141143 8.0 296000
1723232148572 8.0 300000
1723232156034 8.0 304000
1723232163444 8.0 308000
1723232171381 8.0 312000
1723232178783 8.0 316000
1723232186240 8.0 320000
1723232193500 8.0 324000
1723232201021 8.0 328000
1723232208583 8.0 332000
1723232216042 8.0 336000
1723232223657 8.0 340000
1723232231048 8.0 344000
1723232238948 8.0 348000
1723232246598 8.0 352000
1723232253859 8.0 356000
1723232261003 8.0 360000
1723232268850 8.0 364000
1723232276503 8.0 368000
1723232283947 8.0 372000
1723232291321 8.0 376000
1723232298943 8.0 380000
1723232306444 8.0 384000
1723232313933 8.0 388000
1723232321260 8.0 392000
1723232328654 8.0 396000
1723232335870 8.0 400000
1723232343396 8.0 404000
1723232350711 8.0 408000
1723232358191 8.0 412000
1723232365471 8.0 416000
1723232372707 8.0 420000
1723232379914 8.0 424000
1723232387329 8.0 428000
1723232394692 8.0 432000
1723232402072 8.0 436000
1723232409224 8.0 440000
1723232416527 8.0 444000
1723232423845 8.0 448000
1723232431212 8.0 452000
1723232438468 8.0 456000
1723232445629 8.0 460000
1723232453292 8.0 464000
1723232460529 8.0 468000
1723232467700 8.0 472000
1723232475087 8.0 476000
1723232482419 8.0 480000
1723232489670 8.0 484000
1723232496997 8.0 488000
1723232504573 8.0 492000
1723232511982 8.0 496000
1723232519503 8.0 500000
1723232526827 8.0 504000
1723232534272 8.0 508000
1723232541775 8.0 512000
1723232549479 8.0 516000
1723232556870 8.0 520000
1723232564309 8.0 524000
1723232571739 8.0 528000
1723232579080 8.0 532000
1723232586589 8.0 536000
1723232594141 8.0 540000
1723232602297 8.0 544000
1723232609990 8.0 548000
1723232617418 8.0 552000
1723232625053 8.0 556000
1723232632548 8.0 560000
1723232640049 8.0 564000
1723232647514 8.0 568000
1723232655046 8.0 572000
1723232662567 8.0 576000
1723232669959 8.0 580000
1723232677386 8.0 584000
1723232684894 8.0 588000
1723232692312 8.0 592000
1723232700427 8.0 596000
1723232708262 8.0 600000
1723232716495 8.0 604000
1723232723848 8.0 608000
1723232731339 8.0 612000
1723232738654 8.0 616000
1723232746200 8.0 620000
1723232753639 8.0 624000
1723232761291 8.0 628000
1723232768716 8.0 632000
1723232776260 8.0 636000
1723232784200 8.0 640000
1723232791885 8.0 644000
1723232799233 8.0 648000
1723232806793 8.0 652000
1723232814704 8.0 656000
1723232822504 8.0 660000
1723232829677 8.0 664000
1723232837328 8.0 668000
1723232844772 8.0 672000
1723232852903 8.0 676000
1723232860404 8.0 680000
1723232867729 8.0 684000
1723232875197 8.0 688000
1723232883060 8.0 692000
1723232890295 8.0 696000
1723232897591 8.0 700000
1723232904911 8.0 704000
1723232912179 8.0 708000
1723232919499 8.0 712000
1723232926730 8.0 716000
1723232934076 8.0 720000
1723232942101 8.0 724000
1723232949874 8.0 728000
1723232957437 8.0 732000
1723232964895 8.0 736000
1723232972433 8.0 740000
1723232980165 8.0 744000
1723232987750 8.0 748000
1723232995265 8.0 752000
1723233002985 8.0 756000
1723233010618 8.0 760000
1723233018223 8.0 764000
1723233025855 8.0 768000
1723233033555 8.0 772000
1723233040903 8.0 776000
1723233048115 8.0 780000
1723233055478 8.0 784000
1723233062705 8.0 788000
1723233069945 8.0 792000
1723233077254 8.0 796000
1723233084603 8.0 800000
