1723235371586 595.047 4000
1723235378872 610.685 8000
1723235386204 613.593 12000
1723235393447 617.533 16000
1723235401527 604.681 20000
1723235409664 599.577 24000
1723235417394 597.909 28000
1723235425064 598.225 32000
1723235432759 597.013 36000
1723235440358 597.937 40000
1723235447914 599.362 44000
1723235455326 598.536 48000
1723235463625 590.424 52000
1723235472389 577.812 56000
1723235480456 579.033 60000
1723235488313 579.277 64000
1723235496344 576.465 68000
1723235504128 574.863 72000
1723235511799 575.39 76000
1723235519444 573.889 80000
1723235527092 572.149 84000
1723235535197 566.183 88000
1723235543106 569.254 92000
1723235550823 578.508 96000
1723235558512 580.612 100000
1723235566456 579.651 104000
1723235574084 583.142 108000
1723235581710 584.188 112000
1723235589202 585.132 116000
1723235596967 584.48 120000
1723235604759 583.609 124000
1723235612393 587.722 128000
1723235619971 590.782 132000
1723235627438 591.681 136000
1723235634992 592.802 140000
1723235642548 595.85 144000
1723235649942 597.645 148000
1723235658105 592.734 152000
1723235665600 592.757 156000
1723235673063 595.766 160000
1723235680541 598.395 164000
1723235688275 597.157 168000
1723235696216 594.342 172000
1723235704121 590.722 176000
1723235712277 585.611 180000
1723235720643 581.856 184000
1723235728465 578.674 188000
1723235736270 582.795 192000
1723235745051 573.385 196000
1723235753622 565.175 200000
1723235761862 559.405 204000
1723235770757 551.826 208000
1723235779565 545.233 212000
1723235787674 544.532 216000
1723235795494 547.302 220000
1723235803355 548.404 224000
1723235811824 544.267 228000
1723235819822 541.975 232000
1723235828046 545.595 236000
1723235837139 541.973 240000
1723235846385 536.175 244000
1723235854617 541.875 248000
1723235862631 547.383 252000
1723235871554 542.154 256000
1723235879755 539.909 260000
1723235887624 540.309 264000
1723235895397 544.768 268000
1723235903193 546.212 272000
1723235910823 550.578 276000
1723235918338 561.214 280000
1723235925770 573.855 284000
1723235933293 577.39 288000
1723235940750 581.792 292000
1723235948442 590.825 296000
1723235956649 589.581 300000
1723235964280 591.319 304000
1723235971839 593.41 308000
1723235979215 597.115 312000
1723235986598 598.732 316000
1723235994096 599.037 320000
1723236001645 598.845 324000
1723236009477 599.139 328000
1723236017726 593.348 332000
1723236025168 595.146 336000
1723236032627 601.829 340000
1723236039796 605.871 344000
1723236047233 606.357 348000
1723236054584 607.11 352000
1723236061980 606.929 356000
1723236069525 607.256 360000
1723236077456 602.709 364000
1723236084985 603.005 368000
1723236092417 609.115 372000
1723236099601 611.516 376000
1723236107122 610.9 380000
1723236114565 609.095 384000
1723236121959 610.064 388000
1723236129344 609.832 392000
1723236137490 603.79 396000
1723236145263 600.906 400000
1723236153261 601.082 404000
1723236160646 601.667 408000
1723236168416 599.643 412000
1723236175840 597.678 416000
1723236183169 599.257 420000
1723236190662 598.837 424000
1723236199005 590.81 428000
1723236206963 587.152 432000
1723236214468 592.748 436000
1723236221874 596.267 440000
1723236229285 601.07 444000
1723236237184 596.453 448000
1723236244732 598.571 452000
1723236252108 598.842 456000
1723236259927 596.281 460000
1723236267657 594.322 464000
1723236275075 602.022 468000
1723236282633 603.905 472000
1723236290592 599.289 476000
1723236298064 598.62 480000
1723236305501 598.279 484000
1723236312976 602.197 488000
1723236320509 601.82 492000
1723236328011 601.302 496000
1723236335482 602.963 500000
1723236342813 605.802 504000
1723236350155 606.409 508000
1723236357577 608.513 512000
1723236365064 612.79 516000
1723236372245 615.916 520000
1723236380351 615.061 524000
1723236387780 615.729 528000
1723236395116 617.74 532000
1723236402607 617.458 536000
1723236409841 620.354 540000
1723236417338 619.412 544000
1723236424722 618.691 548000
1723236432115 618.006 552000
1723236440410 616.158 556000
1723236448080 611.828 560000
1723236455482 613.26 564000
1723236462848 613.685 568000
1723236470355 611.75 572000
1723236477713 612.762 576000
1723236485139 610.291 580000
1723236492636 609.981 584000
1723236501108 601.556 588000
1723236509161 596.319 592000
1723236516740 597.542 596000
1723236524753 594.189 600000
1723236532658 590.195 604000
1723236540319 587.734 608000
1723236547951 586.359 612000
1723236555501 585.154 616000
1723236563327 581.99 620000
1723236571035 580.358 624000
1723236579024 583.996 628000
1723236587190 582.825 632000
1723236595823 574.703 636000
1723236606163 561.215 640000
1723236614464 559.716 644000
1723236622791 555.552 648000
1723236630995 551.593 652000
1723236639391 545.91 656000
1723236647259 545.684 660000
1723236654905 545.914 664000
1723236662493 548.688 668000
1723236670066 553.402 672000
1723236677624 561.066 676000
1723236685289 577.1 680000
1723236692951 580.64 684000
1723236700878 583.435 688000
1723236708819 585.856 692000
1723236716354 592.607 696000
1723236724168 592.826 700000
1723236731927 593.214 704000
1723236739964 590.908 708000
1723236748336 585.167 712000
1723236756234 582.805 716000
1723236764513 579.387 720000
1723236773274 571.485 724000
1723236781573 568.91 728000
1723236789946 565.283 732000
1723236798001 561.57 736000
1723236806023 560.001 740000
1723236813694 559.757 744000
1723236821732 559.613 748000
1723236829306 564.532 752000
1723236836704 568.158 756000
1723236844272 573.328 760000
1723236851801 582.736 764000
1723236860089 583.383 768000
1723236867594 591.251 772000
1723236875057 595.76 776000
1723236882451 601.269 780000
1723236890038 602.188 784000
1723236897523 605.521 788000
1723236905084 605.714 792000
1723236912683 604.046 796000
1723236920291 602.731 800000
