1723235371584 1041.346 4000
1723235378872 877.912 8000
1723235386203 828.854 12000
1723235393447 804.916 16000
1723235401526 785.235 20000
1723235409663 824.771 24000
1723235417393 818.68 28000
1723235425063 824.89 32000
1723235432758 816.122 36000
1723235440358 820.562 40000
1723235447913 801.077 44000
1723235455325 809.368 48000
1723235463624 808.811 52000
1723235472389 812.449 56000
1723235480455 826.853 60000
1723235488313 802.421 64000
1723235496343 797.892 68000
1723235504127 788.731 72000
1723235511799 788.167 76000
1723235519443 773.476 80000
1723235527091 761.231 84000
1723235535196 755.981 88000
1723235543105 759.54 92000
1723235550823 768.159 96000
1723235558511 759.907 100000
1723235566455 756.363 104000
1723235574083 757.474 108000
1723235581709 753.88 112000
1723235589202 750.569 116000
1723235596966 751.616 120000
1723235604758 754.614 124000
1723235612392 755.492 128000
1723235619970 758.132 132000
1723235627438 744.21 136000
1723235634991 743.346 140000
1723235642548 739.689 144000
1723235649941 736.949 148000
1723235658104 734.639 152000
1723235665599 734.964 156000
1723235673062 741.531 160000
1723235680540 740.174 164000
1723235688273 735.801 168000
1723235696215 739.061 172000
1723235704121 740.642 176000
1723235712276 740.912 180000
1723235720642 777.837 184000
1723235728464 781.836 188000
1723235736269 794.836 192000
1723235745050 807.834 196000
1723235753621 816.888 200000
1723235761861 819.687 204000
1723235770756 836.875 208000
1723235779564 835.358 212000
1723235787674 845.577 216000
1723235795493 845.985 220000
1723235803354 809.563 224000
1723235811823 818.782 228000
1723235819821 806.615 232000
1723235828045 801.347 236000
1723235837136 800.565 240000
1723235846385 814.559 244000
1723235854616 821.037 248000
1723235862631 815.578 252000
1723235871554 818.537 256000
1723235879755 828.449 260000
1723235887623 833.722 264000
1723235895396 824.468 268000
1723235903192 823.525 272000
1723235910822 823.31 276000
1723235918337 806.796 280000
1723235925769 788.874 284000
1723235933292 766.518 288000
1723235940749 763.677 292000
1723235948441 753.747 296000
1723235956648 740.676 300000
1723235964279 737.039 304000
1723235971838 739.498 308000
1723235979214 739.315 312000
1723235986598 731.989 316000
1723235994095 734.141 320000
1723236001644 743.243 324000
1723236009477 777.687 328000
1723236017726 791.797 332000
1723236025168 786.488 336000
1723236032626 786.128 340000
1723236039795 784.969 344000
1723236047233 777.685 348000
1723236054584 783.391 352000
1723236061979 782.515 356000
1723236069525 790.489 360000
1723236077456 778.767 364000
1723236084984 747.499 368000
1723236092416 732.358 372000
1723236099600 732.788 376000
1723236107121 731.906 380000
1723236114564 739.521 384000
1723236121958 745.198 388000
1723236129343 745.958 392000
1723236137490 754.828 396000
1723236145262 745.138 400000
1723236153260 754.041 404000
1723236160645 749.295 408000
1723236168416 760.562 412000
1723236175839 761.964 416000
1723236183168 760.512 420000
1723236190661 760.321 424000
1723236199005 756.682 428000
1723236206962 769.596 432000
1723236214467 768.024 436000
1723236221873 770.57 440000
1723236229284 763.94 444000
1723236237183 763.521 448000
1723236244731 764.002 452000
1723236252107 762.434 456000
1723236259927 781.325 460000
1723236267656 781.794 464000
1723236275075 782.676 468000
1723236282632 763.841 472000
1723236290592 759.291 476000
1723236298064 758.582 480000
1723236305500 757.654 484000
1723236312976 758.968 488000
1723236320508 753.056 492000
1723236328010 759.663 496000
1723236335481 743.481 500000
1723236342812 735.188 504000
1723236350155 734.075 508000
1723236357576 744.062 512000
1723236365063 742.461 516000
1723236372244 745.949 520000
1723236380351 802.246 524000
1723236387779 802.797 528000
1723236395116 804.485 532000
1723236402606 798.982 536000
1723236409841 805.315 540000
1723236417337 812.02 544000
1723236424722 808.647 548000
1723236432115 798.175 552000
1723236440409 856.367 556000
1723236448079 859.026 560000
1723236455482 805.409 564000
1723236462847 804.246 568000
1723236470354 800.022 572000
1723236477712 798.134 576000
1723236485139 790.951 580000
1723236492635 786.43 584000
1723236501107 794.836 588000
1723236509160 801.833 592000
1723236516740 746.505 596000
1723236524752 742.843 600000
1723236532657 746.719 604000
1723236540318 747.537 608000
1723236547950 744.475 612000
1723236555500 748.82 616000
1723236563326 750.535 620000
1723236571034 753.249 624000
1723236579023 755.421 628000
1723236587189 750.549 632000
1723236595822 749.927 636000
1723236606162 782.817 640000
1723236614463 802.135 644000
1723236622790 813.6 648000
1723236630994 816.431 652000
1723236639390 824.274 656000
1723236647258 825.525 660000
1723236654904 820.996 664000
1723236662492 817.835 668000
1723236670065 821.906 672000
1723236677623 822.187 676000
1723236685288 784.9 680000
1723236692951 764.226 684000
1723236700877 758.034 688000
1723236708818 761.749 692000
1723236716353 754.683 696000
1723236724167 751.839 700000
1723236731926 768.133 704000
1723236739963 786.345 708000
1723236748335 799.302 712000
1723236756233 801.113 716000
1723236764512 820.067 720000
1723236773273 834.298 724000
1723236781572 839.92 728000
1723236789945 836.855 732000
1723236798000 840.803 736000
1723236806022 840.451 740000
1723236813693 828.21 744000
1723236821731 825.993 748000
1723236829306 808.846 752000
1723236836704 807.899 756000
1723236844271 792.377 760000
1723236851801 781.072 764000
1723236860088 783.698 768000
1723236867593 788.74 772000
1723236875056 781.375 776000
1723236882450 780.441 780000
1723236890038 782.05 784000
1723236897523 763.206 788000
1723236905083 764.104 792000
1723236912682 765.299 796000
1723236920290 763.737 800000
