1723235371582 7773.304 4000
1723235378871 7439.437 8000
1723235386202 7358.854 12000
1723235393445 7292.911 16000
1723235401525 7412.564 20000
1723235409662 7508.366 24000
1723235417392 7520.678 28000
1723235425062 7523.022 32000
1723235432757 7527.615 36000
1723235440357 7521.544 40000
1723235447912 7486.185 44000
1723235455324 7503.381 48000
1723235463623 7594.843 52000
1723235472388 7746.6 56000
1723235480454 7745.594 60000
1723235488312 7718.365 64000
1723235496342 7747.81 68000
1723235504126 7758.399 72000
1723235511797 7751.674 76000
1723235519442 7755.349 80000
1723235527090 7764.367 84000
1723235535195 7832.924 88000
1723235543104 7798.325 92000
1723235550821 7694.55 96000
1723235558510 7661.142 100000
1723235566454 7668.846 104000
1723235574082 7628.505 108000
1723235581708 7612.324 112000
1723235589201 7597.775 116000
1723235596964 7606.7 120000
1723235604757 7620.018 124000
1723235612391 7572.909 128000
1723235619969 7540.325 132000
1723235627436 7515.873 136000
1723235634990 7502.308 140000
1723235642546 7464.095 144000
1723235649940 7440.881 148000
1723235658103 7494.159 152000
1723235665598 7494.353 156000
1723235673061 7466.584 160000
1723235680539 7435.716 164000
1723235688272 7445.25 168000
1723235696214 7480.208 172000
1723235704119 7523.099 176000
1723235712275 7582.514 180000
1723235720641 7663.446 184000
1723235728463 7705.551 188000
1723235736268 7669.776 192000
1723235745049 7795.459 196000
1723235753620 7905.842 200000
1723235761860 7981.647 204000
1723235770755 8097.084 208000
1723235779563 8183.582 212000
1723235787673 8203.408 216000
1723235795492 8166.617 220000
1723235803353 8115.72 224000
1723235811822 8180.353 228000
1723235819820 8199.299 232000
1723235828044 8145.021 236000
1723235837134 8193.323 240000
1723235846384 8287.609 244000
1723235854615 8215.457 248000
1723235862630 8135.55 252000
1723235871552 8209.476 256000
1723235879753 8250.183 260000
1723235887622 8250.024 264000
1723235895395 8180.17 268000
1723235903191 8159.56 272000
1723235910821 8101.171 276000
1723235918335 7946.922 280000
1723235925768 7771.518 284000
1723235933291 7706.699 288000
1723235940748 7651.38 292000
1723235948440 7535.818 296000
1723235956647 7537.049 300000
1723235964278 7513.508 304000
1723235971837 7492.012 308000
1723235979213 7450.193 312000
1723235986596 7424.852 316000
1723235994094 7423.57 320000
1723236001643 7434.708 324000
1723236009475 7465.579 328000
1723236017725 7544.743 332000
1723236025166 7519.08 336000
1723236032625 7443.771 340000
1723236039794 7397.938 344000
1723236047231 7385.514 348000
1723236054582 7382.877 352000
1723236061978 7384.03 356000
1723236069523 7388.352 360000
1723236077454 7426.365 364000
1723236084983 7392.077 368000
1723236092415 7310.117 372000
1723236099599 7284.597 376000
1723236107120 7290.676 380000
1723236114563 7317.76 384000
1723236121957 7313.086 388000
1723236129342 7316.19 392000
1723236137489 7390.53 396000
1723236145261 7412.755 400000
1723236153259 7419.7 404000
1723236160644 7408.259 408000
1723236168414 7442.225 412000
1723236175838 7465.807 416000
1723236183167 7446.599 420000
1723236190659 7451.303 424000
1723236199003 7538.181 428000
1723236206961 7593.75 432000
1723236214465 7527.871 436000
1723236221872 7490.346 440000
1723236229282 7430.088 444000
1723236237182 7481.651 448000
1723236244730 7458.343 452000
1723236252106 7453.528 456000
1723236259925 7501.209 460000
1723236267655 7523.538 464000
1723236275074 7438.246 468000
1723236282631 7398.545 472000
1723236290590 7444.92 476000
1723236298063 7451.684 480000
1723236305499 7454.747 484000
1723236312975 7412.328 488000
1723236320507 7410.4 492000
1723236328009 7422.698 496000
1723236335480 7388.064 500000
1723236342811 7348.945 504000
1723236350153 7341.482 508000
1723236357575 7328.321 512000
1723236365062 7281.168 516000
1723236372243 7251.897 520000
1723236380349 7317.248 524000
1723236387778 7310.421 528000
1723236395114 7290.924 532000
1723236402605 7288.492 536000
1723236409840 7264.75 540000
1723236417336 7281.2 544000
1723236424721 7285.302 548000
1723236432113 7282.404 552000
1723236440408 7359.794 556000
1723236448078 7408.38 560000
1723236455480 7339.366 564000
1723236462846 7334.018 568000
1723236470353 7350.585 572000
1723236477711 7337.867 576000
1723236485138 7356.759 580000
1723236492634 7355.743 584000
1723236501106 7456.123 588000
1723236509158 7521.327 592000
1723236516739 7452.264 596000
1723236524751 7486.286 600000
1723236532656 7535.83 604000
1723236540317 7565.012 608000
1723236547949 7577.817 612000
1723236555499 7596.376 616000
1723236563325 7635.668 620000
1723236571033 7657.495 624000
1723236579022 7616.656 628000
1723236587187 7625.744 632000
1723236595821 7722.454 636000
1723236606161 7922.513 640000
1723236614462 7960.791 644000
1723236622789 8025.91 648000
1723236630993 8080.756 652000
1723236639389 8163.995 656000
1723236647256 8168.025 660000
1723236654903 8160.32 664000
1723236662490 8119.792 668000
1723236670064 8061.528 672000
1723236677622 7962.904 676000
1723236685287 7727.576 680000
1723236692950 7664.561 684000
1723236700876 7625.298 688000
1723236708817 7600.606 692000
1723236716352 7515.594 696000
1723236724166 7510.372 700000
1723236731925 7522.468 704000
1723236739962 7567.154 708000
1723236748334 7646.633 712000
1723236756232 7676.062 716000
1723236764511 7735.475 720000
1723236773272 7845.378 724000
1723236781571 7882.498 728000
1723236789943 7924.543 732000
1723236797999 7975.563 736000
1723236806021 7994.845 740000
1723236813692 7985.367 744000
1723236821730 7985.089 748000
1723236829305 7905.642 752000
1723236836703 7859.313 756000
1723236844270 7780.505 760000
1723236851800 7656.504 764000
1723236860087 7651.59 768000
1723236867592 7565.227 772000
1723236875055 7506.629 776000
1723236882449 7444.484 780000
1723236890037 7436.233 784000
1723236897521 7380.765 788000
1723236905082 7379.49 792000
1723236912681 7399.285 796000
1723236920289 7411.913 800000
