1723172544869 3.4640522875816995 4000
1723172560101 6.666666666666667 8000
1723172575103 6.54320987654321 12000
1723172590146 6.049382716049383 16000
1723172604635 8.343949044585987 20000
1723172618987 7.405063291139241 24000
1723172633112 9.753086419753087 28000
1723172647626 7.160493827160494 32000
1723172662268 10.445859872611464 36000
1723172675386 12.469135802469136 40000
1723172689911 10.316455696202532 44000
1723172704071 11.790123456790123 48000
1723172718058 11.146496815286625 52000
1723172732105 11.666666666666666 56000
1723172749570 13.148148148148149 60000
1723172763931 10.189873417721518 64000
1723172778396 12.929936305732484 68000
1723172793034 13.271604938271604 72000
1723172807196 14.012345679012345 76000
1723172821256 11.11111111111111 80000
1723172835235 12.091503267973856 84000
1723172849112 13.024691358024691 88000
1723172863024 13.765432098765432 92000
1723172877185 13.024691358024691 96000
1723172891030 14.444444444444445 100000
1723172904762 16.862745098039216 104000
1723172918017 13.024691358024691 108000
1723172932031 15.864197530864198 112000
1723172946264 13.82716049382716 116000
1723172960164 17.197452229299362 120000
1723172974284 13.924050632911392 124000
1723172988162 16.85185185185185 128000
1723173002095 13.148148148148149 132000
1723173016046 17.006369426751593 136000
1723173029991 15.679012345679013 140000
1723173043955 16.075949367088608 144000
1723173057979 14.25925925925926 148000
1723173071855 15.35031847133758 152000
1723173085776 16.790123456790123 156000
1723173099470 14.506172839506172 160000
1723173113976 15.126582278481013 164000
1723173128497 17.770700636942674 168000
1723173142478 17.160493827160494 172000
1723173155497 20.432098765432098 176000
1723173169543 18.08641975308642 180000
1723173183305 18.562091503267975 184000
1723173197345 16.666666666666668 188000
1723173211508 18.209876543209877 192000
1723173225516 18.950617283950617 196000
1723173239431 19.876543209876544 200000
1723173253018 15.882352941176471 204000
1723173266797 21.296296296296298 208000
1723173280480 15.925925925925926 212000
1723173294150 18.580246913580247 216000
1723173307659 17.388535031847134 220000
1723173321458 19.050632911392405 224000
1723173335069 20.0 228000
1723173348738 18.51851851851852 232000
1723173362500 17.070063694267517 236000
