1723173953637 8.0 4000
1723173968267 8.0 8000
1723173984111 8.0 12000
1723173999086 8.0 16000
1723174014662 8.0 20000
1723174030100 8.0 24000
1723174046338 8.0 28000
1723174061226 8.0 32000
1723174078175 8.0 36000
1723174093334 8.0 40000
1723174108167 8.0 44000
1723174124680 8.0 48000
1723174139250 8.0 52000
1723174153143 8.0 56000
1723174167313 8.0 60000
1723174181423 8.0 64000
1723174196001 8.0 68000
1723174209805 8.0 72000
1723174224069 8.0 76000
1723174238081 8.0 80000
1723174252310 8.0 84000
1723174266658 8.0 88000
1723174280792 8.0 92000
1723174294682 8.0 96000
1723174308619 8.0 100000
1723174322343 8.0 104000
1723174335985 8.0 108000
1723174350337 8.0 112000
1723174364334 8.0 116000
1723174378742 8.0 120000
1723174394125 8.0 124000
1723174408347 8.0 128000
1723174422243 8.0 132000
1723174436596 8.0 136000
1723174450670 8.0 140000
1723174464534 8.0 144000
1723174478447 8.0 148000
1723174492154 8.0 152000
1723174505755 8.0 156000
1723174519164 8.0 160000
1723174532560 8.0 164000
1723174546883 8.0 168000
1723174560436 8.0 172000
1723174574354 8.0 176000
1723174588862 8.0 180000
1723174602439 8.0 184000
1723174616143 8.0 188000
1723174630066 8.0 192000
1723174643602 8.0 196000
1723174657296 8.0 200000
1723174671295 8.0 204000
1723174684868 8.0 208000
1723174698596 8.0 212000
1723174711801 8.0 216000
1723174725159 8.0 220000
1723174739054 8.0 224000
1723174752366 8.0 228000
1723174765883 8.0 232000
1723174779163 8.0 236000
1723174792760 8.0 240000
1723174806492 8.0 244000
1723174820225 8.0 248000
1723174833666 8.0 252000
1723174846813 8.0 256000
1723174860315 8.0 260000
1723174874154 8.0 264000
1723174887743 8.0 268000
1723174901070 8.0 272000
1723174914706 8.0 276000
1723174927731 8.0 280000
1723174941109 8.0 284000
1723174954270 8.0 288000
1723174967759 8.0 292000
1723174981014 8.0 296000
1723174994306 8.0 300000
1723175007685 8.0 304000
1723175021048 8.0 308000
1723175034409 8.0 312000
1723175047498 8.0 316000
1723175060473 8.0 320000
1723175073959 8.0 324000
1723175087338 8.0 328000
1723175100613 8.0 332000
1723175113766 8.0 336000
1723175127383 8.0 340000
1723175140615 8.0 344000
1723175153972 8.0 348000
1723175167566 8.0 352000
1723175181359 8.0 356000
1723175194548 8.0 360000
1723175208626 8.0 364000
1723175221310 8.0 368000
1723175234256 8.0 372000
1723175248042 8.0 376000
1723175261303 8.0 380000
1723175275219 8.0 384000
1723175288849 8.0 388000
1723175302412 8.0 392000
1723175315716 8.0 396000
1723175329276 8.0 400000
1723175342527 8.0 404000
1723175355785 8.0 408000
1723175369040 8.0 412000
1723175382111 8.0 416000
1723175395867 8.0 420000
1723175409490 8.0 424000
1723175423009 8.0 428000
1723175436323 8.0 432000
1723175449753 8.0 436000
1723175462901 8.0 440000
1723175476070 8.0 444000
1723175490502 8.0 448000
1723175503496 8.0 452000
1723175517136 8.0 456000
1723175530038 8.0 460000
1723175543150 8.0 464000
1723175555105 8.0 468000
1723175567951 8.0 472000
1723175581186 8.0 476000
1723175594552 8.0 480000
1723175608036 8.0 484000
1723175621285 8.0 488000
1723175634941 8.0 492000
1723175648850 8.0 496000
1723175662508 8.0 500000
1723175675885 8.0 504000
1723175689656 8.0 508000
1723175703501 8.0 512000
1723175717493 8.0 516000
1723175731089 8.0 520000
1723175744915 8.0 524000
1723175758903 8.0 528000
1723175773246 8.0 532000
1723175786703 8.0 536000
1723175800481 8.0 540000
1723175813541 8.0 544000
1723175826548 8.0 548000
1723175839814 8.0 552000
1723175853366 8.0 556000
1723175867622 8.0 560000
1723175881436 8.0 564000
1723175894857 8.0 568000
1723175910161 8.0 572000
1723175924124 8.0 576000
1723175937028 8.0 580000
1723175950572 8.0 584000
1723175963575 8.0 588000
1723175976868 8.0 592000
1723175990777 8.0 596000
1723176005508 8.0 600000
1723176019121 8.0 604000
1723176032569 8.0 608000
1723176045676 8.0 612000
1723176058109 8.0 616000
1723176071842 8.0 620000
1723176085582 8.0 624000
1723176099271 8.0 628000
1723176113453 8.0 632000
1723176126590 8.0 636000
1723176140606 8.0 640000
1723176153275 8.0 644000
1723176166517 8.0 648000
1723176180349 8.0 652000
1723176194053 8.0 656000
1723176207553 8.0 660000
1723176220823 8.0 664000
1723176234817 8.0 668000
1723176247866 8.0 672000
1723176261565 8.0 676000
1723176274868 8.0 680000
1723176289195 8.0 684000
1723176302262 8.0 688000
1723176314528 8.0 692000
1723176327954 8.0 696000
1723176341348 8.0 700000
1723176354769 8.0 704000
1723176368496 8.0 708000
1723176382055 8.0 712000
1723176395409 8.0 716000
1723176409361 8.0 720000
1723176423270 8.0 724000
1723176436545 8.0 728000
1723176448932 8.0 732000
1723176462236 8.0 736000
1723176475886 8.0 740000
1723176489199 8.0 744000
1723176503002 8.0 748000
1723176516428 8.0 752000
1723176529980 8.0 756000
1723176543294 8.0 760000
1723176556949 8.0 764000
1723176569967 8.0 768000
1723176583690 8.0 772000
1723176597526 8.0 776000
1723176610791 8.0 780000
1723176624224 8.0 784000
1723176637360 8.0 788000
1723176650686 8.0 792000
1723176663774 8.0 796000
1723176677084 8.0 800000
1723176691011 8.0 804000
1723176704861 8.0 808000
1723176718276 8.0 812000
1723176731544 8.0 816000
1723176744774 8.0 820000
1723176758034 8.0 824000
1723176771644 8.0 828000
1723176785252 8.0 832000
1723176798717 8.0 836000
1723176812018 8.0 840000
1723176825587 8.0 844000
1723176839393 8.0 848000
1723176852808 8.0 852000
1723176866164 8.0 856000
1723176879501 8.0 860000
1723176893298 8.0 864000
1723176907389 8.0 868000
1723176921182 8.0 872000
1723176934713 8.0 876000
1723176948269 8.0 880000
1723176961769 8.0 884000
1723176975537 8.0 888000
1723176989045 8.0 892000
1723177002455 8.0 896000
1723177015792 8.0 900000
1723177029230 8.0 904000
1723177042193 8.0 908000
1723177056314 8.0 912000
1723177069967 8.0 916000
1723177083473 8.0 920000
1723177097253 8.0 924000
1723177110644 8.0 928000
1723177124252 8.0 932000
1723177137978 8.0 936000
1723177151211 8.0 940000
1723177164411 8.0 944000
1723177177909 8.0 948000
1723177192484 8.0 952000
1723177205846 8.0 956000
1723177219462 8.0 960000
1723177232852 8.0 964000
1723177246436 8.0 968000
1723177260073 8.0 972000
1723177274342 8.0 976000
1723177287981 8.0 980000
1723177301968 8.0 984000
1723177315732 8.0 988000
1723177329334 8.0 992000
1723177342460 8.0 996000
1723177355627 8.0 1000000
1723177369183 8.0 1004000
1723177382880 8.0 1008000
1723177396573 8.0 1012000
1723177410310 8.0 1016000
1723177423754 8.0 1020000
1723177437330 8.0 1024000
1723177451097 8.0 1028000
1723177464793 8.0 1032000
1723177478926 8.0 1036000
1723177492969 8.0 1040000
1723177506877 8.0 1044000
1723177520547 8.0 1048000
1723177534427 8.0 1052000
1723177548267 8.0 1056000
1723177561817 8.0 1060000
1723177575968 8.0 1064000
1723177589608 8.0 1068000
1723177602428 8.0 1072000
1723177615597 8.0 1076000
1723177628943 8.0 1080000
1723177641985 8.0 1084000
1723177655415 8.0 1088000
1723177668864 8.0 1092000
1723177682567 8.0 1096000
1723177696071 8.0 1100000
1723177709616 8.0 1104000
1723177723112 8.0 1108000
1723177737057 8.0 1112000
1723177750227 8.0 1116000
1723177763798 8.0 1120000
1723177777170 8.0 1124000
1723177790724 8.0 1128000
1723177803892 8.0 1132000
1723177817045 8.0 1136000
1723177830552 8.0 1140000
1723177844262 8.0 1144000
1723177858379 8.0 1148000
1723177871957 8.0 1152000
1723177885622 8.0 1156000
1723177899138 8.0 1160000
1723177912738 8.0 1164000
1723177925727 8.0 1168000
1723177939340 8.0 1172000
1723177952329 8.0 1176000
1723177965679 8.0 1180000
1723177979147 8.0 1184000
1723177993075 8.0 1188000
1723178006561 8.0 1192000
1723178019783 8.0 1196000
1723178033055 8.0 1200000
1723178045168 8.0 1204000
1723178058682 8.0 1208000
1723178071619 8.0 1212000
1723178084955 8.0 1216000
1723178097820 8.0 1220000
1723178111146 8.0 1224000
1723178124352 8.0 1228000
1723178137684 8.0 1232000
1723178151430 8.0 1236000
1723178165193 8.0 1240000
1723178178629 8.0 1244000
1723178191695 8.0 1248000
1723178205068 8.0 1252000
1723178218973 8.0 1256000
1723178232301 8.0 1260000
1723178245730 8.0 1264000
1723178259232 8.0 1268000
1723178273055 8.0 1272000
1723178286360 8.0 1276000
1723178299557 8.0 1280000
1723178312910 8.0 1284000
1723178326945 8.0 1288000
1723178340892 8.0 1292000
1723178354509 8.0 1296000
1723178367841 8.0 1300000
1723178381137 8.0 1304000
1723178394733 8.0 1308000
1723178407712 8.0 1312000
1723178420915 8.0 1316000
1723178434414 8.0 1320000
1723178447744 8.0 1324000
1723178461238 8.0 1328000
1723178474774 8.0 1332000
1723178488250 8.0 1336000
1723178501698 8.0 1340000
1723178515725 8.0 1344000
1723178529935 8.0 1348000
1723178543430 8.0 1352000
1723178556965 8.0 1356000
1723178570394 8.0 1360000
1723178583537 8.0 1364000
1723178597115 8.0 1368000
1723178610331 8.0 1372000
1723178623486 8.0 1376000
1723178636618 8.0 1380000
1723178649937 8.0 1384000
1723178662652 8.0 1388000
1723178675150 8.0 1392000
1723178688507 8.0 1396000
1723178701614 8.0 1400000
1723178714951 8.0 1404000
1723178728589 8.0 1408000
1723178742377 8.0 1412000
1723178755609 8.0 1416000
1723178769348 8.0 1420000
1723178782873 8.0 1424000
1723178796313 8.0 1428000
1723178809882 8.0 1432000
1723178823239 8.0 1436000
1723178836130 8.0 1440000
1723178847537 8.0 1444000
1723178859335 8.0 1448000
1723178871069 8.0 1452000
1723178883044 8.0 1456000
1723178895048 8.0 1460000
1723178907092 8.0 1464000
1723178918391 8.0 1468000
1723178929960 8.0 1472000
1723178942216 8.0 1476000
1723178953892 8.0 1480000
1723178965801 8.0 1484000
1723178977733 8.0 1488000
1723178989870 8.0 1492000
1723179001748 8.0 1496000
1723179013763 8.0 1500000
1723179025383 8.0 1504000
1723179037303 8.0 1508000
1723179049022 8.0 1512000
1723179060664 8.0 1516000
1723179072637 8.0 1520000
1723179084946 8.0 1524000
1723179096606 8.0 1528000
1723179108122 8.0 1532000
1723179119720 8.0 1536000
1723179131481 8.0 1540000
1723179143266 8.0 1544000
1723179154811 8.0 1548000
1723179166531 8.0 1552000
1723179177985 8.0 1556000
1723179189821 8.0 1560000
1723179201103 8.0 1564000
1723179212741 8.0 1568000
1723179224421 8.0 1572000
1723179236332 8.0 1576000
1723179247949 8.0 1580000
1723179259142 8.0 1584000
1723179270744 8.0 1588000
1723179282438 8.0 1592000
1723179293797 8.0 1596000
1723179305081 8.0 1600000
1723179316191 8.0 1604000
1723179328002 8.0 1608000
1723179339560 8.0 1612000
1723179350955 8.0 1616000
1723179362348 8.0 1620000
1723179373635 8.0 1624000
1723179384986 8.0 1628000
1723179396236 8.0 1632000
1723179407426 8.0 1636000
1723179418913 8.0 1640000
1723179430591 8.0 1644000
1723179441940 8.0 1648000
1723179453288 8.0 1652000
1723179464690 8.0 1656000
1723179475996 8.0 1660000
1723179487814 8.0 1664000
1723179499228 8.0 1668000
1723179510769 8.0 1672000
1723179522306 8.0 1676000
1723179533945 8.0 1680000
1723179544965 8.0 1684000
1723179556227 8.0 1688000
1723179567713 8.0 1692000
1723179579105 8.0 1696000
1723179590483 8.0 1700000
1723179601854 8.0 1704000
1723179613149 8.0 1708000
1723179624295 8.0 1712000
1723179635716 8.0 1716000
1723179646974 8.0 1720000
1723179658477 8.0 1724000
1723179669901 8.0 1728000
1723179681195 8.0 1732000
1723179692547 8.0 1736000
1723179703992 8.0 1740000
1723179715244 8.0 1744000
1723179726696 8.0 1748000
1723179738177 8.0 1752000
1723179749553 8.0 1756000
1723179760750 8.0 1760000
1723179772194 8.0 1764000
1723179784199 8.0 1768000
1723179795992 8.0 1772000
1723179807463 8.0 1776000
1723179818892 8.0 1780000
1723179830417 8.0 1784000
1723179842596 8.0 1788000
1723179853853 8.0 1792000
1723179865376 8.0 1796000
1723179876411 8.0 1800000
1723179888030 8.0 1804000
1723179899482 8.0 1808000
1723179911033 8.0 1812000
1723179922408 8.0 1816000
1723179933842 8.0 1820000
1723179945163 8.0 1824000
1723179956400 8.0 1828000
1723179967977 8.0 1832000
1723179979274 8.0 1836000
1723179990766 8.0 1840000
1723180002150 8.0 1844000
1723180013328 8.0 1848000
1723180024919 8.0 1852000
1723180036560 8.0 1856000
1723180048233 8.0 1860000
1723180059768 8.0 1864000
1723180071111 8.0 1868000
1723180082517 8.0 1872000
1723180093894 8.0 1876000
1723180105066 8.0 1880000
1723180116387 8.0 1884000
1723180127864 8.0 1888000
1723180139393 8.0 1892000
1723180150893 8.0 1896000
1723180162039 8.0 1900000
1723180173284 8.0 1904000
1723180184569 8.0 1908000
1723180196164 8.0 1912000
1723180207624 8.0 1916000
1723180219020 8.0 1920000
1723180230505 8.0 1924000
1723180241770 8.0 1928000
1723180253497 8.0 1932000
1723180264978 8.0 1936000
1723180276103 8.0 1940000
1723180287560 8.0 1944000
1723180298793 8.0 1948000
1723180310148 8.0 1952000
1723180321918 8.0 1956000
1723180333054 8.0 1960000
1723180344533 8.0 1964000
1723180356180 8.0 1968000
1723180367664 8.0 1972000
1723180379169 8.0 1976000
1723180390554 8.0 1980000
1723180401956 8.0 1984000
1723180413626 8.0 1988000
1723180425385 8.0 1992000
1723180436837 8.0 1996000
1723180448684 8.0 2000000
