1723217327558 50.37826086956522 4000
1723217342789 52.39999999999999 8000
1723217358136 52.23636363636363 12000
1723217373450 52.785714285714285 16000
1723217388882 51.968181818181804 20000
1723217404279 51.95 24000
1723217419645 52.47727272727274 28000
1723217434855 51.300000000000004 32000
1723217450218 52.185714285714276 36000
1723217465790 52.25909090909092 40000
1723217481295 52.131818181818176 44000
1723217496656 51.559090909090905 48000
1723217511996 52.05454545454545 52000
1723217527277 50.959090909090904 56000
1723217542581 52.29523809523808 60000
1723217557855 52.22727272727272 64000
1723217573154 52.29090909090908 68000
1723217588785 55.75 72000
1723217604180 54.57619047619047 76000
1723217621368 54.9 80000
1723217639490 51.29600000000001 84000
1723217657389 50.65199999999999 88000
1723217674767 49.92 92000
1723217691918 50.31666666666666 96000
1723217709654 49.772000000000006 100000
1723217727089 50.24799999999999 104000
1723217744559 51.28333333333333 108000
1723217762427 50.528 112000
1723217780512 50.32 116000
1723217799553 53.63703703703704 120000
1723217817300 53.376 124000
1723217834917 53.616666666666674 128000
1723217852495 50.376000000000005 132000
1723217869878 51.08800000000001 136000
1723217887170 50.25833333333333 140000
1723217904175 51.56666666666666 144000
1723217920805 51.42173913043479 148000
1723217937827 51.80833333333334 152000
1723217954881 49.352 156000
1723217972272 50.54782608695654 160000
1723217989580 48.84400000000001 164000
1723218006913 50.38333333333333 168000
1723218024233 49.43333333333334 172000
1723218041543 51.412000000000006 176000
1723218059839 50.25200000000001 180000
1723218077310 49.968 184000
1723218094187 49.675000000000004 188000
1723218111972 48.728 192000
1723218129546 59.89166666666667 196000
1723218147172 58.02400000000001 200000
1723218164004 57.09583333333334 204000
1723218181100 59.0625 208000
1723218197928 58.666666666666664 212000
1723218216468 61.146153846153844 216000
1723218233520 56.15 220000
1723218250408 56.53913043478262 224000
1723218267502 55.38400000000001 228000
1723218284802 56.65 232000
1723218301896 58.395833333333336 236000
1723218318853 56.07083333333333 240000
1723218335882 55.84166666666667 244000
1723218352787 59.25416666666667 248000
1723218370102 58.583333333333336 252000
1723218386491 56.86086956521739 256000
1723218403185 56.449999999999996 260000
1723218420291 56.05416666666667 264000
1723218437917 55.156000000000006 268000
1723218455416 57.5875 272000
1723218474291 57.27777777777777 276000
1723218491407 56.94166666666666 280000
1723218508589 53.425000000000004 284000
1723218525595 51.14166666666667 288000
1723218541969 49.51739130434783 292000
1723218559300 50.44583333333333 296000
1723218576499 50.800000000000004 300000
1723218594957 58.473076923076924 304000
1723218611852 49.92173913043479 308000
1723218629105 49.808 312000
1723218645674 49.547826086956526 316000
1723218663005 50.912 320000
1723218679987 51.1 324000
1723218696912 49.775 328000
1723218821473 74.3558823529412 332000
1723218838832 62.24799999999999 336000
1723218855750 50.98749999999999 340000
1723218872784 53.10833333333333 344000
1723218891852 65.76666666666667 348000
1723218908449 50.99130434782609 352000
1723218925009 51.72608695652174 356000
1723218941372 49.39166666666667 360000
1723218958379 51.220833333333324 364000
1723218975176 50.53333333333334 368000
1723218998689 70.665625 372000
1723219018696 60.73571428571428 376000
1723219035858 48.304166666666674 380000
1723219052722 50.425000000000004 384000
1723219071151 52.11923076923077 388000
1723219088040 48.92916666666667 392000
1723219104682 48.62916666666666 396000
1723219121679 49.875 400000
1723219138519 48.166666666666664 404000
1723219155888 55.133333333333326 408000
1723219173107 53.46 412000
1723219190774 54.40833333333334 416000
1723219208249 52.843999999999994 420000
1723219225485 49.924 424000
1723219241870 50.213043478260865 428000
1723219258173 49.247826086956515 432000
1723219274823 48.560869565217395 436000
1723219290880 48.60000000000001 440000
1723219307028 49.57391304347825 444000
1723219322782 48.99130434782609 448000
1723219339922 51.508333333333326 452000
1723219358142 58.650000000000006 456000
1723219375660 51.068000000000005 460000
1723219392181 52.047826086956505 464000
1723219408725 49.64782608695653 468000
1723219425220 50.3375 472000
1723219442566 53.525 476000
1723219458938 49.6 480000
1723219475699 51.74583333333334 484000
1723219492466 49.3125 488000
1723219509080 47.90416666666666 492000
1723219525708 52.84347826086957 496000
1723219541968 52.77826086956522 500000
1723219558365 48.71666666666667 504000
1723219574767 49.8 508000
1723219591115 52.19565217391305 512000
1723219606527 49.39545454545455 516000
1723219622875 50.195652173913054 520000
1723219640249 61.65416666666666 524000
1723219657032 51.63333333333333 528000
1723219673975 54.27916666666666 532000
1723219690220 51.5391304347826 536000
1723219706422 50.03478260869565 540000
1723219722695 50.98260869565217 544000
1723219739207 50.875 548000
1723219757217 53.483999999999995 552000
1723219774089 51.67916666666667 556000
1723219791181 52.291666666666664 560000
1723219807924 50.1875 564000
1723219825327 52.176 568000
1723219842238 52.87083333333334 572000
1723219858711 51.321739130434786 576000
1723219876157 59.044 580000
1723219891616 50.368181818181824 584000
1723219907252 49.60909090909092 588000
1723219923039 49.73181818181818 592000
1723219939767 49.862500000000004 596000
1723219956233 51.8391304347826 600000
1723219972263 49.93043478260869 604000
1723219988221 49.76363636363636 608000
1723220004936 53.15 612000
1723220021158 55.77391304347825 616000
1723220037539 50.417391304347824 620000
1723220054767 54.47999999999999 624000
1723220071793 53.787499999999994 628000
1723220088583 51.439130434782605 632000
1723220104884 50.17083333333333 636000
1723220121226 51.67391304347826 640000
1723220137550 51.00434782608696 644000
1723220153531 49.79130434782608 648000
1723220169619 50.26818181818182 652000
1723220186501 52.900000000000006 656000
1723220202891 49.991666666666674 660000
1723220219313 50.49565217391304 664000
1723220235621 49.88695652173912 668000
1723220252351 54.145833333333336 672000
1723220268717 51.57391304347827 676000
1723220285414 50.84782608695651 680000
1723220302196 50.6 684000
1723220318735 50.333333333333336 688000
1723220335548 53.88260869565218 692000
1723220351662 50.82608695652174 696000
1723220368055 52.43478260869565 700000
1723220383934 50.91818181818182 704000
1723220400056 50.6304347826087 708000
1723220416021 49.29130434782609 712000
1723220432916 52.61304347826086 716000
1723220448616 50.50909090909091 720000
1723220465030 51.047826086956526 724000
1723220481693 49.76250000000001 728000
1723220498799 51.4375 732000
1723220515577 49.270833333333336 736000
1723220532047 49.99130434782609 740000
1723220548733 51.300000000000004 744000
1723220565222 50.2875 748000
1723220581692 50.917391304347824 752000
1723220598541 51.38695652173912 756000
1723220614721 51.473913043478255 760000
1723220629423 41.666666666666664 764000
1723220643198 30.93 768000
1723220657083 30.47894736842106 772000
1723220671607 35.419047619047625 776000
1723220686051 35.955 780000
1723220700277 30.455000000000002 784000
1723220714276 30.880000000000003 788000
1723220728701 32.46190476190476 792000
1723220742912 29.125000000000007 796000
1723220756684 28.769999999999992 800000
1723220770469 32.0421052631579 804000
1723220784578 30.339999999999996 808000
1723220798602 29.84499999999999 812000
1723220812480 28.275000000000006 816000
1723220826193 31.221052631578942 820000
1723220839945 29.305 824000
1723220859527 56.86296296296296 828000
1723220874379 40.0 832000
1723220888613 36.00952380952381 836000
1723220902320 34.77368421052632 840000
1723220916559 36.480000000000004 844000
1723220930652 35.63 848000
1723220944173 35.085 852000
1723220958341 29.275 856000
1723220972374 31.5 860000
1723220986735 28.385 864000
1723221000991 28.425 868000
1723221015013 28.255000000000003 872000
1723221029249 33.2 876000
1723221043453 30.647619047619038 880000
1723221057384 28.426315789473687 884000
1723221071243 29.22 888000
1723221085121 30.910000000000004 892000
1723221099265 29.455000000000002 896000
1723221113362 27.78 900000
1723221127187 28.190000000000005 904000
1723221141275 27.854999999999997 908000
1723221156001 41.98 912000
1723221169918 33.144999999999996 916000
1723221184351 33.266666666666666 920000
1723221198439 32.0 924000
1723221212366 30.247368421052627 928000
1723221226483 29.555 932000
1723221240310 28.475 936000
1723221253971 28.173684210526318 940000
1723221268502 31.285000000000004 944000
1723221282652 31.290000000000003 948000
1723221297304 29.571428571428573 952000
1723221311369 28.695 956000
1723221326012 30.41904761904762 960000
1723221340176 28.290000000000003 964000
1723221354067 28.768421052631584 968000
1723221368494 27.61904761904762 972000
1723221382793 27.835 976000
1723221396737 34.15263157894737 980000
1723221410827 28.025 984000
1723221425037 29.07 988000
1723221438965 27.375 992000
1723221453623 30.40952380952381 996000
1723221467801 27.690000000000005 1000000
1723221482017 29.984999999999996 1004000
1723221496475 27.85 1008000
1723221510560 28.894999999999992 1012000
1723221524037 31.021052631578954 1016000
1723221538502 28.66666666666667 1020000
1723221552776 28.205000000000002 1024000
1723221567152 31.200000000000006 1028000
1723221581272 27.475 1032000
1723221594946 28.64210526315789 1036000
1723221609157 28.205000000000002 1040000
1723221623264 27.720000000000006 1044000
1723221637165 33.465 1048000
1723221651253 27.729999999999997 1052000
1723221665186 28.90999999999999 1056000
1723221678993 28.099999999999998 1060000
1723221693546 30.93809523809524 1064000
1723221707848 28.02 1068000
1723221722198 29.655 1072000
1723221736168 30.445000000000004 1076000
1723221750476 31.850000000000005 1080000
1723221764036 31.042105263157886 1084000
1723221777860 29.445000000000004 1088000
1723221791818 27.745000000000005 1092000
1723221805753 28.963157894736845 1096000
1723221820292 27.895238095238092 1100000
1723221834527 28.089999999999996 1104000
1723221848865 28.509999999999998 1108000
1723221863424 28.947619047619053 1112000
1723221877023 33.43157894736842 1116000
1723221890175 28.89473684210527 1120000
1723221903736 28.757894736842104 1124000
1723221917627 28.042105263157893 1128000
1723221930927 31.763157894736842 1132000
1723221944583 28.610526315789475 1136000
1723221958148 28.985000000000003 1140000
1723221971636 29.457894736842107 1144000
1723221986476 32.304761904761904 1148000
1723221999811 32.849999999999994 1152000
1723222013447 28.310000000000002 1156000
1723222026888 28.436842105263157 1160000
1723222040522 28.12105263157895 1164000
1723222054933 32.095 1168000
1723222068795 28.375 1172000
1723222082713 29.64210526315789 1176000
1723222096593 30.654999999999994 1180000
1723222110822 35.82 1184000
1723222123926 35.05263157894737 1188000
1723222136921 30.394444444444446 1192000
1723222149436 29.75 1196000
1723222162205 29.40555555555555 1200000
1723222175310 36.847368421052636 1204000
1723222188800 29.978947368421046 1208000
1723222202273 34.52105263157895 1212000
1723222215274 31.66666666666667 1216000
1723222228992 31.2 1220000
1723222242163 32.76842105263158 1224000
1723222255189 30.966666666666665 1228000
1723222268350 29.49473684210527 1232000
1723222281533 29.055555555555557 1236000
1723222295288 31.169999999999998 1240000
1723222308804 29.957894736842107 1244000
1723222322491 33.055 1248000
1723222335244 32.766666666666666 1252000
1723222348669 34.59473684210527 1256000
1723222361256 35.34705882352941 1260000
1723222374131 33.2421052631579 1264000
1723222386835 30.733333333333334 1268000
1723222399967 28.357894736842102 1272000
1723222413327 30.47222222222222 1276000
1723222426986 28.610000000000003 1280000
1723222440312 29.06842105263158 1284000
1723222453880 30.94736842105263 1288000
1723222467647 32.12105263157895 1292000
1723222480645 31.631578947368414 1296000
1723222494026 28.78888888888889 1300000
1723222507108 28.831578947368417 1304000
1723222520164 28.711111111111116 1308000
1723222533951 31.689999999999998 1312000
1723222547148 28.35789473684211 1316000
1723222560681 30.536842105263155 1320000
1723222574232 28.652631578947368 1324000
1723222587856 31.715789473684207 1328000
1723222601038 36.74736842105263 1332000
1723222614091 38.222222222222214 1336000
1723222627201 35.98947368421052 1340000
1723222639814 35.05294117647059 1344000
1723222654038 33.02999999999999 1348000
1723222667011 29.63157894736842 1352000
1723222680561 31.205263157894734 1356000
1723222694106 38.96842105263158 1360000
1723222707162 38.02777777777777 1364000
1723222720652 33.635000000000005 1368000
1723222733946 31.47222222222222 1372000
1723222747198 32.531578947368416 1376000
1723222760468 30.326315789473682 1380000
1723222773980 32.49473684210526 1384000
1723222787447 29.047368421052624 1388000
1723222800620 29.031578947368423 1392000
1723222813820 29.011111111111113 1396000
1723222828086 30.55 1400000
1723222841802 32.3 1404000
1723222855119 28.90555555555555 1408000
1723222868604 28.865 1412000
1723222882016 29.105263157894736 1416000
1723222895785 31.5 1420000
1723222908852 29.694736842105264 1424000
1723222922301 29.15789473684211 1428000
1723222935956 29.110526315789475 1432000
1723222949683 32.17368421052631 1436000
1723222963263 32.34736842105263 1440000
1723222976459 28.415789473684214 1444000
1723222990386 31.465000000000003 1448000
1723223003770 29.788888888888884 1452000
1723223017039 30.62631578947369 1456000
1723223030121 29.073684210526313 1460000
1723223042799 29.261111111111113 1464000
1723223056187 28.56842105263158 1468000
1723223070095 33.652631578947364 1472000
1723223083751 31.873684210526317 1476000
1723223097264 28.4 1480000
1723223110380 28.955555555555552 1484000
1723223124796 30.255000000000006 1488000
1723223138694 35.705 1492000
1723223152261 30.79473684210527 1496000
1723223166363 31.334999999999997 1500000
1723223179640 30.95263157894737 1504000
1723223193432 34.82631578947369 1508000
1723223206793 29.078947368421048 1512000
1723223219861 31.99473684210526 1516000
1723223233016 31.94444444444444 1520000
1723223246599 34.260000000000005 1524000
1723223259842 29.416666666666668 1528000
1723223273373 29.57368421052632 1532000
1723223286844 31.18421052631579 1536000
1723223300846 34.6 1540000
1723223314100 34.98947368421052 1544000
1723223327347 31.763157894736842 1548000
1723223340674 28.900000000000002 1552000
1723223354167 30.55263157894737 1556000
1723223367636 33.468421052631584 1560000
1723223380795 29.088888888888885 1564000
1723223393720 33.24444444444444 1568000
1723223407241 28.405263157894744 1572000
1723223420669 28.43157894736842 1576000
1723223434317 33.58 1580000
1723223447435 28.86111111111111 1584000
1723223460627 29.115789473684213 1588000
1723223473955 28.721052631578942 1592000
1723223488000 31.02 1596000
1723223501141 28.78888888888889 1600000
1723223514370 28.736842105263158 1604000
1723223527895 28.77894736842105 1608000
1723224062012 60.158620689655166 1612000
1723224075862 47.31052631578948 1616000
1723224088980 33.32105263157896 1620000
1723224102277 33.478947368421046 1624000
1723224274560 48.18333333333334 1628000
1723224291364 45.56666666666667 1632000
1723224305080 35.62 1636000
1723224319984 41.209523809523816 1640000
1723224333008 28.694444444444443 1644000
1723224345833 29.355555555555554 1648000
1723224359057 28.136842105263153 1652000
1723224372717 26.984999999999996 1656000
1723224386791 30.514999999999997 1660000
1723224418223 78.0139534883721 1664000
1723224438097 62.48571428571428 1668000
1723224844407 41.489999999999995 1672000
1723224857840 34.268421052631574 1676000
1723224870249 31.388888888888882 1680000
1723225074280 35.38947368421052 1684000
1723225091737 59.27916666666666 1688000
1723225104979 41.31578947368421 1692000
1723225148478 50.85238095238095 1696000
1723225161627 45.45263157894737 1700000
1723225174398 44.038888888888884 1704000
1723225187303 43.416666666666664 1708000
1723225259228 38.97894736842105 1712000
1723225271472 26.576470588235296 1716000
1723225283919 24.133333333333333 1720000
1723225296461 24.523529411764706 1724000
1723226306038 44.39545454545455 1728000
1723226318446 26.2 1732000
1723226331228 32.83888888888888 1736000
1723226344120 36.70555555555555 1740000
1723226356763 35.08888888888889 1744000
1723226369056 35.017647058823535 1748000
1723226382119 34.026315789473685 1752000
1723226394386 29.970588235294116 1756000
1723226406877 29.555555555555557 1760000
1723226419374 30.052941176470586 1764000
1723226431796 29.96111111111111 1768000
1723226444214 30.2764705882353 1772000
1723226456617 29.799999999999997 1776000
1723226468920 29.75294117647059 1780000
1723226481687 30.033333333333328 1784000
1723226493743 30.91764705882353 1788000
1723226506072 29.16111111111111 1792000
1723226518688 30.30588235294118 1796000
1723226530828 29.805555555555557 1800000
1723226543144 30.99411764705882 1804000
1723226555690 29.311111111111114 1808000
1723226568068 30.6 1812000
1723226580438 30.100000000000005 1816000
1723226592814 30.629411764705885 1820000
1723226604817 32.44117647058823 1824000
1723226617056 29.617647058823533 1828000
1723226629674 31.238888888888887 1832000
1723226642276 31.40555555555555 1836000
1723226654412 29.794117647058822 1840000
1723226666739 30.488235294117644 1844000
1723226678959 29.349999999999998 1848000
1723226691375 30.87058823529412 1852000
1723226703714 29.799999999999997 1856000
1723226715803 30.082352941176474 1860000
1723226728468 31.758823529411764 1864000
1723226740794 29.82222222222222 1868000
1723226753246 30.08235294117647 1872000
1723226765504 29.43333333333333 1876000
1723226777532 29.823529411764707 1880000
1723226789645 29.10588235294118 1884000
1723226801854 28.80625 1888000
1723226814066 29.744444444444444 1892000
1723226826213 29.93529411764706 1896000
1723226838941 31.852941176470587 1900000
1723226851106 29.929411764705883 1904000
1723226863399 29.811764705882354 1908000
1723226875629 30.738888888888887 1912000
1723226887618 30.641176470588235 1916000
1723226899785 32.23529411764706 1920000
1723226911446 32.1875 1924000
1723226923231 31.482352941176472 1928000
1723226935312 31.023529411764706 1932000
1723226948558 33.94210526315789 1936000
1723226965101 35.1695652173913 1940000
1723226981406 33.00909090909091 1944000
1723226999849 32.70384615384616 1948000
1723227017797 31.272000000000002 1952000
1723227035385 31.487499999999997 1956000
1723227053298 31.500000000000004 1960000
1723227071376 32.008 1964000
1723227089402 33.872 1968000
1723227106770 32.391666666666666 1972000
1723227123648 32.44583333333333 1976000
1723227139163 33.1952380952381 1980000
1723227155078 33.627272727272725 1984000
1723227170254 33.42857142857143 1988000
1723227185228 33.938095238095244 1992000
1723227203121 41.727999999999994 1996000
1723227218937 36.173913043478265 2000000
