1723235371651 0.002982616424560547 4000
1723235378926 0.0027313828468322754 8000
1723235386254 0.0026208162307739258 12000
1723235393499 0.002535879611968994 16000
1723235401584 0.002514481544494629 20000
1723235409715 0.0024232864379882812 24000
1723235417443 0.0024445056915283203 28000
1723235425112 0.0025725364685058594 32000
1723235432808 0.0026001930236816406 36000
1723235440408 0.002629399299621582 40000
1723235447965 0.002625703811645508 44000
1723235455375 0.0025326013565063477 48000
1723235463676 0.0024722814559936523 52000
1723235472479 0.0025360584259033203 56000
1723235480506 0.002570629119873047 60000
1723235488363 0.002934694290161133 64000
1723235496392 0.0029528141021728516 68000
1723235504179 0.002995014190673828 72000
1723235511850 0.0029120445251464844 76000
1723235519495 0.0028150081634521484 80000
1723235527144 0.002389073371887207 84000
1723235535245 0.0023474693298339844 88000
1723235543157 0.0024394989013671875 92000
1723235550873 0.0028204917907714844 96000
1723235558561 0.003232717514038086 100000
1723235566506 0.0032678842544555664 104000
1723235574135 0.003338456153869629 108000
1723235581760 0.0029567480087280273 112000
1723235589251 0.0028711557388305664 116000
1723235597025 0.0025364160537719727 120000
1723235604809 0.0025523900985717773 124000
1723235612441 0.0024901628494262695 128000
1723235620020 0.002497434616088867 132000
1723235627489 0.0025113821029663086 136000
1723235635042 0.0024358034133911133 140000
1723235642599 0.0025320053100585938 144000
1723235649993 0.0025725364685058594 148000
1723235658155 0.0025200843811035156 152000
1723235665655 0.002548813819885254 156000
1723235673111 0.002546072006225586 160000
1723235680589 0.0023936033248901367 164000
1723235688326 0.002397298812866211 168000
1723235696266 0.0024988651275634766 172000
1723235704173 0.00254058837890625 176000
1723235712326 0.0025773048400878906 180000
1723235720692 0.0027208328247070312 184000
1723235728515 0.002712726593017578 188000
1723235736321 0.0026873350143432617 192000
1723235745102 0.0030243396759033203 196000
1723235753671 0.0030412673950195312 200000
1723235761914 0.0029363632202148438 204000
1723235770807 0.0032433271408081055 208000
1723235779616 0.0032558441162109375 212000
1723235787723 0.0029752254486083984 216000
1723235795543 0.0033004283905029297 220000
1723235803404 0.003309011459350586 224000
1723235811875 0.0029844045639038086 228000
1723235819871 0.0029354095458984375 232000
1723235828096 0.0029168128967285156 236000
1723235837187 0.0026198625564575195 240000
1723235846437 0.0027354955673217773 244000
1723235854667 0.0027353763580322266 248000
1723235862684 0.002903461456298828 252000
1723235871604 0.002977728843688965 256000
1723235879805 0.0030640363693237305 260000
1723235887673 0.0029183626174926758 264000
1723235895446 0.0028487443923950195 268000
1723235903242 0.0025788545608520508 272000
1723235910872 0.0024857521057128906 276000
1723235918388 0.0025177001953125 280000
1723235925820 0.002499818801879883 284000
1723235933344 0.0025254487991333008 288000
1723235940799 0.0024863481521606445 292000
1723235948491 0.002499103546142578 296000
1723235956699 0.002393960952758789 300000
1723235964330 0.002398371696472168 304000
1723235971889 0.002431631088256836 308000
1723235979264 0.0024962425231933594 312000
1723235986647 0.002453327178955078 316000
1723235994147 0.0024051666259765625 320000
1723236001694 0.0025445222854614258 324000
1723236009526 0.00258028507232666 328000
1723236017777 0.0025633573532104492 332000
1723236025219 0.0026258230209350586 336000
1723236032676 0.0026502609252929688 340000
1723236039845 0.0024536848068237305 344000
1723236047283 0.0023986101150512695 348000
1723236054632 0.002445816993713379 352000
1723236062031 0.002411961555480957 356000
1723236069574 0.0024639368057250977 360000
1723236077505 0.002527952194213867 364000
1723236085036 0.002785801887512207 368000
1723236092468 0.002726316452026367 372000
1723236099649 0.0027707815170288086 376000
1723236107171 0.003304123878479004 380000
1723236114614 0.0032885074615478516 384000
1723236122009 0.003022909164428711 388000
1723236129393 0.0030748844146728516 392000
1723236137541 0.003255605697631836 396000
1723236145312 0.0026799440383911133 400000
1723236153311 0.0027403831481933594 404000
1723236160694 0.0027028322219848633 408000
1723236168465 0.0026913881301879883 412000
1723236175889 0.0025478601455688477 416000
1723236183218 0.0025249719619750977 420000
1723236190715 0.0024476051330566406 424000
1723236199055 0.0024813413619995117 428000
1723236207012 0.0024595260620117188 432000
1723236214518 0.003642439842224121 436000
1723236221924 0.0036164522171020508 440000
1723236229334 0.0036927461624145508 444000
1723236237233 0.0036885738372802734 448000
1723236244781 0.0039490461349487305 452000
1723236252158 0.0026895999908447266 456000
1723236259976 0.0028209686279296875 460000
1723236267705 0.0026242733001708984 464000
1723236275125 0.0026253461837768555 468000
1723236282686 0.0025597810745239258 472000
1723236290641 0.0025033950805664062 476000
1723236298113 0.0024650096893310547 480000
1723236305550 0.0024635791778564453 484000
1723236313026 0.0024470090866088867 488000
1723236320558 0.0025169849395751953 492000
1723236328061 0.0026721954345703125 496000
1723236335531 0.0027091503143310547 500000
1723236342862 0.002688169479370117 504000
1723236350205 0.002739429473876953 508000
1723236357626 0.0027076005935668945 512000
1723236365113 0.002599477767944336 516000
1723236372298 0.0026003122329711914 520000
1723236380402 0.002776622772216797 524000
1723236387830 0.00276339054107666 528000
1723236395166 0.0026674270629882812 532000
1723236402658 0.0027625560760498047 536000
1723236409890 0.002833843231201172 540000
1723236417387 0.002695441246032715 544000
1723236424772 0.002690553665161133 548000
1723236432166 0.0025998353958129883 552000
1723236440459 0.0037065744400024414 556000
1723236448130 0.003650665283203125 560000
1723236455531 0.003702878952026367 564000
1723236462901 0.00372469425201416 568000
1723236470405 0.003728032112121582 572000
1723236477761 0.0026111602783203125 576000
1723236485190 0.0024946928024291992 580000
1723236492698 0.0024667978286743164 584000
1723236501157 0.00247955322265625 588000
1723236509213 0.002553105354309082 592000
1723236516792 0.002559661865234375 596000
1723236524802 0.0025229454040527344 600000
1723236532707 0.002486109733581543 604000
1723236540368 0.0024836063385009766 608000
1723236548002 0.002389192581176758 612000
1723236555549 0.0024199485778808594 616000
1723236563376 0.00251615047454834 620000
1723236571085 0.002500772476196289 624000
1723236579074 0.0024869441986083984 628000
1723236587242 0.002531886100769043 632000
1723236595887 0.0025696754455566406 636000
1723236606219 0.0026742219924926758 640000
1723236614516 0.0027295351028442383 644000
1723236622845 0.0027441978454589844 648000
1723236631054 0.0027015209197998047 652000
1723236639441 0.0028656721115112305 656000
1723236647313 0.0027544498443603516 660000
1723236654957 0.0026880502700805664 664000
1723236662550 0.002681255340576172 668000
1723236670116 0.002547144889831543 672000
1723236677674 0.002489447593688965 676000
1723236685339 0.0024454593658447266 680000
1723236693004 0.002491593360900879 684000
1723236700927 0.002524733543395996 688000
1723236708867 0.0024619102478027344 692000
1723236716404 0.002521038055419922 696000
1723236724217 0.0025396347045898438 700000
1723236731976 0.0025583505630493164 704000
1723236740017 0.002591252326965332 708000
1723236748386 0.002604961395263672 712000
1723236756295 0.0026407241821289062 716000
1723236764563 0.0026786327362060547 720000
1723236773325 0.0027208328247070312 724000
1723236781627 0.0028499364852905273 728000
1723236789996 0.0027905702590942383 732000
1723236798061 0.002766251564025879 736000
1723236806074 0.0026813745498657227 740000
1723236813746 0.0025604963302612305 744000
1723236821784 0.002545952796936035 748000
1723236829358 0.0025414228439331055 752000
1723236836753 0.0027250051498413086 756000
1723236844322 0.002741575241088867 760000
1723236851852 0.002732396125793457 764000
1723236860140 0.002814769744873047 768000
1723236867643 0.0027998685836791992 772000
1723236875108 0.0025595426559448242 776000
1723236882501 0.002577066421508789 780000
1723236890091 0.0025458335876464844 784000
1723236897573 0.002475142478942871 788000
1723236905135 0.0025053024291992188 792000
1723236912735 0.002488255500793457 796000
1723236920340 0.0024917125701904297 800000
