1723230210595 4000.0 4000
1723230217722 4000.0 8000
1723230225066 4000.0 12000
1723230232368 4000.0 16000
1723230239408 4000.0 20000
1723230246255 4000.0 24000
1723230253273 4000.0 28000
1723230260621 4000.0 32000
1723230267836 4000.0 36000
1723230275045 4000.0 40000
1723230282122 4000.0 44000
1723230289767 4000.0 48000
1723230296881 4000.0 52000
1723230304522 4000.0 56000
1723230313738 4000.0 60000
1723230322243 4000.0 64000
1723230330376 4000.0 68000
1723230338454 4000.0 72000
1723230346934 4000.0 76000
1723230354990 4000.0 80000
