1723230210598 4000.0 4000
1723230217724 4000.0 8000
1723230225069 4000.0 12000
1723230232370 4000.0 16000
1723230239410 4000.0 20000
1723230246257 4000.0 24000
1723230253276 4000.0 28000
1723230260624 4000.0 32000
1723230267838 4000.0 36000
1723230275048 4000.0 40000
1723230282125 4000.0 44000
1723230289769 4000.0 48000
1723230296883 4000.0 52000
1723230304525 4000.0 56000
1723230313741 4000.0 60000
1723230322245 4000.0 64000
1723230330378 4000.0 68000
1723230338456 4000.0 72000
1723230346937 4000.0 76000
1723230354993 4000.0 80000
