1723230210594 4000.0 4000
1723230217721 8000.0 8000
1723230225066 12000.0 12000
1723230232367 16000.0 16000
1723230239407 20000.0 20000
1723230246254 24000.0 24000
1723230253272 28000.0 28000
1723230260621 32000.0 32000
1723230267835 36000.0 36000
1723230275044 40000.0 40000
1723230282121 44000.0 44000
1723230289766 48000.0 48000
1723230296880 52000.0 52000
1723230304521 56000.0 56000
1723230313737 60000.0 60000
1723230322242 64000.0 64000
1723230330375 68000.0 68000
1723230338453 72000.0 72000
1723230346934 76000.0 76000
1723230354990 80000.0 80000
