1723230210597 4000.0 4000
1723230217723 8000.0 8000
1723230225068 12000.0 12000
1723230232369 16000.0 16000
1723230239409 20000.0 20000
1723230246256 24000.0 24000
1723230253275 28000.0 28000
1723230260623 32000.0 32000
1723230267837 36000.0 36000
1723230275047 40000.0 40000
1723230282124 44000.0 44000
1723230289769 48000.0 48000
1723230296882 52000.0 52000
1723230304524 56000.0 56000
1723230313740 60000.0 60000
1723230322245 64000.0 64000
1723230330378 68000.0 68000
1723230338455 72000.0 72000
1723230346936 76000.0 76000
1723230354992 80000.0 80000
