1723230210596 528.4940196554277 4000
1723230217723 573.2422426224329 8000
1723230225067 553.5534543062635 12000
1723230232368 556.8492925396664 16000
1723230239408 577.7428243143779 20000
1723230246255 594.3049619096408 24000
1723230253274 579.71406301107 28000
1723230260622 555.9783120547418 32000
1723230267837 564.0028227680339 36000
1723230275046 564.2607043942586 40000
1723230282123 575.1972726050955 44000
1723230289768 533.8793595834057 48000
1723230296882 576.4803511794604 52000
1723230304523 533.9816526177225 56000
1723230313739 442.3945479931389 60000
1723230322244 477.67286085489275 64000
1723230330377 500.1873927031061 68000
1723230338455 503.3943953845176 72000
1723230346935 479.83688558781836 76000
1723230354991 504.76823382193055 80000
