1723230210601 34219.0 4000
1723230217727 34219.0 8000
1723230225071 34219.0 12000
1723230232373 34219.0 16000
1723230239413 34219.0 20000
1723230246260 34219.0 24000
1723230253279 34219.0 28000
1723230260627 34219.0 32000
1723230267841 34219.0 36000
1723230275050 34219.0 40000
1723230282128 34219.0 44000
1723230289775 34219.0 48000
1723230296886 34219.0 52000
1723230304534 34219.0 56000
1723230313745 34219.0 60000
1723230322248 34219.0 64000
1723230330382 34219.0 68000
1723230338459 34219.0 72000
1723230346940 34219.0 76000
1723230354995 34219.0 80000
