1723230210600 7.5735509395599365 4000
1723230217727 14.553356885910034 8000
1723230225071 21.78139567375183 12000
1723230232372 28.96695375442505 16000
1723230239412 35.89225172996521 20000
1723230246259 42.625038623809814 24000
1723230253278 49.5271475315094 28000
1723230260626 56.72378921508789 32000
1723230267840 63.81794738769531 36000
1723230275050 70.9094831943512 40000
1723230282128 77.86549997329712 44000
1723230289774 85.3872389793396 48000
1723230296886 92.32787728309631 52000
1723230304534 99.84754538536072 56000
1723230313744 108.91561126708984 60000
1723230322248 117.2935311794281 64000
1723230330381 125.29718708992004 68000
1723230338459 133.25518798828125 72000
1723230346939 141.60788989067078 76000
1723230354995 149.53679704666138 80000
