1723230210601 7.5735509395599365 4000
1723230217727 14.553356885910034 8000
1723230225072 21.78139567375183 12000
1723230232373 28.96695375442505 16000
1723230239413 35.89225172996521 20000
1723230246260 42.625038623809814 24000
1723230253279 49.5271475315094 28000
1723230260627 56.72378921508789 32000
1723230267841 63.81794738769531 36000
1723230275051 70.9094831943512 40000
1723230282128 77.86549997329712 44000
1723230289775 85.3872389793396 48000
1723230296886 92.32787728309631 52000
1723230304535 99.84754538536072 56000
1723230313746 108.91561126708984 60000
1723230322249 117.2935311794281 64000
1723230330382 125.29718708992004 68000
1723230338460 133.25518798828125 72000
1723230346940 141.60788989067078 76000
1723230354996 149.53679704666138 80000
