1723217327493 0.0 4000
1723217342732 0.0 8000
1723217358075 0.0 12000
1723217373393 0.0 16000
1723217388806 0.0 20000
1723217404217 0.0 24000
1723217419585 0.0 28000
1723217434794 0.0 32000
1723217450157 0.0 36000
1723217465726 0.0 40000
1723217481240 0.0 44000
1723217496594 0.0 48000
1723217511936 0.0 52000
1723217527214 0.0 56000
1723217542515 0.0 60000
1723217557802 0.0 64000
1723217573093 0.0 68000
1723217588713 0.0 72000
1723217604121 0.0 76000
1723217621310 0.0 80000
1723217639432 0.0 84000
1723217657322 0.0 88000
1723217674709 0.0 92000
1723217691859 0.0 96000
1723217709594 0.0 100000
1723217727026 0.0 104000
1723217744480 0.0 108000
1723217762370 0.0 112000
1723217780426 0.0 116000
1723217799495 0.0 120000
1723217817243 0.0 124000
1723217834849 0.0 128000
1723217852429 0.0 132000
1723217869818 0.0 136000
1723217887110 0.0 140000
1723217904114 0.0 144000
1723217920729 0.0 148000
1723217937769 0.0 152000
1723217954819 0.0 156000
1723217972207 0.0 160000
1723217989518 0.0 164000
1723218006854 0.0 168000
1723218024171 0.0 172000
1723218041483 0.0 176000
1723218059780 0.0 180000
1723218077248 0.0 184000
1723218094124 0.0 188000
1723218111911 0.0 192000
1723218129488 0.0 196000
1723218147113 0.0 200000
1723218163932 0.0 204000
1723218181041 0.0 208000
1723218197856 0.0 212000
1723218216410 0.0 216000
1723218233459 0.0 220000
1723218250351 0.0 224000
1723218267437 0.0 228000
1723218284742 0.0 232000
1723218301835 0.0 236000
1723218318788 0.0 240000
1723218335818 0.0 244000
1723218352733 0.0 248000
1723218370043 0.0 252000
1723218386430 0.0 256000
1723218403128 0.0 260000
1723218420228 0.0 264000
1723218437851 0.0 268000
1723218455360 0.0 272000
1723218474232 0.0 276000
1723218491352 0.0 280000
1723218508531 0.0 284000
1723218525539 0.0 288000
1723218541914 0.0 292000
1723218559225 0.0 296000
1723218576439 0.0 300000
1723218594897 0.0 304000
1723218611796 0.0 308000
1723218629050 0.0 312000
1723218645615 0.0 316000
1723218662950 0.0 320000
1723218679932 0.0 324000
1723218696856 0.0 328000
1723218821406 0.0 332000
1723218838778 0.0 336000
1723218855695 0.0 340000
1723218872691 0.0 344000
1723218891798 0.0 348000
1723218908392 0.0 352000
1723218924952 0.0 356000
1723218941317 0.0 360000
1723218958314 0.0 364000
1723218975120 0.0 368000
1723218998628 0.0 372000
1723219018642 0.0 376000
1723219035805 0.0 380000
1723219052643 0.0 384000
1723219071098 0.0 388000
1723219087985 0.0 392000
1723219104627 0.0 396000
1723219121625 0.0 400000
1723219138465 0.0 404000
1723219155835 0.0 408000
1723219173052 0.0 412000
1723219190719 0.0 416000
1723219208194 0.0 420000
1723219225430 0.0 424000
1723219241816 0.0 428000
1723219258119 0.0 432000
1723219274769 0.0 436000
1723219290826 0.0 440000
1723219306973 0.0 444000
1723219322728 0.0 448000
1723219339864 0.0 452000
1723219358081 0.0 456000
1723219375606 0.0 460000
1723219392127 0.0 464000
1723219408661 0.0 468000
1723219425166 0.0 472000
1723219442512 0.0 476000
1723219458885 0.0 480000
1723219475644 0.0 484000
1723219492408 0.0 488000
1723219509026 0.0 492000
1723219525653 0.0 496000
1723219541908 0.0 500000
1723219558311 0.0 504000
1723219574713 0.0 508000
1723219591061 0.0 512000
1723219606468 0.0 516000
1723219622818 0.0 520000
1723219640191 0.0 524000
1723219656977 0.0 528000
1723219673920 0.0 532000
1723219690165 0.0 536000
1723219706368 0.0 540000
1723219722640 0.0 544000
1723219739151 0.0 548000
1723219757163 0.0 552000
1723219774033 0.0 556000
1723219791124 0.0 560000
1723219807868 0.0 564000
1723219825272 0.0 568000
1723219842183 0.0 572000
1723219858658 0.0 576000
1723219876105 0.0 580000
1723219891559 0.0 584000
1723219907195 0.0 588000
1723219922979 0.0 592000
1723219939715 0.0 596000
1723219956178 0.0 600000
1723219972209 0.0 604000
1723219988167 0.0 608000
1723220004881 0.0 612000
1723220021103 0.0 616000
1723220037477 0.0 620000
1723220054710 0.0 624000
1723220071738 0.0 628000
1723220088508 0.0 632000
1723220104827 0.0 636000
1723220121172 0.0 640000
1723220137491 0.0 644000
1723220153476 0.0 648000
1723220169565 0.0 652000
1723220186447 0.0 656000
1723220202832 0.0 660000
1723220219258 0.0 664000
1723220235566 0.0 668000
1723220252294 0.0 672000
1723220268647 0.0 676000
1723220285352 0.0 680000
1723220302142 0.0 684000
1723220318677 0.0 688000
1723220335481 0.0 692000
1723220351606 0.0 696000
1723220368001 0.0 700000
1723220383880 0.0 704000
1723220399995 0.0 708000
1723220415967 0.0 712000
1723220432862 0.0 716000
1723220448560 0.0 720000
1723220464966 0.0 724000
1723220481638 0.0 728000
1723220498743 0.0 732000
1723220515523 0.0 736000
1723220531993 0.0 740000
1723220548677 0.0 744000
1723220565166 0.0 748000
1723220581638 0.0 752000
1723220598480 0.0 756000
1723220614668 0.0 760000
1723220629372 0.0 764000
1723220643143 0.0 768000
1723220657030 0.0 772000
1723220671549 0.0 776000
1723220685998 0.0 780000
1723220700224 0.0 784000
1723220714224 0.0 788000
1723220728648 0.0 792000
1723220742860 0.0 796000
1723220756631 0.0 800000
1723220770417 0.0 804000
1723220784518 0.0 808000
1723220798550 0.0 812000
1723220812425 0.0 816000
1723220826140 0.0 820000
1723220839864 0.0 824000
1723220859472 0.0 828000
1723220874324 0.0 832000
1723220888560 0.0 836000
1723220902267 0.0 840000
1723220916504 0.0 844000
1723220930596 0.0 848000
1723220944119 0.0 852000
1723220958288 0.0 856000
1723220972320 0.0 860000
1723220986683 0.0 864000
1723221000938 0.0 868000
1723221014959 0.0 872000
1723221029196 0.0 876000
1723221043400 0.0 880000
1723221057331 0.0 884000
1723221071190 0.0 888000
1723221085068 0.0 892000
1723221099213 0.0 896000
1723221113309 0.0 900000
1723221127135 0.0 904000
1723221141223 0.0 908000
1723221155947 0.0 912000
1723221169854 0.0 916000
1723221184294 0.0 920000
1723221198379 0.0 924000
1723221212309 0.0 928000
1723221226430 0.0 932000
1723221240256 0.0 936000
1723221253916 0.0 940000
1723221268450 0.0 944000
1723221282601 0.0 948000
1723221297251 0.0 952000
1723221311314 0.0 956000
1723221325960 0.0 960000
1723221340124 0.0 964000
1723221354014 0.0 968000
1723221368442 0.0 972000
1723221382732 0.0 976000
1723221396685 0.0 980000
1723221410766 0.0 984000
1723221424984 0.0 988000
1723221438913 0.0 992000
1723221453572 0.0 996000
1723221467748 0.0 1000000
1723221481964 0.0 1004000
1723221496421 0.0 1008000
1723221510508 0.0 1012000
1723221523983 0.0 1016000
1723221538450 0.0 1020000
1723221552724 0.0 1024000
1723221567090 0.0 1028000
1723221581219 0.0 1032000
1723221594893 0.0 1036000
1723221609102 0.0 1040000
1723221623205 0.0 1044000
1723221637113 0.0 1048000
1723221651199 0.0 1052000
1723221665133 0.0 1056000
1723221678940 0.0 1060000
1723221693493 0.0 1064000
1723221707796 0.0 1068000
1723221722146 0.0 1072000
1723221736115 0.0 1076000
1723221750424 0.0 1080000
1723221763979 0.0 1084000
1723221777808 0.0 1088000
1723221791764 0.0 1092000
1723221805700 0.0 1096000
1723221820240 0.0 1100000
1723221834474 0.0 1104000
1723221848812 0.0 1108000
1723221863369 0.0 1112000
1723221876966 0.0 1116000
1723221890122 0.0 1120000
1723221903683 0.0 1124000
1723221917574 0.0 1128000
1723221930874 0.0 1132000
1723221944530 0.0 1136000
1723221958097 0.0 1140000
1723221971583 0.0 1144000
1723221986423 0.0 1148000
1723221999759 0.0 1152000
1723222013394 0.0 1156000
1723222026834 0.0 1160000
1723222040470 0.0 1164000
1723222054881 0.0 1168000
1723222068743 0.0 1172000
1723222082660 0.0 1176000
1723222096540 0.0 1180000
1723222110765 0.0 1184000
1723222123873 0.0 1188000
1723222136865 0.0 1192000
1723222149384 0.0 1196000
1723222162152 0.0 1200000
1723222175247 0.0 1204000
1723222188747 0.0 1208000
1723222202220 0.0 1212000
1723222215221 0.0 1216000
1723222228940 0.0 1220000
1723222242110 0.0 1224000
1723222255134 0.0 1228000
1723222268297 0.0 1232000
1723222281480 0.0 1236000
1723222295235 0.0 1240000
1723222308751 0.0 1244000
1723222322432 0.0 1248000
1723222335187 0.0 1252000
1723222348611 0.0 1256000
1723222361200 0.0 1260000
1723222374075 0.0 1264000
1723222386781 0.0 1268000
1723222399914 0.0 1272000
1723222413268 0.0 1276000
1723222426932 0.0 1280000
1723222440258 0.0 1284000
1723222453827 0.0 1288000
1723222467594 0.0 1292000
1723222480592 0.0 1296000
1723222493970 0.0 1300000
1723222507052 0.0 1304000
1723222520111 0.0 1308000
1723222533897 0.0 1312000
1723222547095 0.0 1316000
1723222560628 0.0 1320000
1723222574179 0.0 1324000
1723222587802 0.0 1328000
1723222600983 0.0 1332000
1723222614036 0.0 1336000
1723222627144 0.0 1340000
1723222639762 0.0 1344000
1723222653985 0.0 1348000
1723222666956 0.0 1352000
1723222680508 0.0 1356000
1723222694051 0.0 1360000
1723222707104 0.0 1364000
1723222720595 0.0 1368000
1723222733890 0.0 1372000
1723222747141 0.0 1376000
1723222760416 0.0 1380000
1723222773925 0.0 1384000
1723222787392 0.0 1388000
1723222800567 0.0 1392000
1723222813766 0.0 1396000
1723222828033 0.0 1400000
1723222841750 0.0 1404000
1723222855066 0.0 1408000
1723222868551 0.0 1412000
1723222881964 0.0 1416000
1723222895732 0.0 1420000
1723222908798 0.0 1424000
1723222922243 0.0 1428000
1723222935904 0.0 1432000
1723222949631 0.0 1436000
1723222963210 0.0 1440000
1723222976399 0.0 1444000
1723222990331 0.0 1448000
1723223003717 0.0 1452000
1723223016985 0.0 1456000
1723223030067 0.0 1460000
1723223042745 0.0 1464000
1723223056132 0.0 1468000
1723223070044 0.0 1472000
1723223083697 0.0 1476000
1723223097211 0.0 1480000
1723223110327 0.0 1484000
1723223124743 0.0 1488000
1723223138640 0.0 1492000
1723223152208 0.0 1496000
1723223166308 0.0 1500000
1723223179584 0.0 1504000
1723223193379 0.0 1508000
1723223206741 0.0 1512000
1723223219806 0.0 1516000
1723223232962 0.0 1520000
1723223246540 0.0 1524000
1723223259790 0.0 1528000
1723223273319 0.0 1532000
1723223286791 0.0 1536000
1723223300791 0.0 1540000
1723223314047 0.0 1544000
1723223327293 0.0 1548000
1723223340619 0.0 1552000
1723223354114 0.0 1556000
1723223367583 0.0 1560000
1723223380742 0.0 1564000
1723223393667 0.0 1568000
1723223407188 0.0 1572000
1723223420616 0.0 1576000
1723223434262 0.0 1580000
1723223447383 0.0 1584000
1723223460574 0.0 1588000
1723223473901 0.0 1592000
1723223487944 0.0 1596000
1723223501088 0.0 1600000
1723223514318 0.0 1604000
1723223527841 0.0 1608000
1723224061943 0.0 1612000
1723224075794 0.0 1616000
1723224088925 0.0 1620000
1723224102221 0.0 1624000
1723224274491 0.0 1628000
1723224291312 0.0 1632000
1723224305021 0.0 1636000
1723224319926 0.0 1640000
1723224332956 0.0 1644000
1723224345779 0.0 1648000
1723224359004 0.0 1652000
1723224372664 0.0 1656000
1723224386732 0.0 1660000
1723224418159 0.0 1664000
1723224438034 0.0 1668000
1723224844350 0.0 1672000
1723224857785 0.0 1676000
1723224870193 0.0 1680000
1723225074184 0.0 1684000
1723225091676 0.0 1688000
1723225104923 0.0 1692000
1723225148423 0.0 1696000
1723225161571 0.0 1700000
1723225174343 0.0 1704000
1723225187247 0.0 1708000
1723225259172 0.0 1712000
1723225271418 0.0 1716000
1723225283866 0.0 1720000
1723225296408 0.0 1724000
1723226305985 0.0 1728000
1723226318393 0.0 1732000
1723226331173 0.0 1736000
1723226344066 0.0 1740000
1723226356709 0.0 1744000
1723226369001 0.0 1748000
1723226382065 0.0 1752000
1723226394331 0.0 1756000
1723226406826 0.0 1760000
1723226419322 0.0 1764000
1723226431744 0.0 1768000
1723226444162 0.0 1772000
1723226456565 0.0 1776000
1723226468866 0.0 1780000
1723226481633 0.0 1784000
1723226493689 0.0 1788000
1723226506020 0.0 1792000
1723226518636 0.0 1796000
1723226530776 0.0 1800000
1723226543088 0.0 1804000
1723226555637 0.0 1808000
1723226568016 0.0 1812000
1723226580386 0.0 1816000
1723226592761 0.0 1820000
1723226604764 0.0 1824000
1723226617002 0.0 1828000
1723226629621 0.0 1832000
1723226642221 0.0 1836000
1723226654359 0.0 1840000
1723226666683 0.0 1844000
1723226678907 0.0 1848000
1723226691321 0.0 1852000
1723226703659 0.0 1856000
1723226715747 0.0 1860000
1723226728415 0.0 1864000
1723226740742 0.0 1868000
1723226753193 0.0 1872000
1723226765451 0.0 1876000
1723226777480 0.0 1880000
1723226789592 0.0 1884000
1723226801802 0.0 1888000
1723226814014 0.0 1892000
1723226826161 0.0 1896000
1723226838889 0.0 1900000
1723226851055 0.0 1904000
1723226863348 0.0 1908000
1723226875577 0.0 1912000
1723226887566 0.0 1916000
1723226899732 0.0 1920000
1723226911394 0.0 1924000
1723226923178 0.0 1928000
1723226935258 0.0 1932000
1723226948494 0.0 1936000
1723226965038 0.0 1940000
1723226981336 0.0 1944000
1723226999774 0.0 1948000
1723227017724 0.0 1952000
1723227035319 0.0 1956000
1723227053225 0.0 1960000
1723227071299 0.0 1964000
1723227089336 0.0 1968000
1723227106703 0.0 1972000
1723227123582 0.0 1976000
1723227139096 0.0 1980000
1723227155013 0.0 1984000
1723227170198 0.0 1988000
1723227185172 0.0 1992000
1723227203033 0.0 1996000
1723227218867 1.0 2000000
