1723217327486 0.0 4000
1723217342724 0.0 8000
1723217358070 0.0 12000
1723217373387 0.0 16000
1723217388799 0.0 20000
1723217404211 0.0 24000
1723217419580 0.0 28000
1723217434789 0.0 32000
1723217450151 0.0 36000
1723217465719 0.0 40000
1723217481234 0.0 44000
1723217496588 0.0 48000
1723217511930 0.0 52000
1723217527209 0.0 56000
1723217542508 0.0 60000
1723217557796 0.0 64000
1723217573087 0.0 68000
1723217588707 0.0 72000
1723217604115 0.0 76000
1723217621304 0.0 80000
1723217639426 0.0 84000
1723217657316 0.0 88000
1723217674703 0.0 92000
1723217691853 0.0 96000
1723217709589 0.0 100000
1723217727021 0.0 104000
1723217744470 0.0 108000
1723217762364 0.0 112000
1723217780420 0.0 116000
1723217799489 0.0 120000
1723217817237 0.0 124000
1723217834842 0.0 128000
1723217852422 0.0 132000
1723217869812 0.0 136000
1723217887104 0.0 140000
1723217904108 0.0 144000
1723217920723 0.0 148000
1723217937764 0.0 152000
1723217954813 0.0 156000
1723217972200 0.0 160000
1723217989512 0.0 164000
1723218006848 0.0 168000
1723218024165 0.0 172000
1723218041477 0.0 176000
1723218059773 0.0 180000
1723218077242 0.0 184000
1723218094119 0.0 188000
1723218111905 0.0 192000
1723218129482 0.0 196000
1723218147107 0.0 200000
1723218163925 0.0 204000
1723218181035 0.0 208000
1723218197848 0.0 212000
1723218216404 0.0 216000
1723218233453 0.0 220000
1723218250345 0.0 224000
1723218267431 0.0 228000
1723218284736 0.0 232000
1723218301827 0.0 236000
1723218318780 0.0 240000
1723218335810 0.0 244000
1723218352727 0.0 248000
1723218370037 0.0 252000
1723218386425 0.0 256000
1723218403121 0.0 260000
1723218420222 0.0 264000
1723218437845 0.0 268000
1723218455353 0.0 272000
1723218474223 0.0 276000
1723218491346 0.0 280000
1723218508525 0.0 284000
1723218525534 0.0 288000
1723218541908 0.0 292000
1723218559217 0.0 296000
1723218576433 0.0 300000
1723218594891 0.0 304000
1723218611791 0.0 308000
1723218629044 0.0 312000
1723218645607 0.0 316000
1723218662945 0.0 320000
1723218679924 0.0 324000
1723218696850 0.0 328000
1723218821399 0.0 332000
1723218838772 0.0 336000
1723218855689 0.0 340000
1723218872683 0.0 344000
1723218891793 0.0 348000
1723218908385 0.0 352000
1723218924946 0.0 356000
1723218941312 0.0 360000
1723218958308 0.0 364000
1723218975114 0.0 368000
1723218998622 0.0 372000
1723219018636 0.0 376000
1723219035799 0.0 380000
1723219052635 0.0 384000
1723219071092 0.0 388000
1723219087979 0.0 392000
1723219104621 0.0 396000
1723219121619 0.0 400000
1723219138459 0.0 404000
1723219155829 0.0 408000
1723219173046 0.0 412000
1723219190713 0.0 416000
1723219208188 0.0 420000
1723219225424 0.0 424000
1723219241810 0.0 428000
1723219258113 0.0 432000
1723219274763 0.0 436000
1723219290820 0.0 440000
1723219306967 0.0 444000
1723219322722 0.0 448000
1723219339857 0.0 452000
1723219358074 0.0 456000
1723219375600 0.0 460000
1723219392122 0.0 464000
1723219408655 0.0 468000
1723219425159 0.0 472000
1723219442506 0.0 476000
1723219458879 0.0 480000
1723219475638 0.0 484000
1723219492399 0.0 488000
1723219509019 0.0 492000
1723219525647 0.0 496000
1723219541900 0.0 500000
1723219558305 0.0 504000
1723219574707 0.0 508000
1723219591055 0.0 512000
1723219606462 0.0 516000
1723219622813 0.0 520000
1723219640183 0.0 524000
1723219656972 0.0 528000
1723219673914 0.0 532000
1723219690159 0.0 536000
1723219706362 0.0 540000
1723219722634 0.0 544000
1723219739145 0.0 548000
1723219757157 0.0 552000
1723219774024 0.0 556000
1723219791118 0.0 560000
1723219807862 0.0 564000
1723219825267 0.0 568000
1723219842178 0.0 572000
1723219858652 0.0 576000
1723219876099 0.0 580000
1723219891553 0.0 584000
1723219907189 0.0 588000
1723219922973 0.0 592000
1723219939709 0.0 596000
1723219956173 0.0 600000
1723219972203 0.0 604000
1723219988161 0.0 608000
1723220004875 0.0 612000
1723220021097 0.0 616000
1723220037470 0.0 620000
1723220054704 0.0 624000
1723220071732 0.0 628000
1723220088501 0.0 632000
1723220104821 0.0 636000
1723220121166 0.0 640000
1723220137485 0.0 644000
1723220153471 0.0 648000
1723220169559 0.0 652000
1723220186441 0.0 656000
1723220202826 0.0 660000
1723220219252 0.0 664000
1723220235560 0.0 668000
1723220252288 0.0 672000
1723220268642 0.0 676000
1723220285346 0.0 680000
1723220302136 0.0 684000
1723220318671 0.0 688000
1723220335475 0.0 692000
1723220351600 0.0 696000
1723220367996 0.0 700000
1723220383874 0.0 704000
1723220399989 0.0 708000
1723220415961 0.0 712000
1723220432856 0.0 716000
1723220448553 0.0 720000
1723220464960 0.0 724000
1723220481632 0.0 728000
1723220498738 0.0 732000
1723220515517 0.0 736000
1723220531987 0.0 740000
1723220548671 0.0 744000
1723220565161 0.0 748000
1723220581632 0.0 752000
1723220598474 0.0 756000
1723220614662 0.0 760000
1723220629366 0.0 764000
1723220643137 0.0 768000
1723220657024 0.0 772000
1723220671542 0.0 776000
1723220685993 0.0 780000
1723220700219 0.0 784000
1723220714218 0.0 788000
1723220728643 0.0 792000
1723220742854 0.0 796000
1723220756624 0.0 800000
1723220770412 0.0 804000
1723220784512 0.0 808000
1723220798544 0.0 812000
1723220812419 0.0 816000
1723220826134 0.0 820000
1723220839857 0.0 824000
1723220859466 0.0 828000
1723220874318 0.0 832000
1723220888555 0.0 836000
1723220902261 0.0 840000
1723220916498 0.0 844000
1723220930591 0.0 848000
1723220944112 0.0 852000
1723220958283 0.0 856000
1723220972315 0.0 860000
1723220986677 0.0 864000
1723221000932 0.0 868000
1723221014953 0.0 872000
1723221029190 0.0 876000
1723221043394 0.0 880000
1723221057325 0.0 884000
1723221071185 0.0 888000
1723221085062 0.0 892000
1723221099207 0.0 896000
1723221113303 0.0 900000
1723221127130 0.0 904000
1723221141217 0.0 908000
1723221155941 0.0 912000
1723221169848 0.0 916000
1723221184288 0.0 920000
1723221198373 0.0 924000
1723221212303 0.0 928000
1723221226425 0.0 932000
1723221240251 0.0 936000
1723221253911 0.0 940000
1723221268444 0.0 944000
1723221282595 0.0 948000
1723221297244 0.0 952000
1723221311309 0.0 956000
1723221325954 0.0 960000
1723221340118 0.0 964000
1723221354008 0.0 968000
1723221368436 0.0 972000
1723221382727 0.0 976000
1723221396680 0.0 980000
1723221410751 0.0 984000
1723221424979 0.0 988000
1723221438907 0.0 992000
1723221453566 0.0 996000
1723221467742 0.0 1000000
1723221481959 0.0 1004000
1723221496414 0.0 1008000
1723221510502 0.0 1012000
1723221523977 0.0 1016000
1723221538444 0.0 1020000
1723221552719 0.0 1024000
1723221567084 0.0 1028000
1723221581213 0.0 1032000
1723221594887 0.0 1036000
1723221609096 0.0 1040000
1723221623199 0.0 1044000
1723221637107 0.0 1048000
1723221651193 0.0 1052000
1723221665128 0.0 1056000
1723221678935 0.0 1060000
1723221693487 0.0 1064000
1723221707790 0.0 1068000
1723221722140 0.0 1072000
1723221736109 0.0 1076000
1723221750418 0.0 1080000
1723221763973 0.0 1084000
1723221777802 0.0 1088000
1723221791759 0.0 1092000
1723221805694 0.0 1096000
1723221820234 0.0 1100000
1723221834468 0.0 1104000
1723221848806 0.0 1108000
1723221863363 0.0 1112000
1723221876961 0.0 1116000
1723221890117 0.0 1120000
1723221903677 0.0 1124000
1723221917568 0.0 1128000
1723221930868 0.0 1132000
1723221944524 0.0 1136000
1723221958091 0.0 1140000
1723221971577 0.0 1144000
1723221986417 0.0 1148000
1723221999753 0.0 1152000
1723222013389 0.0 1156000
1723222026828 0.0 1160000
1723222040464 0.0 1164000
1723222054875 0.0 1168000
1723222068738 0.0 1172000
1723222082654 0.0 1176000
1723222096535 0.0 1180000
1723222110759 0.0 1184000
1723222123867 0.0 1188000
1723222136858 0.0 1192000
1723222149378 0.0 1196000
1723222162147 0.0 1200000
1723222175240 0.0 1204000
1723222188741 0.0 1208000
1723222202215 0.0 1212000
1723222215215 0.0 1216000
1723222228935 0.0 1220000
1723222242104 0.0 1224000
1723222255128 0.0 1228000
1723222268291 0.0 1232000
1723222281474 0.0 1236000
1723222295230 0.0 1240000
1723222308745 0.0 1244000
1723222322426 0.0 1248000
1723222335181 0.0 1252000
1723222348605 0.0 1256000
1723222361194 0.0 1260000
1723222374069 0.0 1264000
1723222386775 0.0 1268000
1723222399908 0.0 1272000
1723222413262 0.0 1276000
1723222426926 0.0 1280000
1723222440253 0.0 1284000
1723222453821 0.0 1288000
1723222467588 0.0 1292000
1723222480586 0.0 1296000
1723222493964 0.0 1300000
1723222507047 0.0 1304000
1723222520106 0.0 1308000
1723222533891 0.0 1312000
1723222547089 0.0 1316000
1723222560623 0.0 1320000
1723222574173 0.0 1324000
1723222587796 0.0 1328000
1723222600977 0.0 1332000
1723222614030 0.0 1336000
1723222627138 0.0 1340000
1723222639756 0.0 1344000
1723222653979 0.0 1348000
1723222666950 0.0 1352000
1723222680502 0.0 1356000
1723222694045 0.0 1360000
1723222707098 0.0 1364000
1723222720589 0.0 1368000
1723222733883 0.0 1372000
1723222747135 0.0 1376000
1723222760410 0.0 1380000
1723222773919 0.0 1384000
1723222787387 0.0 1388000
1723222800561 0.0 1392000
1723222813760 0.0 1396000
1723222828028 0.0 1400000
1723222841744 0.0 1404000
1723222855060 0.0 1408000
1723222868545 0.0 1412000
1723222881958 0.0 1416000
1723222895726 0.0 1420000
1723222908792 0.0 1424000
1723222922237 0.0 1428000
1723222935898 0.0 1432000
1723222949625 0.0 1436000
1723222963204 0.0 1440000
1723222976393 0.0 1444000
1723222990326 0.0 1448000
1723223003712 0.0 1452000
1723223016979 0.0 1456000
1723223030061 0.0 1460000
1723223042740 0.0 1464000
1723223056126 0.0 1468000
1723223070038 0.0 1472000
1723223083691 0.0 1476000
1723223097205 0.0 1480000
1723223110321 0.0 1484000
1723223124737 0.0 1488000
1723223138634 0.0 1492000
1723223152202 0.0 1496000
1723223166301 0.0 1500000
1723223179578 0.0 1504000
1723223193373 0.0 1508000
1723223206735 0.0 1512000
1723223219801 0.0 1516000
1723223232957 0.0 1520000
1723223246534 0.0 1524000
1723223259785 0.0 1528000
1723223273313 0.0 1532000
1723223286785 0.0 1536000
1723223300786 0.0 1540000
1723223314041 0.0 1544000
1723223327287 0.0 1548000
1723223340613 0.0 1552000
1723223354109 0.0 1556000
1723223367577 0.0 1560000
1723223380737 0.0 1564000
1723223393662 0.0 1568000
1723223407182 0.0 1572000
1723223420610 0.0 1576000
1723223434256 0.0 1580000
1723223447376 0.0 1584000
1723223460569 0.0 1588000
1723223473894 0.0 1592000
1723223487938 0.0 1596000
1723223501082 0.0 1600000
1723223514311 0.0 1604000
1723223527835 0.0 1608000
1723224061937 0.0 1612000
1723224075785 0.0 1616000
1723224088918 0.0 1620000
1723224102214 0.0 1624000
1723224274485 0.0 1628000
1723224291306 0.0 1632000
1723224305015 0.0 1636000
1723224319920 0.0 1640000
1723224332950 0.0 1644000
1723224345773 0.0 1648000
1723224358999 0.0 1652000
1723224372658 0.0 1656000
1723224386725 0.0 1660000
1723224418153 0.0 1664000
1723224438028 0.0 1668000
1723224844342 0.0 1672000
1723224857779 0.0 1676000
1723224870187 0.0 1680000
1723225074177 0.0 1684000
1723225091670 0.0 1688000
1723225104917 0.0 1692000
1723225148417 0.0 1696000
1723225161564 0.0 1700000
1723225174337 0.0 1704000
1723225187241 0.0 1708000
1723225259166 0.0 1712000
1723225271412 0.0 1716000
1723225283860 0.0 1720000
1723225296403 0.0 1724000
1723226305979 0.0 1728000
1723226318387 0.0 1732000
1723226331167 0.0 1736000
1723226344060 0.0 1740000
1723226356704 0.0 1744000
1723226368995 0.0 1748000
1723226382060 0.0 1752000
1723226394325 0.0 1756000
1723226406820 0.0 1760000
1723226419316 0.0 1764000
1723226431738 0.0 1768000
1723226444156 0.0 1772000
1723226456554 0.0 1776000
1723226468860 0.0 1780000
1723226481627 0.0 1784000
1723226493683 0.0 1788000
1723226506014 0.0 1792000
1723226518630 0.0 1796000
1723226530770 0.0 1800000
1723226543082 0.0 1804000
1723226555631 0.0 1808000
1723226568011 0.0 1812000
1723226580380 0.0 1816000
1723226592755 0.0 1820000
1723226604758 0.0 1824000
1723226616996 0.0 1828000
1723226629616 0.0 1832000
1723226642215 0.0 1836000
1723226654353 0.0 1840000
1723226666677 0.0 1844000
1723226678901 0.0 1848000
1723226691316 0.0 1852000
1723226703653 0.0 1856000
1723226715741 0.0 1860000
1723226728409 0.0 1864000
1723226740736 0.0 1868000
1723226753187 0.0 1872000
1723226765446 0.0 1876000
1723226777474 0.0 1880000
1723226789586 0.0 1884000
1723226801796 0.0 1888000
1723226814008 0.0 1892000
1723226826156 0.0 1896000
1723226838884 0.0 1900000
1723226851049 0.0 1904000
1723226863342 0.0 1908000
1723226875571 0.0 1912000
1723226887561 0.0 1916000
1723226899726 0.0 1920000
1723226911388 0.0 1924000
1723226923172 0.0 1928000
1723226935252 0.0 1932000
1723226948488 0.0 1936000
1723226965031 0.0 1940000
1723226981329 0.0 1944000
1723226999766 0.0 1948000
1723227017716 0.0 1952000
1723227035312 0.0 1956000
1723227053218 0.0 1960000
1723227071290 0.0 1964000
1723227089328 0.0 1968000
1723227106696 0.0 1972000
1723227123575 0.0 1976000
1723227139089 0.0 1980000
1723227155006 0.0 1984000
1723227170192 0.0 1988000
1723227185165 0.0 1992000
1723227203024 0.0 1996000
1723227218860 0.0 2000000
