1723217327488 4000.0 4000
1723217342727 8000.0 8000
1723217358072 12000.0 12000
1723217373389 16000.0 16000
1723217388802 20000.0 20000
1723217404213 24000.0 24000
1723217419582 28000.0 28000
1723217434791 32000.0 32000
1723217450152 36000.0 36000
1723217465722 40000.0 40000
1723217481236 44000.0 44000
1723217496590 48000.0 48000
1723217511932 52000.0 52000
1723217527211 56000.0 56000
1723217542511 60000.0 60000
1723217557798 64000.0 64000
1723217573089 68000.0 68000
1723217588709 72000.0 72000
1723217604117 76000.0 76000
1723217621306 80000.0 80000
1723217639428 84000.0 84000
1723217657318 88000.0 88000
1723217674705 92000.0 92000
1723217691855 96000.0 96000
1723217709591 100000.0 100000
1723217727023 104000.0 104000
1723217744474 108000.0 108000
1723217762366 112000.0 112000
1723217780422 116000.0 116000
1723217799491 120000.0 120000
1723217817239 124000.0 124000
1723217834844 128000.0 128000
1723217852425 132000.0 132000
1723217869814 136000.0 136000
1723217887106 140000.0 140000
1723217904110 144000.0 144000
1723217920725 148000.0 148000
1723217937766 152000.0 152000
1723217954815 156000.0 156000
1723217972202 160000.0 160000
1723217989514 164000.0 164000
1723218006850 168000.0 168000
1723218024167 172000.0 172000
1723218041479 176000.0 176000
1723218059775 180000.0 180000
1723218077244 184000.0 184000
1723218094121 188000.0 188000
1723218111906 192000.0 192000
1723218129484 196000.0 196000
1723218147109 200000.0 200000
1723218163928 204000.0 204000
1723218181037 208000.0 208000
1723218197851 212000.0 212000
1723218216406 216000.0 216000
1723218233455 220000.0 220000
1723218250347 224000.0 224000
1723218267433 228000.0 228000
1723218284738 232000.0 232000
1723218301830 236000.0 236000
1723218318782 240000.0 240000
1723218335812 244000.0 244000
1723218352730 248000.0 248000
1723218370039 252000.0 252000
1723218386427 256000.0 256000
1723218403124 260000.0 260000
1723218420224 264000.0 264000
1723218437847 268000.0 268000
1723218455356 272000.0 272000
1723218474226 276000.0 276000
1723218491348 280000.0 280000
1723218508527 284000.0 284000
1723218525536 288000.0 288000
1723218541910 292000.0 292000
1723218559220 296000.0 296000
1723218576435 300000.0 300000
1723218594893 304000.0 304000
1723218611793 308000.0 308000
1723218629046 312000.0 312000
1723218645609 316000.0 316000
1723218662946 320000.0 320000
1723218679927 324000.0 324000
1723218696852 328000.0 328000
1723218821401 332000.0 332000
1723218838774 336000.0 336000
1723218855691 340000.0 340000
1723218872686 344000.0 344000
1723218891795 348000.0 348000
1723218908387 352000.0 352000
1723218924948 356000.0 356000
1723218941313 360000.0 360000
1723218958310 364000.0 364000
1723218975116 368000.0 368000
1723218998624 372000.0 372000
1723219018638 376000.0 376000
1723219035801 380000.0 380000
1723219052638 384000.0 384000
1723219071094 388000.0 388000
1723219087981 392000.0 392000
1723219104623 396000.0 396000
1723219121621 400000.0 400000
1723219138461 404000.0 404000
1723219155831 408000.0 408000
1723219173048 412000.0 412000
1723219190715 416000.0 416000
1723219208190 420000.0 420000
1723219225427 424000.0 424000
1723219241812 428000.0 428000
1723219258115 432000.0 432000
1723219274765 436000.0 436000
1723219290822 440000.0 440000
1723219306969 444000.0 444000
1723219322724 448000.0 448000
1723219339859 452000.0 452000
1723219358076 456000.0 456000
1723219375602 460000.0 460000
1723219392124 464000.0 464000
1723219408657 468000.0 468000
1723219425162 472000.0 472000
1723219442508 476000.0 476000
1723219458881 480000.0 480000
1723219475640 484000.0 484000
1723219492402 488000.0 488000
1723219509021 492000.0 492000
1723219525649 496000.0 496000
1723219541902 500000.0 500000
1723219558307 504000.0 504000
1723219574709 508000.0 508000
1723219591057 512000.0 512000
1723219606464 516000.0 516000
1723219622815 520000.0 520000
1723219640187 524000.0 524000
1723219656974 528000.0 528000
1723219673917 532000.0 532000
1723219690161 536000.0 536000
1723219706364 540000.0 540000
1723219722636 544000.0 544000
1723219739147 548000.0 548000
1723219757160 552000.0 552000
1723219774026 556000.0 556000
1723219791120 560000.0 560000
1723219807864 564000.0 564000
1723219825269 568000.0 568000
1723219842180 572000.0 572000
1723219858654 576000.0 576000
1723219876101 580000.0 580000
1723219891555 584000.0 584000
1723219907191 588000.0 588000
1723219922975 592000.0 592000
1723219939711 596000.0 596000
1723219956175 600000.0 600000
1723219972205 604000.0 604000
1723219988163 608000.0 608000
1723220004877 612000.0 612000
1723220021099 616000.0 616000
1723220037472 620000.0 620000
1723220054706 624000.0 624000
1723220071734 628000.0 628000
1723220088503 632000.0 632000
1723220104823 636000.0 636000
1723220121169 640000.0 640000
1723220137487 644000.0 644000
1723220153473 648000.0 648000
1723220169561 652000.0 652000
1723220186443 656000.0 656000
1723220202828 660000.0 660000
1723220219254 664000.0 664000
1723220235562 668000.0 668000
1723220252290 672000.0 672000
1723220268644 676000.0 676000
1723220285348 680000.0 680000
1723220302138 684000.0 684000
1723220318673 688000.0 688000
1723220335477 692000.0 692000
1723220351602 696000.0 696000
1723220367998 700000.0 700000
1723220383876 704000.0 704000
1723220399991 708000.0 708000
1723220415963 712000.0 712000
1723220432859 716000.0 716000
1723220448556 720000.0 720000
1723220464962 724000.0 724000
1723220481633 728000.0 728000
1723220498739 732000.0 732000
1723220515519 736000.0 736000
1723220531989 740000.0 740000
1723220548673 744000.0 744000
1723220565163 748000.0 748000
1723220581634 752000.0 752000
1723220598476 756000.0 756000
1723220614664 760000.0 760000
1723220629368 764000.0 764000
1723220643139 768000.0 768000
1723220657026 772000.0 772000
1723220671545 776000.0 776000
1723220685995 780000.0 780000
1723220700221 784000.0 784000
1723220714220 788000.0 788000
1723220728644 792000.0 792000
1723220742856 796000.0 796000
1723220756627 800000.0 800000
1723220770414 804000.0 804000
1723220784514 808000.0 808000
1723220798546 812000.0 812000
1723220812421 816000.0 816000
1723220826136 820000.0 820000
1723220839859 824000.0 824000
1723220859469 828000.0 828000
1723220874320 832000.0 832000
1723220888557 836000.0 836000
1723220902263 840000.0 840000
1723220916500 844000.0 844000
1723220930592 848000.0 848000
1723220944114 852000.0 852000
1723220958285 856000.0 856000
1723220972317 860000.0 860000
1723220986679 864000.0 864000
1723221000934 868000.0 868000
1723221014955 872000.0 872000
1723221029192 876000.0 876000
1723221043396 880000.0 880000
1723221057327 884000.0 884000
1723221071187 888000.0 888000
1723221085064 892000.0 892000
1723221099209 896000.0 896000
1723221113305 900000.0 900000
1723221127132 904000.0 904000
1723221141219 908000.0 908000
1723221155943 912000.0 912000
1723221169850 916000.0 916000
1723221184290 920000.0 920000
1723221198375 924000.0 924000
1723221212305 928000.0 928000
1723221226426 932000.0 932000
1723221240252 936000.0 936000
1723221253913 940000.0 940000
1723221268446 944000.0 944000
1723221282597 948000.0 948000
1723221297247 952000.0 952000
1723221311311 956000.0 956000
1723221325956 960000.0 960000
1723221340120 964000.0 964000
1723221354010 968000.0 968000
1723221368438 972000.0 972000
1723221382728 976000.0 976000
1723221396681 980000.0 980000
1723221410753 984000.0 984000
1723221424981 988000.0 988000
1723221438909 992000.0 992000
1723221453568 996000.0 996000
1723221467744 1000000.0 1000000
1723221481961 1004000.0 1004000
1723221496416 1008000.0 1008000
1723221510504 1012000.0 1012000
1723221523979 1016000.0 1016000
1723221538446 1020000.0 1020000
1723221552721 1024000.0 1024000
1723221567086 1028000.0 1028000
1723221581215 1032000.0 1032000
1723221594889 1036000.0 1036000
1723221609098 1040000.0 1040000
1723221623201 1044000.0 1044000
1723221637109 1048000.0 1048000
1723221651196 1052000.0 1052000
1723221665130 1056000.0 1056000
1723221678937 1060000.0 1060000
1723221693489 1064000.0 1064000
1723221707792 1068000.0 1068000
1723221722142 1072000.0 1072000
1723221736111 1076000.0 1076000
1723221750420 1080000.0 1080000
1723221763975 1084000.0 1084000
1723221777804 1088000.0 1088000
1723221791761 1092000.0 1092000
1723221805696 1096000.0 1096000
1723221820236 1100000.0 1100000
1723221834471 1104000.0 1104000
1723221848808 1108000.0 1108000
1723221863365 1112000.0 1112000
1723221876963 1116000.0 1116000
1723221890119 1120000.0 1120000
1723221903679 1124000.0 1124000
1723221917570 1128000.0 1128000
1723221930870 1132000.0 1132000
1723221944526 1136000.0 1136000
1723221958093 1140000.0 1140000
1723221971579 1144000.0 1144000
1723221986419 1148000.0 1148000
1723221999755 1152000.0 1152000
1723222013390 1156000.0 1156000
1723222026830 1160000.0 1160000
1723222040466 1164000.0 1164000
1723222054877 1168000.0 1168000
1723222068740 1172000.0 1172000
1723222082656 1176000.0 1176000
1723222096537 1180000.0 1180000
1723222110762 1184000.0 1184000
1723222123869 1188000.0 1188000
1723222136860 1192000.0 1192000
1723222149380 1196000.0 1196000
1723222162149 1200000.0 1200000
1723222175242 1204000.0 1204000
1723222188743 1208000.0 1208000
1723222202217 1212000.0 1212000
1723222215217 1216000.0 1216000
1723222228937 1220000.0 1220000
1723222242106 1224000.0 1224000
1723222255130 1228000.0 1228000
1723222268293 1232000.0 1232000
1723222281476 1236000.0 1236000
1723222295232 1240000.0 1240000
1723222308747 1244000.0 1244000
1723222322428 1248000.0 1248000
1723222335183 1252000.0 1252000
1723222348608 1256000.0 1256000
1723222361196 1260000.0 1260000
1723222374071 1264000.0 1264000
1723222386778 1268000.0 1268000
1723222399910 1272000.0 1272000
1723222413264 1276000.0 1276000
1723222426928 1280000.0 1280000
1723222440255 1284000.0 1284000
1723222453823 1288000.0 1288000
1723222467590 1292000.0 1292000
1723222480588 1296000.0 1296000
1723222493966 1300000.0 1300000
1723222507049 1304000.0 1304000
1723222520108 1308000.0 1308000
1723222533893 1312000.0 1312000
1723222547091 1316000.0 1316000
1723222560625 1320000.0 1320000
1723222574175 1324000.0 1324000
1723222587798 1328000.0 1328000
1723222600979 1332000.0 1332000
1723222614032 1336000.0 1336000
1723222627140 1340000.0 1340000
1723222639758 1344000.0 1344000
1723222653981 1348000.0 1348000
1723222666952 1352000.0 1352000
1723222680504 1356000.0 1356000
1723222694047 1360000.0 1360000
1723222707100 1364000.0 1364000
1723222720591 1368000.0 1368000
1723222733885 1372000.0 1372000
1723222747137 1376000.0 1376000
1723222760412 1380000.0 1380000
1723222773921 1384000.0 1384000
1723222787389 1388000.0 1388000
1723222800563 1392000.0 1392000
1723222813762 1396000.0 1396000
1723222828029 1400000.0 1400000
1723222841746 1404000.0 1404000
1723222855062 1408000.0 1408000
1723222868547 1412000.0 1412000
1723222881960 1416000.0 1416000
1723222895728 1420000.0 1420000
1723222908794 1424000.0 1424000
1723222922239 1428000.0 1428000
1723222935900 1432000.0 1432000
1723222949627 1436000.0 1436000
1723222963206 1440000.0 1440000
1723222976395 1444000.0 1444000
1723222990327 1448000.0 1448000
1723223003714 1452000.0 1452000
1723223016981 1456000.0 1456000
1723223030063 1460000.0 1460000
1723223042742 1464000.0 1464000
1723223056128 1468000.0 1468000
1723223070040 1472000.0 1472000
1723223083693 1476000.0 1476000
1723223097207 1480000.0 1480000
1723223110323 1484000.0 1484000
1723223124739 1488000.0 1488000
1723223138636 1492000.0 1492000
1723223152204 1496000.0 1496000
1723223166303 1500000.0 1500000
1723223179580 1504000.0 1504000
1723223193375 1508000.0 1508000
1723223206737 1512000.0 1512000
1723223219803 1516000.0 1516000
1723223232959 1520000.0 1520000
1723223246536 1524000.0 1524000
1723223259787 1528000.0 1528000
1723223273315 1532000.0 1532000
1723223286787 1536000.0 1536000
1723223300788 1540000.0 1540000
1723223314043 1544000.0 1544000
1723223327289 1548000.0 1548000
1723223340615 1552000.0 1552000
1723223354111 1556000.0 1556000
1723223367579 1560000.0 1560000
1723223380738 1564000.0 1564000
1723223393664 1568000.0 1568000
1723223407184 1572000.0 1572000
1723223420612 1576000.0 1576000
1723223434258 1580000.0 1580000
1723223447379 1584000.0 1584000
1723223460571 1588000.0 1588000
1723223473896 1592000.0 1592000
1723223487940 1596000.0 1596000
1723223501084 1600000.0 1600000
1723223514313 1604000.0 1604000
1723223527837 1608000.0 1608000
1723224061939 1612000.0 1612000
1723224075788 1616000.0 1616000
1723224088920 1620000.0 1620000
1723224102217 1624000.0 1624000
1723224274487 1628000.0 1628000
1723224291308 1632000.0 1632000
1723224305017 1636000.0 1636000
1723224319922 1640000.0 1640000
1723224332952 1644000.0 1644000
1723224345775 1648000.0 1648000
1723224359001 1652000.0 1652000
1723224372660 1656000.0 1656000
1723224386727 1660000.0 1660000
1723224418155 1664000.0 1664000
1723224438030 1668000.0 1668000
1723224844344 1672000.0 1672000
1723224857781 1676000.0 1676000
1723224870189 1680000.0 1680000
1723225074179 1684000.0 1684000
1723225091672 1688000.0 1688000
1723225104919 1692000.0 1692000
1723225148419 1696000.0 1696000
1723225161567 1700000.0 1700000
1723225174339 1704000.0 1704000
1723225187243 1708000.0 1708000
1723225259168 1712000.0 1712000
1723225271414 1716000.0 1716000
1723225283862 1720000.0 1720000
1723225296405 1724000.0 1724000
1723226305981 1728000.0 1728000
1723226318389 1732000.0 1732000
1723226331169 1736000.0 1736000
1723226344062 1740000.0 1740000
1723226356706 1744000.0 1744000
1723226368997 1748000.0 1748000
1723226382062 1752000.0 1752000
1723226394327 1756000.0 1756000
1723226406822 1760000.0 1760000
1723226419318 1764000.0 1764000
1723226431740 1768000.0 1768000
1723226444158 1772000.0 1772000
1723226456556 1776000.0 1776000
1723226468862 1780000.0 1780000
1723226481629 1784000.0 1784000
1723226493685 1788000.0 1788000
1723226506016 1792000.0 1792000
1723226518632 1796000.0 1796000
1723226530772 1800000.0 1800000
1723226543084 1804000.0 1804000
1723226555633 1808000.0 1808000
1723226568013 1812000.0 1812000
1723226580382 1816000.0 1816000
1723226592757 1820000.0 1820000
1723226604760 1824000.0 1824000
1723226616998 1828000.0 1828000
1723226629618 1832000.0 1832000
1723226642217 1836000.0 1836000
1723226654355 1840000.0 1840000
1723226666679 1844000.0 1844000
1723226678903 1848000.0 1848000
1723226691317 1852000.0 1852000
1723226703656 1856000.0 1856000
1723226715743 1860000.0 1860000
1723226728411 1864000.0 1864000
1723226740738 1868000.0 1868000
1723226753190 1872000.0 1872000
1723226765447 1876000.0 1876000
1723226777476 1880000.0 1880000
1723226789588 1884000.0 1884000
1723226801798 1888000.0 1888000
1723226814010 1892000.0 1892000
1723226826158 1896000.0 1896000
1723226838885 1900000.0 1900000
1723226851051 1904000.0 1904000
1723226863344 1908000.0 1908000
1723226875573 1912000.0 1912000
1723226887563 1916000.0 1916000
1723226899728 1920000.0 1920000
1723226911390 1924000.0 1924000
1723226923174 1928000.0 1928000
1723226935254 1932000.0 1932000
1723226948490 1936000.0 1936000
1723226965034 1940000.0 1940000
1723226981331 1944000.0 1944000
1723226999769 1948000.0 1948000
1723227017719 1952000.0 1952000
1723227035314 1956000.0 1956000
1723227053220 1960000.0 1960000
1723227071293 1964000.0 1964000
1723227089331 1968000.0 1968000
1723227106699 1972000.0 1972000
1723227123577 1976000.0 1976000
1723227139091 1980000.0 1980000
1723227155008 1984000.0 1984000
1723227170194 1988000.0 1988000
1723227185167 1992000.0 1992000
1723227203027 1996000.0 1996000
1723227218862 2000000.0 2000000
