1723217327488 4000.0 4000
1723217342727 4000.0 8000
1723217358072 4000.0 12000
1723217373389 4000.0 16000
1723217388802 4000.0 20000
1723217404213 4000.0 24000
1723217419582 4000.0 28000
1723217434791 4000.0 32000
1723217450153 4000.0 36000
1723217465722 4000.0 40000
1723217481237 4000.0 44000
1723217496591 4000.0 48000
1723217511932 4000.0 52000
1723217527211 4000.0 56000
1723217542511 4000.0 60000
1723217557799 4000.0 64000
1723217573090 4000.0 68000
1723217588710 4000.0 72000
1723217604118 4000.0 76000
1723217621306 4000.0 80000
1723217639428 4000.0 84000
1723217657318 4000.0 88000
1723217674705 4000.0 92000
1723217691855 4000.0 96000
1723217709591 4000.0 100000
1723217727023 4000.0 104000
1723217744475 4000.0 108000
1723217762367 4000.0 112000
1723217780422 4000.0 116000
1723217799492 4000.0 120000
1723217817240 4000.0 124000
1723217834845 4000.0 128000
1723217852425 4000.0 132000
1723217869815 4000.0 136000
1723217887106 4000.0 140000
1723217904110 4000.0 144000
1723217920726 4000.0 148000
1723217937766 4000.0 152000
1723217954815 4000.0 156000
1723217972203 4000.0 160000
1723217989514 4000.0 164000
1723218006851 4000.0 168000
1723218024167 4000.0 172000
1723218041479 4000.0 176000
1723218059776 4000.0 180000
1723218077244 4000.0 184000
1723218094121 4000.0 188000
1723218111907 4000.0 192000
1723218129484 4000.0 196000
1723218147110 4000.0 200000
1723218163928 4000.0 204000
1723218181038 4000.0 208000
1723218197851 4000.0 212000
1723218216407 4000.0 216000
1723218233456 4000.0 220000
1723218250348 4000.0 224000
1723218267433 4000.0 228000
1723218284739 4000.0 232000
1723218301831 4000.0 236000
1723218318783 4000.0 240000
1723218335813 4000.0 244000
1723218352730 4000.0 248000
1723218370039 4000.0 252000
1723218386427 4000.0 256000
1723218403125 4000.0 260000
1723218420224 4000.0 264000
1723218437848 4000.0 268000
1723218455356 4000.0 272000
1723218474226 4000.0 276000
1723218491348 4000.0 280000
1723218508527 4000.0 284000
1723218525536 4000.0 288000
1723218541910 4000.0 292000
1723218559220 4000.0 296000
1723218576435 4000.0 300000
1723218594894 4000.0 304000
1723218611793 4000.0 308000
1723218629047 4000.0 312000
1723218645611 4000.0 316000
1723218662947 4000.0 320000
1723218679928 4000.0 324000
1723218696853 4000.0 328000
1723218821401 4000.0 332000
1723218838774 4000.0 336000
1723218855691 4000.0 340000
1723218872687 4000.0 344000
1723218891795 4000.0 348000
1723218908388 4000.0 352000
1723218924948 4000.0 356000
1723218941314 4000.0 360000
1723218958311 4000.0 364000
1723218975116 4000.0 368000
1723218998625 4000.0 372000
1723219018639 4000.0 376000
1723219035801 4000.0 380000
1723219052639 4000.0 384000
1723219071094 4000.0 388000
1723219087981 4000.0 392000
1723219104624 4000.0 396000
1723219121621 4000.0 400000
1723219138461 4000.0 404000
1723219155832 4000.0 408000
1723219173049 4000.0 412000
1723219190715 4000.0 416000
1723219208190 4000.0 420000
1723219225427 4000.0 424000
1723219241813 4000.0 428000
1723219258116 4000.0 432000
1723219274766 4000.0 436000
1723219290822 4000.0 440000
1723219306969 4000.0 444000
1723219322725 4000.0 448000
1723219339860 4000.0 452000
1723219358076 4000.0 456000
1723219375603 4000.0 460000
1723219392124 4000.0 464000
1723219408658 4000.0 468000
1723219425162 4000.0 472000
1723219442509 4000.0 476000
1723219458882 4000.0 480000
1723219475641 4000.0 484000
1723219492402 4000.0 488000
1723219509022 4000.0 492000
1723219525649 4000.0 496000
1723219541903 4000.0 500000
1723219558307 4000.0 504000
1723219574710 4000.0 508000
1723219591058 4000.0 512000
1723219606464 4000.0 516000
1723219622815 4000.0 520000
1723219640188 4000.0 524000
1723219656974 4000.0 528000
1723219673917 4000.0 532000
1723219690162 4000.0 536000
1723219706365 4000.0 540000
1723219722637 4000.0 544000
1723219739148 4000.0 548000
1723219757160 4000.0 552000
1723219774027 4000.0 556000
1723219791120 4000.0 560000
1723219807864 4000.0 564000
1723219825269 4000.0 568000
1723219842180 4000.0 572000
1723219858654 4000.0 576000
1723219876101 4000.0 580000
1723219891556 4000.0 584000
1723219907192 4000.0 588000
1723219922975 4000.0 592000
1723219939711 4000.0 596000
1723219956175 4000.0 600000
1723219972205 4000.0 604000
1723219988164 4000.0 608000
1723220004878 4000.0 612000
1723220021100 4000.0 616000
1723220037473 4000.0 620000
1723220054707 4000.0 624000
1723220071734 4000.0 628000
1723220088504 4000.0 632000
1723220104824 4000.0 636000
1723220121169 4000.0 640000
1723220137487 4000.0 644000
1723220153473 4000.0 648000
1723220169561 4000.0 652000
1723220186444 4000.0 656000
1723220202828 4000.0 660000
1723220219254 4000.0 664000
1723220235562 4000.0 668000
1723220252291 4000.0 672000
1723220268644 4000.0 676000
1723220285348 4000.0 680000
1723220302139 4000.0 684000
1723220318673 4000.0 688000
1723220335478 4000.0 692000
1723220351602 4000.0 696000
1723220367998 4000.0 700000
1723220383876 4000.0 704000
1723220399991 4000.0 708000
1723220415964 4000.0 712000
1723220432859 4000.0 716000
1723220448556 4000.0 720000
1723220464963 4000.0 724000
1723220481634 4000.0 728000
1723220498740 4000.0 732000
1723220515519 4000.0 736000
1723220531990 4000.0 740000
1723220548674 4000.0 744000
1723220565163 4000.0 748000
1723220581635 4000.0 752000
1723220598476 4000.0 756000
1723220614664 4000.0 760000
1723220629368 4000.0 764000
1723220643140 4000.0 768000
1723220657026 4000.0 772000
1723220671545 4000.0 776000
1723220685995 4000.0 780000
1723220700221 4000.0 784000
1723220714220 4000.0 788000
1723220728645 4000.0 792000
1723220742856 4000.0 796000
1723220756627 4000.0 800000
1723220770414 4000.0 804000
1723220784514 4000.0 808000
1723220798547 4000.0 812000
1723220812421 4000.0 816000
1723220826137 4000.0 820000
1723220839860 4000.0 824000
1723220859469 4000.0 828000
1723220874320 4000.0 832000
1723220888557 4000.0 836000
1723220902264 4000.0 840000
1723220916501 4000.0 844000
1723220930593 4000.0 848000
1723220944115 4000.0 852000
1723220958285 4000.0 856000
1723220972317 4000.0 860000
1723220986679 4000.0 864000
1723221000934 4000.0 868000
1723221014956 4000.0 872000
1723221029193 4000.0 876000
1723221043397 4000.0 880000
1723221057328 4000.0 884000
1723221071187 4000.0 888000
1723221085065 4000.0 892000
1723221099210 4000.0 896000
1723221113306 4000.0 900000
1723221127132 4000.0 904000
1723221141219 4000.0 908000
1723221155943 4000.0 912000
1723221169851 4000.0 916000
1723221184290 4000.0 920000
1723221198376 4000.0 924000
1723221212305 4000.0 928000
1723221226427 4000.0 932000
1723221240253 4000.0 936000
1723221253913 4000.0 940000
1723221268446 4000.0 944000
1723221282597 4000.0 948000
1723221297247 4000.0 952000
1723221311311 4000.0 956000
1723221325956 4000.0 960000
1723221340121 4000.0 964000
1723221354011 4000.0 968000
1723221368438 4000.0 972000
1723221382729 4000.0 976000
1723221396682 4000.0 980000
1723221410753 4000.0 984000
1723221424981 4000.0 988000
1723221438909 4000.0 992000
1723221453568 4000.0 996000
1723221467744 4000.0 1000000
1723221481961 4000.0 1004000
1723221496417 4000.0 1008000
1723221510505 4000.0 1012000
1723221523980 4000.0 1016000
1723221538446 4000.0 1020000
1723221552721 4000.0 1024000
1723221567087 4000.0 1028000
1723221581216 4000.0 1032000
1723221594890 4000.0 1036000
1723221609099 4000.0 1040000
1723221623202 4000.0 1044000
1723221637110 4000.0 1048000
1723221651196 4000.0 1052000
1723221665130 4000.0 1056000
1723221678937 4000.0 1060000
1723221693490 4000.0 1064000
1723221707793 4000.0 1068000
1723221722142 4000.0 1072000
1723221736111 4000.0 1076000
1723221750421 4000.0 1080000
1723221763975 4000.0 1084000
1723221777805 4000.0 1088000
1723221791761 4000.0 1092000
1723221805697 4000.0 1096000
1723221820236 4000.0 1100000
1723221834471 4000.0 1104000
1723221848809 4000.0 1108000
1723221863365 4000.0 1112000
1723221876963 4000.0 1116000
1723221890119 4000.0 1120000
1723221903679 4000.0 1124000
1723221917571 4000.0 1128000
1723221930870 4000.0 1132000
1723221944526 4000.0 1136000
1723221958094 4000.0 1140000
1723221971579 4000.0 1144000
1723221986420 4000.0 1148000
1723221999755 4000.0 1152000
1723222013391 4000.0 1156000
1723222026830 4000.0 1160000
1723222040466 4000.0 1164000
1723222054878 4000.0 1168000
1723222068740 4000.0 1172000
1723222082656 4000.0 1176000
1723222096537 4000.0 1180000
1723222110762 4000.0 1184000
1723222123870 4000.0 1188000
1723222136861 4000.0 1192000
1723222149380 4000.0 1196000
1723222162149 4000.0 1200000
1723222175243 4000.0 1204000
1723222188744 4000.0 1208000
1723222202217 4000.0 1212000
1723222215218 4000.0 1216000
1723222228937 4000.0 1220000
1723222242106 4000.0 1224000
1723222255130 4000.0 1228000
1723222268293 4000.0 1232000
1723222281477 4000.0 1236000
1723222295232 4000.0 1240000
1723222308747 4000.0 1244000
1723222322429 4000.0 1248000
1723222335184 4000.0 1252000
1723222348608 4000.0 1256000
1723222361196 4000.0 1260000
1723222374072 4000.0 1264000
1723222386778 4000.0 1268000
1723222399910 4000.0 1272000
1723222413265 4000.0 1276000
1723222426929 4000.0 1280000
1723222440255 4000.0 1284000
1723222453823 4000.0 1288000
1723222467590 4000.0 1292000
1723222480588 4000.0 1296000
1723222493966 4000.0 1300000
1723222507049 4000.0 1304000
1723222520108 4000.0 1308000
1723222533894 4000.0 1312000
1723222547091 4000.0 1316000
1723222560625 4000.0 1320000
1723222574175 4000.0 1324000
1723222587799 4000.0 1328000
1723222600980 4000.0 1332000
1723222614033 4000.0 1336000
1723222627141 4000.0 1340000
1723222639759 4000.0 1344000
1723222653981 4000.0 1348000
1723222666952 4000.0 1352000
1723222680505 4000.0 1356000
1723222694047 4000.0 1360000
1723222707101 4000.0 1364000
1723222720591 4000.0 1368000
1723222733886 4000.0 1372000
1723222747138 4000.0 1376000
1723222760412 4000.0 1380000
1723222773921 4000.0 1384000
1723222787389 4000.0 1388000
1723222800563 4000.0 1392000
1723222813763 4000.0 1396000
1723222828030 4000.0 1400000
1723222841746 4000.0 1404000
1723222855062 4000.0 1408000
1723222868547 4000.0 1412000
1723222881960 4000.0 1416000
1723222895728 4000.0 1420000
1723222908795 4000.0 1424000
1723222922240 4000.0 1428000
1723222935900 4000.0 1432000
1723222949627 4000.0 1436000
1723222963206 4000.0 1440000
1723222976395 4000.0 1444000
1723222990328 4000.0 1448000
1723223003714 4000.0 1452000
1723223016981 4000.0 1456000
1723223030063 4000.0 1460000
1723223042742 4000.0 1464000
1723223056129 4000.0 1468000
1723223070040 4000.0 1472000
1723223083694 4000.0 1476000
1723223097208 4000.0 1480000
1723223110323 4000.0 1484000
1723223124739 4000.0 1488000
1723223138637 4000.0 1492000
1723223152205 4000.0 1496000
1723223166304 4000.0 1500000
1723223179580 4000.0 1504000
1723223193376 4000.0 1508000
1723223206737 4000.0 1512000
1723223219803 4000.0 1516000
1723223232959 4000.0 1520000
1723223246536 4000.0 1524000
1723223259787 4000.0 1528000
1723223273315 4000.0 1532000
1723223286788 4000.0 1536000
1723223300788 4000.0 1540000
1723223314043 4000.0 1544000
1723223327289 4000.0 1548000
1723223340616 4000.0 1552000
1723223354111 4000.0 1556000
1723223367579 4000.0 1560000
1723223380739 4000.0 1564000
1723223393664 4000.0 1568000
1723223407184 4000.0 1572000
1723223420613 4000.0 1576000
1723223434258 4000.0 1580000
1723223447379 4000.0 1584000
1723223460571 4000.0 1588000
1723223473897 4000.0 1592000
1723223487940 4000.0 1596000
1723223501084 4000.0 1600000
1723223514314 4000.0 1604000
1723223527838 4000.0 1608000
1723224061939 4000.0 1612000
1723224075788 4000.0 1616000
1723224088921 4000.0 1620000
1723224102217 4000.0 1624000
1723224274487 4000.0 1628000
1723224291309 4000.0 1632000
1723224305018 4000.0 1636000
1723224319923 4000.0 1640000
1723224332952 4000.0 1644000
1723224345775 4000.0 1648000
1723224359001 4000.0 1652000
1723224372660 4000.0 1656000
1723224386728 4000.0 1660000
1723224418155 4000.0 1664000
1723224438031 4000.0 1668000
1723224844345 4000.0 1672000
1723224857782 4000.0 1676000
1723224870189 4000.0 1680000
1723225074180 4000.0 1684000
1723225091673 4000.0 1688000
1723225104920 4000.0 1692000
1723225148419 4000.0 1696000
1723225161567 4000.0 1700000
1723225174339 4000.0 1704000
1723225187244 4000.0 1708000
1723225259168 4000.0 1712000
1723225271415 4000.0 1716000
1723225283863 4000.0 1720000
1723225296405 4000.0 1724000
1723226305982 4000.0 1728000
1723226318389 4000.0 1732000
1723226331170 4000.0 1736000
1723226344063 4000.0 1740000
1723226356706 4000.0 1744000
1723226368997 4000.0 1748000
1723226382062 4000.0 1752000
1723226394327 4000.0 1756000
1723226406822 4000.0 1760000
1723226419319 4000.0 1764000
1723226431741 4000.0 1768000
1723226444159 4000.0 1772000
1723226456557 4000.0 1776000
1723226468862 4000.0 1780000
1723226481630 4000.0 1784000
1723226493686 4000.0 1788000
1723226506016 4000.0 1792000
1723226518632 4000.0 1796000
1723226530773 4000.0 1800000
1723226543085 4000.0 1804000
1723226555634 4000.0 1808000
1723226568013 4000.0 1812000
1723226580382 4000.0 1816000
1723226592757 4000.0 1820000
1723226604761 4000.0 1824000
1723226616999 4000.0 1828000
1723226629618 4000.0 1832000
1723226642218 4000.0 1836000
1723226654355 4000.0 1840000
1723226666680 4000.0 1844000
1723226678903 4000.0 1848000
1723226691318 4000.0 1852000
1723226703656 4000.0 1856000
1723226715743 4000.0 1860000
1723226728411 4000.0 1864000
1723226740739 4000.0 1868000
1723226753190 4000.0 1872000
1723226765448 4000.0 1876000
1723226777477 4000.0 1880000
1723226789588 4000.0 1884000
1723226801799 4000.0 1888000
1723226814010 4000.0 1892000
1723226826158 4000.0 1896000
1723226838886 4000.0 1900000
1723226851052 4000.0 1904000
1723226863344 4000.0 1908000
1723226875574 4000.0 1912000
1723226887563 4000.0 1916000
1723226899729 4000.0 1920000
1723226911390 4000.0 1924000
1723226923175 4000.0 1928000
1723226935254 4000.0 1932000
1723226948490 4000.0 1936000
1723226965034 4000.0 1940000
1723226981332 4000.0 1944000
1723226999770 4000.0 1948000
1723227017719 4000.0 1952000
1723227035315 4000.0 1956000
1723227053220 4000.0 1960000
1723227071294 4000.0 1964000
1723227089331 4000.0 1968000
1723227106699 4000.0 1972000
1723227123578 4000.0 1976000
1723227139092 4000.0 1980000
1723227155009 4000.0 1984000
1723227170194 4000.0 1988000
1723227185168 4000.0 1992000
1723227203027 4000.0 1996000
1723227218862 4000.0 2000000
