1723217327494 1723217327.0 4000
1723217342732 1723217342.0 8000
1723217358076 1723217358.0 12000
1723217373393 1723217373.0 16000
1723217388810 1723217388.0 20000
1723217404218 1723217404.0 24000
1723217419587 1723217419.0 28000
1723217434795 1723217434.0 32000
1723217450158 1723217450.0 36000
1723217465727 1723217465.0 40000
1723217481241 1723217481.0 44000
1723217496595 1723217496.0 48000
1723217511937 1723217511.0 52000
1723217527215 1723217527.0 56000
1723217542516 1723217542.0 60000
1723217557803 1723217557.0 64000
1723217573094 1723217573.0 68000
1723217588714 1723217588.0 72000
1723217604122 1723217604.0 76000
1723217621311 1723217621.0 80000
1723217639433 1723217639.0 84000
1723217657322 1723217657.0 88000
1723217674710 1723217674.0 92000
1723217691860 1723217691.0 96000
1723217709595 1723217709.0 100000
1723217727027 1723217726.0 104000
1723217744481 1723217744.0 108000
1723217762371 1723217762.0 112000
1723217780427 1723217780.0 116000
1723217799496 1723217799.0 120000
1723217817244 1723217817.0 124000
1723217834850 1723217834.0 128000
1723217852430 1723217852.0 132000
1723217869819 1723217869.0 136000
1723217887111 1723217887.0 140000
1723217904115 1723217904.0 144000
1723217920730 1723217920.0 148000
1723217937770 1723217937.0 152000
1723217954819 1723217954.0 156000
1723217972208 1723217972.0 160000
1723217989518 1723217989.0 164000
1723218006855 1723218006.0 168000
1723218024172 1723218024.0 172000
1723218041484 1723218041.0 176000
1723218059780 1723218059.0 180000
1723218077249 1723218077.0 184000
1723218094125 1723218094.0 188000
1723218111912 1723218111.0 192000
1723218129489 1723218129.0 196000
1723218147114 1723218147.0 200000
1723218163933 1723218163.0 204000
1723218181042 1723218180.0 208000
1723218197857 1723218197.0 212000
1723218216411 1723218216.0 216000
1723218233460 1723218233.0 220000
1723218250352 1723218250.0 224000
1723218267438 1723218267.0 228000
1723218284743 1723218284.0 232000
1723218301836 1723218301.0 236000
1723218318789 1723218318.0 240000
1723218335819 1723218335.0 244000
1723218352734 1723218352.0 248000
1723218370044 1723218369.0 252000
1723218386431 1723218386.0 256000
1723218403129 1723218403.0 260000
1723218420229 1723218420.0 264000
1723218437852 1723218437.0 268000
1723218455361 1723218455.0 272000
1723218474232 1723218474.0 276000
1723218491352 1723218491.0 280000
1723218508532 1723218508.0 284000
1723218525540 1723218525.0 288000
1723218541914 1723218541.0 292000
1723218559226 1723218559.0 296000
1723218576440 1723218576.0 300000
1723218594898 1723218594.0 304000
1723218611797 1723218611.0 308000
1723218629051 1723218628.0 312000
1723218645616 1723218645.0 316000
1723218662951 1723218662.0 320000
1723218679933 1723218679.0 324000
1723218696857 1723218696.0 328000
1723218821407 1723218821.0 332000
1723218838778 1723218838.0 336000
1723218855696 1723218855.0 340000
1723218872692 1723218872.0 344000
1723218891799 1723218891.0 348000
1723218908392 1723218908.0 352000
1723218924953 1723218924.0 356000
1723218941318 1723218941.0 360000
1723218958315 1723218958.0 364000
1723218975120 1723218975.0 368000
1723218998629 1723218998.0 372000
1723219018643 1723219018.0 376000
1723219035806 1723219035.0 380000
1723219052644 1723219052.0 384000
1723219071099 1723219071.0 388000
1723219087985 1723219087.0 392000
1723219104628 1723219104.0 396000
1723219121626 1723219121.0 400000
1723219138466 1723219138.0 404000
1723219155836 1723219155.0 408000
1723219173053 1723219172.0 412000
1723219190719 1723219190.0 416000
1723219208195 1723219208.0 420000
1723219225431 1723219225.0 424000
1723219241817 1723219241.0 428000
1723219258120 1723219258.0 432000
1723219274770 1723219274.0 436000
1723219290826 1723219290.0 440000
1723219306974 1723219306.0 444000
1723219322729 1723219322.0 448000
1723219339864 1723219339.0 452000
1723219358082 1723219357.0 456000
1723219375607 1723219375.0 460000
1723219392128 1723219392.0 464000
1723219408662 1723219408.0 468000
1723219425166 1723219425.0 472000
1723219442513 1723219442.0 476000
1723219458886 1723219458.0 480000
1723219475645 1723219475.0 484000
1723219492409 1723219492.0 488000
1723219509026 1723219508.0 492000
1723219525653 1723219525.0 496000
1723219541910 1723219541.0 500000
1723219558312 1723219558.0 504000
1723219574714 1723219574.0 508000
1723219591062 1723219590.0 512000
1723219606469 1723219606.0 516000
1723219622819 1723219622.0 520000
1723219640192 1723219640.0 524000
1723219656978 1723219656.0 528000
1723219673921 1723219673.0 532000
1723219690166 1723219690.0 536000
1723219706369 1723219706.0 540000
1723219722641 1723219722.0 544000
1723219739152 1723219739.0 548000
1723219757164 1723219757.0 552000
1723219774034 1723219773.0 556000
1723219791125 1723219791.0 560000
1723219807868 1723219807.0 564000
1723219825273 1723219825.0 568000
1723219842184 1723219842.0 572000
1723219858658 1723219858.0 576000
1723219876105 1723219875.0 580000
1723219891560 1723219891.0 584000
1723219907196 1723219907.0 588000
1723219922980 1723219922.0 592000
1723219939715 1723219939.0 596000
1723219956179 1723219956.0 600000
1723219972209 1723219972.0 604000
1723219988168 1723219988.0 608000
1723220004882 1723220004.0 612000
1723220021104 1723220020.0 616000
1723220037477 1723220037.0 620000
1723220054711 1723220054.0 624000
1723220071738 1723220071.0 628000
1723220088508 1723220088.0 632000
1723220104828 1723220104.0 636000
1723220121173 1723220121.0 640000
1723220137492 1723220137.0 644000
1723220153477 1723220153.0 648000
1723220169565 1723220169.0 652000
1723220186448 1723220186.0 656000
1723220202833 1723220202.0 660000
1723220219259 1723220219.0 664000
1723220235567 1723220235.0 668000
1723220252295 1723220252.0 672000
1723220268648 1723220268.0 676000
1723220285353 1723220285.0 680000
1723220302143 1723220302.0 684000
1723220318677 1723220318.0 688000
1723220335482 1723220335.0 692000
1723220351606 1723220351.0 696000
1723220368002 1723220367.0 700000
1723220383880 1723220383.0 704000
1723220399995 1723220399.0 708000
1723220415968 1723220415.0 712000
1723220432863 1723220432.0 716000
1723220448561 1723220448.0 720000
1723220464967 1723220464.0 724000
1723220481638 1723220481.0 728000
1723220498744 1723220498.0 732000
1723220515523 1723220515.0 736000
1723220531994 1723220531.0 740000
1723220548678 1723220548.0 744000
1723220565167 1723220565.0 748000
1723220581639 1723220581.0 752000
1723220598480 1723220598.0 756000
1723220614669 1723220614.0 760000
1723220629373 1723220629.0 764000
1723220643144 1723220643.0 768000
1723220657031 1723220656.0 772000
1723220671550 1723220671.0 776000
1723220685999 1723220685.0 780000
1723220700225 1723220700.0 784000
1723220714224 1723220714.0 788000
1723220728649 1723220728.0 792000
1723220742860 1723220742.0 796000
1723220756631 1723220756.0 800000
1723220770418 1723220770.0 804000
1723220784519 1723220784.0 808000
1723220798551 1723220798.0 812000
1723220812425 1723220812.0 816000
1723220826141 1723220826.0 820000
1723220839864 1723220839.0 824000
1723220859473 1723220859.0 828000
1723220874325 1723220874.0 832000
1723220888561 1723220888.0 836000
1723220902268 1723220902.0 840000
1723220916505 1723220916.0 844000
1723220930597 1723220930.0 848000
1723220944120 1723220943.0 852000
1723220958289 1723220958.0 856000
1723220972321 1723220972.0 860000
1723220986684 1723220986.0 864000
1723221000938 1723221000.0 868000
1723221014960 1723221014.0 872000
1723221029197 1723221029.0 876000
1723221043401 1723221043.0 880000
1723221057332 1723221057.0 884000
1723221071191 1723221071.0 888000
1723221085069 1723221084.0 892000
1723221099214 1723221099.0 896000
1723221113310 1723221113.0 900000
1723221127136 1723221127.0 904000
1723221141223 1723221141.0 908000
1723221155948 1723221155.0 912000
1723221169855 1723221169.0 916000
1723221184295 1723221184.0 920000
1723221198380 1723221198.0 924000
1723221212310 1723221212.0 928000
1723221226431 1723221226.0 932000
1723221240257 1723221240.0 936000
1723221253917 1723221253.0 940000
1723221268451 1723221268.0 944000
1723221282601 1723221282.0 948000
1723221297251 1723221297.0 952000
1723221311315 1723221311.0 956000
1723221325960 1723221325.0 960000
1723221340125 1723221339.0 964000
1723221354015 1723221353.0 968000
1723221368443 1723221368.0 972000
1723221382733 1723221382.0 976000
1723221396686 1723221396.0 980000
1723221410771 1723221410.0 984000
1723221424985 1723221424.0 988000
1723221438913 1723221438.0 992000
1723221453572 1723221453.0 996000
1723221467748 1723221467.0 1000000
1723221481965 1723221481.0 1004000
1723221496421 1723221496.0 1008000
1723221510509 1723221510.0 1012000
1723221523984 1723221523.0 1016000
1723221538450 1723221538.0 1020000
1723221552725 1723221552.0 1024000
1723221567091 1723221566.0 1028000
1723221581220 1723221581.0 1032000
1723221594894 1723221594.0 1036000
1723221609103 1723221609.0 1040000
1723221623206 1723221623.0 1044000
1723221637114 1723221636.0 1048000
1723221651200 1723221651.0 1052000
1723221665134 1723221664.0 1056000
1723221678941 1723221678.0 1060000
1723221693494 1723221693.0 1064000
1723221707797 1723221707.0 1068000
1723221722146 1723221722.0 1072000
1723221736116 1723221736.0 1076000
1723221750425 1723221750.0 1080000
1723221763979 1723221763.0 1084000
1723221777809 1723221777.0 1088000
1723221791765 1723221791.0 1092000
1723221805701 1723221805.0 1096000
1723221820241 1723221820.0 1100000
1723221834475 1723221834.0 1104000
1723221848813 1723221848.0 1108000
1723221863370 1723221863.0 1112000
1723221876967 1723221876.0 1116000
1723221890123 1723221890.0 1120000
1723221903684 1723221903.0 1124000
1723221917575 1723221917.0 1128000
1723221930874 1723221930.0 1132000
1723221944530 1723221944.0 1136000
1723221958098 1723221957.0 1140000
1723221971583 1723221971.0 1144000
1723221986424 1723221986.0 1148000
1723221999759 1723221999.0 1152000
1723222013395 1723222013.0 1156000
1723222026835 1723222026.0 1160000
1723222040471 1723222040.0 1164000
1723222054882 1723222054.0 1168000
1723222068744 1723222068.0 1172000
1723222082661 1723222082.0 1176000
1723222096541 1723222096.0 1180000
1723222110766 1723222110.0 1184000
1723222123874 1723222123.0 1188000
1723222136865 1723222136.0 1192000
1723222149385 1723222149.0 1196000
1723222162153 1723222161.0 1200000
1723222175248 1723222175.0 1204000
1723222188748 1723222188.0 1208000
1723222202221 1723222202.0 1212000
1723222215222 1723222215.0 1216000
1723222228941 1723222228.0 1220000
1723222242110 1723222241.0 1224000
1723222255134 1723222254.0 1228000
1723222268297 1723222268.0 1232000
1723222281481 1723222281.0 1236000
1723222295236 1723222295.0 1240000
1723222308752 1723222308.0 1244000
1723222322433 1723222322.0 1248000
1723222335188 1723222335.0 1252000
1723222348612 1723222348.0 1256000
1723222361201 1723222361.0 1260000
1723222374076 1723222373.0 1264000
1723222386782 1723222386.0 1268000
1723222399914 1723222399.0 1272000
1723222413269 1723222413.0 1276000
1723222426933 1723222426.0 1280000
1723222440259 1723222440.0 1284000
1723222453828 1723222453.0 1288000
1723222467594 1723222467.0 1292000
1723222480592 1723222480.0 1296000
1723222493971 1723222493.0 1300000
1723222507053 1723222506.0 1304000
1723222520112 1723222519.0 1308000
1723222533898 1723222533.0 1312000
1723222547095 1723222546.0 1316000
1723222560629 1723222560.0 1320000
1723222574179 1723222574.0 1324000
1723222587803 1723222587.0 1328000
1723222600984 1723222600.0 1332000
1723222614037 1723222613.0 1336000
1723222627145 1723222627.0 1340000
1723222639763 1723222639.0 1344000
1723222653986 1723222653.0 1348000
1723222666956 1723222666.0 1352000
1723222680509 1723222680.0 1356000
1723222694052 1723222693.0 1360000
1723222707105 1723222706.0 1364000
1723222720596 1723222720.0 1368000
1723222733890 1723222733.0 1372000
1723222747143 1723222746.0 1376000
1723222760416 1723222760.0 1380000
1723222773926 1723222773.0 1384000
1723222787393 1723222787.0 1388000
1723222800568 1723222800.0 1392000
1723222813767 1723222813.0 1396000
1723222828034 1723222827.0 1400000
1723222841750 1723222841.0 1404000
1723222855066 1723222854.0 1408000
1723222868551 1723222868.0 1412000
1723222881964 1723222881.0 1416000
1723222895732 1723222895.0 1420000
1723222908799 1723222908.0 1424000
1723222922244 1723222922.0 1428000
1723222935905 1723222935.0 1432000
1723222949631 1723222949.0 1436000
1723222963210 1723222963.0 1440000
1723222976400 1723222976.0 1444000
1723222990332 1723222990.0 1448000
1723223003718 1723223003.0 1452000
1723223016985 1723223016.0 1456000
1723223030068 1723223029.0 1460000
1723223042746 1723223042.0 1464000
1723223056133 1723223056.0 1468000
1723223070044 1723223069.0 1472000
1723223083698 1723223083.0 1476000
1723223097212 1723223097.0 1480000
1723223110327 1723223110.0 1484000
1723223124743 1723223124.0 1488000
1723223138641 1723223138.0 1492000
1723223152209 1723223152.0 1496000
1723223166309 1723223166.0 1500000
1723223179584 1723223179.0 1504000
1723223193380 1723223193.0 1508000
1723223206742 1723223206.0 1512000
1723223219807 1723223219.0 1516000
1723223232963 1723223232.0 1520000
1723223246541 1723223246.0 1524000
1723223259791 1723223259.0 1528000
1723223273319 1723223273.0 1532000
1723223286792 1723223286.0 1536000
1723223300792 1723223300.0 1540000
1723223314047 1723223313.0 1544000
1723223327294 1723223327.0 1548000
1723223340620 1723223340.0 1552000
1723223354115 1723223353.0 1556000
1723223367583 1723223367.0 1560000
1723223380743 1723223380.0 1564000
1723223393668 1723223393.0 1568000
1723223407189 1723223406.0 1572000
1723223420617 1723223420.0 1576000
1723223434263 1723223434.0 1580000
1723223447383 1723223447.0 1584000
1723223460575 1723223460.0 1588000
1723223473901 1723223473.0 1592000
1723223487944 1723223487.0 1596000
1723223501089 1723223500.0 1600000
1723223514318 1723223514.0 1604000
1723223527842 1723223527.0 1608000
1723224061944 1723224061.0 1612000
1723224075795 1723224075.0 1616000
1723224088925 1723224088.0 1620000
1723224102222 1723224102.0 1624000
1723224274492 1723224274.0 1628000
1723224291313 1723224291.0 1632000
1723224305022 1723224304.0 1636000
1723224319927 1723224319.0 1640000
1723224332956 1723224332.0 1644000
1723224345779 1723224345.0 1648000
1723224359005 1723224358.0 1652000
1723224372665 1723224372.0 1656000
1723224386733 1723224386.0 1660000
1723224418160 1723224417.0 1664000
1723224438035 1723224437.0 1668000
1723224844351 1723224844.0 1672000
1723224857786 1723224857.0 1676000
1723224870194 1723224869.0 1680000
1723225074185 1723225073.0 1684000
1723225091677 1723225091.0 1688000
1723225104924 1723225104.0 1692000
1723225148424 1723225148.0 1696000
1723225161571 1723225161.0 1700000
1723225174344 1723225174.0 1704000
1723225187248 1723225187.0 1708000
1723225259173 1723225259.0 1712000
1723225271419 1723225271.0 1716000
1723225283867 1723225283.0 1720000
1723225296409 1723225296.0 1724000
1723226305986 1723226305.0 1728000
1723226318393 1723226318.0 1732000
1723226331174 1723226330.0 1736000
1723226344067 1723226343.0 1740000
1723226356710 1723226356.0 1744000
1723226369002 1723226368.0 1748000
1723226382066 1723226381.0 1752000
1723226394331 1723226394.0 1756000
1723226406826 1723226406.0 1760000
1723226419323 1723226419.0 1764000
1723226431745 1723226431.0 1768000
1723226444163 1723226444.0 1772000
1723226456565 1723226456.0 1776000
1723226468867 1723226468.0 1780000
1723226481634 1723226481.0 1784000
1723226493690 1723226493.0 1788000
1723226506020 1723226505.0 1792000
1723226518636 1723226518.0 1796000
1723226530777 1723226530.0 1800000
1723226543089 1723226542.0 1804000
1723226555638 1723226555.0 1808000
1723226568017 1723226567.0 1812000
1723226580386 1723226580.0 1816000
1723226592761 1723226592.0 1820000
1723226604765 1723226604.0 1824000
1723226617003 1723226616.0 1828000
1723226629622 1723226629.0 1832000
1723226642222 1723226642.0 1836000
1723226654359 1723226654.0 1840000
1723226666684 1723226666.0 1844000
1723226678907 1723226678.0 1848000
1723226691322 1723226691.0 1852000
1723226703660 1723226703.0 1856000
1723226715748 1723226715.0 1860000
1723226728415 1723226728.0 1864000
1723226740743 1723226740.0 1868000
1723226753194 1723226753.0 1872000
1723226765452 1723226765.0 1876000
1723226777481 1723226777.0 1880000
1723226789592 1723226789.0 1884000
1723226801803 1723226801.0 1888000
1723226814014 1723226813.0 1892000
1723226826162 1723226826.0 1896000
1723226838890 1723226838.0 1900000
1723226851056 1723226850.0 1904000
1723226863348 1723226863.0 1908000
1723226875578 1723226875.0 1912000
1723226887567 1723226887.0 1916000
1723226899733 1723226899.0 1920000
1723226911394 1723226911.0 1924000
1723226923179 1723226923.0 1928000
1723226935259 1723226935.0 1932000
1723226948495 1723226948.0 1936000
1723226965039 1723226964.0 1940000
1723226981337 1723226981.0 1944000
1723226999775 1723226999.0 1948000
1723227017725 1723227017.0 1952000
1723227035320 1723227035.0 1956000
1723227053226 1723227052.0 1960000
1723227071300 1723227071.0 1964000
1723227089336 1723227089.0 1968000
1723227106704 1723227106.0 1972000
1723227123582 1723227123.0 1976000
1723227139097 1723227138.0 1980000
1723227155014 1723227154.0 1984000
1723227170198 1723227170.0 1988000
1723227185172 1723227185.0 1992000
1723227203034 1723227202.0 1996000
1723227218868 1723227218.0 2000000
