1723217327494 15.315339088439941 4000
1723217342733 30.35838007926941 8000
1723217358080 45.5376181602478 12000
1723217373394 60.68167209625244 16000
1723217388811 75.93120813369751 20000
1723217404218 91.15960001945496 24000
1723217419587 106.36145186424255 28000
1723217434796 121.40843272209167 32000
1723217450159 136.58713150024414 36000
1723217465728 151.98464441299438 40000
1723217481242 167.32090830802917 44000
1723217496596 182.51249027252197 48000
1723217511938 197.68814635276794 52000
1723217527216 212.79549741744995 56000
1723217542517 227.92737936973572 60000
1723217557803 243.02511739730835 64000
1723217573095 258.1378245353699 68000
1723217588715 273.586350440979 72000
1723217604123 288.8097984790802 76000
1723217621311 305.8296594619751 80000
1723217639434 323.7783946990967 84000
1723217657323 341.4887146949768 88000
1723217674711 358.69731545448303 92000
1723217691861 375.67524814605713 96000
1723217709596 393.234824180603 100000
1723217727028 410.4977750778198 104000
1723217744482 427.76032733917236 108000
1723217762372 445.4374942779541 112000
1723217780428 463.1079170703888 116000
1723217799497 481.5559663772583 120000
1723217817245 499.1254472732544 124000
1723217834851 516.5568492412567 128000
1723217852431 533.9070250988007 132000
1723217869820 551.1149580478668 136000
1723217887112 568.2315847873688 140000
1723217904116 585.0492146015167 144000
1723217920731 601.4869146347046 148000
1723217937771 618.3371496200562 152000
1723217954820 635.2131896018982 156000
1723217972208 652.4213535785675 160000
1723217989519 669.5472474098206 164000
1723218006856 686.7081832885742 168000
1723218024172 703.8518822193146 172000
1723218041485 720.9880793094635 176000
1723218059781 739.0973253250122 180000
1723218077250 756.3912644386292 184000
1723218094126 773.082405090332 188000
1723218111913 790.6834199428558 192000
1723218129489 808.07799077034 196000
1723218147115 825.5105848312378 200000
1723218163934 842.1419117450714 204000
1723218181043 859.0428018569946 208000
1723218197858 875.6536836624146 212000
1723218216412 893.3292555809021 216000
1723218233461 910.1939277648926 220000
1723218250353 926.8958168029785 224000
1723218267439 943.7998769283295 228000
1723218284744 960.9111850261688 232000
1723218301837 977.7972309589386 236000
1723218318789 994.5585968494415 240000
1723218335820 1011.3770666122437 244000
1723218352735 1028.0986528396606 248000
1723218370045 1045.193708896637 252000
1723218386432 1061.3909168243408 256000
1723218403130 1077.8919897079468 260000
1723218420230 1094.8011946678162 264000
1723218437853 1112.2228577136993 268000
1723218455362 1129.529539823532 272000
1723218474233 1148.2041418552399 276000
1723218491353 1165.1300828456879 280000
1723218508532 1182.132495880127 284000
1723218525541 1198.9628899097443 288000
1723218541915 1215.1732158660889 292000
1723218559226 1232.3108367919922 296000
1723218576441 1249.3097319602966 300000
1723218594899 1267.5756349563599 304000
1723218611798 1284.2959849834442 308000
1723218629052 1301.3742117881775 312000
1723218645617 1317.757287979126 316000
1723218662952 1334.9112021923065 320000
1723218679933 1351.7098443508148 324000
1723218696858 1368.4464852809906 328000
1723218821408 1492.7548232078552 332000
1723218838779 1509.9130182266235 336000
1723218855696 1526.6322638988495 340000
1723218872692 1543.169604063034 344000
1723218891800 1561.7060568332672 348000
1723218908393 1578.1112258434296 352000
1723218924954 1594.483169078827 356000
1723218941319 1610.6641402244568 360000
1723218958316 1627.4768619537354 364000
1723218975121 1644.0870728492737 368000
1723218998630 1667.4059178829193 372000
1723219018644 1687.2123939990997 376000
1723219035806 1704.1956820487976 380000
1723219052645 1720.8390119075775 384000
1723219071100 1738.8404350280762 388000
1723219087986 1755.5454530715942 392000
1723219104629 1772.000482082367 396000
1723219121626 1788.8174650669098 400000
1723219138467 1805.473541021347 404000
1723219155836 1822.6461579799652 408000
1723219173054 1839.6691360473633 412000
1723219190720 1857.129908323288 416000
1723219208195 1874.4120681285858 420000
1723219225432 1891.4648501873016 424000
1723219241818 1907.656584262848 428000
1723219258120 1923.7680492401123 432000
1723219274771 1940.2340631484985 436000
1723219290827 1956.099797487259 440000
1723219306974 1972.0601024627686 444000
1723219322730 1987.6230974197388 448000
1723219339865 2004.5257935523987 452000
1723219358083 2022.5273656845093 456000
1723219375608 2039.855284690857 460000
1723219392129 2056.184145450592 464000
1723219408663 2072.5239176750183 468000
1723219425167 2088.8242967128754 472000
1723219442514 2105.9785747528076 476000
1723219458887 2122.1607167720795 480000
1723219475646 2138.7059156894684 484000
1723219492411 2155.2681930065155 488000
1723219509027 2171.68679189682 492000
1723219525654 2188.1174178123474 496000
1723219541912 2204.1687166690826 500000
1723219558313 2220.3765635490417 504000
1723219574715 2236.5849647521973 508000
1723219591062 2252.7333369255066 512000
1723219606470 2267.9467170238495 516000
1723219622820 2284.084538936615 520000
1723219640193 2301.237889766693 524000
1723219656979 2317.8125436306 528000
1723219673922 2334.490865468979 532000
1723219690167 2350.5391476154327 536000
1723219706370 2366.5415625572205 540000
1723219722642 2382.613332748413 544000
1723219739153 2398.9318718910217 548000
1723219757165 2416.730647087097 552000
1723219774035 2433.393949985504 556000
1723219791126 2450.2823650836945 560000
1723219807869 2466.8210508823395 564000
1723219825274 2484.0244398117065 568000
1723219842185 2500.721848964691 572000
1723219858659 2516.9914042949677 576000
1723219876106 2534.234933614731 580000
1723219891560 2549.4864153862 584000
1723219907197 2564.9210965633392 588000
1723219922981 2580.4985449314117 592000
1723219939716 2597.0282769203186 596000
1723219956180 2613.2868740558624 600000
1723219972210 2629.112298965454 604000
1723219988169 2644.866499900818 608000
1723220004883 2661.049659013748 612000
1723220021105 2677.060760974884 616000
1723220037478 2693.2041680812836 620000
1723220054712 2710.079053878784 624000
1723220071739 2726.891317129135 628000
1723220088510 2743.4431450366974 632000
1723220104828 2759.528303861618 636000
1723220121174 2775.6540937423706 640000
1723220137493 2791.7518508434296 644000
1723220153478 2807.5190687179565 648000
1723220169566 2823.3868255615234 652000
1723220186449 2840.0492627620697 656000
1723220202833 2856.2143547534943 660000
1723220219259 2872.3980066776276 664000
1723220235567 2888.484590291977 668000
1723220252296 2904.974724292755 672000
1723220268649 2921.1031794548035 676000
1723220285354 2937.5687594413757 680000
1723220302144 2954.1230993270874 684000
1723220318678 2970.4324584007263 688000
1723220335483 2986.9917182922363 692000
1723220351607 3002.8709223270416 696000
1723220368003 3019.0207812786102 700000
1723220383881 3034.6808433532715 704000
1723220399996 3050.526084423065 708000
1723220415969 3066.2641701698303 712000
1723220432864 3082.927977323532 716000
1723220448562 3098.393755197525 720000
1723220464968 3114.572990179062 724000
1723220481639 3131.0049641132355 728000
1723220498745 3147.8893990516663 732000
1723220515524 3164.437530040741 736000
1723220531995 3180.6757390499115 740000
1723220548678 3197.1306703090668 744000
1723220565168 3213.3898651599884 748000
1723220581640 3229.6238231658936 752000
1723220598481 3246.240193128586 756000
1723220614669 3262.195862054825 760000
1723220629373 3276.6933891773224 764000
1723220643145 3290.283786058426 768000
1723220657032 3303.99143409729 772000
1723220671551 3318.2793753147125 776000
1723220686000 3332.5338792800903 780000
1723220700226 3346.544626235962 784000
1723220714225 3360.3483521938324 788000
1723220728650 3374.577731847763 792000
1723220742861 3388.6096518039703 796000
1723220756632 3402.201469898224 800000
1723220770419 3415.766373157501 804000
1723220784520 3429.6401641368866 808000
1723220798552 3443.4368340969086 812000
1723220812426 3457.0894083976746 816000
1723220826142 3470.619369506836 820000
1723220839865 3484.1589064598083 824000
1723220859474 3503.4861426353455 828000
1723220874325 3518.096970796585 832000
1723220888562 3532.1089766025543 836000
1723220902269 3545.5935006141663 840000
1723220916506 3559.631913423538 844000
1723220930598 3573.5009503364563 848000
1723220944121 3586.794576406479 852000
1723220958290 3600.7767333984375 856000
1723220972322 3614.6211454868317 860000
1723220986685 3628.7544236183167 864000
1723221000939 3642.8264875411987 868000
1723221014961 3656.661415576935 872000
1723221029198 3670.6674716472626 876000
1723221043401 3684.646414041519 880000
1723221057333 3698.393298149109 884000
1723221071192 3712.025096178055 888000
1723221085070 3725.6748921871185 892000
1723221099215 3739.5901119709015 896000
1723221113310 3753.4523282051086 900000
1723221127137 3767.0941252708435 904000
1723221141224 3780.9974250793457 908000
1723221155949 3795.511521100998 912000
1723221169856 3809.1654789447784 916000
1723221184295 3823.3521857261658 920000
1723221198381 3837.2363934516907 924000
1723221212310 3850.956930398941 928000
1723221226432 3864.8859946727753 932000
1723221240258 3878.527007818222 936000
1723221253918 3891.998492717743 940000
1723221268451 3906.2966706752777 944000
1723221282602 3920.2421536445618 948000
1723221297252 3934.6882376670837 952000
1723221311316 3948.5214796066284 956000
1723221325961 3962.9302265644073 960000
1723221340125 3976.8648784160614 964000
1723221354015 3990.5191855430603 968000
1723221368443 4004.7102975845337 972000
1723221382734 4018.74626660347 976000
1723221396687 4032.4750306606293 980000
1723221410772 4046.3113865852356 984000
1723221424986 4060.3322637081146 988000
1723221438914 4074.0692110061646 992000
1723221453573 4088.4968280792236 996000
1723221467749 4102.48381114006 1000000
1723221481966 4116.463329076767 1004000
1723221496422 4130.726250886917 1008000
1723221510509 4144.58358001709 1012000
1723221523985 4157.850400209427 1016000
1723221538451 4172.0768711566925 1020000
1723221552726 4186.117724180222 1024000
1723221567092 4200.244120359421 1028000
1723221581221 4214.173187255859 1032000
1723221594895 4227.652093172073 1036000
1723221609104 4241.664332151413 1040000
1723221623207 4255.56103682518 1044000
1723221637114 4269.248395681381 1048000
1723221651201 4283.125118494034 1052000
1723221665135 4296.821705341339 1056000
1723221678942 4310.390793323517 1060000
1723221693494 4324.706085205078 1064000
1723221707798 4338.814081430435 1068000
1723221722147 4352.9643177986145 1072000
1723221736116 4366.734328985214 1076000
1723221750426 4380.805768966675 1080000
1723221763980 4394.146167039871 1084000
1723221777809 4407.730432271957 1088000
1723221791766 4421.485800027847 1092000
1723221805702 4435.175899028778 1096000
1723221820241 4449.472472190857 1100000
1723221834476 4463.5087423324585 1104000
1723221848814 4477.647953271866 1108000
1723221863370 4491.95206451416 1112000
1723221876968 4505.3291075229645 1116000
1723221890124 4518.2828533649445 1120000
1723221903685 4531.642337560654 1124000
1723221917575 4545.332670688629 1128000
1723221930875 4558.423592567444 1132000
1723221944531 4571.879300832748 1136000
1723221958098 4585.24658370018 1140000
1723221971584 4598.485154867172 1144000
1723221986425 4613.074900627136 1148000
1723221999760 4626.191585302353 1152000
1723222013396 4639.573683261871 1156000
1723222026835 4652.767557144165 1160000
1723222040471 4666.147714138031 1164000
1723222054883 4680.308481216431 1168000
1723222068745 4693.965514183044 1172000
1723222082661 4707.628039121628 1176000
1723222096542 4721.255261182785 1180000
1723222110767 4735.234790086746 1184000
1723222123875 4748.114154100418 1188000
1723222136866 4760.8789229393005 1192000
1723222149385 4773.182681798935 1196000
1723222162154 4785.699773788452 1200000
1723222175249 4798.535572767258 1204000
1723222188749 4811.812886714935 1208000
1723222202222 4825.028924465179 1212000
1723222215223 4837.772130250931 1216000
1723222228942 4851.240277290344 1220000
1723222242111 4864.168493032455 1224000
1723222255135 4876.936587095261 1228000
1723222268298 4889.843070983887 1232000
1723222281481 4902.819238901138 1236000
1723222295237 4916.368908882141 1240000
1723222308753 4929.625681877136 1244000
1723222322434 4943.045125246048 1248000
1723222335189 4955.534142255783 1252000
1723222348613 4968.682810306549 1256000
1723222361202 4981.010253190994 1260000
1723222374077 4993.620345830917 1264000
1723222386783 5006.070344924927 1268000
1723222399915 5018.993491888046 1272000
1723222413270 5032.086942911148 1276000
1723222426933 5045.530545711517 1280000
1723222440260 5058.64190363884 1284000
1723222453828 5071.947243690491 1288000
1723222467595 5085.454572677612 1292000
1723222480593 5098.22513461113 1296000
1723222493971 5111.388778448105 1300000
1723222507054 5124.257548332214 1304000
1723222520113 5137.100322008133 1308000
1723222533899 5150.672245979309 1312000
1723222547096 5163.656847000122 1316000
1723222560630 5176.975345134735 1320000
1723222574180 5190.30064702034 1324000
1723222587804 5203.658517122269 1328000
1723222600985 5216.60521531105 1332000
1723222614038 5229.424010276794 1336000
1723222627146 5242.3020832538605 1340000
1723222639763 5254.647977113724 1344000
1723222653986 5268.6007442474365 1348000
1723222666957 5281.303013324738 1352000
1723222680510 5294.584997415543 1356000
1723222694052 5307.853979587555 1360000
1723222707106 5320.628945589066 1364000
1723222720597 5333.859241485596 1368000
1723222733891 5346.9080975055695 1372000
1723222747144 5359.883234739304 1376000
1723222760417 5372.906274795532 1380000
1723222773927 5386.1924748420715 1384000
1723222787394 5399.438388824463 1388000
1723222800569 5412.394310712814 1392000
1723222813768 5425.37103676796 1396000
1723222828035 5439.369632959366 1400000
1723222841751 5452.815071821213 1404000
1723222855067 5465.86225104332 1408000
1723222868552 5479.079916000366 1412000
1723222881965 5492.218027114868 1416000
1723222895733 5505.760961055756 1420000
1723222908800 5518.592240810394 1424000
1723222922245 5531.816183567047 1428000
1723222935905 5545.196703672409 1432000
1723222949632 5558.651245355606 1436000
1723222963211 5571.994091272354 1440000
1723222976401 5584.933724403381 1444000
1723222990333 5598.584956407547 1448000
1723223003719 5611.697338342667 1452000
1723223016986 5624.688841342926 1456000
1723223030068 5637.498994350433 1460000
1723223042747 5649.952501296997 1464000
1723223056134 5663.118503332138 1468000
1723223070045 5676.758453369141 1472000
1723223083699 5690.169730186462 1476000
1723223097213 5703.440971136093 1480000
1723223110328 5716.318518161774 1484000
1723223124745 5730.446799278259 1488000
1723223138641 5744.060095310211 1492000
1723223152210 5757.399183511734 1496000
1723223166310 5771.213168621063 1500000
1723223179585 5784.206627607346 1504000
1723223193381 5797.753890514374 1508000
1723223206742 5810.868521690369 1512000
1723223219808 5823.6509346961975 1516000
1723223232964 5836.5255427360535 1520000
1723223246541 5849.811218500137 1524000
1723223259792 5862.772597312927 1528000
1723223273320 5876.017163276672 1532000
1723223286793 5889.207018136978 1536000
1723223300793 5902.913492202759 1540000
1723223314048 5915.917395114899 1544000
1723223327294 5928.881252288818 1548000
1723223340621 5941.972566366196 1552000
1723223354116 5955.182955265045 1556000
1723223367584 5968.367000341415 1560000
1723223380744 5981.245745420456 1564000
1723223393669 5993.886922359467 1568000
1723223407190 6007.04493522644 1572000
1723223420617 6020.190511226654 1576000
1723223434263 6033.5782833099365 1580000
1723223447384 6046.462402105331 1584000
1723223460576 6059.4162430763245 1588000
1723223473902 6072.508066892624 1592000
1723223487945 6086.26251912117 1596000
1723223501090 6099.167774438858 1600000
1723223514319 6112.161647558212 1604000
1723223527843 6125.3795573711395 1608000
1723224061945 6659.167775154114 1612000
1723224075796 6672.731892108917 1616000
1723224088926 6685.542495965958 1620000
1723224102222 6698.533837795258 1624000
1723224274493 6870.48974275589 1628000
1723224291314 6886.9664125442505 1632000
1723224305023 6900.383440732956 1636000
1723224319928 6914.980742692947 1640000
1723224332957 6927.685347795486 1644000
1723224345780 6940.272985696793 1648000
1723224359006 6953.253869533539 1652000
1723224372665 6966.673937559128 1656000
1723224386734 6980.492643594742 1660000
1723224418161 7011.5916385650635 1664000
1723224438037 7031.097355604172 1668000
1723224844352 7437.08477973938 1672000
1723224857787 7450.230498790741 1676000
1723224870195 7462.292586803436 1680000
1723225074185 7665.942110776901 1684000
1723225091678 7681.920946121216 1688000
1723225104925 7694.85986328125 1692000
1723225148425 7738.047157049179 1696000
1723225161572 7750.881142854691 1700000
1723225174345 7763.341114044189 1704000
1723225187249 7775.933079957962 1708000
1723225259174 7847.588357210159 1712000
1723225271420 7859.571015357971 1716000
1723225283868 7871.685421228409 1720000
1723225296410 7883.97639632225 1724000
1723226305987 8893.257798433304 1728000
1723226318394 8905.358056306839 1732000
1723226331175 8917.842137336731 1736000
1723226344068 8930.43814253807 1740000
1723226356711 8942.785157442093 1744000
1723226369003 8954.818753242493 1748000
1723226382067 8967.583634138107 1752000
1723226394332 8979.477350234985 1756000
1723226406827 8991.67975616455 1760000
1723226419324 9003.88401055336 1764000
1723226431745 9016.016071796417 1768000
1723226444164 9028.192344903946 1772000
1723226456566 9040.291042804718 1776000
1723226468868 9052.348237752914 1780000
1723226481635 9064.851137638092 1784000
1723226493691 9076.644357442856 1788000
1723226506021 9088.680870056152 1792000
1723226518637 9101.002316951752 1796000
1723226530777 9112.89994597435 1800000
1723226543090 9124.914531707764 1804000
1723226555638 9137.211778640747 1808000
1723226568018 9149.346784591675 1812000
1723226580387 9161.469874382019 1816000
1723226592762 9173.600150585175 1820000
1723226604765 9185.356666564941 1824000
1723226617004 9197.293685674667 1828000
1723226629623 9209.61040854454 1832000
1723226642223 9221.914004564285 1836000
1723226654360 9233.751057386398 1840000
1723226666685 9245.777821302414 1844000
1723226678908 9257.744881629944 1848000
1723226691323 9269.909819602966 1852000
1723226703661 9281.989491224289 1856000
1723226715749 9293.81838130951 1860000
1723226728416 9306.15385222435 1864000
1723226740743 9318.22887635231 1868000
1723226753195 9330.42465519905 1872000
1723226765453 9342.43148446083 1876000
1723226777482 9354.155663251877 1880000
1723226789593 9366.010221242905 1884000
1723226801803 9377.969045162201 1888000
1723226814015 9389.92589020729 1892000
1723226826163 9401.824124336243 1896000
1723226838891 9414.249229431152 1900000
1723226851056 9426.163868427277 1904000
1723226863349 9438.207036495209 1908000
1723226875579 9450.182608366013 1912000
1723226887568 9461.91708612442 1916000
1723226899734 9473.822226047516 1920000
1723226911395 9485.227386951447 1924000
1723226923179 9496.757349967957 1928000
1723226935259 9508.582699775696 1932000
1723226948496 9521.484887838364 1936000
1723226965040 9537.705769062042 1940000
1723226981338 9553.664019107819 1944000
1723226999777 9571.745647907257 1948000
1723227017726 9589.29916024208 1952000
1723227035321 9606.538027524948 1956000
1723227053227 9624.058311700821 1960000
1723227071301 9641.736586809158 1964000
1723227089338 9659.424099683762 1968000
1723227106705 9676.337854862213 1972000
1723227123584 9692.850171804428 1976000
1723227139098 9707.98307466507 1980000
1723227155015 9723.524134874344 1984000
1723227170199 9738.417263031006 1988000
1723227185173 9753.111993074417 1992000
1723227203035 9770.581079006195 1996000
1723227218869 9786.034354925156 2000000
