1723217327494 15.315339088439941 4000
1723217342733 15.043040990829468 8000
1723217358080 15.179238080978394 12000
1723217373394 15.144053936004639 16000
1723217388810 15.249536037445068 20000
1723217404218 15.228391885757446 24000
1723217419587 15.201851844787598 28000
1723217434795 15.046980857849121 32000
1723217450158 15.178698778152466 36000
1723217465727 15.397512912750244 40000
1723217481241 15.33626389503479 44000
1723217496595 15.191581964492798 48000
1723217511937 15.175656080245972 52000
1723217527216 15.107351064682007 56000
1723217542516 15.131881952285767 60000
1723217557803 15.097738027572632 64000
1723217573095 15.112707138061523 68000
1723217588714 15.44852590560913 72000
1723217604122 15.223448038101196 76000
1723217621311 17.019860982894897 80000
1723217639433 17.948735237121582 84000
1723217657323 17.710319995880127 88000
1723217674710 17.208600759506226 92000
1723217691860 16.977932691574097 96000
1723217709596 17.5595760345459 100000
1723217727027 17.262950897216797 104000
1723217744482 17.26255226135254 108000
1723217762371 17.67716693878174 112000
1723217780428 17.670422792434692 116000
1723217799497 18.448049306869507 120000
1723217817245 17.569480895996094 124000
1723217834851 17.43140196800232 128000
1723217852431 17.350175857543945 132000
1723217869819 17.207932949066162 136000
1723217887111 17.116626739501953 140000
1723217904116 16.81762981414795 144000
1723217920731 16.437700033187866 148000
1723217937771 16.850234985351562 152000
1723217954820 16.87603998184204 156000
1723217972208 17.20816397666931 160000
1723217989519 17.12589383125305 164000
1723218006856 17.160935878753662 168000
1723218024172 17.143698930740356 172000
1723218041484 17.136197090148926 176000
1723218059781 18.109246015548706 180000
1723218077249 17.293939113616943 184000
1723218094126 16.69114065170288 188000
1723218111912 17.601014852523804 192000
1723218129489 17.39457082748413 196000
1723218147115 17.432594060897827 200000
1723218163933 16.631326913833618 204000
1723218181042 16.900890111923218 208000
1723218197857 16.610881805419922 212000
1723218216411 17.67557191848755 216000
1723218233460 16.86467218399048 220000
1723218250352 16.701889038085938 224000
1723218267438 16.904060125350952 228000
1723218284743 17.111308097839355 232000
1723218301836 16.886045932769775 236000
1723218318789 16.76136589050293 240000
1723218335819 16.818469762802124 244000
1723218352735 16.721586227416992 248000
1723218370044 17.09505605697632 252000
1723218386432 16.197207927703857 256000
1723218403129 16.501072883605957 260000
1723218420229 16.909204959869385 264000
1723218437852 17.42166304588318 268000
1723218455361 17.306682109832764 272000
1723218474233 18.674602031707764 276000
1723218491353 16.925940990447998 280000
1723218508532 17.002413034439087 284000
1723218525540 16.83039402961731 288000
1723218541915 16.210325956344604 292000
1723218559226 17.13762092590332 296000
1723218576440 16.998895168304443 300000
1723218594898 18.265902996063232 304000
1723218611797 16.72035002708435 308000
1723218629052 17.078226804733276 312000
1723218645616 16.383076190948486 316000
1723218662951 17.153914213180542 320000
1723218679933 16.7986421585083 324000
1723218696857 16.73664093017578 328000
1723218821407 124.30833792686462 332000
1723218838779 17.15819501876831 336000
1723218855696 16.719245672225952 340000
1723218872692 16.53734016418457 344000
1723218891799 18.536452770233154 348000
1723218908393 16.405169010162354 352000
1723218924954 16.37194323539734 356000
1723218941319 16.180971145629883 360000
1723218958315 16.812721729278564 364000
1723218975121 16.61021089553833 368000
1723218998629 23.31884503364563 372000
1723219018643 19.80647611618042 376000
1723219035806 16.983288049697876 380000
1723219052645 16.643329858779907 384000
1723219071099 18.001423120498657 388000
1723219087986 16.705018043518066 392000
1723219104628 16.455029010772705 396000
1723219121626 16.816982984542847 400000
1723219138466 16.656075954437256 404000
1723219155836 17.172616958618164 408000
1723219173053 17.02297806739807 412000
1723219190720 17.460772275924683 416000
1723219208195 17.28215980529785 420000
1723219225432 17.05278205871582 424000
1723219241818 16.191734075546265 428000
1723219258120 16.111464977264404 432000
1723219274770 16.46601390838623 436000
1723219290827 15.865734338760376 440000
1723219306974 15.960304975509644 444000
1723219322729 15.562994956970215 448000
1723219339865 16.902696132659912 452000
1723219358083 18.001572132110596 456000
1723219375607 17.327919006347656 460000
1723219392128 16.328860759735107 464000
1723219408662 16.33977222442627 468000
1723219425167 16.300379037857056 472000
1723219442513 17.15427803993225 476000
1723219458886 16.18214201927185 480000
1723219475645 16.545198917388916 484000
1723219492410 16.56227731704712 488000
1723219509027 16.418598890304565 492000
1723219525654 16.430625915527344 496000
1723219541910 16.05129885673523 500000
1723219558312 16.207846879959106 504000
1723219574714 16.208401203155518 508000
1723219591062 16.148372173309326 512000
1723219606470 15.213380098342896 516000
1723219622819 16.137821912765503 520000
1723219640193 17.153350830078125 524000
1723219656979 16.57465386390686 528000
1723219673921 16.678321838378906 532000
1723219690167 16.048282146453857 536000
1723219706370 16.00241494178772 540000
1723219722641 16.071770191192627 544000
1723219739152 16.318539142608643 548000
1723219757165 17.79877519607544 552000
1723219774034 16.663302898406982 556000
1723219791125 16.888415098190308 560000
1723219807869 16.53868579864502 564000
1723219825273 17.203388929367065 568000
1723219842184 16.69740915298462 572000
1723219858659 16.26955533027649 576000
1723219876106 17.243529319763184 580000
1723219891560 15.251481771469116 584000
1723219907196 15.434681177139282 588000
1723219922981 15.57744836807251 592000
1723219939716 16.52973198890686 596000
1723219956180 16.258597135543823 600000
1723219972210 15.825424909591675 604000
1723219988168 15.75420093536377 608000
1723220004882 16.183159112930298 612000
1723220021104 16.011101961135864 616000
1723220037478 16.143407106399536 620000
1723220054711 16.87488579750061 624000
1723220071739 16.812263250350952 628000
1723220088509 16.551827907562256 632000
1723220104828 16.085158824920654 636000
1723220121174 16.125789880752563 640000
1723220137493 16.09775710105896 644000
1723220153478 15.767217874526978 648000
1723220169566 15.867756843566895 652000
1723220186448 16.662437200546265 656000
1723220202833 16.16509199142456 660000
1723220219259 16.1836519241333 664000
1723220235567 16.086583614349365 668000
1723220252296 16.4901340007782 672000
1723220268649 16.12845516204834 676000
1723220285353 16.465579986572266 680000
1723220302143 16.55433988571167 684000
1723220318678 16.309359073638916 688000
1723220335482 16.55925989151001 692000
1723220351607 15.879204034805298 696000
1723220368002 16.149858951568604 700000
1723220383881 15.660062074661255 704000
1723220399996 15.845241069793701 708000
1723220415968 15.738085746765137 712000
1723220432863 16.663807153701782 716000
1723220448561 15.46577787399292 720000
1723220464967 16.179234981536865 724000
1723220481639 16.431973934173584 728000
1723220498744 16.884434938430786 732000
1723220515524 16.548130989074707 736000
1723220531994 16.238209009170532 740000
1723220548678 16.454931259155273 744000
1723220565168 16.25919485092163 748000
1723220581639 16.23395800590515 752000
1723220598481 16.61636996269226 756000
1723220614669 15.955668926239014 760000
1723220629373 14.497527122497559 764000
1723220643145 13.590396881103516 768000
1723220657031 13.707648038864136 772000
1723220671550 14.287941217422485 776000
1723220686000 14.254503965377808 780000
1723220700226 14.010746955871582 784000
1723220714225 13.803725957870483 788000
1723220728649 14.229379653930664 792000
1723220742861 14.031919956207275 796000
1723220756632 13.59181809425354 800000
1723220770418 13.564903259277344 804000
1723220784519 13.873790979385376 808000
1723220798551 13.796669960021973 812000
1723220812426 13.652574300765991 816000
1723220826141 13.529961109161377 820000
1723220839865 13.539536952972412 824000
1723220859474 19.32723617553711 828000
1723220874325 14.610828161239624 832000
1723220888561 14.012005805969238 836000
1723220902268 13.484524011611938 840000
1723220916505 14.038412809371948 844000
1723220930597 13.86903691291809 848000
1723220944120 13.293626070022583 852000
1723220958290 13.982156991958618 856000
1723220972322 13.844412088394165 860000
1723220986684 14.133278131484985 864000
1723221000939 14.07206392288208 868000
1723221014961 13.834928035736084 872000
1723221029197 14.006056070327759 876000
1723221043401 13.978942394256592 880000
1723221057332 13.746884107589722 884000
1723221071191 13.631798028945923 888000
1723221085069 13.64979600906372 892000
1723221099214 13.915219783782959 896000
1723221113310 13.862216234207153 900000
1723221127137 13.641797065734863 904000
1723221141224 13.903299808502197 908000
1723221155948 14.514096021652222 912000
1723221169856 13.653957843780518 916000
1723221184295 14.186706781387329 920000
1723221198381 13.884207725524902 924000
1723221212310 13.720536947250366 928000
1723221226432 13.929064273834229 932000
1723221240257 13.641013145446777 936000
1723221253917 13.471484899520874 940000
1723221268451 14.29817795753479 944000
1723221282602 13.945482969284058 948000
1723221297252 14.446084022521973 952000
1723221311315 13.833241939544678 956000
1723221325961 14.40874695777893 960000
1723221340125 13.934651851654053 964000
1723221354015 13.654307126998901 968000
1723221368443 14.191112041473389 972000
1723221382734 14.035969018936157 976000
1723221396686 13.728764057159424 980000
1723221410772 13.836355924606323 984000
1723221424985 14.020877122879028 988000
1723221438914 13.736947298049927 992000
1723221453573 14.427617073059082 996000
1723221467749 13.986983060836792 1000000
1723221481965 13.979517936706543 1004000
1723221496422 14.262921810150146 1008000
1723221510509 13.85732913017273 1012000
1723221523984 13.266820192337036 1016000
1723221538451 14.226470947265625 1020000
1723221552725 14.040853023529053 1024000
1723221567091 14.126396179199219 1028000
1723221581221 13.929066896438599 1032000
1723221594894 13.47890591621399 1036000
1723221609103 14.0122389793396 1040000
1723221623207 13.89670467376709 1044000
1723221637114 13.687358856201172 1048000
1723221651200 13.876722812652588 1052000
1723221665134 13.696586847305298 1056000
1723221678942 13.569087982177734 1060000
1723221693494 14.31529188156128 1064000
1723221707797 14.107996225357056 1068000
1723221722147 14.150236368179321 1072000
1723221736116 13.770011186599731 1076000
1723221750425 14.071439981460571 1080000
1723221763980 13.340398073196411 1084000
1723221777809 13.584265232086182 1088000
1723221791765 13.755367755889893 1092000
1723221805701 13.690099000930786 1096000
1723221820241 14.296573162078857 1100000
1723221834475 14.036270141601562 1104000
1723221848813 14.139210939407349 1108000
1723221863370 14.304111242294312 1112000
1723221876968 13.377043008804321 1116000
1723221890123 12.95374584197998 1120000
1723221903684 13.359484195709229 1124000
1723221917575 13.690333127975464 1128000
1723221930875 13.090921878814697 1132000
1723221944531 13.455708265304565 1136000
1723221958098 13.36728286743164 1140000
1723221971584 13.238571166992188 1144000
1723221986424 14.58974575996399 1148000
1723221999760 13.116684675216675 1152000
1723222013395 13.382097959518433 1156000
1723222026835 13.193873882293701 1160000
1723222040471 13.380156993865967 1164000
1723222054882 14.160767078399658 1168000
1723222068745 13.65703296661377 1172000
1723222082661 13.662524938583374 1176000
1723222096542 13.627222061157227 1180000
1723222110767 13.979528903961182 1184000
1723222123874 12.879364013671875 1188000
1723222136866 12.764768838882446 1192000
1723222149385 12.3037588596344 1196000
1723222162153 12.517091989517212 1200000
1723222175248 12.835798978805542 1204000
1723222188749 13.277313947677612 1208000
1723222202222 13.21603775024414 1212000
1723222215222 12.743205785751343 1216000
1723222228941 13.468147039413452 1220000
1723222242111 12.928215742111206 1224000
1723222255135 12.768094062805176 1228000
1723222268298 12.906483888626099 1232000
1723222281481 12.976167917251587 1236000
1723222295236 13.549669981002808 1240000
1723222308752 13.256772994995117 1244000
1723222322433 13.419443368911743 1248000
1723222335188 12.489017009735107 1252000
1723222348613 13.148668050765991 1256000
1723222361201 12.32744288444519 1260000
1723222374077 12.610092639923096 1264000
1723222386783 12.4499990940094 1268000
1723222399915 12.923146963119507 1272000
1723222413270 13.093451023101807 1276000
1723222426933 13.443602800369263 1280000
1723222440259 13.111357927322388 1284000
1723222453828 13.305340051651001 1288000
1723222467595 13.507328987121582 1292000
1723222480593 12.770561933517456 1296000
1723222493971 13.163643836975098 1300000
1723222507054 12.868769884109497 1304000
1723222520113 12.842773675918579 1308000
1723222533898 13.571923971176147 1312000
1723222547096 12.984601020812988 1316000
1723222560629 13.318498134613037 1320000
1723222574180 13.325301885604858 1324000
1723222587803 13.357870101928711 1328000
1723222600984 12.946698188781738 1332000
1723222614037 12.818794965744019 1336000
1723222627145 12.87807297706604 1340000
1723222639763 12.345893859863281 1344000
1723222653986 13.952767133712769 1348000
1723222666957 12.702269077301025 1352000
1723222680509 13.281984090805054 1356000
1723222694052 13.268982172012329 1360000
1723222707106 12.77496600151062 1364000
1723222720596 13.230295896530151 1368000
1723222733891 13.048856019973755 1372000
1723222747143 12.97513723373413 1376000
1723222760417 13.023040056228638 1380000
1723222773926 13.286200046539307 1384000
1723222787394 13.245913982391357 1388000
1723222800568 12.95592188835144 1392000
1723222813767 12.976726055145264 1396000
1723222828035 13.99859619140625 1400000
1723222841751 13.445438861846924 1404000
1723222855067 13.047179222106934 1408000
1723222868552 13.217664957046509 1412000
1723222881965 13.138111114501953 1416000
1723222895733 13.542933940887451 1420000
1723222908799 12.831279754638672 1424000
1723222922245 13.223942756652832 1428000
1723222935905 13.380520105361938 1432000
1723222949632 13.454541683197021 1436000
1723222963211 13.342845916748047 1440000
1723222976400 12.939633131027222 1444000
1723222990332 13.65123200416565 1448000
1723223003718 13.112381935119629 1452000
1723223016986 12.9915030002594 1456000
1723223030068 12.810153007507324 1460000
1723223042747 12.45350694656372 1464000
1723223056134 13.166002035140991 1468000
1723223070045 13.639950037002563 1472000
1723223083698 13.411276817321777 1476000
1723223097212 13.271240949630737 1480000
1723223110328 12.877547025680542 1484000
1723223124744 14.128281116485596 1488000
1723223138641 13.613296031951904 1492000
1723223152209 13.339088201522827 1496000
1723223166309 13.813985109329224 1500000
1723223179585 12.993458986282349 1504000
1723223193380 13.547262907028198 1508000
1723223206742 13.114631175994873 1512000
1723223219807 12.782413005828857 1516000
1723223232964 12.874608039855957 1520000
1723223246541 13.285675764083862 1524000
1723223259792 12.961378812789917 1528000
1723223273320 13.244565963745117 1532000
1723223286792 13.189854860305786 1536000
1723223300793 13.70647406578064 1540000
1723223314048 13.003902912139893 1544000
1723223327294 12.963857173919678 1548000
1723223340620 13.09131407737732 1552000
1723223354116 13.210388898849487 1556000
1723223367584 13.18404507637024 1560000
1723223380743 12.878745079040527 1564000
1723223393668 12.64117693901062 1568000
1723223407189 13.158012866973877 1572000
1723223420617 13.145576000213623 1576000
1723223434263 13.38777208328247 1580000
1723223447384 12.884118795394897 1584000
1723223460575 12.953840970993042 1588000
1723223473902 13.091823816299438 1592000
1723223487945 13.754452228546143 1596000
1723223501089 12.905255317687988 1600000
1723223514319 12.993873119354248 1604000
1723223527843 13.217909812927246 1608000
1723224061944 533.7882177829742 1612000
1723224075795 13.564116954803467 1616000
1723224088926 12.810603857040405 1620000
1723224102222 12.991341829299927 1624000
1723224274492 171.95590496063232 1628000
1723224291314 16.476669788360596 1632000
1723224305023 13.417028188705444 1636000
1723224319928 14.597301959991455 1640000
1723224332957 12.704605102539062 1644000
1723224345780 12.587637901306152 1648000
1723224359006 12.980883836746216 1652000
1723224372665 13.42006802558899 1656000
1723224386733 13.818706035614014 1660000
1723224418161 31.098994970321655 1664000
1723224438036 19.505717039108276 1668000
1723224844351 405.98742413520813 1672000
1723224857787 13.145719051361084 1676000
1723224870194 12.062088012695312 1680000
1723225074185 203.64952397346497 1684000
1723225091677 15.978835344314575 1688000
1723225104924 12.93891716003418 1692000
1723225148424 43.18729376792908 1696000
1723225161572 12.833985805511475 1700000
1723225174344 12.459971189498901 1704000
1723225187249 12.591965913772583 1708000
1723225259173 71.65527725219727 1712000
1723225271419 11.98265814781189 1716000
1723225283867 12.114405870437622 1720000
1723225296409 12.290975093841553 1724000
1723226305986 1009.2814021110535 1728000
1723226318394 12.100257873535156 1732000
1723226331174 12.484081029891968 1736000
1723226344067 12.596005201339722 1740000
1723226356711 12.347014904022217 1744000
1723226369002 12.03359580039978 1748000
1723226382066 12.764880895614624 1752000
1723226394332 11.893716096878052 1756000
1723226406827 12.20240592956543 1760000
1723226419323 12.204254388809204 1764000
1723226431745 12.132061243057251 1768000
1723226444163 12.176273107528687 1772000
1723226456566 12.098697900772095 1776000
1723226468867 12.057194948196411 1780000
1723226481635 12.502899885177612 1784000
1723226493690 11.793219804763794 1788000
1723226506021 12.036512613296509 1792000
1723226518637 12.321446895599365 1796000
1723226530777 11.897629022598267 1800000
1723226543089 12.014585733413696 1804000
1723226555638 12.297246932983398 1808000
1723226568017 12.135005950927734 1812000
1723226580387 12.123089790344238 1816000
1723226592762 12.130276203155518 1820000
1723226604765 11.756515979766846 1824000
1723226617003 11.937019109725952 1828000
1723226629623 12.316722869873047 1832000
1723226642222 12.303596019744873 1836000
1723226654360 11.837052822113037 1840000
1723226666684 12.026763916015625 1844000
1723226678908 11.967060327529907 1848000
1723226691323 12.164937973022461 1852000
1723226703661 12.079671621322632 1856000
1723226715748 11.828890085220337 1860000
1723226728416 12.335470914840698 1864000
1723226740743 12.075024127960205 1868000
1723226753194 12.195778846740723 1872000
1723226765452 12.006829261779785 1876000
1723226777481 11.724178791046143 1880000
1723226789593 11.854557991027832 1884000
1723226801803 11.958823919296265 1888000
1723226814015 11.956845045089722 1892000
1723226826162 11.898234128952026 1896000
1723226838890 12.425105094909668 1900000
1723226851056 11.914638996124268 1904000
1723226863349 12.043168067932129 1908000
1723226875578 11.975571870803833 1912000
1723226887567 11.734477758407593 1916000
1723226899733 11.905139923095703 1920000
1723226911395 11.405160903930664 1924000
1723226923179 11.52996301651001 1928000
1723226935259 11.825349807739258 1932000
1723226948495 12.902188062667847 1936000
1723226965039 16.22088122367859 1940000
1723226981338 15.958250045776367 1944000
1723226999776 18.081628799438477 1948000
1723227017725 17.55351233482361 1952000
1723227035321 17.23886728286743 1956000
1723227053226 17.520284175872803 1960000
1723227071300 17.678275108337402 1964000
1723227089337 17.68751287460327 1968000
1723227106704 16.913755178451538 1972000
1723227123583 16.512316942214966 1976000
1723227139097 15.13290286064148 1980000
1723227155014 15.541060209274292 1984000
1723227170199 14.893128156661987 1988000
1723227185173 14.694730043411255 1992000
1723227203034 17.469085931777954 1996000
1723227218868 15.453275918960571 2000000
