1723173953659 0.0 4000
1723173968283 0.0 8000
1723173984128 0.0 12000
1723173999102 0.0 16000
1723174014677 0.0 20000
1723174030117 0.0 24000
1723174046357 0.0 28000
1723174061241 0.0 32000
1723174078199 0.0 36000
1723174093351 0.0 40000
1723174108187 0.0 44000
1723174124697 0.0 48000
1723174139265 0.0 52000
1723174153165 0.0 56000
1723174167329 0.0 60000
1723174181439 0.0 64000
1723174196026 0.0 68000
1723174209821 0.0 72000
1723174224085 0.0 76000
1723174238097 0.0 80000
1723174252326 0.0 84000
1723174266676 0.0 88000
1723174280808 0.0 92000
1723174294699 0.0 96000
1723174308635 0.0 100000
1723174322361 0.0 104000
1723174336001 0.0 108000
1723174350353 0.0 112000
1723174364360 0.0 116000
1723174378757 0.0 120000
1723174394141 0.0 124000
1723174408362 0.0 128000
1723174422258 0.0 132000
1723174436612 0.0 136000
1723174450686 0.0 140000
1723174464549 0.0 144000
1723174478462 0.0 148000
1723174492174 0.0 152000
1723174505770 0.0 156000
1723174519179 0.0 160000
1723174532576 0.0 164000
1723174546899 0.0 168000
1723174560452 0.0 172000
1723174574370 0.0 176000
1723174588877 0.0 180000
1723174602460 0.0 184000
1723174616158 0.0 188000
1723174630082 0.0 192000
1723174643618 0.0 196000
1723174657312 0.0 200000
1723174671311 0.0 204000
1723174684883 0.0 208000
1723174698611 0.0 212000
1723174711817 0.0 216000
1723174725174 0.0 220000
1723174739071 0.0 224000
1723174752382 0.0 228000
1723174765898 0.0 232000
1723174779178 0.0 236000
1723174792777 0.0 240000
1723174806508 0.0 244000
1723174820241 0.0 248000
1723174833682 0.0 252000
1723174846828 0.0 256000
1723174860330 0.0 260000
1723174874169 0.0 264000
1723174887759 0.0 268000
1723174901085 0.0 272000
1723174914721 0.0 276000
1723174927746 0.0 280000
1723174941124 0.0 284000
1723174954286 0.0 288000
1723174967774 0.0 292000
1723174981031 0.0 296000
1723174994323 0.0 300000
1723175007701 0.0 304000
1723175021064 0.0 308000
1723175034425 0.0 312000
1723175047514 0.0 316000
1723175060489 0.0 320000
1723175073974 0.0 324000
1723175087354 0.0 328000
1723175100630 0.0 332000
1723175113782 0.0 336000
1723175127400 0.0 340000
1723175140631 0.0 344000
1723175153987 0.0 348000
1723175167582 0.0 352000
1723175181378 0.0 356000
1723175194564 0.0 360000
1723175208646 0.0 364000
1723175221325 0.0 368000
1723175234271 0.0 372000
1723175248057 0.0 376000
1723175261319 0.0 380000
1723175275237 0.0 384000
1723175288865 0.0 388000
1723175302427 0.0 392000
1723175315731 0.0 396000
1723175329291 0.0 400000
1723175342543 0.0 404000
1723175355800 0.0 408000
1723175369056 0.0 412000
1723175382127 0.0 416000
1723175395886 0.0 420000
1723175409506 0.0 424000
1723175423025 0.0 428000
1723175436338 0.0 432000
1723175449771 0.0 436000
1723175462918 0.0 440000
1723175476086 0.0 444000
1723175490517 0.0 448000
1723175503511 0.0 452000
1723175517152 0.0 456000
1723175530056 0.0 460000
1723175543166 0.0 464000
1723175555121 0.0 468000
1723175567967 0.0 472000
1723175581202 0.0 476000
1723175594567 0.0 480000
1723175608052 0.0 484000
1723175621301 0.0 488000
1723175634956 0.0 492000
1723175648871 0.0 496000
1723175662524 0.0 500000
1723175675901 0.0 504000
1723175689672 0.0 508000
1723175703518 0.0 512000
1723175717510 0.0 516000
1723175731105 0.0 520000
1723175744931 0.0 524000
1723175758919 0.0 528000
1723175773266 0.0 532000
1723175786718 0.0 536000
1723175800505 0.0 540000
1723175813562 0.0 544000
1723175826563 0.0 548000
1723175839831 0.0 552000
1723175853382 0.0 556000
1723175867638 0.0 560000
1723175881453 0.0 564000
1723175894876 0.0 568000
1723175910177 0.0 572000
1723175924141 0.0 576000
1723175937045 0.0 580000
1723175950588 0.0 584000
1723175963592 0.0 588000
1723175976883 0.0 592000
1723175990798 0.0 596000
1723176005524 0.0 600000
1723176019138 0.0 604000
1723176032585 0.0 608000
1723176045692 0.0 612000
1723176058124 0.0 616000
1723176071857 0.0 620000
1723176085603 0.0 624000
1723176099294 0.0 628000
1723176113474 0.0 632000
1723176126608 0.0 636000
1723176140622 0.0 640000
1723176153291 0.0 644000
1723176166535 0.0 648000
1723176180364 0.0 652000
1723176194069 0.0 656000
1723176207569 0.0 660000
1723176220840 0.0 664000
1723176234833 0.0 668000
1723176247882 0.0 672000
1723176261585 0.0 676000
1723176274900 0.0 680000
1723176289211 0.0 684000
1723176302278 0.0 688000
1723176314559 0.0 692000
1723176327971 0.0 696000
1723176341370 0.0 700000
1723176354785 0.0 704000
1723176368513 0.0 708000
1723176382072 0.0 712000
1723176395425 0.0 716000
1723176409377 0.0 720000
1723176423285 0.0 724000
1723176436562 0.0 728000
1723176448949 0.0 732000
1723176462252 0.0 736000
1723176475904 0.0 740000
1723176489214 0.0 744000
1723176503018 0.0 748000
1723176516450 0.0 752000
1723176529995 0.0 756000
1723176543310 0.0 760000
1723176556964 0.0 764000
1723176569983 0.0 768000
1723176583704 0.0 772000
1723176597542 0.0 776000
1723176610806 0.0 780000
1723176624240 0.0 784000
1723176637377 0.0 788000
1723176650702 0.0 792000
1723176663789 0.0 796000
1723176677100 0.0 800000
1723176691027 0.0 804000
1723176704878 0.0 808000
1723176718292 0.0 812000
1723176731560 0.0 816000
1723176744789 0.0 820000
1723176758050 0.0 824000
1723176771660 0.0 828000
1723176785268 0.0 832000
1723176798733 0.0 836000
1723176812034 0.0 840000
1723176825602 0.0 844000
1723176839409 0.0 848000
1723176852824 0.0 852000
1723176866179 0.0 856000
1723176879518 0.0 860000
1723176893312 0.0 864000
1723176907404 0.0 868000
1723176921198 0.0 872000
1723176934728 0.0 876000
1723176948286 0.0 880000
1723176961784 0.0 884000
1723176975554 0.0 888000
1723176989060 0.0 892000
1723177002471 0.0 896000
1723177015806 0.0 900000
1723177029246 0.0 904000
1723177042208 0.0 908000
1723177056330 0.0 912000
1723177069983 0.0 916000
1723177083489 0.0 920000
1723177097272 0.0 924000
1723177110659 0.0 928000
1723177124267 0.0 932000
1723177137994 0.0 936000
1723177151226 0.0 940000
1723177164428 0.0 944000
1723177177924 0.0 948000
1723177192500 0.0 952000
1723177205862 0.0 956000
1723177219477 0.0 960000
1723177232868 0.0 964000
1723177246453 0.0 968000
1723177260088 0.0 972000
1723177274357 0.0 976000
1723177287997 0.0 980000
1723177301985 0.0 984000
1723177315748 0.0 988000
1723177329350 0.0 992000
1723177342480 0.0 996000
1723177355642 0.0 1000000
1723177369199 0.0 1004000
1723177382896 0.0 1008000
1723177396589 0.0 1012000
1723177410327 0.0 1016000
1723177423773 0.0 1020000
1723177437347 0.0 1024000
1723177451112 0.0 1028000
1723177464808 0.0 1032000
1723177478943 0.0 1036000
1723177492986 0.0 1040000
1723177506896 0.0 1044000
1723177520564 0.0 1048000
1723177534443 0.0 1052000
1723177548282 0.0 1056000
1723177561832 0.0 1060000
1723177575983 0.0 1064000
1723177589624 0.0 1068000
1723177602445 0.0 1072000
1723177615614 0.0 1076000
1723177628959 0.0 1080000
1723177642002 0.0 1084000
1723177655432 0.0 1088000
1723177668879 0.0 1092000
1723177682583 0.0 1096000
1723177696087 0.0 1100000
1723177709631 0.0 1104000
1723177723127 0.0 1108000
1723177737073 0.0 1112000
1723177750241 0.0 1116000
1723177763814 0.0 1120000
1723177777186 0.0 1124000
1723177790740 0.0 1128000
1723177803909 0.0 1132000
1723177817062 0.0 1136000
1723177830568 0.0 1140000
1723177844277 0.0 1144000
1723177858395 0.0 1148000
1723177871991 0.0 1152000
1723177885638 0.0 1156000
1723177899154 0.0 1160000
1723177912754 0.0 1164000
1723177925743 0.0 1168000
1723177939356 0.0 1172000
1723177952345 0.0 1176000
1723177965694 0.0 1180000
1723177979164 0.0 1184000
1723177993091 0.0 1188000
1723178006577 0.0 1192000
1723178019799 0.0 1196000
1723178033075 0.0 1200000
1723178045196 0.0 1204000
1723178058697 0.0 1208000
1723178071636 0.0 1212000
1723178084970 0.0 1216000
1723178097836 0.0 1220000
1723178111162 0.0 1224000
1723178124368 0.0 1228000
1723178137700 0.0 1232000
1723178151446 0.0 1236000
1723178165209 0.0 1240000
1723178178645 0.0 1244000
1723178191711 0.0 1248000
1723178205084 0.0 1252000
1723178218992 0.0 1256000
1723178232317 0.0 1260000
1723178245746 0.0 1264000
1723178259249 0.0 1268000
1723178273072 0.0 1272000
1723178286375 0.0 1276000
1723178299573 0.0 1280000
1723178312926 0.0 1284000
1723178326961 0.0 1288000
1723178340908 0.0 1292000
1723178354524 0.0 1296000
1723178367857 0.0 1300000
1723178381155 0.0 1304000
1723178394748 0.0 1308000
1723178407728 0.0 1312000
1723178420931 0.0 1316000
1723178434430 0.0 1320000
1723178447761 0.0 1324000
1723178461255 0.0 1328000
1723178474790 0.0 1332000
1723178488266 0.0 1336000
1723178501714 0.0 1340000
1723178515741 0.0 1344000
1723178529950 0.0 1348000
1723178543447 0.0 1352000
1723178556981 0.0 1356000
1723178570409 0.0 1360000
1723178583553 0.0 1364000
1723178597130 0.0 1368000
1723178610347 0.0 1372000
1723178623502 0.0 1376000
1723178636635 0.0 1380000
1723178649952 0.0 1384000
1723178662669 0.0 1388000
1723178675166 0.0 1392000
1723178688523 0.0 1396000
1723178701629 0.0 1400000
1723178714968 0.0 1404000
1723178728605 0.0 1408000
1723178742392 0.0 1412000
1723178755626 0.0 1416000
1723178769363 0.0 1420000
1723178782888 0.0 1424000
1723178796329 0.0 1428000
1723178809898 0.0 1432000
1723178823255 0.0 1436000
1723178836145 0.0 1440000
1723178847551 0.0 1444000
1723178859350 0.0 1448000
1723178871084 0.0 1452000
1723178883058 0.0 1456000
1723178895063 0.0 1460000
1723178907108 0.0 1464000
1723178918406 0.0 1468000
1723178929975 0.0 1472000
1723178942231 0.0 1476000
1723178953906 0.0 1480000
1723178965816 0.0 1484000
1723178977748 0.0 1488000
1723178989886 0.0 1492000
1723179001764 0.0 1496000
1723179013779 0.0 1500000
1723179025400 0.0 1504000
1723179037319 0.0 1508000
1723179049036 0.0 1512000
1723179060679 0.0 1516000
1723179072652 0.0 1520000
1723179084961 0.0 1524000
1723179096621 0.0 1528000
1723179108148 0.0 1532000
1723179119735 0.0 1536000
1723179131495 0.0 1540000
1723179143280 0.0 1544000
1723179154825 0.0 1548000
1723179166550 0.0 1552000
1723179178001 0.0 1556000
1723179189836 0.0 1560000
1723179201118 0.0 1564000
1723179212755 0.0 1568000
1723179224437 0.0 1572000
1723179236348 0.0 1576000
1723179247963 0.0 1580000
1723179259157 0.0 1584000
1723179270759 0.0 1588000
1723179282452 0.0 1592000
1723179293811 0.0 1596000
1723179305096 0.0 1600000
1723179316206 0.0 1604000
1723179328016 0.0 1608000
1723179339575 0.0 1612000
1723179350970 0.0 1616000
1723179362363 0.0 1620000
1723179373650 0.0 1624000
1723179385001 0.0 1628000
1723179396250 0.0 1632000
1723179407441 0.0 1636000
1723179418927 0.0 1640000
1723179430606 0.0 1644000
1723179441955 0.0 1648000
1723179453302 0.0 1652000
1723179464705 0.0 1656000
1723179476011 0.0 1660000
1723179487831 0.0 1664000
1723179499245 0.0 1668000
1723179510786 0.0 1672000
1723179522322 0.0 1676000
1723179533960 0.0 1680000
1723179544980 0.0 1684000
1723179556241 0.0 1688000
1723179567728 0.0 1692000
1723179579119 0.0 1696000
1723179590497 0.0 1700000
1723179601869 0.0 1704000
1723179613163 0.0 1708000
1723179624310 0.0 1712000
1723179635731 0.0 1716000
1723179646989 0.0 1720000
1723179658491 0.0 1724000
1723179669916 0.0 1728000
1723179681209 0.0 1732000
1723179692561 0.0 1736000
1723179704006 0.0 1740000
1723179715259 0.0 1744000
1723179726711 0.0 1748000
1723179738192 0.0 1752000
1723179749568 0.0 1756000
1723179760764 0.0 1760000
1723179772208 0.0 1764000
1723179784214 0.0 1768000
1723179796007 0.0 1772000
1723179807477 0.0 1776000
1723179818907 0.0 1780000
1723179830433 0.0 1784000
1723179842611 0.0 1788000
1723179853867 0.0 1792000
1723179865391 0.0 1796000
1723179876427 0.0 1800000
1723179888046 0.0 1804000
1723179899497 0.0 1808000
1723179911048 0.0 1812000
1723179922422 0.0 1816000
1723179933856 0.0 1820000
1723179945178 0.0 1824000
1723179956414 0.0 1828000
1723179967992 0.0 1832000
1723179979289 0.0 1836000
1723179990781 0.0 1840000
1723180002165 0.0 1844000
1723180013343 0.0 1848000
1723180024934 0.0 1852000
1723180036574 0.0 1856000
1723180048248 0.0 1860000
1723180059783 0.0 1864000
1723180071125 0.0 1868000
1723180082532 0.0 1872000
1723180093909 0.0 1876000
1723180105081 0.0 1880000
1723180116402 0.0 1884000
1723180127878 0.0 1888000
1723180139408 0.0 1892000
1723180150908 0.0 1896000
1723180162053 0.0 1900000
1723180173299 0.0 1904000
1723180184584 0.0 1908000
1723180196179 0.0 1912000
1723180207639 0.0 1916000
1723180219035 0.0 1920000
1723180230520 0.0 1924000
1723180241785 0.0 1928000
1723180253516 0.0 1932000
1723180264994 0.0 1936000
1723180276118 0.0 1940000
1723180287575 0.0 1944000
1723180298807 0.0 1948000
1723180310163 0.0 1952000
1723180321932 0.0 1956000
1723180333069 0.0 1960000
1723180344548 0.0 1964000
1723180356195 0.0 1968000
1723180367679 0.0 1972000
1723180379185 0.0 1976000
1723180390569 0.0 1980000
1723180401971 0.0 1984000
1723180413640 0.0 1988000
1723180425400 0.0 1992000
1723180436853 0.0 1996000
1723180448699 0.0 2000000
