1723173953660 0.2 4000
1723173968284 0.2 8000
1723173984129 0.2 12000
1723173999103 0.2 16000
1723174014678 0.2 20000
1723174030118 0.2 24000
1723174046358 0.2 28000
1723174061242 0.2 32000
1723174078200 0.2 36000
1723174093351 0.2 40000
1723174108188 0.2 44000
1723174124698 0.2 48000
1723174139266 0.2 52000
1723174153166 0.2 56000
1723174167329 0.2 60000
1723174181440 0.2 64000
1723174196027 0.2 68000
1723174209821 0.2 72000
1723174224085 0.2 76000
1723174238097 0.2 80000
1723174252326 0.2 84000
1723174266678 0.2 88000
1723174280809 0.2 92000
1723174294700 0.2 96000
1723174308635 0.2 100000
1723174322362 0.2 104000
1723174336001 0.2 108000
1723174350354 0.2 112000
1723174364361 0.2 116000
1723174378758 0.2 120000
1723174394142 0.2 124000
1723174408363 0.2 128000
1723174422259 0.2 132000
1723174436613 0.2 136000
1723174450686 0.2 140000
1723174464550 0.2 144000
1723174478463 0.2 148000
1723174492175 0.2 152000
1723174505771 0.2 156000
1723174519180 0.2 160000
1723174532577 0.2 164000
1723174546900 0.2 168000
1723174560452 0.2 172000
1723174574371 0.2 176000
1723174588878 0.2 180000
1723174602461 0.2 184000
1723174616159 0.2 188000
1723174630082 0.2 192000
1723174643618 0.2 196000
1723174657313 0.2 200000
1723174671312 0.2 204000
1723174684884 0.2 208000
1723174698612 0.2 212000
1723174711817 0.2 216000
1723174725175 0.2 220000
1723174739072 0.2 224000
1723174752383 0.2 228000
1723174765899 0.2 232000
1723174779179 0.2 236000
1723174792778 0.2 240000
1723174806509 0.2 244000
1723174820242 0.2 248000
1723174833683 0.2 252000
1723174846829 0.2 256000
1723174860331 0.2 260000
1723174874170 0.2 264000
1723174887760 0.2 268000
1723174901086 0.2 272000
1723174914723 0.2 276000
1723174927747 0.2 280000
1723174941125 0.2 284000
1723174954286 0.2 288000
1723174967775 0.2 292000
1723174981031 0.2 296000
1723174994323 0.2 300000
1723175007702 0.2 304000
1723175021065 0.2 308000
1723175034426 0.2 312000
1723175047514 0.2 316000
1723175060490 0.2 320000
1723175073975 0.2 324000
1723175087354 0.2 328000
1723175100630 0.2 332000
1723175113783 0.2 336000
1723175127401 0.2 340000
1723175140632 0.2 344000
1723175153988 0.2 348000
1723175167582 0.2 352000
1723175181379 0.2 356000
1723175194565 0.2 360000
1723175208647 0.2 364000
1723175221326 0.2 368000
1723175234272 0.2 372000
1723175248058 0.2 376000
1723175261320 0.2 380000
1723175275238 0.2 384000
1723175288866 0.2 388000
1723175302428 0.2 392000
1723175315732 0.2 396000
1723175329292 0.2 400000
1723175342544 0.2 404000
1723175355801 0.2 408000
1723175369057 0.2 412000
1723175382128 0.2 416000
1723175395887 0.2 420000
1723175409507 0.2 424000
1723175423026 0.2 428000
1723175436339 0.2 432000
1723175449773 0.2 436000
1723175462919 0.2 440000
1723175476087 0.2 444000
1723175490517 0.2 448000
1723175503512 0.2 452000
1723175517153 0.2 456000
1723175530057 0.2 460000
1723175543167 0.2 464000
1723175555122 0.2 468000
1723175567968 0.2 472000
1723175581203 0.2 476000
1723175594568 0.2 480000
1723175608053 0.2 484000
1723175621302 0.2 488000
1723175634957 0.2 492000
1723175648872 0.2 496000
1723175662525 0.2 500000
1723175675902 0.2 504000
1723175689673 0.2 508000
1723175703519 0.2 512000
1723175717510 0.2 516000
1723175731105 0.2 520000
1723175744931 0.2 524000
1723175758919 0.2 528000
1723175773267 0.2 532000
1723175786718 0.2 536000
1723175800506 0.2 540000
1723175813563 0.2 544000
1723175826564 0.2 548000
1723175839832 0.2 552000
1723175853383 0.2 556000
1723175867639 0.2 560000
1723175881454 0.2 564000
1723175894877 0.2 568000
1723175910178 0.2 572000
1723175924142 0.2 576000
1723175937046 0.2 580000
1723175950590 0.2 584000
1723175963592 0.2 588000
1723175976884 0.2 592000
1723175990799 0.2 596000
1723176005526 0.2 600000
1723176019139 0.2 604000
1723176032586 0.2 608000
1723176045693 0.2 612000
1723176058124 0.2 616000
1723176071858 0.2 620000
1723176085604 0.2 624000
1723176099295 0.2 628000
1723176113474 0.2 632000
1723176126609 0.2 636000
1723176140623 0.2 640000
1723176153292 0.2 644000
1723176166537 0.2 648000
1723176180365 0.2 652000
1723176194070 0.2 656000
1723176207570 0.2 660000
1723176220840 0.2 664000
1723176234834 0.2 668000
1723176247882 0.2 672000
1723176261586 0.2 676000
1723176274902 0.2 680000
1723176289212 0.2 684000
1723176302279 0.2 688000
1723176314566 0.2 692000
1723176327972 0.2 696000
1723176341370 0.2 700000
1723176354785 0.2 704000
1723176368514 0.2 708000
1723176382073 0.2 712000
1723176395426 0.2 716000
1723176409378 0.2 720000
1723176423286 0.2 724000
1723176436562 0.2 728000
1723176448949 0.2 732000
1723176462253 0.2 736000
1723176475905 0.2 740000
1723176489215 0.2 744000
1723176503018 0.2 748000
1723176516453 0.2 752000
1723176529996 0.2 756000
1723176543310 0.2 760000
1723176556965 0.2 764000
1723176569984 0.2 768000
1723176583705 0.2 772000
1723176597543 0.2 776000
1723176610807 0.2 780000
1723176624241 0.2 784000
1723176637378 0.2 788000
1723176650703 0.2 792000
1723176663790 0.2 796000
1723176677101 0.2 800000
1723176691028 0.2 804000
1723176704879 0.2 808000
1723176718293 0.2 812000
1723176731561 0.2 816000
1723176744790 0.2 820000
1723176758050 0.2 824000
1723176771661 0.2 828000
1723176785269 0.2 832000
1723176798734 0.2 836000
1723176812034 0.2 840000
1723176825603 0.2 844000
1723176839410 0.2 848000
1723176852824 0.2 852000
1723176866180 0.2 856000
1723176879519 0.2 860000
1723176893313 0.2 864000
1723176907405 0.2 868000
1723176921198 0.2 872000
1723176934729 0.2 876000
1723176948288 0.2 880000
1723176961785 0.2 884000
1723176975555 0.2 888000
1723176989061 0.2 892000
1723177002472 0.2 896000
1723177015807 0.2 900000
1723177029247 0.2 904000
1723177042209 0.2 908000
1723177056331 0.2 912000
1723177069984 0.2 916000
1723177083490 0.2 920000
1723177097273 0.2 924000
1723177110660 0.2 928000
1723177124268 0.2 932000
1723177137995 0.2 936000
1723177151227 0.2 940000
1723177164429 0.2 944000
1723177177925 0.2 948000
1723177192501 0.2 952000
1723177205863 0.2 956000
1723177219478 0.2 960000
1723177232869 0.2 964000
1723177246454 0.2 968000
1723177260089 0.2 972000
1723177274358 0.2 976000
1723177287997 0.2 980000
1723177301985 0.2 984000
1723177315749 0.2 988000
1723177329351 0.2 992000
1723177342481 0.2 996000
1723177355643 0.2 1000000
1723177369200 0.2 1004000
1723177382897 0.2 1008000
1723177396590 0.2 1012000
1723177410328 0.2 1016000
1723177423774 0.2 1020000
1723177437347 0.2 1024000
1723177451113 0.2 1028000
1723177464809 0.2 1032000
1723177478943 0.2 1036000
1723177492988 0.2 1040000
1723177506897 0.2 1044000
1723177520565 0.2 1048000
1723177534444 0.2 1052000
1723177548283 0.2 1056000
1723177561833 0.2 1060000
1723177575984 0.2 1064000
1723177589625 0.2 1068000
1723177602446 0.2 1072000
1723177615615 0.2 1076000
1723177628959 0.2 1080000
1723177642002 0.2 1084000
1723177655433 0.2 1088000
1723177668880 0.2 1092000
1723177682584 0.2 1096000
1723177696087 0.2 1100000
1723177709632 0.2 1104000
1723177723128 0.2 1108000
1723177737074 0.2 1112000
1723177750243 0.2 1116000
1723177763814 0.2 1120000
1723177777187 0.2 1124000
1723177790741 0.2 1128000
1723177803909 0.2 1132000
1723177817063 0.2 1136000
1723177830569 0.2 1140000
1723177844278 0.2 1144000
1723177858396 0.2 1148000
1723177871993 0.2 1152000
1723177885639 0.2 1156000
1723177899155 0.2 1160000
1723177912755 0.2 1164000
1723177925744 0.2 1168000
1723177939357 0.2 1172000
1723177952346 0.2 1176000
1723177965695 0.2 1180000
1723177979165 0.2 1184000
1723177993092 0.2 1188000
1723178006578 0.2 1192000
1723178019800 0.2 1196000
1723178033076 0.2 1200000
1723178045199 0.2 1204000
1723178058697 0.2 1208000
1723178071637 0.2 1212000
1723178084971 0.2 1216000
1723178097837 0.2 1220000
1723178111163 0.2 1224000
1723178124369 0.2 1228000
1723178137701 0.2 1232000
1723178151447 0.2 1236000
1723178165210 0.2 1240000
1723178178646 0.2 1244000
1723178191712 0.2 1248000
1723178205085 0.2 1252000
1723178218993 0.2 1256000
1723178232318 0.2 1260000
1723178245747 0.2 1264000
1723178259250 0.2 1268000
1723178273073 0.2 1272000
1723178286376 0.2 1276000
1723178299574 0.2 1280000
1723178312927 0.2 1284000
1723178326962 0.2 1288000
1723178340909 0.2 1292000
1723178354525 0.2 1296000
1723178367858 0.2 1300000
1723178381156 0.2 1304000
1723178394749 0.2 1308000
1723178407729 0.2 1312000
1723178420932 0.2 1316000
1723178434431 0.2 1320000
1723178447762 0.2 1324000
1723178461256 0.2 1328000
1723178474791 0.2 1332000
1723178488267 0.2 1336000
1723178501715 0.2 1340000
1723178515742 0.2 1344000
1723178529951 0.2 1348000
1723178543448 0.2 1352000
1723178556982 0.2 1356000
1723178570410 0.2 1360000
1723178583554 0.2 1364000
1723178597131 0.2 1368000
1723178610348 0.2 1372000
1723178623503 0.2 1376000
1723178636636 0.2 1380000
1723178649953 0.2 1384000
1723178662670 0.2 1388000
1723178675167 0.2 1392000
1723178688524 0.2 1396000
1723178701630 0.2 1400000
1723178714969 0.2 1404000
1723178728606 0.2 1408000
1723178742393 0.2 1412000
1723178755627 0.2 1416000
1723178769364 0.2 1420000
1723178782889 0.2 1424000
1723178796330 0.2 1428000
1723178809899 0.2 1432000
1723178823256 0.2 1436000
1723178836146 0.2 1440000
1723178847552 0.2 1444000
1723178859351 0.2 1448000
1723178871085 0.2 1452000
1723178883059 0.2 1456000
1723178895064 0.2 1460000
1723178907109 0.2 1464000
1723178918406 0.2 1468000
1723178929975 0.2 1472000
1723178942232 0.2 1476000
1723178953907 0.2 1480000
1723178965816 0.2 1484000
1723178977749 0.2 1488000
1723178989887 0.2 1492000
1723179001764 0.2 1496000
1723179013780 0.2 1500000
1723179025401 0.2 1504000
1723179037320 0.2 1508000
1723179049037 0.2 1512000
1723179060680 0.2 1516000
1723179072653 0.2 1520000
1723179084962 0.2 1524000
1723179096622 0.2 1528000
1723179108149 0.2 1532000
1723179119735 0.2 1536000
1723179131496 0.2 1540000
1723179143281 0.2 1544000
1723179154826 0.2 1548000
1723179166550 0.2 1552000
1723179178002 0.2 1556000
1723179189837 0.2 1560000
1723179201118 0.2 1564000
1723179212756 0.2 1568000
1723179224437 0.2 1572000
1723179236348 0.2 1576000
1723179247964 0.2 1580000
1723179259157 0.2 1584000
1723179270760 0.2 1588000
1723179282453 0.2 1592000
1723179293812 0.2 1596000
1723179305097 0.2 1600000
1723179316206 0.2 1604000
1723179328017 0.2 1608000
1723179339575 0.2 1612000
1723179350971 0.2 1616000
1723179362364 0.2 1620000
1723179373651 0.2 1624000
1723179385002 0.2 1628000
1723179396251 0.2 1632000
1723179407442 0.2 1636000
1723179418928 0.2 1640000
1723179430607 0.2 1644000
1723179441956 0.2 1648000
1723179453303 0.2 1652000
1723179464706 0.2 1656000
1723179476012 0.2 1660000
1723179487832 0.2 1664000
1723179499246 0.2 1668000
1723179510787 0.2 1672000
1723179522322 0.2 1676000
1723179533960 0.2 1680000
1723179544981 0.2 1684000
1723179556242 0.2 1688000
1723179567728 0.2 1692000
1723179579120 0.2 1696000
1723179590498 0.2 1700000
1723179601869 0.2 1704000
1723179613164 0.2 1708000
1723179624310 0.2 1712000
1723179635732 0.2 1716000
1723179646990 0.2 1720000
1723179658492 0.2 1724000
1723179669916 0.2 1728000
1723179681210 0.2 1732000
1723179692562 0.2 1736000
1723179704007 0.2 1740000
1723179715260 0.2 1744000
1723179726712 0.2 1748000
1723179738193 0.2 1752000
1723179749568 0.2 1756000
1723179760765 0.2 1760000
1723179772209 0.2 1764000
1723179784215 0.2 1768000
1723179796008 0.2 1772000
1723179807478 0.2 1776000
1723179818908 0.2 1780000
1723179830434 0.2 1784000
1723179842612 0.2 1788000
1723179853868 0.2 1792000
1723179865392 0.2 1796000
1723179876428 0.2 1800000
1723179888047 0.2 1804000
1723179899497 0.2 1808000
1723179911049 0.2 1812000
1723179922423 0.2 1816000
1723179933857 0.2 1820000
1723179945179 0.2 1824000
1723179956415 0.2 1828000
1723179967992 0.2 1832000
1723179979290 0.2 1836000
1723179990782 0.2 1840000
1723180002166 0.2 1844000
1723180013344 0.2 1848000
1723180024935 0.2 1852000
1723180036575 0.2 1856000
1723180048249 0.2 1860000
1723180059784 0.2 1864000
1723180071126 0.2 1868000
1723180082532 0.2 1872000
1723180093909 0.2 1876000
1723180105082 0.2 1880000
1723180116403 0.2 1884000
1723180127879 0.2 1888000
1723180139409 0.2 1892000
1723180150908 0.2 1896000
1723180162054 0.2 1900000
1723180173299 0.2 1904000
1723180184585 0.2 1908000
1723180196179 0.2 1912000
1723180207640 0.2 1916000
1723180219035 0.2 1920000
1723180230521 0.2 1924000
1723180241786 0.2 1928000
1723180253516 0.2 1932000
1723180264995 0.2 1936000
1723180276119 0.2 1940000
1723180287576 0.2 1944000
1723180298808 0.2 1948000
1723180310164 0.2 1952000
1723180321933 0.2 1956000
1723180333070 0.2 1960000
1723180344549 0.2 1964000
1723180356196 0.2 1968000
1723180367680 0.2 1972000
1723180379186 0.2 1976000
1723180390570 0.2 1980000
1723180401971 0.2 1984000
1723180413641 0.2 1988000
1723180425400 0.2 1992000
1723180436853 0.2 1996000
1723180448700 0.2 2000000
