1723173953660 0.5277256548087648 4000
1723173968283 0.557163630742976 8000
1723173984128 0.5860455776254336 12000
1723173999102 0.6111241534035257 16000
1723174014677 0.6420348795593208 20000
1723174030117 0.6698447472026162 24000
1723174046357 0.6832999412789412 28000
1723174061242 0.7150091114724781 32000
1723174078200 0.6976989359614697 36000
1723174093351 0.7337551208358284 40000
1723174108188 0.749088633419774 44000
1723174124698 0.7584265886363408 48000
1723174139266 0.7712673343559528 52000
1723174153166 0.769824895357832 56000
1723174167329 0.7691688297488165 60000
1723174181440 0.7842931702627358 64000
1723174196027 0.7722046541406753 68000
1723174209821 0.7806545209271688 72000
1723174224085 0.7783924719437639 76000
1723174238097 0.7812638321666853 80000
1723174252326 0.7850405114973691 84000
1723174266677 0.7802531554026807 88000
1723174280808 0.7616454738357389 92000
1723174294699 0.8013661919016365 96000
1723174308635 0.7793206361591393 100000
1723174322361 0.8028883803820779 104000
1723174336001 0.7980811038761274 108000
1723174350354 0.7812903770318268 112000
1723174364360 0.8065435571979124 116000
1723174378758 0.8079077368615367 120000
1723174394142 0.780755835792697 124000
1723174408363 0.7781594209108792 128000
1723174422259 0.781223512181999 132000
1723174436613 0.7842351479416197 136000
1723174450686 0.7697650416523006 140000
1723174464550 0.8073161242278755 144000
1723174478463 0.7972958149322381 148000
1723174492175 0.7835001005348584 152000
1723174505770 0.7680426797334184 156000
1723174519179 0.7641969191901228 160000
1723174532576 0.7674816923572662 164000
1723174546899 0.7975306888421376 168000
1723174560452 0.7710761259844963 172000
1723174574370 0.7754666256143692 176000
1723174588877 0.774297108189434 180000
1723174602461 0.7877903561220101 184000
1723174616158 0.798875722056585 188000
1723174630082 0.7394208645144253 192000
1723174643618 0.7638745170218725 196000
1723174657312 0.7901941543035473 200000
1723174671312 0.7672597362745738 204000
1723174684884 0.7631882560908372 208000
1723174698612 0.7361318962476777 212000
1723174711817 0.7700095956629895 216000
1723174725175 0.7703626891822679 220000
1723174739071 0.7589916679770389 224000
1723174752382 0.7812992858125808 228000
1723174765898 0.7405116059995712 232000
1723174779179 0.6725243919707359 236000
1723174792778 0.7089675818457671 240000
1723174806508 0.7671634170074835 244000
1723174820241 0.7586118578065372 248000
1723174833682 0.7672838309766553 252000
1723174846829 0.72589031023548 256000
1723174860331 0.6931326524162968 260000
1723174874170 0.7163426301475112 264000
1723174887759 0.7190653264839598 268000
1723174901085 0.6974272078444772 272000
1723174914722 0.7231839433840827 276000
1723174927746 0.6834730570937725 280000
1723174941125 0.7120506566149969 284000
1723174954286 0.6864551457741582 288000
1723174967774 0.6958562011731432 292000
1723174981031 0.7099631525417591 296000
1723174994323 0.6857844800919506 300000
1723175007701 0.6948669881791087 304000
1723175021064 0.7140538178120099 308000
1723175034425 0.7027954540459822 312000
1723175047514 0.6885866632169866 316000
1723175060490 0.6851869059158555 320000
1723175073974 0.6840497478948417 324000
1723175087354 0.6923870213276951 328000
1723175100630 0.6908456023914594 332000
1723175113782 0.6900147343780978 336000
1723175127400 0.6959129108287764 340000
1723175140631 0.716598371611842 344000
1723175153988 0.6590202137827873 348000
1723175167582 0.6854519241984854 352000
1723175181378 0.6879313965638478 356000
1723175194564 0.6823826100386626 360000
1723175208646 0.6384384327957816 364000
1723175221326 0.6536123853203253 368000
1723175234272 0.6781518961520905 372000
1723175248058 0.6667453283642201 376000
1723175261320 0.6264553535491862 380000
1723175275238 0.6553821402344298 384000
1723175288866 0.6742852583844611 388000
1723175302428 0.5961008846865478 392000
1723175315732 0.6243301646400851 396000
1723175329292 0.5972965812852197 400000
1723175342544 0.6659331879611556 404000
1723175355800 0.595276021724897 408000
1723175369057 0.5983397244350285 412000
1723175382127 0.596408618585015 416000
1723175395887 0.6334110140589112 420000
1723175409507 0.6166921645033021 424000
1723175423026 0.6091964915289101 428000
1723175436339 0.6210445619221274 432000
1723175449772 0.5846629118137325 436000
1723175462918 0.6576792151264265 440000
1723175476087 0.6314234127283942 444000
1723175490517 0.6243998889276322 448000
1723175503512 0.6287781180430811 452000
1723175517152 0.6043070477268374 456000
1723175530056 0.6170963106848669 460000
1723175543167 0.6300218790241167 464000
1723175555121 0.6050593450876838 468000
1723175567968 0.6001445388645991 472000
1723175581202 0.5955508875455839 476000
1723175594568 0.640180204861553 480000
1723175608052 0.6155602297144579 484000
1723175621302 0.657423143215636 488000
1723175634957 0.5937891560032013 492000
1723175648872 0.6006131009429905 496000
1723175662524 0.6133088146224089 500000
1723175675902 0.6109872269609296 504000
1723175689672 0.6333313605411256 508000
1723175703518 0.5688026753141948 512000
1723175717510 0.58340001359899 516000
1723175731105 0.5918567055664586 520000
1723175744931 0.612356890981079 524000
1723175758919 0.5649529794165006 528000
1723175773266 0.5485663916519348 532000
1723175786718 0.5903886093579708 536000
1723175800506 0.6047729970609889 540000
1723175813562 0.6178777646299795 544000
1723175826564 0.5579692004842961 548000
1723175839832 0.5682244396801536 552000
1723175853382 0.568431289937902 556000
1723175867639 0.6445596475761833 560000
1723175881453 0.6023959496606749 564000
1723175894877 0.5261783854071553 568000
1723175910178 0.5798902312703167 572000
1723175924141 0.6032477201352305 576000
1723175937046 0.6064629186763831 580000
1723175950589 0.5998526008522257 584000
1723175963592 0.5993307263610211 588000
1723175976883 0.5579454497401173 592000
1723175990799 0.5974304573121646 596000
1723176005525 0.49019301615074173 600000
1723176019138 0.5877469975527719 604000
1723176032586 0.5732091872404653 608000
1723176045692 0.6122779348640577 612000
1723176058124 0.5687267107426698 616000
1723176071858 0.5238114129038567 620000
1723176085604 0.6052582146375315 624000
1723176099295 0.5623770792592079 628000
1723176113474 0.5876590536471377 632000
1723176126609 0.5264879377334253 636000
1723176140622 0.5881104742434431 640000
1723176153291 0.5242317015661838 644000
1723176166535 0.5880146110839878 648000
1723176180365 0.6020602700875161 652000
1723176194069 0.5618514513134534 656000
1723176207570 0.5824840924682769 660000
1723176220840 0.5738515667828685 664000
1723176234834 0.5670791379578993 668000
1723176247882 0.5492332735541442 672000
1723176261585 0.5656669653423712 676000
1723176274901 0.5552146308705317 680000
1723176289212 0.5679550615185541 684000
1723176302278 0.5536365639074897 688000
1723176314560 0.5627167912768134 692000
1723176327972 0.5838830469770634 696000
1723176341370 0.5475299243333069 700000
1723176354785 0.5090490532682297 704000
1723176368514 0.4988685513007725 708000
1723176382072 0.5974632175150493 712000
1723176395425 0.54253569286026 716000
1723176409377 0.4957692313225979 720000
1723176423286 0.538121353121514 724000
1723176436562 0.5809371596638192 728000
1723176448949 0.5838735742401993 732000
1723176462253 0.5203973986366962 736000
1723176475905 0.5907638732106127 740000
1723176489215 0.5222456484346102 744000
1723176503018 0.46862021352276734 748000
1723176516453 0.5366568973142627 752000
1723176529996 0.5653527798170739 756000
1723176543310 0.5629399609269825 760000
1723176556964 0.5562961605001003 764000
1723176569983 0.5622861880624125 768000
1723176583705 0.562404340188554 772000
1723176597542 0.6020526610896098 776000
1723176610807 0.550882242709821 780000
1723176624241 0.5683658144681166 784000
1723176637377 0.5673569808984902 788000
1723176650703 0.5573435346919594 792000
1723176663789 0.5651954316236871 796000
1723176677100 0.5613577398848026 800000
1723176691028 0.5571844868784678 804000
1723176704878 0.5515117180685625 808000
1723176718293 0.5946299402584844 812000
1723176731560 0.5331416074318666 816000
1723176744790 0.5713454040124061 820000
1723176758050 0.5237740336263433 824000
1723176771660 0.5211781183191648 828000
1723176785268 0.5456666258368509 832000
1723176798733 0.5771561290144075 836000
1723176812034 0.5580511262125157 840000
1723176825603 0.5574653772016366 844000
1723176839409 0.5372415348623238 848000
1723176852824 0.5355039902665514 852000
1723176866179 0.612443935062657 856000
1723176879518 0.5434421220041336 860000
1723176893313 0.56876298284277 864000
1723176907405 0.6014395034376611 868000
1723176921198 0.5525374523555556 872000
1723176934729 0.549778963620147 876000
1723176948287 0.5309812706307316 880000
1723176961785 0.5881349267900413 884000
1723176975555 0.5633312403468799 888000
1723176989061 0.5063786166938061 892000
1723177002471 0.5314108917687802 896000
1723177015807 0.5753422396772719 900000
1723177029247 0.5751549075047175 904000
1723177042209 0.47688129046495925 908000
1723177056331 0.5167747843350079 912000
1723177069983 0.5828785072668647 916000
1723177083489 0.595136247363919 920000
1723177097273 0.5426538126424272 924000
1723177110660 0.5847556067855223 928000
1723177124268 0.5204854688428818 932000
1723177137995 0.5801238520295484 936000
1723177151227 0.5870438114971134 940000
1723177164428 0.5599244794841354 944000
1723177177924 0.5561946950377302 948000
1723177192500 0.610267827004617 952000
1723177205863 0.531644387516781 956000
1723177219478 0.5155206107131556 960000
1723177232869 0.5785208585097434 964000
1723177246453 0.6132750967504285 968000
1723177260089 0.5465662396545952 972000
1723177274357 0.5242996479021319 976000
1723177287997 0.5661715725740643 980000
1723177301985 0.5706126150298626 984000
1723177315748 0.531934824390403 988000
1723177329350 0.6119813592721385 992000
1723177342480 0.5592639801878456 996000
1723177355643 0.5261727856564606 1000000
1723177369199 0.5801747363721226 1004000
1723177382896 0.5198188252588536 1008000
1723177396590 0.5544590427044859 1012000
1723177410328 0.5463606932061784 1016000
1723177423774 0.6037907278495478 1020000
1723177437347 0.5291806511158216 1024000
1723177451113 0.5485003210445668 1028000
1723177464809 0.5470553280508265 1032000
1723177478943 0.564377696505675 1036000
1723177492987 0.5474342566168477 1040000
1723177506896 0.5836243463534836 1044000
1723177520564 0.563912137951834 1048000
1723177534443 0.581904660968493 1052000
1723177548283 0.5437558576676017 1056000
1723177561832 0.5815776971479257 1060000
1723177575984 0.5804247352142706 1064000
1723177589624 0.5797315934131332 1068000
1723177602445 0.5400511986133477 1072000
1723177615614 0.5381403689583143 1076000
1723177628959 0.61555705144473 1080000
1723177642002 0.5788116173065724 1084000
1723177655432 0.5643854773425041 1088000
1723177668880 0.5759018926385869 1092000
1723177682583 0.5943989547960302 1096000
1723177696087 0.5453863734049155 1100000
1723177709632 0.5772023402524332 1104000
1723177723128 0.5606559074252633 1108000
1723177737073 0.5526622376860456 1112000
1723177750242 0.5411951887322233 1116000
1723177763814 0.6152446174875219 1120000
1723177777186 0.5886116382078076 1124000
1723177790741 0.5334979492193418 1128000
1723177803909 0.5954221460519108 1132000
1723177817062 0.5274380182913432 1136000
1723177830568 0.5948134886774611 1140000
1723177844278 0.5643377365161341 1144000
1723177858396 0.5935812427959544 1148000
1723177871992 0.6269491856825267 1152000
1723177885638 0.5357755231519118 1156000
1723177899155 0.5367526616610534 1160000
1723177912755 0.5701130732365534 1164000
1723177925744 0.5441303815402038 1168000
1723177939356 0.5726260224291196 1172000
1723177952345 0.5653734158539603 1176000
1723177965695 0.5785082915573255 1180000
1723177979164 0.5968630989234075 1184000
1723177993091 0.612917605274958 1188000
1723178006577 0.5503572538125177 1192000
1723178019800 0.5568080494695521 1196000
1723178033076 0.5782497051389928 1200000
1723178045198 0.5814399823810614 1204000
1723178058697 0.5603584624139976 1208000
1723178071636 0.5819130974405623 1212000
1723178084971 0.5526313515736702 1216000
1723178097836 0.5399237734417544 1220000
1723178111163 0.5699088889339291 1224000
1723178124368 0.559095213979694 1228000
1723178137700 0.5944910259534281 1232000
1723178151447 0.5352787376506954 1236000
1723178165209 0.5542546836936727 1240000
1723178178645 0.613375398516655 1244000
1723178191711 0.5881864810771976 1248000
1723178205084 0.5670858848602214 1252000
1723178218993 0.5275437807360439 1256000
1723178232317 0.5933598605770591 1260000
1723178245746 0.5826578223747565 1264000
1723178259249 0.5850239451684005 1268000
1723178273072 0.5526516040641788 1272000
1723178286376 0.582062262053608 1276000
1723178299573 0.5956402323453139 1280000
1723178312926 0.5564861119744625 1284000
1723178326962 0.5327919979308937 1288000
1723178340909 0.616858630379041 1292000
1723178354524 0.6109700210339634 1296000
1723178367857 0.5792007831182886 1300000
1723178381155 0.5364571018580426 1304000
1723178394749 0.5360047679315222 1308000
1723178407729 0.5682194669195946 1312000
1723178420932 0.5701111360538936 1316000
1723178434430 0.5309706324856754 1320000
1723178447761 0.5825210705505195 1324000
1723178461255 0.5655673130554087 1328000
1723178474790 0.5489873309296074 1332000
1723178488267 0.525930432172109 1336000
1723178501715 0.5403848776527753 1340000
1723178515742 0.5684886868593964 1344000
1723178529951 0.5341671734361361 1348000
1723178543447 0.5774426989204494 1352000
1723178556981 0.5686948649003996 1356000
1723178570410 0.5768876334559833 1360000
1723178583554 0.6255479337370142 1364000
1723178597130 0.5705306056226399 1368000
1723178610347 0.5482732398554365 1372000
1723178623502 0.5496238856503727 1376000
1723178636635 0.5627194782098134 1380000
1723178649953 0.5609294523055672 1384000
1723178662669 0.5715838685314706 1388000
1723178675166 0.5817873727345297 1392000
1723178688524 0.5864746643507734 1396000
1723178701630 0.611912313061403 1400000
1723178714968 0.5785295135691656 1404000
1723178728606 0.5687782405750126 1408000
1723178742393 0.5310132488396996 1412000
1723178755626 0.5537822891317361 1416000
1723178769364 0.5534808987527029 1420000
1723178782889 0.5627540173048668 1424000
1723178796330 0.5049653972399996 1428000
1723178809898 0.601760422327417 1432000
1723178823256 0.5919982489647595 1436000
1723178836145 0.5973235678218358 1440000
1723178847552 0.587063761340811 1444000
1723178859350 0.5799838409039145 1448000
1723178871085 0.5571098971874155 1452000
1723178883058 0.5969144024853166 1456000
1723178895063 0.5718090670011567 1460000
1723178907108 0.5804094547551152 1464000
1723178918406 0.5556343828109984 1468000
1723178929975 0.6174191594652251 1472000
1723178942232 0.6030176443411104 1476000
1723178953907 0.5196076761746238 1480000
1723178965816 0.5788676676175273 1484000
1723178977748 0.6380968435436276 1488000
1723178989886 0.6073439628836956 1492000
1723179001764 0.5965595378203595 1496000
1723179013780 0.5634438302658551 1500000
1723179025400 0.6051171170164508 1504000
1723179037319 0.5955292648246102 1508000
1723179049037 0.5666618591821786 1512000
1723179060679 0.597427376988509 1516000
1723179072652 0.5417047906957619 1520000
1723179084961 0.5857555060099203 1524000
1723179096621 0.6045482482153474 1528000
1723179108149 0.6120279122223246 1532000
1723179119735 0.6228362364126435 1536000
1723179131496 0.6056459310206961 1540000
1723179143281 0.5751144017839263 1544000
1723179154826 0.6047048886934071 1548000
1723179166550 0.6175985420849306 1552000
1723179178001 0.5700820669003412 1556000
1723179189837 0.5538949360502949 1560000
1723179201118 0.5858242457005994 1564000
1723179212756 0.6043956899368171 1568000
1723179224437 0.5833745054530759 1572000
1723179236348 0.6345178554983849 1576000
1723179247964 0.5975639599012145 1580000
1723179259157 0.5994443149431378 1584000
1723179270759 0.5941728337542385 1588000
1723179282453 0.5652678108067377 1592000
1723179293812 0.6167209296361774 1596000
1723179305096 0.5668813251117443 1600000
1723179316206 0.6076126717717935 1604000
1723179328017 0.5482963214317957 1608000
1723179339575 0.6218568276746054 1612000
1723179350971 0.5832975656428235 1616000
1723179362364 0.6014861317813819 1620000
1723179373650 0.6054208328220861 1624000
1723179385001 0.6055020880825976 1628000
1723179396251 0.6110305645787124 1632000
1723179407441 0.6029211749421789 1636000
1723179418928 0.5751246133700331 1640000
1723179430607 0.6195070743138062 1644000
1723179441955 0.6362805660629104 1648000
1723179453303 0.6501176493387696 1652000
1723179464706 0.6554773612013945 1656000
1723179476011 0.6159933996433062 1660000
1723179487831 0.5892403473139655 1664000
1723179499245 0.5797693829058755 1668000
1723179510787 0.5242479068273348 1672000
1723179522322 0.5774913293989837 1676000
1723179533960 0.6130782666569906 1680000
1723179544980 0.5867417495195747 1684000
1723179556242 0.5621336663551364 1688000
1723179567728 0.5944848967253739 1692000
1723179579120 0.5901889027750239 1696000
1723179590498 0.5676155918350456 1700000
1723179601869 0.6356205618022182 1704000
1723179613164 0.606734902448688 1708000
1723179624310 0.5977670922135631 1712000
1723179635732 0.584579151805411 1716000
1723179646990 0.6005058559331488 1720000
1723179658492 0.5841252356027881 1724000
1723179669916 0.6232875489068369 1728000
1723179681210 0.5992034992639055 1732000
1723179692562 0.6412459126389618 1736000
1723179704007 0.5880348307232485 1740000
1723179715260 0.5984538737552386 1744000
1723179726711 0.6033961255288293 1748000
1723179738192 0.5917281115731449 1752000
1723179749568 0.6260932506504634 1756000
1723179760765 0.619270256542145 1760000
1723179772208 0.6194414072214289 1764000
1723179784214 0.6243099421262741 1768000
1723179796007 0.5922069272250994 1772000
1723179807478 0.6318362679464598 1776000
1723179818907 0.5613742495365177 1780000
1723179830433 0.612860729656321 1784000
1723179842612 0.5924449034563616 1788000
1723179853868 0.5931715222326577 1792000
1723179865392 0.6512150686049293 1796000
1723179876428 0.6339976077806865 1800000
1723179888046 0.6162451524472405 1804000
1723179899497 0.5881254212336338 1808000
1723179911048 0.6030373771456962 1812000
1723179922423 0.5423496113548465 1816000
1723179933857 0.5818536787908128 1820000
1723179945178 0.6034571867673955 1824000
1723179956415 0.6258636493737816 1828000
1723179967992 0.6074079926237992 1832000
1723179979289 0.6271857001468645 1836000
1723179990781 0.5807317621847417 1840000
1723180002165 0.5943633729261709 1844000
1723180013343 0.596522042430039 1848000
1723180024935 0.6231001366537513 1852000
1723180036575 0.6527901810428774 1856000
1723180048248 0.6068597801716615 1860000
1723180059784 0.6109184570769046 1864000
1723180071126 0.631005452816368 1868000
1723180082532 0.604490434404806 1872000
1723180093909 0.6320890121214778 1876000
1723180105081 0.6721796431017261 1880000
1723180116402 0.6557204274526724 1884000
1723180127879 0.6072147597235146 1888000
1723180139408 0.5688270804201457 1892000
1723180150908 0.6192070364635042 1896000
1723180162054 0.6232745009850948 1900000
1723180173299 0.6109285852904861 1904000
1723180184584 0.5835349878626512 1908000
1723180196179 0.5982860265048683 1912000
1723180207639 0.6658364899615024 1916000
1723180219035 0.5963098972824449 1920000
1723180230520 0.6258387081166531 1924000
1723180241786 0.6312801315323681 1928000
1723180253516 0.6392696874784239 1932000
1723180264995 0.6626141663667158 1936000
1723180276118 0.6231954306575423 1940000
1723180287576 0.6588641939222389 1944000
1723180298808 0.6633613565923474 1948000
1723180310163 0.5904805867067465 1952000
1723180321933 0.6119057408355651 1956000
1723180333070 0.6177460467350399 1960000
1723180344549 0.6190371045089783 1964000
1723180356195 0.6544529220419573 1968000
1723180367679 0.6627971204143044 1972000
1723180379185 0.5821771631109799 1976000
1723180390569 0.6185894073429683 1980000
1723180401971 0.5958465744047723 1984000
1723180413641 0.6425894068487993 1988000
1723180425400 0.6367722639800809 1992000
1723180436853 0.6535169614862043 1996000
1723180448699 0.6121473898384588 2000000
