1723173953664 0.008572355562161856 4000
1723173968286 0.00770237076105987 8000
1723173984133 0.00973614222311945 12000
1723173999105 0.009438140440352115 16000
1723174014680 0.007635574472845385 20000
1723174030120 0.009014969193509718 24000
1723174046360 0.01102138275725036 28000
1723174061245 0.009609349249218349 32000
1723174078207 0.008673841719365994 36000
1723174093354 0.008649311560592367 40000
1723174108191 0.007865184546365651 44000
1723174124701 0.009807312161305867 48000
1723174139268 0.009934371101963692 52000
1723174153169 0.011274619239473172 56000
1723174167332 0.008746769262037034 60000
1723174181443 0.0067433194987798935 64000
1723174196030 0.00904079809649193 68000
1723174209824 0.009210099466355327 72000
1723174224088 0.008922867248166414 76000
1723174238100 0.007985499598732753 80000
1723174252329 0.008348129817418153 84000
1723174266681 0.00810816952212923 88000
1723174280811 0.009012107527175947 92000
1723174294702 0.008220708044987524 96000
1723174308638 0.007434437333555213 100000
1723174322365 0.007480029225951748 104000
1723174336004 0.0075753230274039135 108000
1723174350357 0.00805212605382383 112000
1723174364363 0.00866560053734909 116000
1723174378761 0.007812547637151907 120000
1723174394144 0.008664458622294025 124000
1723174408366 0.007865780561338524 128000
1723174422262 0.00773224745027779 132000
1723174436615 0.007075138179007296 136000
1723174450688 0.007356558566271841 140000
1723174464552 0.007239201693489046 144000
1723174478466 0.00705299545903671 148000
1723174492178 0.007987643345387105 152000
1723174505773 0.007393543777124708 156000
1723174519183 0.006848913787102924 160000
1723174532579 0.008268520433218525 164000
1723174546902 0.006576181077431877 168000
1723174560454 0.006433755546925965 172000
1723174574375 0.007249485183422859 176000
1723174588880 0.0068120524776076625 180000
1723174602464 0.007421759914102208 184000
1723174616161 0.00682117247298802 188000
1723174630085 0.00664536898330252 192000
1723174643621 0.006641922791636154 196000
1723174657315 0.006398973694075844 200000
1723174671314 0.006938173001648028 204000
1723174684887 0.00655765329437985 208000
1723174698614 0.006503086911219607 212000
1723174711820 0.007323923669024009 216000
1723174725178 0.005850898964755894 220000
1723174739074 0.0065916983758286555 224000
1723174752385 0.006662328413538279 228000
1723174765901 0.0062263684199683955 232000
1723174779182 0.006937688912974235 236000
1723174792781 0.006305184181082821 240000
1723174806511 0.006269517076331159 244000
1723174820244 0.0063146396330098515 248000
1723174833685 0.0063073520985994745 252000
1723174846832 0.006627057143197156 256000
1723174860333 0.006480478819259833 260000
1723174874173 0.006062176996524887 264000
1723174887762 0.006940332235164784 268000
1723174901088 0.005861409343263066 272000
1723174914726 0.006333623502238223 276000
1723174927749 0.005530870120157572 280000
1723174941128 0.006282055352673137 284000
1723174954289 0.006109760568226858 288000
1723174967777 0.005884505388339621 292000
1723174981034 0.006443598569978273 296000
1723174994326 0.00585428974289836 300000
1723175007704 0.005631780919970189 304000
1723175021067 0.005950323717578006 308000
1723175034429 0.005236880021708461 312000
1723175047517 0.005846651549007007 316000
1723175060492 0.005655440521716369 320000
1723175073977 0.005960975714255262 324000
1723175087357 0.006475819155341056 328000
1723175100633 0.006199729138601795 332000
1723175113785 0.006253542810207116 336000
1723175127403 0.006694612391282696 340000
1723175140634 0.006569764428977141 344000
1723175153991 0.005457137672564 348000
1723175167585 0.0058789508769456385 352000
1723175181381 0.005687833900955405 356000
1723175194567 0.006525191596351244 360000
1723175208649 0.006292544281690754 364000
1723175221329 0.006067684117259313 368000
1723175234274 0.005572253673722485 372000
1723175248062 0.005768246119529403 376000
1723175261323 0.006179151308161928 380000
1723175275241 0.005726965080214105 384000
1723175288869 0.006538344671788451 388000
1723175302431 0.005785330493409378 392000
1723175315735 0.0062986897245443105 396000
1723175329295 0.005600124807211188 400000
1723175342546 0.0052685476049818165 404000
1723175355803 0.005467336267340313 408000
1723175369060 0.005324464487745153 412000
1723175382130 0.005373480908027038 416000
1723175395890 0.005604139362037256 420000
1723175409510 0.005659868752942918 424000
1723175423028 0.0065059730958073525 428000
1723175436342 0.005969270846920457 432000
1723175449778 0.005436444619729276 436000
1723175462921 0.006272409057682061 440000
1723175476090 0.005361405658560294 444000
1723175490520 0.005254585223871161 448000
1723175503515 0.005923875726741455 452000
1723175517155 0.006444915973699774 456000
1723175530059 0.006308863808206874 460000
1723175543169 0.005540752878506751 464000
1723175555124 0.005858878183434985 468000
1723175567971 0.005887193832150123 472000
1723175581205 0.005493643850530207 476000
1723175594571 0.006103323139101889 480000
1723175608055 0.006239113383621409 484000
1723175621304 0.006427389071114654 488000
1723175634960 0.005224326539475274 492000
1723175648875 0.006124436156261441 496000
1723175662527 0.0065139856139150906 500000
1723175675905 0.005997909264302159 504000
1723175689675 0.006375634761663547 508000
1723175703521 0.005441011238150778 512000
1723175717513 0.006148935049079521 516000
1723175731108 0.00675451913782856 520000
1723175744934 0.006365602817211877 524000
1723175758922 0.005827191856757917 528000
1723175773270 0.00646467767749275 532000
1723175786721 0.00604145846240607 536000
1723175800509 0.00724393052222677 540000
1723175813567 0.005844940837070008 544000
1723175826566 0.007086210907383005 548000
1723175839835 0.005659543681358532 552000
1723175853385 0.006055830901331922 556000
1723175867641 0.006265549702745768 560000
1723175881457 0.005788464407734158 564000
1723175894881 0.006017748199607474 568000
1723175910181 0.006495052689784314 572000
1723175924145 0.0061809873730795375 576000
1723175937049 0.006562046127082472 580000
1723175950593 0.0065164609163736575 584000
1723175963595 0.006409510948754255 588000
1723175976886 0.006207141609149693 592000
1723175990802 0.006632793263630537 596000
1723176005528 0.0061815891837249375 600000
1723176019141 0.006397463333774581 604000
1723176032594 0.006236914372322991 608000
1723176045695 0.006612197979428465 612000
1723176058127 0.006286210687010627 616000
1723176071861 0.006677474220816171 620000
1723176085610 0.0068847562930330905 624000
1723176099298 0.006156697725615835 628000
1723176113477 0.0063275631441999675 632000
1723176126612 0.00596346497077218 636000
1723176140625 0.006667967074104779 640000
1723176153294 0.006659953385889445 644000
1723176166540 0.007055872535865881 648000
1723176180368 0.0067386247545271625 652000
1723176194072 0.00605900385208669 656000
1723176207573 0.0064696299510003785 660000
1723176220843 0.007023332948752495 664000
1723176234837 0.006458618742716163 668000
1723176247885 0.006805122809121682 672000
1723176261588 0.00677279439961973 676000
1723176274911 0.006630449090480978 680000
1723176289215 0.006687892327508751 684000
1723176302282 0.006742267910101015 688000
1723176314575 0.0061436687140410725 692000
1723176327976 0.007097639587445053 696000
1723176341373 0.006556686923778779 700000
1723176354788 0.00681747915759051 704000
1723176368517 0.006802505846151141 708000
1723176382076 0.0071895119913931126 712000
1723176395428 0.006876000952052025 716000
1723176409381 0.006689394712214628 720000
1723176423289 0.006803058500672866 724000
1723176436565 0.006865144468378344 728000
1723176448952 0.0071605065815202 732000
1723176462256 0.0063045507965235155 736000
1723176475908 0.007814913393849683 740000
1723176489218 0.006396643735173556 744000
1723176503023 0.006921085896716371 748000
1723176516456 0.007289845420534381 752000
1723176529999 0.007378209264039536 756000
1723176543313 0.00668077265880312 760000
1723176556968 0.007011585023584914 764000
1723176569986 0.006587817816876021 768000
1723176583707 0.008003924740109478 772000
1723176597545 0.0068153715334818 776000
1723176610810 0.0069280804829264615 780000
1723176624244 0.007248183213185132 784000
1723176637380 0.00803760029928768 788000
1723176650706 0.00805818659764326 792000
1723176663792 0.007831844242230589 796000
1723176677103 0.0071504063717299 800000
1723176691031 0.00737971441275595 804000
1723176704881 0.00784993722592024 808000
1723176718296 0.007422684556642742 812000
1723176731563 0.007665459467881129 816000
1723176744793 0.007262625988663243 820000
1723176758053 0.007924238886803065 824000
1723176771663 0.007261519545628255 828000
1723176785271 0.0074217244934534745 832000
1723176798737 0.007931081690813451 836000
1723176812037 0.007878491662061452 840000
1723176825606 0.008073615375913572 844000
1723176839412 0.007272269676777755 848000
1723176852827 0.007816311886633497 852000
1723176866182 0.008248066980845343 856000
1723176879522 0.007509581629034172 860000
1723176893316 0.007938807629431282 864000
1723176907408 0.007856466086970737 868000
1723176921201 0.007091210517674531 872000
1723176934732 0.007596444498388474 876000
1723176948291 0.008045082468431863 880000
1723176961788 0.008274957621145447 884000
1723176975558 0.007508248795935716 888000
1723176989063 0.007356639849896605 892000
1723177002474 0.007946545469649888 896000
1723177015810 0.00791641445228741 900000
1723177029250 0.008639061446424248 904000
1723177042212 0.007065707146664457 908000
1723177056334 0.008374307005690368 912000
1723177069986 0.008128159809506786 916000
1723177083492 0.008377766057290756 920000
1723177097277 0.007392584971537052 924000
1723177110663 0.007982432676855503 928000
1723177124271 0.00773844402250976 932000
1723177137998 0.007712392135284743 936000
1723177151230 0.00785820438014775 940000
1723177164431 0.007800870823352128 944000
1723177177927 0.0075634377043529545 948000
1723177192503 0.008217437025448096 952000
1723177205866 0.007875789422552057 956000
1723177219481 0.008516817642373876 960000
1723177232871 0.009172444317881457 964000
1723177246456 0.008275299373254679 968000
1723177260092 0.007967114906366113 972000
1723177274361 0.007343747008691469 976000
1723177288000 0.00856030253942259 980000
1723177301988 0.0077279531867088256 984000
1723177315752 0.008336410982849445 988000
1723177329353 0.008407687780563394 992000
1723177342483 0.008245018481575928 996000
1723177355646 0.008095473345666074 1000000
1723177369203 0.008800272295387384 1004000
1723177382899 0.007917177247947483 1008000
1723177396593 0.008629040541910582 1012000
1723177410331 0.008403260547479419 1016000
1723177423778 0.008001694540148221 1020000
1723177437350 0.008009367253686315 1024000
1723177451115 0.00840295887685229 1028000
1723177464811 0.00809397634781951 1032000
1723177478946 0.00846765474714826 1036000
1723177492992 0.008011049978790123 1040000
1723177506899 0.008298953869334474 1044000
1723177520567 0.007808108125274703 1048000
1723177534447 0.008452264009266077 1052000
1723177548285 0.008548293972693731 1056000
1723177561835 0.009183538112796947 1060000
1723177575987 0.008283192003411015 1064000
1723177589627 0.008898357673855668 1068000
1723177602448 0.008786780648888241 1072000
1723177615617 0.008193507112372385 1076000
1723177628962 0.0084699326912492 1080000
1723177642005 0.008676233136916638 1084000
1723177655436 0.00866809658199606 1088000
1723177668883 0.008657114611844346 1092000
1723177682587 0.008878033221443043 1096000
1723177696090 0.008585349742117457 1100000
1723177709635 0.009063763482138592 1104000
1723177723131 0.008421257639852927 1108000
1723177737076 0.008713670664154903 1112000
1723177750245 0.009005210479402974 1116000
1723177763817 0.009174388157258996 1120000
1723177777190 0.009264161768061496 1124000
1723177790743 0.00944741913147935 1128000
1723177803912 0.009971042135742268 1132000
1723177817065 0.00862851105447566 1136000
1723177830571 0.009602630126869792 1140000
1723177844281 0.008530657392611345 1144000
1723177858399 0.008531281088606735 1148000
1723177871998 0.009436389916778573 1152000
1723177885641 0.008652113493615683 1156000
1723177899158 0.008793247975670075 1160000
1723177912758 0.009634627348595222 1164000
1723177925747 0.008733129493249394 1168000
1723177939360 0.009649624904008667 1172000
1723177952348 0.009358790425711713 1176000
1723177965698 0.009276422936214 1180000
1723177979168 0.009379378259046865 1184000
1723177993094 0.009157290707642818 1188000
1723178006580 0.00881624731996425 1192000
1723178019803 0.009323611200480185 1196000
1723178033082 0.009607934713605475 1200000
1723178045202 0.009497041646626155 1204000
1723178058700 0.0103292611178643 1208000
1723178071639 0.009589608151313541 1212000
1723178084974 0.009566089783446013 1216000
1723178097840 0.008789136131448185 1220000
1723178111165 0.009533611933535115 1224000
1723178124372 0.009486549679246259 1228000
1723178137704 0.009266949835273656 1232000
1723178151450 0.009307024509931608 1236000
1723178165213 0.009934324044473577 1240000
1723178178648 0.008948494768746292 1244000
1723178191714 0.00947031703387041 1248000
1723178205087 0.009306888790877516 1252000
1723178218996 0.009323478506160578 1256000
1723178232320 0.009815530651641235 1260000
1723178245749 0.009328651672016434 1264000
1723178259252 0.00962837677383594 1268000
1723178273075 0.010323025130612002 1272000
1723178286379 0.009876408916183596 1276000
1723178299576 0.009551182812740616 1280000
1723178312929 0.009621174919218965 1284000
1723178326965 0.009372084155791077 1288000
1723178340912 0.010542645144700723 1292000
1723178354527 0.00929000654314485 1296000
1723178367860 0.010082999492936805 1300000
1723178381158 0.009117611191274739 1304000
1723178394752 0.009203281609084922 1308000
1723178407732 0.010444260351133421 1312000
1723178420935 0.009212420600862048 1316000
1723178434433 0.00926298893578291 1320000
1723178447764 0.009939316128398821 1324000
1723178461258 0.009809438967221536 1328000
1723178474794 0.01002122687706207 1332000
1723178488269 0.010057952121119923 1336000
1723178501717 0.00980635960695631 1340000
1723178515745 0.009912224069920842 1344000
1723178529953 0.00987492562075248 1348000
1723178543450 0.010507649243189948 1352000
1723178556984 0.010305593662341128 1356000
1723178570412 0.010186473169841222 1360000
1723178583557 0.010540605493929192 1364000
1723178597133 0.009359193687816729 1368000
1723178610350 0.010227260114499393 1372000
1723178623505 0.010752492474390184 1376000
1723178636638 0.010610456409310898 1380000
1723178649956 0.010120262420450962 1384000
1723178662672 0.009657226469231393 1388000
1723178675169 0.010227553945975418 1392000
1723178688527 0.009566322973831417 1396000
1723178701632 0.010445031797489906 1400000
1723178714971 0.010125138990052497 1404000
1723178728609 0.01062362430046249 1408000
1723178742396 0.00991626596701982 1412000
1723178755630 0.010367415129189084 1416000
1723178769367 0.010473977872468742 1420000
1723178782892 0.010018788863171944 1424000
1723178796333 0.009595402139867355 1428000
1723178809901 0.01100610539312149 1432000
1723178823259 0.010427117481515681 1436000
1723178836148 0.010192041413781962 1440000
1723178847555 0.010972705990607113 1444000
1723178859353 0.010445659966207667 1448000
1723178871087 0.010789045806337366 1452000
1723178883061 0.010934127574687546 1456000
1723178895066 0.010511213396806557 1460000
1723178907111 0.010030723369327244 1464000
1723178918409 0.010392872928862951 1468000
1723178929978 0.011328379310036905 1472000
1723178942234 0.010612418869218442 1476000
1723178953909 0.010267347751362269 1480000
1723178965819 0.011532550645362375 1484000
1723178977751 0.011457576056135222 1488000
1723178989889 0.010510092121150826 1492000
1723179001767 0.010151326017888205 1496000
1723179013783 0.010836529213467661 1500000
1723179025404 0.011122723769417166 1504000
1723179037322 0.01069673754210165 1508000
1723179049040 0.010476520158389405 1512000
1723179060682 0.00985484913930404 1516000
1723179072655 0.01020409669401955 1520000
1723179084964 0.011028021216664517 1524000
1723179096624 0.010543136453235225 1528000
1723179108152 0.011090675684012948 1532000
1723179119738 0.010736423948634048 1536000
1723179131498 0.01116638283520293 1540000
1723179143283 0.01060480726845475 1544000
1723179154828 0.011156460955222115 1548000
1723179166553 0.01224521287458744 1552000
1723179178004 0.011308600419489615 1556000
1723179189839 0.01118774790556749 1560000
1723179201121 0.010817524570808297 1564000
1723179212759 0.011738929596469886 1568000
1723179224440 0.011770767349956027 1572000
1723179236351 0.011996444635505412 1576000
1723179247966 0.011387375528256041 1580000
1723179259160 0.011823253056817412 1584000
1723179270762 0.0114503853951467 1588000
1723179282455 0.01128055068884485 1592000
1723179293814 0.011281263189557258 1596000
1723179305099 0.010922639442868523 1600000
1723179316209 0.011708635800392931 1604000
1723179328020 0.0103909409121553 1608000
1723179339578 0.011865560502357334 1612000
1723179350973 0.010897812438539368 1616000
1723179362366 0.010992367568079123 1620000
1723179373653 0.011508341578619493 1624000
1723179385004 0.011723856434692835 1628000
1723179396254 0.011585667648008063 1632000
1723179407444 0.010885228241899803 1636000
1723179418931 0.010733212289119097 1640000
1723179430609 0.011937864406349193 1644000
1723179441958 0.011575038002026338 1648000
1723179453305 0.011811724849269498 1652000
1723179464709 0.012078327321691316 1656000
1723179476014 0.011139435680186754 1660000
1723179487834 0.01208403759329138 1664000
1723179499248 0.011433235859590402 1668000
1723179510790 0.010291911642026384 1672000
1723179522325 0.012291102715393925 1676000
1723179533963 0.011385449511161426 1680000
1723179544983 0.012083180096266407 1684000
1723179556245 0.012000377344294124 1688000
1723179567731 0.012342570975226137 1692000
1723179579122 0.012141399910828953 1696000
1723179590500 0.011941948711984186 1700000
1723179601872 0.012974927359230871 1704000
1723179613166 0.01151154027294075 1708000
1723179624313 0.011756514491010643 1712000
1723179635734 0.01181254897654342 1716000
1723179646992 0.01191574780126374 1720000
1723179658494 0.011645714248607794 1724000
1723179669919 0.012600067015707114 1728000
1723179681212 0.012417515827352846 1732000
1723179692564 0.013100083490990837 1736000
1723179704009 0.011545773428050209 1740000
1723179715262 0.012029449257932357 1744000
1723179726714 0.013178914045406298 1748000
1723179738196 0.012092830395000394 1752000
1723179749571 0.012298055771108101 1756000
1723179760767 0.011915025139464594 1760000
1723179772211 0.011429248415448614 1764000
1723179784217 0.011176687210483404 1768000
1723179796010 0.011385272496123608 1772000
1723179807481 0.01309891841135685 1776000
1723179818910 0.011110327325621509 1780000
1723179830436 0.011764965497671864 1784000
1723179842614 0.01295858957860662 1788000
1723179853871 0.011603898662369353 1792000
1723179865394 0.011705227722141817 1796000
1723179876430 0.011782384624021095 1800000
1723179888049 0.011641672054835774 1804000
1723179899500 0.011066299772175176 1808000
1723179911051 0.0127686785164921 1812000
1723179922425 0.01159439927856358 1816000
1723179933859 0.0134295972405072 1820000
1723179945181 0.012299304219053325 1824000
1723179956417 0.012247388738734948 1828000
1723179967995 0.012427797465001639 1832000
1723179979292 0.012203242023472704 1836000
1723179990784 0.013277203488132073 1840000
1723180002168 0.01266346430709222 1844000
1723180013346 0.01348488711457405 1848000
1723180024938 0.012682360407114252 1852000
1723180036578 0.01226703009706745 1856000
1723180048251 0.012777110823977082 1860000
1723180059787 0.012515942372132409 1864000
1723180071129 0.0128132028531625 1868000
1723180082535 0.011793391901257355 1872000
1723180093912 0.013117766877564399 1876000
1723180105084 0.012979071050011821 1880000
1723180116405 0.012847311373748588 1884000
1723180127881 0.013359781040566867 1888000
1723180139411 0.012715414946495073 1892000
1723180150911 0.013387868890406909 1896000
1723180162057 0.013697819775413336 1900000
1723180173302 0.013337303423651338 1904000
1723180184587 0.011825876475640937 1908000
1723180196182 0.013444620213747507 1912000
1723180207642 0.014140124449043076 1916000
1723180219038 0.012126174175713633 1920000
1723180230523 0.012780328145334944 1924000
1723180241788 0.013009071972212275 1928000
1723180253519 0.012589797868495 1932000
1723180264997 0.013283429829518887 1936000
1723180276121 0.01315159405949299 1940000
1723180287578 0.012980962305741516 1944000
1723180298810 0.012898327479907734 1948000
1723180310167 0.012165186795100109 1952000
1723180321935 0.01282078327841773 1956000
1723180333073 0.012632604837806939 1960000
1723180344551 0.012728481832566682 1964000
1723180356198 0.013359477537493142 1968000
1723180367682 0.012571882641352916 1972000
1723180379188 0.012432056209581793 1976000
1723180390572 0.013443069931207856 1980000
1723180401974 0.012874909405243704 1984000
1723180413643 0.013153850588516555 1988000
1723180425403 0.012273933898227155 1992000
1723180436856 0.013030031967901987 1996000
1723180448702 0.012692351664021375 2000000
