1723217322615 1410.5 4000
1723217337911 4230.5 8000
1723217353035 7050.5 12000
1723217368196 9870.5 16000
1723217383137 12690.5 20000
1723217398325 15510.5 24000
1723217413477 18330.5 28000
1723217428531 21150.5 32000
1723217443828 23970.5 36000
1723217459085 26790.5 40000
1723217474671 29610.5 44000
1723217489926 32430.5 48000
1723217505212 35250.5 52000
1723217520506 38070.5 56000
1723217535609 40890.5 60000
1723217550873 43710.5 64000
1723217566141 46530.5 68000
1723217581426 49350.5 72000
1723217596873 52170.5 76000
1723217612342 54990.5 80000
1723217629713 57810.5 84000
1723217646560 60630.5 88000
1723217663319 63450.5 92000
1723217680421 66270.5 96000
1723217697095 69090.5 100000
1723217713438 71910.5 104000
1723217730180 74730.5 108000
1723217747527 77550.5 112000
1723217764289 80370.5 116000
1723217780024 83190.5 120000
1723217796380 86010.5 124000
1723217812993 88830.5 128000
1723217829974 91650.5 132000
1723217846721 94470.5 136000
1723217864119 97290.5 140000
1723217881199 100110.5 144000
1723217898205 102930.5 148000
1723217915515 105750.5 152000
1723217932683 108570.5 156000
1723217949223 111390.5 160000
1723217966040 114210.5 164000
1723217983096 117030.5 168000
1723217999669 119850.5 172000
1723218015896 122670.5 176000
1723218032526 125490.5 180000
1723218048964 128310.5 184000
1723218065441 131130.5 188000
1723218082290 133950.5 192000
1723218098862 136770.5 196000
1723218115774 139590.5 200000
1723218132647 142410.5 204000
1723218149606 145230.5 208000
1723218166193 148050.5 212000
1723218182855 150870.5 216000
1723218197939 153690.5 220000
1723218214828 156510.5 224000
1723218231361 159330.5 228000
1723218247642 162150.5 232000
1723218263801 164970.5 236000
1723218279817 167790.5 240000
1723218296734 170610.5 244000
1723218313478 173430.5 248000
1723218330101 176250.5 252000
1723218346451 179070.5 256000
1723218362758 181890.5 260000
1723218378684 184710.5 264000
1723218394163 187530.5 268000
1723218410033 190350.5 272000
1723218426132 193170.5 276000
1723218442138 195990.5 280000
1723218457810 198810.5 284000
1723218472711 201630.5 288000
1723218488767 204450.5 292000
1723218504441 207270.5 296000
1723218520114 210090.5 300000
1723218535998 212910.5 304000
1723218551495 215730.5 308000
1723218567928 218550.5 312000
1723218585228 221370.5 316000
1723218601539 224190.5 320000
1723218617812 227010.5 324000
1723218634176 229830.5 328000
1723218650372 232650.5 332000
1723218666986 235470.5 336000
1723218683266 238290.5 340000
1723218699656 241110.5 344000
1723218824370 243930.5 348000
1723218841053 246750.5 352000
1723218857181 249570.5 356000
1723218872442 252390.5 360000
1723218889772 255210.5 364000
1723218904880 258030.5 368000
1723218920308 260850.5 372000
1723218935519 263670.5 376000
1723218951049 266490.5 380000
1723218966503 269310.5 384000
1723218984923 272130.5 388000
1723219006478 274950.5 392000
1723219023291 277770.5 396000
1723219038413 280590.5 400000
1723219052688 283410.5 404000
1723219068904 286230.5 408000
1723219084835 289050.5 412000
1723219100561 291870.5 416000
1723219116562 294690.5 420000
1723219132587 297510.5 424000
1723219149046 300330.5 428000
1723219166410 303150.5 432000
1723219182957 305970.5 436000
1723219199681 308790.5 440000
1723219215703 311610.5 444000
1723219232222 314430.5 448000
1723219248193 317250.5 452000
1723219264435 320070.5 456000
1723219280455 322890.5 460000
1723219296375 325710.5 464000
1723219312547 328530.5 468000
1723219328170 331350.5 472000
1723219345871 334170.5 476000
1723219362391 336990.5 480000
1723219378712 339810.5 484000
1723219394370 342630.5 488000
1723219410537 345450.5 492000
1723219425376 348270.5 496000
1723219440742 351090.5 500000
1723219456555 353910.5 504000
1723219472412 356730.5 508000
1723219487480 359550.5 512000
1723219502854 362370.5 516000
1723219518723 365190.5 520000
1723219534880 368010.5 524000
1723219550514 370830.5 528000
1723219566228 373650.5 532000
1723219582209 376470.5 536000
1723219598416 379290.5 540000
1723219613829 382110.5 544000
1723219631228 384930.5 548000
1723219647048 387750.5 552000
1723219662513 390570.5 556000
1723219678961 393390.5 560000
1723219694576 396210.5 564000
1723219710168 399030.5 568000
1723219725958 401850.5 572000
1723219741513 404670.5 576000
1723219755705 407490.5 580000
1723219771259 410310.5 584000
1723219787789 413130.5 588000
1723219803382 415950.5 592000
1723219818972 418770.5 596000
1723219834636 421590.5 600000
1723219850307 424410.5 604000
1723219867243 427230.5 608000
1723219883521 430050.5 612000
1723219899035 432870.5 616000
1723219914460 435690.5 620000
1723219929595 438510.5 624000
1723219945410 441330.5 628000
1723219961069 444150.5 632000
1723219976574 446970.5 636000
1723219992034 449790.5 640000
1723220007708 452610.5 644000
1723220023077 455430.5 648000
1723220037560 458250.5 652000
1723220052770 461070.5 656000
1723220068416 463890.5 660000
1723220084201 466710.5 664000
1723220099959 469530.5 668000
1723220115403 472350.5 672000
1723220131560 475170.5 676000
1723220147208 477990.5 680000
1723220162715 480810.5 684000
1723220178636 483630.5 688000
1723220194700 486450.5 692000
1723220210373 489270.5 696000
1723220225765 492090.5 700000
1723220240856 494910.5 704000
1723220256976 497730.5 708000
1723220272381 500550.5 712000
1723220288431 503370.5 716000
1723220304234 506190.5 720000
1723220318929 509010.5 724000
1723220334081 511830.5 728000
1723220349576 514650.5 732000
1723220365489 517470.5 736000
1723220381158 520290.5 740000
1723220396846 523110.5 744000
1723220412371 525930.5 748000
1723220428435 528750.5 752000
1723220444478 531570.5 756000
1723220459756 534390.5 760000
1723220475852 537210.5 764000
1723220492470 540030.5 768000
1723220508415 542850.5 772000
1723220524329 545670.5 776000
1723220540111 548490.5 780000
1723220556338 551310.5 784000
1723220571986 554130.5 788000
1723220588319 556950.5 792000
1723220604390 559770.5 796000
1723220619919 562590.5 800000
