1723235371647 1.3379224067960345 4000
1723235378924 1.2386772890772455 8000
1723235386252 1.1875596210780803 12000
1723235393497 1.1514759994203208 16000
1723235401582 1.1172215844129731 20000
1723235409714 1.0650947734004355 24000
1723235417441 1.0490836067689722 28000
1723235425110 1.0456567701905346 32000
1723235432806 1.0494739140795957 36000
1723235440405 1.0532891094195502 40000
1723235447963 1.0527289705202163 44000
1723235455373 1.0505413586306758 48000
1723235463673 1.0461742167798271 52000
1723235472476 1.0422734601773755 56000
1723235480504 1.0373425758327353 60000
1723235488362 1.0318750438904762 64000
1723235496390 1.0275947260378007 68000
1723235504176 1.0244595889631853 72000
1723235511848 1.0213729341600655 76000
1723235519493 1.017396532273382 80000
1723235527142 1.013732981985761 84000
1723235535243 1.0109452646462609 88000
1723235543155 1.0073851485814784 92000
1723235550871 1.005909066233996 96000
1723235558559 1.0055523393626058 100000
1723235566504 1.0046238032321622 104000
1723235574133 1.0042020570679768 108000
1723235581758 1.0030153049471615 112000
1723235589249 1.0013066846526721 116000
1723235597023 0.9980645816471942 120000
1723235604807 0.9963553438242979 124000
1723235612439 0.9944033856261502 128000
1723235620018 0.9933698843278781 132000
1723235627487 0.9918145112136798 136000
1723235635040 0.9913770443638967 140000
1723235642597 0.9900777815856151 144000
1723235649991 0.9884047445341047 148000
1723235658153 0.9863591900300108 152000
1723235665653 0.9844883162699586 156000
1723235673109 0.9829568317817483 160000
1723235680587 0.9819871168793881 164000
1723235688324 0.9805288323879517 168000
1723235696264 0.9804766059136408 172000
1723235704171 0.9809401497559085 176000
1723235712324 0.9806381455840326 180000
1723235720690 0.9828490093758127 184000
1723235728513 0.9852263903866145 188000
1723235736319 0.9872650014714998 192000
1723235745100 0.9900714932749 196000
1723235753669 0.9928325992482587 200000
1723235761912 0.993833347255227 204000
1723235770806 0.9957874150682019 208000
1723235779614 0.9974011727102274 212000
1723235787721 0.9987845170567573 216000
1723235795541 0.9997853053230873 220000
1723235803402 1.0004618346581353 224000
1723235811873 1.0010274935584054 228000
1723235819869 1.00096258959138 232000
1723235828094 1.001025799504852 236000
1723235837185 1.001222560378167 240000
1723235846435 1.0021367942392627 244000
1723235854665 1.0036878509558962 248000
1723235862682 1.0051016087472622 252000
1723235871602 1.0063732005771047 256000
1723235879803 1.0083763699255845 260000
1723235887671 1.0096192966927235 264000
1723235895444 1.0097536119217005 268000
1723235903240 1.009664160263663 272000
1723235910870 1.009523407967845 276000
1723235918386 1.0085286199040095 280000
1723235925818 1.0077362385179176 284000
1723235933342 1.0067889519126239 288000
1723235940797 1.0058718085609795 292000
1723235948489 1.00441769129981 296000
1723235956696 1.003123650360433 300000
1723235964328 1.0018591369346657 304000
1723235971887 1.0013143200240984 308000
1723235979262 1.0005797123248867 312000
1723235986645 0.9999383149715472 316000
1723235994145 0.9991309640527299 320000
1723236001692 0.998978551291636 324000
1723236009524 0.9996377623082836 328000
1723236017775 1.0007587312762574 332000
1723236025217 1.0017911529172117 336000
1723236032674 1.0028159739386904 340000
1723236039843 1.0031003800037195 344000
1723236047281 1.0022883793908641 348000
1723236054631 1.001640561024877 352000
1723236062029 1.0007598296559335 356000
1723236069572 1.0003613333757897 360000
1723236077504 0.9997192232533822 364000
1723236085034 0.9991725124962962 368000
1723236092466 0.9986765958172856 372000
1723236099647 0.998001570713262 376000
1723236107169 0.997275881307858 380000
1723236114612 0.9967254099401395 384000
1723236122006 0.9961630370281347 388000
1723236129391 0.9952962747001318 392000
1723236137539 0.9951455704671018 396000
1723236145310 0.9948888338307741 400000
1723236153309 0.9946223442449268 404000
1723236160692 0.9944539513343266 408000
1723236168463 0.9943833730541334 412000
1723236175888 0.9940763599745169 416000
1723236183216 0.9936533036719678 420000
1723236190713 0.9932817829035544 424000
1723236199053 0.9928551133142497 428000
1723236207010 0.9928628847631255 432000
1723236214516 0.9929553583565125 436000
1723236221922 0.9933043180206647 440000
1723236229332 0.9933033363905507 444000
1723236237231 0.9930583578463037 448000
1723236244779 0.9927146383927125 452000
1723236252156 0.9923798649738346 456000
1723236259974 0.9924858093365804 460000
1723236267703 0.9929686422390429 464000
1723236275123 0.992911047686114 468000
1723236282684 0.9928809870157633 472000
1723236290639 0.9922878175092253 476000
1723236298111 0.9915296519179408 480000
1723236305548 0.9908363970762979 484000
1723236313024 0.9901501250349238 488000
1723236320556 0.989823396064255 492000
1723236328059 0.9893423091846089 496000
1723236335529 0.9890212571582724 500000
1723236342860 0.9886582207506934 504000
1723236350203 0.9886186749174583 508000
1723236357623 0.9881909337618475 512000
1723236365111 0.9876941461186438 516000
1723236372296 0.9875589954507924 520000
1723236380400 0.9883847297808742 524000
1723236387828 0.9891809172266303 528000
1723236395164 0.9898320296655847 532000
1723236402656 0.9905524937907544 536000
1723236409888 0.9909328832789822 540000
1723236417385 0.9908010382847274 544000
1723236424770 0.9907646057082434 548000
1723236432164 0.990567719930701 552000
1723236440457 0.9914235539230813 556000
1723236448127 0.9923265182104096 560000
1723236455529 0.9931587442546576 564000
1723236462899 0.9936419533433539 568000
1723236470403 0.9942189738148909 572000
1723236477759 0.9941112972331855 576000
1723236485188 0.9935844386927002 580000
1723236492695 0.993115374041741 584000
1723236501155 0.9927807768787676 588000
1723236509211 0.9925259281282447 592000
1723236516790 0.9922399924242719 596000
1723236524800 0.9922789704754318 600000
1723236532705 0.992041043837128 604000
1723236540366 0.9919631314512241 608000
1723236548000 0.9917319080803944 612000
1723236555547 0.9914175293390467 616000
1723236563374 0.9909990916593281 620000
1723236571083 0.9908999196299872 624000
1723236579072 0.9905371858643872 628000
1723236587240 0.990369127314178 632000
1723236595885 0.9902413388136266 636000
1723236606217 0.9909595280729411 640000
1723236614514 0.9914389549845509 644000
1723236622843 0.9922653846516112 648000
1723236631052 0.9931558476390737 652000
1723236639439 0.9939771060921943 656000
1723236647311 0.9942208211311843 660000
1723236654955 0.9940834145948304 664000
1723236662548 0.9941100969983688 668000
1723236670114 0.9939796772527261 672000
1723236677672 0.9938499434208131 676000
1723236685337 0.9934418525365111 680000
1723236693002 0.993295109666781 684000
1723236700925 0.9929468047603018 688000
1723236708865 0.9928035777815805 692000
1723236716402 0.9928333513127618 696000
1723236724215 0.9926860804291263 700000
1723236731974 0.9926616846203586 704000
1723236740014 0.9931129077147678 708000
1723236748384 0.9937185039758694 712000
1723236756292 0.9942266068622871 716000
1723236764561 0.9948347612450289 720000
1723236773323 0.9956797425685282 724000
1723236781624 0.9960974681746743 728000
1723236789995 0.9964893320381438 732000
1723236798059 0.9968332143136788 736000
1723236806072 0.9969193922010449 740000
1723236813743 0.9969817336926396 744000
1723236821781 0.9969300803605441 748000
1723236829356 0.9966119466026019 752000
1723236836751 0.9962829706230554 756000
1723236844320 0.9960199554121617 760000
1723236851850 0.9957438199452039 764000
1723236860138 0.9957674993448487 768000
1723236867641 0.9956933733405294 772000
1723236875106 0.9956721022801719 776000
1723236882499 0.9957319293237081 780000
1723236890089 0.9956379163590076 784000
1723236897571 0.9954641178090874 788000
1723236905132 0.995316481520901 792000
1723236912733 0.9949902279062134 796000
1723236920338 0.9945065989881889 800000
