1723235371648 0.08049761857975399 4000
1723235378925 0.07289149361867278 8000
1723235386253 0.06892330589106122 12000
1723235393497 0.06634484039092084 16000
1723235401583 0.06374367421945172 20000
1723235409714 0.05986107282116267 24000
1723235417442 0.05861509541518183 28000
1723235425111 0.058355993857258585 32000
1723235432807 0.058530418245249294 36000
1723235440406 0.058927814506352955 40000
1723235447964 0.05846661757132148 44000
1723235455374 0.05833250556178667 48000
1723235463674 0.05809280022088098 52000
1723235472477 0.057538697201307 56000
1723235480505 0.05712309713491063 60000
1723235488362 0.05683680552880528 64000
1723235496391 0.05653802493718535 68000
1723235504177 0.05625423977264862 72000
1723235511849 0.05605225231000249 76000
1723235519493 0.055841793631804304 80000
1723235527143 0.05553644845059923 84000
1723235535244 0.055285871044063344 88000
1723235543156 0.055076027320545756 92000
1723235550872 0.055003209101025394 96000
1723235558559 0.05496954158384889 100000
1723235566505 0.05493886242047527 104000
1723235574134 0.05496992082703429 108000
1723235581759 0.05489912685313476 112000
1723235589250 0.05471777136934182 116000
1723235597024 0.05455905665187471 120000
1723235604807 0.05442539562076811 124000
1723235612440 0.0542512355058323 128000
1723235620019 0.05417459357339178 132000
1723235627488 0.05408205028390856 136000
1723235635040 0.054090863317886165 140000
1723235642598 0.05402862275722563 144000
1723235649992 0.05392781687181629 148000
1723235658154 0.0537369841761857 152000
1723235665653 0.05371914348253773 156000
1723235673110 0.053581261308129645 160000
1723235680588 0.05352483846826935 164000
1723235688325 0.05349064463287037 168000
1723235696265 0.05350935498880939 172000
1723235704172 0.053502550229852106 176000
1723235712325 0.05351107298850218 180000
1723235720691 0.05363940593023465 184000
1723235728513 0.05375597753945579 188000
1723235736320 0.053868116498359174 192000
1723235745101 0.05402983952428408 196000
1723235753669 0.0540986201472142 200000
1723235761913 0.0541712065364022 204000
1723235770806 0.05428683274860303 208000
1723235779615 0.05435328121425408 212000
1723235787722 0.05444282320234795 216000
1723235795542 0.05454392093143619 220000
1723235803403 0.054659172495459284 224000
1723235811874 0.054745614179600464 228000
1723235819870 0.05479467138130719 232000
1723235828094 0.05481248290955538 236000
1723235837186 0.054862561007507506 240000
1723235846436 0.05493854623555146 244000
1723235854666 0.054992606125786915 248000
1723235862683 0.055122935748963486 252000
1723235871603 0.0551696685988308 256000
1723235879803 0.05528879572975057 260000
1723235887672 0.055359827847530775 264000
1723235895445 0.055346060647410836 268000
1723235903241 0.05538911757799565 272000
1723235910871 0.055397719513877085 276000
1723235918387 0.055331017623586005 280000
1723235925818 0.05528397608685616 284000
1723235933343 0.055227598672856607 288000
1723235940798 0.05513435773582191 292000
1723235948490 0.05504206451688832 296000
1723235956697 0.05497037811931483 300000
1723235964329 0.05489812894559076 304000
1723235971887 0.05486390974603448 308000
1723235979263 0.05473937558781573 312000
1723235986646 0.0547475070537248 316000
1723235994146 0.054671832778854686 320000
1723236001693 0.05460657320868135 324000
1723236009525 0.05457624871776309 328000
1723236017776 0.054593701919634564 332000
1723236025218 0.05456778937808085 336000
1723236032674 0.05461099029676467 340000
1723236039844 0.054591196799535745 344000
1723236047282 0.05455218433304041 348000
1723236054631 0.05449161051817098 352000
1723236062030 0.05447362583367758 356000
1723236069573 0.05445671288696035 360000
1723236077504 0.054421188140699274 364000
1723236085035 0.05443251957805832 368000
1723236092467 0.05440204681265191 372000
1723236099648 0.05436502159453564 376000
1723236107170 0.05429077549971919 380000
1723236114613 0.054249541662616446 384000
1723236122007 0.05421216483336135 388000
1723236129392 0.05425442917764395 392000
1723236137540 0.05424323335565775 396000
1723236145311 0.05418971498645751 400000
1723236153309 0.05420339562391366 404000
1723236160692 0.05421849459875288 408000
1723236168464 0.054197983858436716 412000
1723236175888 0.05414807682791763 416000
1723236183217 0.05414552654492641 420000
1723236190714 0.05412462559710767 424000
1723236199053 0.054131807475522466 428000
1723236207010 0.05413867503147833 432000
1723236214517 0.054159992235685836 436000
1723236221923 0.054205565683024516 440000
1723236229333 0.054244794335183075 444000
1723236237231 0.054228338363508204 448000
1723236244780 0.05421642563767338 452000
1723236252157 0.05416126510155643 456000
1723236259975 0.05408894013726218 460000
1723236267704 0.05410435948196131 464000
1723236275124 0.05414026265102616 468000
1723236282685 0.05419213604429581 472000
1723236290640 0.05415995615946167 476000
1723236298112 0.054149888944837986 480000
1723236305549 0.054158472163860674 484000
1723236313025 0.05419408015828484 488000
1723236320556 0.05409078759952726 492000
1723236328060 0.054062227761625475 496000
1723236335530 0.05400579957171935 500000
1723236342861 0.05396944771522044 504000
1723236350204 0.05394322935900429 508000
1723236357624 0.05392900078590454 512000
1723236365112 0.0539167254626517 516000
1723236372297 0.05387039639571152 520000
1723236380401 0.0539474372906969 524000
1723236387829 0.05402010155255473 528000
1723236395165 0.05407673695679234 532000
1723236402657 0.05414467784639468 536000
1723236409889 0.05417553158293924 540000
1723236417385 0.05415628365008823 544000
1723236424771 0.05413415827284998 548000
1723236432164 0.05408959333126244 552000
1723236440458 0.0541376445525499 556000
1723236448128 0.05421022919548782 560000
1723236455530 0.05427362121441186 564000
1723236462900 0.05431777799489706 568000
1723236470404 0.0543942446024451 572000
1723236477760 0.05439379731022132 576000
1723236485189 0.05434201212530155 580000
1723236492697 0.05432783274428114 584000
1723236501156 0.054306167360781324 588000
1723236509212 0.05430508453878387 592000
1723236516791 0.05428060387462653 596000
1723236524801 0.05429391296851556 600000
1723236532706 0.054289961184646164 604000
1723236540367 0.05429848008754102 608000
1723236548001 0.054300032739568224 612000
1723236555548 0.054286681744837105 616000
1723236563375 0.05427084766734775 620000
1723236571084 0.054248355847865255 624000
1723236579073 0.05423973086452261 628000
1723236587241 0.05422918998230151 632000
1723236595885 0.054203113314166974 636000
1723236606218 0.05426941159366311 640000
1723236614514 0.054325121316358825 644000
1723236622844 0.05442556271075771 648000
1723236631052 0.05449248824798327 652000
1723236639440 0.05457084045233433 656000
1723236647312 0.05460537325883018 660000
1723236654955 0.054636554165613166 664000
1723236662549 0.0546358884532572 668000
1723236670114 0.05459149482292238 672000
1723236677673 0.05460524393476355 676000
1723236685338 0.054579615955895486 680000
1723236693002 0.05455664337997817 684000
1723236700926 0.05456218903429333 688000
1723236708865 0.05456794186379024 692000
1723236716403 0.054557154052198326 696000
1723236724216 0.054557087043776605 700000
1723236731975 0.05457130303245911 704000
1723236740015 0.054541918653772364 708000
1723236748385 0.05454397815797156 712000
1723236756293 0.05455567269824631 716000
1723236764562 0.05454442721425632 720000
1723236773324 0.054562801081408915 724000
1723236781625 0.0545894590976361 728000
1723236789995 0.054609893382008626 732000
1723236798060 0.054632720399650996 736000
1723236806073 0.05467404219572161 740000
1723236813744 0.0546260652166385 744000
1723236821782 0.054631088385497545 748000
1723236829357 0.05461684815116518 752000
1723236836752 0.054601537639748614 756000
1723236844321 0.05457669355761548 760000
1723236851851 0.05457924632900412 764000
1723236860139 0.05456958960429402 768000
1723236867642 0.054567895336502234 772000
1723236875106 0.054561160114511675 776000
1723236882500 0.05458260857519968 780000
1723236890089 0.05457786637625947 784000
1723236897572 0.054560563742965716 788000
1723236905133 0.05454901271375578 792000
1723236912734 0.0545560794929357 796000
1723236920339 0.054500024818527726 800000
