1723235371649 0.0 4000
1723235378925 0.0 8000
1723235386254 0.0 12000
1723235393498 0.0 16000
1723235401583 0.0 20000
1723235409715 0.0 24000
1723235417442 0.0 28000
1723235425111 0.0 32000
1723235432807 0.0 36000
1723235440406 0.0 40000
1723235447964 0.0 44000
1723235455375 0.0 48000
1723235463675 0.0 52000
1723235472478 0.0 56000
1723235480505 0.0 60000
1723235488363 0.0 64000
1723235496391 0.0 68000
1723235504178 0.0 72000
1723235511849 0.0 76000
1723235519494 0.0 80000
1723235527143 0.0 84000
1723235535244 0.0 88000
1723235543157 0.0 92000
1723235550872 0.0 96000
1723235558560 0.0 100000
1723235566505 0.0 104000
1723235574134 0.0 108000
1723235581759 0.0 112000
1723235589250 0.0 116000
1723235597025 0.0 120000
1723235604808 0.0 124000
1723235612440 0.0 128000
1723235620019 0.0 132000
1723235627488 0.0 136000
1723235635041 0.0 140000
1723235642598 0.0 144000
1723235649992 0.0 148000
1723235658155 0.0 152000
1723235665654 0.0 156000
1723235673110 0.0 160000
1723235680589 0.0 164000
1723235688325 0.0 168000
1723235696265 0.0 172000
1723235704172 0.0 176000
1723235712325 0.0 180000
1723235720691 0.0 184000
1723235728514 0.0 188000
1723235736320 0.0 192000
1723235745101 0.0 196000
1723235753670 0.0 200000
1723235761913 0.0 204000
1723235770807 0.0 208000
1723235779615 0.0 212000
1723235787722 0.0 216000
1723235795542 0.0 220000
1723235803404 0.0 224000
1723235811874 0.0 228000
1723235819870 0.0 232000
1723235828095 0.0 236000
1723235837186 0.0 240000
1723235846436 0.0 244000
1723235854666 0.0 248000
1723235862683 0.0 252000
1723235871604 0.0 256000
1723235879804 0.0 260000
1723235887672 0.0 264000
1723235895446 0.0 268000
1723235903241 0.0 272000
1723235910871 0.0 276000
1723235918387 0.0 280000
1723235925819 0.0 284000
1723235933343 0.0 288000
1723235940798 0.0 292000
1723235948490 0.0 296000
1723235956698 0.0 300000
1723235964329 0.0 304000
1723235971888 0.0 308000
1723235979263 0.0 312000
1723235986647 0.0 316000
1723235994146 0.0 320000
1723236001694 0.0 324000
1723236009525 0.0 328000
1723236017776 0.0 332000
1723236025218 0.0 336000
1723236032675 0.0 340000
1723236039844 0.0 344000
1723236047282 0.0 348000
1723236054632 0.0 352000
1723236062030 0.0 356000
1723236069573 0.0 360000
1723236077505 0.0 364000
1723236085035 0.0 368000
1723236092467 0.0 372000
1723236099649 0.0 376000
1723236107171 0.0 380000
1723236114613 0.0 384000
1723236122008 0.0 388000
1723236129392 0.0 392000
1723236137540 0.0 396000
1723236145311 0.0 400000
1723236153310 0.0 404000
1723236160693 0.0 408000
1723236168464 0.0 412000
1723236175889 0.0 416000
1723236183217 0.0 420000
1723236190714 0.0 424000
1723236199054 0.0 428000
1723236207011 0.0 432000
1723236214517 0.0 436000
1723236221923 0.0 440000
1723236229334 0.0 444000
1723236237232 0.0 448000
1723236244780 0.0 452000
1723236252157 0.0 456000
1723236259975 0.0 460000
1723236267704 0.0 464000
1723236275124 0.0 468000
1723236282686 0.0 472000
1723236290640 0.0 476000
1723236298112 0.0 480000
1723236305549 0.0 484000
1723236313025 0.0 488000
1723236320557 0.0 492000
1723236328060 0.0 496000
1723236335530 0.0 500000
1723236342861 0.0 504000
1723236350204 0.0 508000
1723236357625 0.0 512000
1723236365112 0.0 516000
1723236372298 0.0 520000
1723236380401 0.0 524000
1723236387830 0.0 528000
1723236395165 0.0 532000
1723236402657 0.0 536000
1723236409890 0.0 540000
1723236417386 0.0 544000
1723236424771 0.0 548000
1723236432165 0.0 552000
1723236440458 0.0 556000
1723236448129 0.0 560000
1723236455531 0.0 564000
1723236462901 0.0 568000
1723236470404 0.0 572000
1723236477761 0.0 576000
1723236485189 0.0 580000
1723236492697 0.0 584000
1723236501156 0.0 588000
1723236509212 0.0 592000
1723236516791 0.0 596000
1723236524801 0.0 600000
1723236532707 0.0 604000
1723236540367 0.0 608000
1723236548001 0.0 612000
1723236555548 0.0 616000
1723236563375 0.0 620000
1723236571084 0.0 624000
1723236579073 0.0 628000
1723236587241 0.0 632000
1723236595886 0.0 636000
1723236606218 0.0 640000
1723236614515 0.0 644000
1723236622844 0.0 648000
1723236631053 0.0 652000
1723236639440 0.0 656000
1723236647312 0.0 660000
1723236654956 0.0 664000
1723236662550 0.0 668000
1723236670115 0.0 672000
1723236677673 0.0 676000
1723236685338 0.0 680000
1723236693003 0.0 684000
1723236700926 0.0 688000
1723236708866 0.0 692000
1723236716403 0.0 696000
1723236724217 0.0 700000
1723236731975 0.0 704000
1723236740016 0.0 708000
1723236748385 0.0 712000
1723236756294 0.0 716000
1723236764562 0.0 720000
1723236773325 0.0 724000
1723236781626 0.0 728000
1723236789996 0.0 732000
1723236798061 0.0 736000
1723236806073 0.0 740000
1723236813745 0.0 744000
1723236821783 0.0 748000
1723236829357 0.0 752000
1723236836752 0.0 756000
1723236844321 0.0 760000
1723236851851 0.0 764000
1723236860139 0.0 768000
1723236867642 0.0 772000
1723236875107 0.0 776000
1723236882501 0.0 780000
1723236890090 0.0 784000
1723236897572 0.0 788000
1723236905134 0.0 792000
1723236912734 0.0 796000
1723236920339 0.0 800000
