1723172544779 4000.0 4000
1723172560038 4000.0 8000
1723172575040 4000.0 12000
1723172590084 4000.0 16000
1723172604574 4000.0 20000
1723172618928 4000.0 24000
1723172633052 4000.0 28000
1723172647563 4000.0 32000
1723172662200 4000.0 36000
1723172675319 4000.0 40000
1723172689843 4000.0 44000
1723172704012 4000.0 48000
1723172717990 4000.0 52000
1723172732042 4000.0 56000
1723172749511 4000.0 60000
1723172763871 4000.0 64000
1723172778333 4000.0 68000
1723172792966 4000.0 72000
1723172807138 4000.0 76000
1723172821197 4000.0 80000
1723172835176 4000.0 84000
1723172849054 4000.0 88000
1723172862964 4000.0 92000
1723172877127 4000.0 96000
1723172890972 4000.0 100000
1723172904666 4000.0 104000
1723172917959 4000.0 108000
1723172931969 4000.0 112000
1723172946206 4000.0 116000
1723172960107 4000.0 120000
1723172974229 4000.0 124000
1723172988102 4000.0 128000
1723173002036 4000.0 132000
1723173015989 4000.0 136000
1723173029932 4000.0 140000
1723173043898 4000.0 144000
1723173057921 4000.0 148000
1723173071796 4000.0 152000
1723173085708 4000.0 156000
1723173099409 4000.0 160000
1723173113914 4000.0 164000
1723173128437 4000.0 168000
1723173142421 4000.0 172000
1723173155433 4000.0 176000
1723173169484 4000.0 180000
1723173183246 4000.0 184000
1723173197288 4000.0 188000
1723173211449 4000.0 192000
1723173225457 4000.0 196000
1723173239372 4000.0 200000
1723173252959 4000.0 204000
1723173266739 4000.0 208000
1723173280417 4000.0 212000
1723173294092 4000.0 216000
1723173307599 4000.0 220000
1723173321399 4000.0 224000
1723173335005 4000.0 228000
1723173348681 4000.0 232000
1723173362439 4000.0 236000
