1723172544781 4000.0 4000
1723172560039 8000.0 8000
1723172575042 12000.0 12000
1723172590085 16000.0 16000
1723172604575 20000.0 20000
1723172618930 24000.0 24000
1723172633054 28000.0 28000
1723172647565 32000.0 32000
1723172662202 36000.0 36000
1723172675320 40000.0 40000
1723172689844 44000.0 44000
1723172704013 48000.0 48000
1723172717992 52000.0 52000
1723172732043 56000.0 56000
1723172749512 60000.0 60000
1723172763872 64000.0 64000
1723172778335 68000.0 68000
1723172792967 72000.0 72000
1723172807140 76000.0 76000
1723172821198 80000.0 80000
1723172835178 84000.0 84000
1723172849055 88000.0 88000
1723172862965 92000.0 92000
1723172877128 96000.0 96000
1723172890973 100000.0 100000
1723172904667 104000.0 104000
1723172917961 108000.0 108000
1723172931971 112000.0 112000
1723172946208 116000.0 116000
1723172960108 120000.0 120000
1723172974230 124000.0 124000
1723172988104 128000.0 128000
1723173002038 132000.0 132000
1723173015991 136000.0 136000
1723173029934 140000.0 140000
1723173043899 144000.0 144000
1723173057922 148000.0 148000
1723173071798 152000.0 152000
1723173085710 156000.0 156000
1723173099411 160000.0 160000
1723173113916 164000.0 164000
1723173128438 168000.0 168000
1723173142423 172000.0 172000
1723173155439 176000.0 176000
1723173169485 180000.0 180000
1723173183248 184000.0 184000
1723173197289 188000.0 188000
1723173211450 192000.0 192000
1723173225459 196000.0 196000
1723173239374 200000.0 200000
1723173252961 204000.0 204000
1723173266740 208000.0 208000
1723173280419 212000.0 212000
1723173294093 216000.0 216000
1723173307600 220000.0 220000
1723173321401 224000.0 224000
1723173335007 228000.0 228000
1723173348682 232000.0 232000
1723173362441 236000.0 236000
