1723172544782 4000.0 4000
1723172560040 4000.0 8000
1723172575042 4000.0 12000
1723172590086 4000.0 16000
1723172604576 4000.0 20000
1723172618931 4000.0 24000
1723172633055 4000.0 28000
1723172647566 4000.0 32000
1723172662202 4000.0 36000
1723172675322 4000.0 40000
1723172689845 4000.0 44000
1723172704014 4000.0 48000
1723172717993 4000.0 52000
1723172732044 4000.0 56000
1723172749513 4000.0 60000
1723172763873 4000.0 64000
1723172778336 4000.0 68000
1723172792968 4000.0 72000
1723172807141 4000.0 76000
1723172821199 4000.0 80000
1723172835178 4000.0 84000
1723172849056 4000.0 88000
1723172862966 4000.0 92000
1723172877129 4000.0 96000
1723172890974 4000.0 100000
1723172904668 4000.0 104000
1723172917962 4000.0 108000
1723172931972 4000.0 112000
1723172946208 4000.0 116000
1723172960109 4000.0 120000
1723172974231 4000.0 124000
1723172988105 4000.0 128000
1723173002038 4000.0 132000
1723173015992 4000.0 136000
1723173029935 4000.0 140000
1723173043900 4000.0 144000
1723173057923 4000.0 148000
1723173071799 4000.0 152000
1723173085711 4000.0 156000
1723173099412 4000.0 160000
1723173113919 4000.0 164000
1723173128439 4000.0 168000
1723173142424 4000.0 172000
1723173155440 4000.0 176000
1723173169486 4000.0 180000
1723173183248 4000.0 184000
1723173197290 4000.0 188000
1723173211452 4000.0 192000
1723173225459 4000.0 196000
1723173239375 4000.0 200000
1723173252961 4000.0 204000
1723173266741 4000.0 208000
1723173280420 4000.0 212000
1723173294094 4000.0 216000
1723173307601 4000.0 220000
1723173321401 4000.0 224000
1723173335007 4000.0 228000
1723173348683 4000.0 232000
1723173362442 4000.0 236000
