1723172544778 4000.0 4000
1723172560037 8000.0 8000
1723172575039 12000.0 12000
1723172590083 16000.0 16000
1723172604573 20000.0 20000
1723172618928 24000.0 24000
1723172633051 28000.0 28000
1723172647563 32000.0 32000
1723172662199 36000.0 36000
1723172675318 40000.0 40000
1723172689842 44000.0 44000
1723172704011 48000.0 48000
1723172717990 52000.0 52000
1723172732041 56000.0 56000
1723172749510 60000.0 60000
1723172763870 64000.0 64000
1723172778333 68000.0 68000
1723172792965 72000.0 72000
1723172807138 76000.0 76000
1723172821196 80000.0 80000
1723172835175 84000.0 84000
1723172849053 88000.0 88000
1723172862963 92000.0 92000
1723172877126 96000.0 96000
1723172890971 100000.0 100000
1723172904665 104000.0 104000
1723172917959 108000.0 108000
1723172931968 112000.0 112000
1723172946205 116000.0 116000
1723172960106 120000.0 120000
1723172974228 124000.0 124000
1723172988101 128000.0 128000
1723173002035 132000.0 132000
1723173015989 136000.0 136000
1723173029932 140000.0 140000
1723173043897 144000.0 144000
1723173057920 148000.0 148000
1723173071796 152000.0 152000
1723173085708 156000.0 156000
1723173099409 160000.0 160000
1723173113913 164000.0 164000
1723173128436 168000.0 168000
1723173142420 172000.0 172000
1723173155432 176000.0 176000
1723173169483 180000.0 180000
1723173183245 184000.0 184000
1723173197287 188000.0 188000
1723173211448 192000.0 192000
1723173225457 196000.0 196000
1723173239372 200000.0 200000
1723173252958 204000.0 204000
1723173266738 208000.0 208000
1723173280416 212000.0 212000
1723173294091 216000.0 216000
1723173307598 220000.0 220000
1723173321398 224000.0 224000
1723173335004 228000.0 228000
1723173348680 232000.0 232000
1723173362439 236000.0 236000
