1723172544786 14.861660957336426 4000
1723172560043 29.87167501449585 8000
1723172575046 44.66540217399597 12000
1723172590089 59.48507308959961 16000
1723172604580 73.77158284187317 20000
1723172618934 87.93336582183838 24000
1723172633058 101.90308380126953 28000
1723172647569 116.22577285766602 32000
1723172662206 130.67723512649536 36000
1723172675325 143.5999550819397 40000
1723172689848 157.91319823265076 44000
1723172704017 171.88859629631042 48000
1723172717996 185.6822633743286 52000
1723172732048 199.5518193244934 56000
1723172749519 216.82720518112183 60000
1723172763876 231.04261016845703 64000
1723172778339 245.3630452156067 68000
1723172792971 259.85307025909424 72000
1723172807144 273.8549180030823 76000
1723172821202 287.7784790992737 80000
1723172835181 301.6232171058655 84000
1723172849059 315.3649182319641 88000
1723172862969 329.13704347610474 92000
1723172877132 343.1454086303711 96000
1723172890977 356.8529555797577 100000
1723172904672 370.24107360839844 104000
1723172917965 383.30235266685486 108000
1723172931975 397.1175305843353 112000
1723172946211 411.1538736820221 116000
1723172960112 424.91505670547485 120000
1723172974234 438.88755679130554 124000
1723172988108 452.62365555763245 128000
1723173002041 466.41597056388855 132000
1723173015995 480.2233395576477 136000
1723173029938 494.0239746570587 140000
1723173043903 507.84978771209717 144000
1723173057926 521.7260098457336 148000
1723173071802 535.4531178474426 152000
1723173085714 549.2220430374146 156000
1723173099415 562.7176661491394 160000
1723173113923 577.043359041214 164000
1723173128442 591.3603789806366 168000
1723173142427 605.1492400169373 172000
1723173155443 617.9627590179443 176000
1723173169490 631.8579368591309 180000
1723173183252 645.4740228652954 184000
1723173197292 659.3425977230072 188000
1723173211455 673.3565917015076 192000
1723173225463 687.1944828033447 196000
1723173239378 700.9690048694611 200000
1723173252965 714.4068577289581 204000
1723173266744 728.0339357852936 208000
1723173280423 741.5533638000488 212000
1723173294097 755.0105676651001 216000
1723173307605 768.3430228233337 220000
1723173321404 781.9448997974396 224000
1723173335011 795.3366527557373 228000
1723173348686 808.8540449142456 232000
1723173362445 822.4561429023743 236000
