1723172544784 1723172544.0 4000
1723172560042 1723172559.0 8000
1723172575044 1723172574.0 12000
1723172590087 1723172589.0 16000
1723172604578 1723172604.0 20000
1723172618932 1723172618.0 24000
1723172633056 1723172633.0 28000
1723172647568 1723172647.0 32000
1723172662204 1723172662.0 36000
1723172675323 1723172675.0 40000
1723172689846 1723172689.0 44000
1723172704016 1723172703.0 48000
1723172717994 1723172717.0 52000
1723172732046 1723172731.0 56000
1723172749517 1723172749.0 60000
1723172763875 1723172763.0 64000
1723172778337 1723172778.0 68000
1723172792969 1723172792.0 72000
1723172807142 1723172807.0 76000
1723172821200 1723172821.0 80000
1723172835180 1723172835.0 84000
1723172849058 1723172849.0 88000
1723172862967 1723172862.0 92000
1723172877130 1723172877.0 96000
1723172890975 1723172890.0 100000
1723172904670 1723172904.0 104000
1723172917963 1723172917.0 108000
1723172931973 1723172931.0 112000
1723172946210 1723172946.0 116000
1723172960111 1723172960.0 120000
1723172974232 1723172974.0 124000
1723172988106 1723172988.0 128000
1723173002040 1723173002.0 132000
1723173015993 1723173015.0 136000
1723173029936 1723173029.0 140000
1723173043901 1723173043.0 144000
1723173057925 1723173057.0 148000
1723173071800 1723173071.0 152000
1723173085713 1723173085.0 156000
1723173099413 1723173099.0 160000
1723173113921 1723173113.0 164000
1723173128440 1723173128.0 168000
1723173142425 1723173142.0 172000
1723173155442 1723173155.0 176000
1723173169488 1723173169.0 180000
1723173183250 1723173183.0 184000
1723173197291 1723173197.0 188000
1723173211453 1723173211.0 192000
1723173225461 1723173225.0 196000
1723173239376 1723173239.0 200000
1723173252964 1723173252.0 204000
1723173266742 1723173266.0 208000
1723173280421 1723173280.0 212000
1723173294096 1723173293.0 216000
1723173307603 1723173307.0 220000
1723173321403 1723173321.0 224000
1723173335009 1723173334.0 228000
1723173348684 1723173348.0 232000
1723173362443 1723173362.0 236000
