1723145479490 0.0 4000
1723145492637 0.0 8000
1723145505904 0.0 12000
1723145519980 0.0 16000
1723145533932 0.0 20000
1723145548775 0.0 24000
1723145563287 0.0 28000
1723145577699 0.0 32000
1723145592223 0.0 36000
1723145606818 0.0 40000
1723145621157 0.0 44000
1723145635565 0.0 48000
1723145649516 0.0 52000
1723145664102 0.0 56000
1723145679021 0.0 60000
1723145694241 0.0 64000
1723145715537 0.0 68000
1723145731880 0.0 72000
1723145746940 0.0 76000
1723145762698 0.0 80000
1723145778808 0.0 84000
1723145796533 0.0 88000
1723145814188 0.0 92000
1723145830030 0.0 96000
1723145845063 0.0 100000
1723145864125 0.0 104000
1723145887449 0.0 108000
1723145903378 0.0 112000
1723145918397 0.0 116000
1723145933945 0.0 120000
1723145948298 0.0 124000
1723145962139 0.0 128000
1723145976358 0.0 132000
1723145990889 0.0 136000
1723146004880 0.0 140000
1723146019114 0.0 144000
1723146033102 0.0 148000
1723146047434 0.0 152000
1723146061616 0.0 156000
1723146076179 0.0 160000
1723146090506 0.0 164000
1723146105531 0.0 168000
1723146119375 0.0 172000
1723146133206 0.0 176000
1723146147625 0.0 180000
1723146161894 0.0 184000
1723146176135 0.0 188000
1723146190316 0.0 192000
1723146204550 0.0 196000
1723146218772 0.0 200000
1723146233087 0.0 204000
1723146247061 0.0 208000
1723146261056 0.0 212000
1723146274482 0.0 216000
1723146288606 0.0 220000
1723146303036 0.0 224000
1723146316966 0.0 228000
1723146330778 0.0 232000
1723146344860 0.0 236000
1723146358863 0.0 240000
1723146372708 0.0 244000
1723146386837 0.0 248000
1723146400368 0.0 252000
1723146414409 0.0 256000
1723146428019 0.0 260000
1723146441782 0.0 264000
1723146455457 0.0 268000
1723146469162 0.0 272000
1723146483221 0.0 276000
1723146496652 0.0 280000
1723146509807 0.0 284000
1723146523447 0.0 288000
1723146536710 0.0 292000
1723146550302 0.0 296000
1723146563785 0.0 300000
1723146577502 0.0 304000
1723146591038 0.0 308000
1723146604748 0.0 312000
1723146618323 0.0 316000
1723146632428 0.0 320000
1723146646514 0.0 324000
1723146659983 0.0 328000
1723146674196 0.0 332000
1723146687940 0.0 336000
1723146701369 0.0 340000
1723146715759 0.0 344000
1723146729044 0.0 348000
1723146742643 0.0 352000
1723146756132 0.0 356000
1723146769283 0.0 360000
1723146783192 0.0 364000
1723146796985 0.0 368000
1723146810759 0.0 372000
1723146824299 0.0 376000
1723146838095 0.0 380000
1723146851454 0.0 384000
1723146864988 0.0 388000
1723146878293 0.0 392000
1723146892062 0.0 396000
1723146905108 0.0 400000
