1723145479491 5.0000000000000016e-05 4000
1723145492638 5.0000000000000016e-05 8000
1723145505905 5.0000000000000016e-05 12000
1723145519981 5.0000000000000016e-05 16000
1723145533933 5.0000000000000016e-05 20000
1723145548776 5.0000000000000016e-05 24000
1723145563288 5.0000000000000016e-05 28000
1723145577701 5.0000000000000016e-05 32000
1723145592224 5.0000000000000016e-05 36000
1723145606819 5.0000000000000016e-05 40000
1723145621158 5.0000000000000016e-05 44000
1723145635566 5.0000000000000016e-05 48000
1723145649517 5.0000000000000016e-05 52000
1723145664103 5.0000000000000016e-05 56000
1723145679022 5.0000000000000016e-05 60000
1723145694242 5.0000000000000016e-05 64000
1723145715538 5.0000000000000016e-05 68000
1723145731881 5.0000000000000016e-05 72000
1723145746941 5.0000000000000016e-05 76000
1723145762699 5.0000000000000016e-05 80000
1723145778809 5.0000000000000016e-05 84000
1723145796534 5.0000000000000016e-05 88000
1723145814190 5.0000000000000016e-05 92000
1723145830031 5.0000000000000016e-05 96000
1723145845064 5.0000000000000016e-05 100000
1723145864126 5.0000000000000016e-05 104000
1723145887451 5.0000000000000016e-05 108000
1723145903380 5.0000000000000016e-05 112000
1723145918400 5.0000000000000016e-05 116000
1723145933946 5.0000000000000016e-05 120000
1723145948299 5.0000000000000016e-05 124000
1723145962140 5.0000000000000016e-05 128000
1723145976359 5.0000000000000016e-05 132000
1723145990890 5.0000000000000016e-05 136000
1723146004882 5.0000000000000016e-05 140000
1723146019115 5.0000000000000016e-05 144000
1723146033103 5.0000000000000016e-05 148000
1723146047435 5.0000000000000016e-05 152000
1723146061617 5.0000000000000016e-05 156000
1723146076180 5.0000000000000016e-05 160000
1723146090508 5.0000000000000016e-05 164000
1723146105532 5.0000000000000016e-05 168000
1723146119376 5.0000000000000016e-05 172000
1723146133207 5.0000000000000016e-05 176000
1723146147626 5.0000000000000016e-05 180000
1723146161895 5.0000000000000016e-05 184000
1723146176137 5.0000000000000016e-05 188000
1723146190317 5.0000000000000016e-05 192000
1723146204551 5.0000000000000016e-05 196000
1723146218773 5.0000000000000016e-05 200000
1723146233088 5.0000000000000016e-05 204000
1723146247062 5.0000000000000016e-05 208000
1723146261057 5.0000000000000016e-05 212000
1723146274483 5.0000000000000016e-05 216000
1723146288607 5.0000000000000016e-05 220000
1723146303037 5.0000000000000016e-05 224000
1723146316967 5.0000000000000016e-05 228000
1723146330779 5.0000000000000016e-05 232000
1723146344861 5.0000000000000016e-05 236000
1723146358864 5.0000000000000016e-05 240000
1723146372709 5.0000000000000016e-05 244000
1723146386838 5.0000000000000016e-05 248000
1723146400369 5.0000000000000016e-05 252000
1723146414410 5.0000000000000016e-05 256000
1723146428020 5.0000000000000016e-05 260000
1723146441784 5.0000000000000016e-05 264000
1723146455458 5.0000000000000016e-05 268000
1723146469163 5.0000000000000016e-05 272000
1723146483222 5.0000000000000016e-05 276000
1723146496653 5.0000000000000016e-05 280000
1723146509808 5.0000000000000016e-05 284000
1723146523451 5.0000000000000016e-05 288000
1723146536711 5.0000000000000016e-05 292000
1723146550303 5.0000000000000016e-05 296000
1723146563786 5.0000000000000016e-05 300000
1723146577503 5.0000000000000016e-05 304000
1723146591040 5.0000000000000016e-05 308000
1723146604749 5.0000000000000016e-05 312000
1723146618325 5.0000000000000016e-05 316000
1723146632429 5.0000000000000016e-05 320000
1723146646515 5.0000000000000016e-05 324000
1723146659984 5.0000000000000016e-05 328000
1723146674197 5.0000000000000016e-05 332000
1723146687941 5.0000000000000016e-05 336000
1723146701370 5.0000000000000016e-05 340000
1723146715760 5.0000000000000016e-05 344000
1723146729045 5.0000000000000016e-05 348000
1723146742644 5.0000000000000016e-05 352000
1723146756133 5.0000000000000016e-05 356000
1723146769284 5.0000000000000016e-05 360000
1723146783193 5.0000000000000016e-05 364000
1723146796986 5.0000000000000016e-05 368000
1723146810760 5.0000000000000016e-05 372000
1723146824300 5.0000000000000016e-05 376000
1723146838096 5.0000000000000016e-05 380000
1723146851455 5.0000000000000016e-05 384000
1723146864989 5.0000000000000016e-05 388000
1723146878294 5.0000000000000016e-05 392000
1723146892064 5.0000000000000016e-05 396000
1723146905109 5.0000000000000016e-05 400000
