1723145479490 0.5314884259240001 4000
1723145492638 0.5442042660258763 8000
1723145505904 0.5976817517944262 12000
1723145519981 0.6079182072734156 16000
1723145533932 0.6024970753501493 20000
1723145548775 0.6136658520774638 24000
1723145563287 0.6488014838374253 28000
1723145577700 0.6562838807279336 32000
1723145592224 0.6830710578472057 36000
1723145606818 0.6795582249654946 40000
1723145621157 0.7012609108119991 44000
1723145635566 0.7114866201442184 48000
1723145649516 0.7172506791902772 52000
1723145664102 0.7127273877778797 56000
1723145679021 0.723548468281614 60000
1723145694241 0.7124716406384258 64000
1723145715537 0.721529946787983 68000
1723145731881 0.7639287605564645 72000
1723145746940 0.7445198840177651 76000
1723145762699 0.7428823661191244 80000
1723145778808 0.750817224742673 84000
1723145796533 0.7396402817562963 88000
1723145814189 0.7426879253053497 92000
1723145830030 0.7349088686683499 96000
1723145845064 0.7466487661109749 100000
1723145864126 0.7575100786297034 104000
1723145887450 0.7270039320943203 108000
1723145903378 0.742918044455508 112000
1723145918397 0.7390315460609206 116000
1723145933946 0.7317588927898001 120000
1723145948299 0.7433179393305 124000
1723145962140 0.7406523804081248 128000
1723145976358 0.7408457273498494 132000
1723145990889 0.7265319333325887 136000
1723146004881 0.7355704573663414 140000
1723146019114 0.7354294511654699 144000
1723146033103 0.7263815386498228 148000
1723146047434 0.742733000895233 152000
1723146061617 0.7200806472424074 156000
1723146076179 0.7320175057924385 160000
1723146090507 0.7046675141187424 164000
1723146105532 0.7362170577577666 168000
1723146119375 0.7065322872594739 172000
1723146133207 0.7172205816663749 176000
1723146147626 0.7038139149229578 180000
1723146161894 0.7073601132166301 184000
1723146176136 0.6966535102919484 188000
1723146190316 0.6801777273416519 192000
1723146204551 0.6767990712578416 196000
1723146218773 0.6947881914622395 200000
1723146233087 0.6854833344829844 204000
1723146247061 0.7165548835768767 208000
1723146261056 0.6778528906669177 212000
1723146274482 0.6946269323745518 216000
1723146288606 0.6675641865172285 220000
1723146303037 0.6835533207295634 224000
1723146316967 0.672162308411818 228000
1723146330778 0.7048692530562691 232000
1723146344861 0.6734089454120779 236000
1723146358863 0.6411183160881624 240000
1723146372708 0.6425640646553209 244000
1723146386837 0.6683994282010599 248000
1723146400368 0.6510527084693841 252000
1723146414409 0.6397770559956841 256000
1723146428019 0.6647848449066176 260000
1723146441783 0.6408874617295063 264000
1723146455457 0.6372107001061135 268000
1723146469162 0.6567008263147469 272000
1723146483221 0.6250906593516363 276000
1723146496652 0.6115500820549667 280000
1723146509807 0.6150731195055001 284000
1723146523448 0.623298772292357 288000
1723146536710 0.6300617242958528 292000
1723146550302 0.6379433181585995 296000
1723146563785 0.6266711628870338 300000
1723146577502 0.6167756525548638 304000
1723146591039 0.6368007102756635 308000
1723146604748 0.6363467797002894 312000
1723146618324 0.6263294440000615 316000
1723146632428 0.6229932400351721 320000
1723146646514 0.6007555515102461 324000
1723146659984 0.6337221238630038 328000
1723146674197 0.6333546981849569 332000
1723146687940 0.6153157949553314 336000
1723146701370 0.6194743269037271 340000
1723146715759 0.6504531472498644 344000
1723146729045 0.6092797993979555 348000
1723146742644 0.6343815491554585 352000
1723146756133 0.6131705114816097 356000
1723146769283 0.6195489372344727 360000
1723146783193 0.5800932473324715 364000
1723146796985 0.6345107523790487 368000
1723146810759 0.6270217735293909 372000
1723146824300 0.612688022851944 376000
1723146838095 0.5969358169969092 380000
1723146851454 0.5906881164574455 384000
1723146864989 0.6232295357377816 388000
1723146878293 0.5937866534852813 392000
1723146892063 0.5648193984801042 396000
1723146905108 0.5982089839294447 400000
