1723145479492 0.7862261726606822 4000
1723145492639 0.8635478778722439 8000
1723145505905 1.25987641247029 12000
1723145519982 1.4144919422290003 16000
1723145533933 1.5054795003106407 20000
1723145548776 1.9210682591225239 24000
1723145563288 1.989899482879233 28000
1723145577702 2.364550165588974 32000
1723145592225 2.667101271524497 36000
1723145606819 2.468704927813077 40000
1723145621158 2.462287848215577 44000
1723145635567 3.0013367259756047 48000
1723145649517 2.8354443017049884 52000
1723145664103 3.246173812692047 56000
1723145679022 3.6531617137557224 60000
1723145694242 3.473905656016465 64000
1723145715538 3.635357478408949 68000
1723145731882 4.011629241155394 72000
1723145746941 4.055676504145278 76000
1723145762700 3.6214179950402983 80000
1723145778809 4.300022867300831 84000
1723145796535 4.060221357125762 88000
1723145814190 4.037934334903744 92000
1723145830031 4.111517058027552 96000
1723145845065 4.591061382513519 100000
1723145864127 4.3544895970229565 104000
1723145887451 4.793450347159771 108000
1723145903380 4.77997126976649 112000
1723145918400 4.678972995873039 116000
1723145933947 4.631900781435324 120000
1723145948300 4.501999171913093 124000
1723145962141 4.68379521293843 128000
1723145976359 4.432938319909657 132000
1723145990891 4.429508334440542 136000
1723146004882 5.102944029814808 140000
1723146019115 4.561830969989723 144000
1723146033104 4.193149416412868 148000
1723146047435 4.087471712481046 152000
1723146061618 3.9300466629630284 156000
1723146076180 4.513868907157411 160000
1723146090508 4.113942540114653 164000
1723146105533 4.543634516465748 168000
1723146119376 4.121881733464856 172000
1723146133208 4.2415079980877275 176000
1723146147627 4.1867435790122824 180000
1723146161896 4.2420064913465625 184000
1723146176137 3.953777632307499 188000
1723146190317 3.9640145718628634 192000
1723146204552 3.570489520384065 196000
1723146218774 3.735322048393547 200000
1723146233088 3.952172335580731 204000
1723146247063 4.559276330471039 208000
1723146261057 3.506622794080288 212000
1723146274484 3.825535123483509 216000
1723146288607 3.1272113647866755 220000
1723146303038 4.705707847564779 224000
1723146316968 4.107823502763789 228000
1723146330779 3.9452747053288397 232000
1723146344862 3.6847700620373938 236000
1723146358864 3.471641082966581 240000
1723146372709 4.344444353107019 244000
1723146386838 3.6949431865773303 248000
1723146400369 3.7022057384463913 252000
1723146414410 3.4614511768023175 256000
1723146428020 4.146063830497417 260000
1723146441784 3.0218505773138493 264000
1723146455458 4.125371158207562 268000
1723146469163 3.713094509831557 272000
1723146483222 3.580830531762847 276000
1723146496653 3.5112361134366785 280000
1723146509809 3.697163611608194 284000
1723146523451 3.81410926639611 288000
1723146536712 3.1183044574784895 292000
1723146550303 3.4064543360513997 296000
1723146563786 2.7940220670919893 300000
1723146577503 3.0715436182546276 304000
1723146591040 3.4122222262071378 308000
1723146604749 3.545647140513075 312000
1723146618325 3.360660524909378 316000
1723146632429 3.5027750194495453 320000
1723146646515 3.4747773261780432 324000
1723146659985 3.2527958240069395 328000
1723146674198 3.792426000419238 332000
1723146687942 3.165775394270606 336000
1723146701371 2.745698034763336 340000
1723146715760 3.702282375224093 344000
1723146729046 3.225508200234555 348000
1723146742645 3.587924899784386 352000
1723146756134 3.3849436806448807 356000
1723146769284 3.369699289020917 360000
1723146783194 3.1758305449012325 364000
1723146796986 3.346953835132274 368000
1723146810760 3.6043740806850137 372000
1723146824301 2.9807975546265326 376000
1723146838096 3.070791601416067 380000
1723146851455 3.085457127821361 384000
1723146864990 3.429634216068484 388000
1723146878294 3.4828218675674276 392000
1723146892064 3.0294956944090257 396000
1723146905109 3.173170185385021 400000
