1723157948608 15.38872480392456 4000
1723157966373 17.51474404335022 8000
1723157984279 17.652485847473145 12000
1723157998236 13.7533860206604 16000
1723158011218 12.852327108383179 20000
1723158024037 12.699965238571167 24000
1723158036977 12.821722745895386 28000
1723158050861 13.761597871780396 32000
1723158065075 14.089747905731201 36000
1723158079086 13.886269092559814 40000
1723158093176 13.963879108428955 44000
1723158107319 14.022418975830078 48000
1723158121383 13.944853067398071 52000
1723158135426 13.918004035949707 56000
1723158149181 13.634351015090942 60000
1723158163225 13.88524317741394 64000
1723158177229 13.850744009017944 68000
1723158191638 14.246977090835571 72000
1723158205780 13.975812911987305 76000
1723158220061 14.156069278717041 80000
1723158234059 13.833348989486694 84000
1723158248192 14.00760793685913 88000
1723158262205 13.887858867645264 92000
1723158276202 13.866009950637817 96000
1723158290073 13.744870901107788 100000
1723158304243 14.039196014404297 104000
1723158319129 14.710939168930054 108000
1723158333602 14.339577913284302 112000
1723158348163 14.415388822555542 116000
1723158362588 14.29068112373352 120000
1723158377060 14.333677768707275 124000
1723158392779 15.560090065002441 128000
1723158414707 21.6856632232666 132000
1723158430023 15.139249086380005 136000
1723158444599 14.400014877319336 140000
1723158458934 14.154466152191162 144000
1723158473325 14.262397050857544 148000
1723158487736 14.277793884277344 152000
1723158501855 13.956394910812378 156000
1723158516097 14.068633079528809 160000
1723158530478 14.250878095626831 164000
1723158545518 14.85794997215271 168000
1723158560245 14.546591997146606 172000
1723158574968 14.540819883346558 176000
1723158589481 14.330528020858765 180000
1723158603436 13.781032085418701 184000
1723158617221 13.616775035858154 188000
1723158631327 13.940813064575195 192000
1723158645133 13.67193078994751 196000
1723158658689 13.381852865219116 200000
1723158672818 13.956216812133789 204000
1723158687361 14.367584943771362 208000
1723158701591 14.047660112380981 212000
1723158715757 13.988227128982544 216000
1723158730221 14.290634870529175 220000
1723158744546 14.158447980880737 224000
1723158758443 13.722024917602539 228000
1723158772732 14.139317989349365 232000
1723158786607 13.700623989105225 236000
1723158800600 13.812854051589966 240000
1723158814559 13.786887884140015 244000
1723158828994 14.302502870559692 248000
1723158842491 13.359207153320312 252000
1723158856342 13.71528172492981 256000
1723158870618 14.10347580909729 260000
1723158885354 14.534329175949097 264000
1723158899291 13.752137184143066 268000
1723158913895 14.412051916122437 272000
1723158928266 14.189641952514648 276000
1723158942233 13.785820960998535 280000
1723158955870 13.454096794128418 284000
1723158969722 13.62563419342041 288000
1723158983779 13.848984956741333 292000
1723158997288 13.327909708023071 296000
1723159010852 13.424494981765747 300000
1723159024427 13.394382953643799 304000
1723159041329 16.685909748077393 308000
1723159061369 19.63040280342102 312000
1723159081055 19.456023931503296 316000
1723159096046 14.771682262420654 320000
1723159109796 13.583796977996826 324000
1723159123328 13.36204195022583 328000
1723159137098 13.58700180053711 332000
1723159151026 13.743534803390503 336000
1723159164644 13.433043003082275 340000
1723159178312 13.48450493812561 344000
1723159192334 13.835285902023315 348000
1723159205638 13.117564916610718 352000
1723159218834 13.013014793395996 356000
1723159232460 13.458091020584106 360000
1723159246718 14.114291906356812 364000
1723159260113 13.210054874420166 368000
1723159273408 13.11491084098816 372000
1723159287011 13.414445161819458 376000
1723159301050 13.844168901443481 380000
1723159315176 13.937833070755005 384000
1723159328986 13.605386972427368 388000
1723159342999 13.836097955703735 392000
1723159356672 13.483051061630249 396000
1723159370446 13.57492995262146 400000
1723159384729 14.086297273635864 404000
1723159398941 14.009804964065552 408000
1723159412412 13.259423017501831 412000
1723159431001 18.38905096054077 416000
1723159446340 15.101139307022095 420000
1723159460529 13.993443965911865 424000
1723159474811 14.100823163986206 428000
1723159488920 13.959006071090698 432000
1723159502370 13.261330842971802 436000
1723159515605 13.08505392074585 440000
1723159528903 13.150749206542969 444000
1723159542583 13.48784327507019 448000
1723159556202 13.468481063842773 452000
1723159582971 26.519624948501587 456000
1723159601023 17.838393926620483 460000
1723159618271 17.044480800628662 464000
1723159636450 17.972832918167114 468000
1723159654212 17.552891969680786 472000
1723159673967 19.548345804214478 476000
1723159692863 18.69272494316101 480000
1723159710260 17.192601203918457 484000
1723159724907 14.487515926361084 488000
1723159738581 13.485203981399536 492000
1723159751870 13.098124027252197 496000
1723159765587 13.567248106002808 500000
1723159779275 13.53359317779541 504000
1723159793007 13.57270622253418 508000
1723159806507 13.302356243133545 512000
1723159819861 13.15965723991394 516000
1723159834627 14.564689874649048 520000
1723159848574 13.793386220932007 524000
1723159863030 14.253208875656128 528000
1723159877312 14.08118200302124 532000
1723159891343 13.830792903900146 536000
1723159905524 14.022348880767822 540000
1723159919781 14.09694218635559 544000
1723159934130 14.147069931030273 548000
1723159948003 13.687686204910278 552000
1723159962120 13.958837032318115 556000
1723159976386 14.067221879959106 560000
1723159989890 13.291150093078613 564000
1723160003506 13.413624048233032 568000
1723160017319 13.613965034484863 572000
1723160031027 13.547446966171265 576000
1723160044735 13.500901222229004 580000
1723160063023 18.08264994621277 584000
1723160081234 17.95852017402649 588000
1723160099086 17.548893928527832 592000
1723160116999 17.67088007926941 596000
1723160130320 13.130398988723755 600000
1723160142842 12.36354112625122 604000
1723160155439 12.435610055923462 608000
1723160167976 12.231466054916382 612000
1723160180736 12.544749021530151 616000
1723160194059 13.102550029754639 620000
1723160206801 12.57411003112793 624000
1723160219736 12.72332501411438 628000
1723160232620 12.674529075622559 632000
1723160244985 12.155755996704102 636000
1723160257846 12.648643255233765 640000
1723160274777 16.68523073196411 644000
1723160292019 16.91505002975464 648000
1723160309358 17.135118007659912 652000
1723160326904 17.367913007736206 656000
1723160345056 17.894195795059204 660000
1723160362615 17.311044216156006 664000
1723160376919 14.071666955947876 668000
1723160389967 12.878409147262573 672000
1723160403452 13.31712293624878 676000
1723160424810 21.150555849075317 680000
1723160442675 17.577992916107178 684000
1723160460937 17.974897861480713 688000
1723160479316 18.137754678726196 692000
1723160493529 13.952532768249512 696000
1723160506706 13.000978946685791 700000
1723160523309 16.3518168926239 704000
1723160541279 17.73204016685486 708000
1723160560108 18.590633153915405 712000
1723160578794 18.447746992111206 716000
1723160596178 17.133527040481567 720000
1723160614187 17.763103246688843 724000
1723160634931 20.48988628387451 728000
1723160653614 18.424452781677246 732000
1723160672924 19.041698932647705 736000
1723160687817 14.699680805206299 740000
1723160702044 13.998516082763672 744000
1723160715626 13.3591628074646 748000
1723160729145 13.282026052474976 752000
1723160743655 14.206618070602417 756000
1723160756806 12.903964042663574 760000
1723160770695 13.63505482673645 764000
1723160783566 12.665185928344727 768000
1723160796181 12.413889169692993 772000
1723160808801 12.447662830352783 776000
1723160822402 13.361191749572754 780000
1723160835208 12.575604915618896 784000
1723160848126 12.685126066207886 788000
1723160861004 12.646825313568115 792000
1723160873869 12.656491041183472 796000
1723160887684 13.559677839279175 800000
1723160900898 12.978198051452637 804000
1723160913915 12.811551094055176 808000
1723160926582 12.486407041549683 812000
1723160939161 12.345124959945679 816000
1723160953105 13.686615943908691 820000
1723160970897 17.539982080459595 824000
1723160991027 19.82444715499878 828000
1723161004902 13.618724822998047 832000
1723161018121 13.013406038284302 836000
1723161031821 13.459208965301514 840000
1723161044337 12.340297937393188 844000
1723161057048 12.528865098953247 848000
1723161069842 12.617579936981201 852000
1723161082549 12.524643898010254 856000
1723161094937 12.2069251537323 860000
1723161107743 12.62509799003601 864000
1723161119763 11.837284803390503 868000
1723161132180 12.238804817199707 872000
1723161144742 12.385588884353638 876000
1723161156894 11.91338300704956 880000
1723161169319 12.184280157089233 884000
1723161181842 12.339850902557373 888000
1723161194315 12.285735130310059 892000
1723161206470 11.969563007354736 896000
1723161218453 11.807246923446655 900000
1723161230987 12.31432580947876 904000
1723161243384 12.21389889717102 908000
1723161255323 11.760090112686157 912000
1723161267560 12.056197881698608 916000
1723161279672 11.932988166809082 920000
1723161291986 12.069690704345703 924000
1723161303964 11.789523839950562 928000
1723161316075 11.928319931030273 932000
1723161328438 12.177977800369263 936000
1723161340590 11.97000002861023 940000
1723161353069 12.298094034194946 944000
1723161365583 12.26604962348938 948000
1723161378342 12.51242184638977 952000
1723161391129 12.601895093917847 956000
1723161403085 11.769962072372437 960000
1723161415449 12.18303394317627 964000
1723161428006 12.376929998397827 968000
1723161439921 11.731518983840942 972000
1723161452489 12.314581155776978 976000
1723161464736 12.049569845199585 980000
1723161477235 12.304785966873169 984000
1723161489962 12.541085958480835 988000
1723161502678 12.526958227157593 992000
1723161515094 12.158230066299438 996000
1723161527433 12.144874334335327 1000000
1723161540365 12.724616765975952 1004000
1723161552893 12.330664873123169 1008000
1723161565489 12.408231019973755 1012000
1723161577859 12.18343710899353 1016000
1723161590236 12.125751972198486 1020000
1723161602168 11.746613025665283 1024000
1723161614550 12.197291851043701 1028000
1723161626774 12.038055896759033 1032000
1723161639023 12.064532041549683 1036000
1723161651183 11.912090301513672 1040000
1723161663536 12.098412036895752 1044000
1723161675713 11.99007797241211 1048000
1723161687795 11.894794940948486 1052000
1723161699536 11.551083087921143 1056000
1723161711831 12.04317307472229 1060000
1723161723701 11.672267198562622 1064000
1723161735715 11.826373815536499 1068000
1723161747938 12.032724857330322 1072000
1723161760328 12.197060823440552 1076000
1723161773048 12.531859874725342 1080000
1723161785769 12.462559938430786 1084000
1723161798139 12.109543800354004 1088000
1723161810617 12.273359060287476 1092000
1723161823059 12.24930214881897 1096000
1723161835536 12.283545970916748 1100000
1723161847291 11.562994956970215 1104000
1723161859569 12.020766973495483 1108000
1723161871927 12.161060094833374 1112000
1723161883940 11.822811841964722 1116000
1723161896031 11.894598245620728 1120000
1723161908112 11.887089252471924 1124000
1723161920409 12.096409797668457 1128000
1723161932704 12.098350286483765 1132000
1723161945169 12.268634796142578 1136000
1723161957335 11.966798782348633 1140000
1723161969596 12.066740989685059 1144000
1723161982351 12.536009073257446 1148000
1723161994708 12.153044939041138 1152000
1723162007082 12.18170714378357 1156000
1723162019521 12.24467420578003 1160000
1723162032089 12.367127895355225 1164000
1723162044552 12.258280038833618 1168000
1723162057220 12.459829330444336 1172000
1723162069619 12.134788036346436 1176000
1723162082640 12.788515090942383 1180000
1723162095036 12.196259021759033 1184000
1723162108110 12.874470949172974 1188000
1723162120728 12.417293071746826 1192000
1723162133397 12.463321208953857 1196000
1723162146027 12.43041205406189 1200000
