1723157948607 1.0 4000
1723157966372 2.0 8000
1723157984278 3.0 12000
1723157998235 4.0 16000
1723158011217 5.0 20000
1723158024036 6.0 24000
1723158036977 7.0 28000
1723158050861 8.0 32000
1723158065074 9.0 36000
1723158079085 10.0 40000
1723158093175 11.0 44000
1723158107318 12.0 48000
1723158121383 13.0 52000
1723158135425 14.0 56000
1723158149180 15.0 60000
1723158163224 16.0 64000
1723158177229 17.0 68000
1723158191637 18.0 72000
1723158205780 19.0 76000
1723158220060 20.0 80000
1723158234058 21.0 84000
1723158248191 22.0 88000
1723158262205 23.0 92000
1723158276201 24.0 96000
1723158290073 25.0 100000
1723158304242 26.0 104000
1723158319128 27.0 108000
1723158333601 28.0 112000
1723158348162 29.0 116000
1723158362587 30.0 120000
1723158377059 31.0 124000
1723158392777 32.0 128000
1723158414707 33.0 132000
1723158430022 34.0 136000
1723158444598 35.0 140000
1723158458933 36.0 144000
1723158473324 37.0 148000
1723158487736 38.0 152000
1723158501855 39.0 156000
1723158516096 40.0 160000
1723158530477 41.0 164000
1723158545517 42.0 168000
1723158560244 43.0 172000
1723158574967 44.0 176000
1723158589480 45.0 180000
1723158603435 46.0 184000
1723158617221 47.0 188000
1723158631326 48.0 192000
1723158645132 49.0 196000
1723158658688 50.0 200000
1723158672817 51.0 204000
1723158687360 52.0 208000
1723158701590 53.0 212000
1723158715756 54.0 216000
1723158730220 55.0 220000
1723158744545 56.0 224000
1723158758442 57.0 228000
1723158772732 58.0 232000
1723158786607 59.0 236000
1723158800599 60.0 240000
1723158814558 61.0 244000
1723158828994 62.0 248000
1723158842490 63.0 252000
1723158856341 64.0 256000
1723158870617 65.0 260000
1723158885353 66.0 264000
1723158899291 67.0 268000
1723158913894 68.0 272000
1723158928265 69.0 276000
1723158942233 70.0 280000
1723158955869 71.0 284000
1723158969721 72.0 288000
1723158983778 73.0 292000
1723158997287 74.0 296000
1723159010851 75.0 300000
1723159024426 76.0 304000
1723159041329 77.0 308000
1723159061368 78.0 312000
1723159081054 79.0 316000
1723159096045 80.0 320000
1723159109795 81.0 324000
1723159123327 82.0 328000
1723159137097 83.0 332000
1723159151025 84.0 336000
1723159164644 85.0 340000
1723159178311 86.0 344000
1723159192333 87.0 348000
1723159205638 88.0 352000
1723159218834 89.0 356000
1723159232459 90.0 360000
1723159246717 91.0 364000
1723159260113 92.0 368000
1723159273407 93.0 372000
1723159287010 94.0 376000
1723159301049 95.0 380000
1723159315175 96.0 384000
1723159328986 97.0 388000
1723159342999 98.0 392000
1723159356671 99.0 396000
1723159370446 100.0 400000
1723159384729 101.0 404000
1723159398940 102.0 408000
1723159412412 103.0 412000
1723159431000 104.0 416000
1723159446340 105.0 420000
1723159460529 106.0 424000
1723159474810 107.0 428000
1723159488919 108.0 432000
1723159502369 109.0 436000
1723159515604 110.0 440000
1723159528902 111.0 444000
1723159542583 112.0 448000
1723159556201 113.0 452000
1723159582970 114.0 456000
1723159601023 115.0 460000
1723159618271 116.0 464000
1723159636450 117.0 468000
1723159654211 118.0 472000
1723159673966 119.0 476000
1723159692862 120.0 480000
1723159710259 121.0 484000
1723159724906 122.0 488000
1723159738580 123.0 492000
1723159751869 124.0 496000
1723159765587 125.0 500000
1723159779275 126.0 504000
1723159793006 127.0 508000
1723159806507 128.0 512000
1723159819860 129.0 516000
1723159834626 130.0 520000
1723159848573 131.0 524000
1723159863029 132.0 528000
1723159877312 133.0 532000
1723159891343 134.0 536000
1723159905523 135.0 540000
1723159919780 136.0 544000
1723159934129 137.0 548000
1723159948003 138.0 552000
1723159962119 139.0 556000
1723159976386 140.0 560000
1723159989890 141.0 564000
1723160003506 142.0 568000
1723160017319 143.0 572000
1723160031026 144.0 576000
1723160044734 145.0 580000
1723160063022 146.0 584000
1723160081234 147.0 588000
1723160099085 148.0 592000
1723160116999 149.0 596000
1723160130320 150.0 600000
1723160142842 151.0 604000
1723160155439 152.0 608000
1723160167975 153.0 612000
1723160180735 154.0 616000
1723160194058 155.0 620000
1723160206800 156.0 624000
1723160219736 157.0 628000
1723160232620 158.0 632000
1723160244984 159.0 636000
1723160257845 160.0 640000
1723160274776 161.0 644000
1723160292018 162.0 648000
1723160309357 163.0 652000
1723160326903 164.0 656000
1723160345055 165.0 660000
1723160362615 166.0 664000
1723160376918 167.0 668000
1723160389966 168.0 672000
1723160403451 169.0 676000
1723160424808 170.0 680000
1723160442674 171.0 684000
1723160460937 172.0 688000
1723160479315 173.0 692000
1723160493528 174.0 696000
1723160506705 175.0 700000
1723160523308 176.0 704000
1723160541278 177.0 708000
1723160560107 178.0 712000
1723160578793 179.0 716000
1723160596177 180.0 720000
1723160614187 181.0 724000
1723160634931 182.0 728000
1723160653613 183.0 732000
1723160672923 184.0 736000
1723160687816 185.0 740000
1723160702043 186.0 744000
1723160715625 187.0 748000
1723160729144 188.0 752000
1723160743654 189.0 756000
1723160756805 190.0 760000
1723160770694 191.0 764000
1723160783566 192.0 768000
1723160796181 193.0 772000
1723160808800 194.0 776000
1723160822401 195.0 780000
1723160835207 196.0 784000
1723160848125 197.0 788000
1723160861004 198.0 792000
1723160873869 199.0 796000
1723160887683 200.0 800000
1723160900897 201.0 804000
1723160913915 202.0 808000
1723160926581 203.0 812000
1723160939160 204.0 816000
1723160953104 205.0 820000
1723160970896 206.0 824000
1723160991026 207.0 828000
1723161004901 208.0 832000
1723161018120 209.0 836000
1723161031820 210.0 840000
1723161044337 211.0 844000
1723161057047 212.0 848000
1723161069842 213.0 852000
1723161082547 214.0 856000
1723161094936 215.0 860000
1723161107743 216.0 864000
1723161119762 217.0 868000
1723161132179 218.0 872000
1723161144742 219.0 876000
1723161156893 220.0 880000
1723161169318 221.0 884000
1723161181841 222.0 888000
1723161194314 223.0 892000
1723161206469 224.0 896000
1723161218453 225.0 900000
1723161230987 226.0 904000
1723161243384 227.0 908000
1723161255322 228.0 912000
1723161267559 229.0 916000
1723161279672 230.0 920000
1723161291985 231.0 924000
1723161303963 232.0 928000
1723161316074 233.0 932000
1723161328437 234.0 936000
1723161340590 235.0 940000
1723161353068 236.0 944000
1723161365582 237.0 948000
1723161378341 238.0 952000
1723161391128 239.0 956000
1723161403084 240.0 960000
1723161415448 241.0 964000
1723161428005 242.0 968000
1723161439921 243.0 972000
1723161452488 244.0 976000
1723161464736 245.0 980000
1723161477234 246.0 984000
1723161489961 247.0 988000
1723161502677 248.0 992000
1723161515093 249.0 996000
1723161527432 250.0 1000000
1723161540364 251.0 1004000
1723161552892 252.0 1008000
1723161565488 253.0 1012000
1723161577858 254.0 1016000
1723161590235 255.0 1020000
1723161602168 256.0 1024000
1723161614550 257.0 1028000
1723161626773 258.0 1032000
1723161639023 259.0 1036000
1723161651182 260.0 1040000
1723161663535 261.0 1044000
1723161675712 262.0 1048000
1723161687794 263.0 1052000
1723161699535 264.0 1056000
1723161711831 265.0 1060000
1723161723700 266.0 1064000
1723161735715 267.0 1068000
1723161747937 268.0 1072000
1723161760327 269.0 1076000
1723161773047 270.0 1080000
1723161785768 271.0 1084000
1723161798138 272.0 1088000
1723161810617 273.0 1092000
1723161823058 274.0 1096000
1723161835535 275.0 1100000
1723161847291 276.0 1104000
1723161859568 277.0 1108000
1723161871926 278.0 1112000
1723161883940 279.0 1116000
1723161896031 280.0 1120000
1723161908111 281.0 1124000
1723161920408 282.0 1128000
1723161932704 283.0 1132000
1723161945168 284.0 1136000
1723161957335 285.0 1140000
1723161969596 286.0 1144000
1723161982348 287.0 1148000
1723161994707 288.0 1152000
1723162007082 289.0 1156000
1723162019521 290.0 1160000
1723162032088 291.0 1164000
1723162044551 292.0 1168000
1723162057220 293.0 1172000
1723162069618 294.0 1176000
1723162082640 295.0 1180000
1723162095035 296.0 1184000
1723162108109 297.0 1188000
1723162120728 298.0 1192000
1723162133396 299.0 1196000
1723162146026 300.0 1200000
