1723217327583 1.0 4000
1723217342807 1.0 8000
1723217358152 1.0 12000
1723217373466 1.0 16000
1723217388896 1.0 20000
1723217404293 1.0 24000
1723217419659 1.0 28000
1723217434871 1.0 32000
1723217450235 1.0 36000
1723217465805 1.0 40000
1723217481308 1.0 44000
1723217496669 1.0 48000
1723217512011 1.0 52000
1723217527289 1.0 56000
1723217542594 1.0 60000
1723217557876 1.0 64000
1723217573169 1.0 68000
1723217588801 1.0 72000
1723217604194 1.0 76000
1723217621382 1.0 80000
1723217639505 1.0 84000
1723217657402 1.0 88000
1723217674782 1.0 92000
1723217691932 1.0 96000
1723217709667 1.0 100000
1723217727103 1.0 104000
1723217744573 1.0 108000
1723217762440 1.0 112000
1723217780527 1.0 116000
1723217799566 1.0 120000
1723217817314 1.0 124000
1723217834932 1.0 128000
1723217852509 1.0 132000
1723217869893 1.0 136000
1723217887187 1.0 140000
1723217904189 1.0 144000
1723217920820 1.0 148000
1723217937841 1.0 152000
1723217954895 1.0 156000
1723217972285 1.0 160000
1723217989593 1.0 164000
1723218006928 1.0 168000
1723218024247 1.0 172000
1723218041558 1.0 176000
1723218059853 1.0 180000
1723218077324 1.0 184000
1723218094202 1.0 188000
1723218111986 1.0 192000
1723218129560 1.0 196000
1723218147186 1.0 200000
1723218164017 1.0 204000
1723218181115 1.0 208000
1723218197943 1.0 212000
1723218216481 1.0 216000
1723218233534 1.0 220000
1723218250423 1.0 224000
1723218267517 1.0 228000
1723218284819 1.0 232000
1723218301910 1.0 236000
1723218318867 1.0 240000
1723218335898 1.0 244000
1723218352801 1.0 248000
1723218370117 1.0 252000
1723218386508 1.0 256000
1723218403202 1.0 260000
1723218420307 1.0 264000
1723218437932 1.0 268000
1723218455430 1.0 272000
1723218474308 1.0 276000
1723218491422 1.0 280000
1723218508602 1.0 284000
1723218525608 1.0 288000
1723218541983 1.0 292000
1723218559322 1.0 296000
1723218576513 1.0 300000
1723218594970 1.0 304000
1723218611866 1.0 308000
1723218629123 1.0 312000
1723218645688 1.0 316000
1723218663018 1.0 320000
1723218680003 1.0 324000
1723218696925 1.0 328000
1723218821493 1.0 332000
1723218838849 1.0 336000
1723218855763 1.0 340000
1723218872799 1.0 344000
1723218891865 1.0 348000
1723218908463 1.0 352000
1723218925022 1.0 356000
1723218941386 1.0 360000
1723218958392 1.0 364000
1723218975190 1.0 368000
1723218998703 1.0 372000
1723219018713 1.0 376000
1723219035871 1.0 380000
1723219052743 1.0 384000
1723219071164 1.0 388000
1723219088054 1.0 392000
1723219104696 1.0 396000
1723219121692 1.0 400000
1723219138532 1.0 404000
1723219155901 1.0 408000
1723219173121 1.0 412000
1723219190788 1.0 416000
1723219208262 1.0 420000
1723219225499 1.0 424000
1723219241886 1.0 428000
1723219258187 1.0 432000
1723219274836 1.0 436000
1723219290893 1.0 440000
1723219307044 1.0 444000
1723219322796 1.0 448000
1723219339937 1.0 452000
1723219358155 1.0 456000
1723219375673 1.0 460000
1723219392198 1.0 464000
1723219408738 1.0 468000
1723219425234 1.0 472000
1723219442579 1.0 476000
1723219458952 1.0 480000
1723219475712 1.0 484000
1723219492479 1.0 488000
1723219509093 1.0 492000
1723219525724 1.0 496000
1723219541981 1.0 500000
1723219558378 1.0 504000
1723219574781 1.0 508000
1723219591128 1.0 512000
1723219606541 1.0 516000
1723219622888 1.0 520000
1723219640263 1.0 524000
1723219657047 1.0 528000
1723219673989 1.0 532000
1723219690235 1.0 536000
1723219706436 1.0 540000
1723219722709 1.0 544000
1723219739224 1.0 548000
1723219757231 1.0 552000
1723219774102 1.0 556000
1723219791194 1.0 560000
1723219807937 1.0 564000
1723219825340 1.0 568000
1723219842253 1.0 572000
1723219858724 1.0 576000
1723219876170 1.0 580000
1723219891631 1.0 584000
1723219907269 1.0 588000
1723219923052 1.0 592000
1723219939781 1.0 596000
1723219956246 1.0 600000
1723219972279 1.0 604000
1723219988234 1.0 608000
1723220004950 1.0 612000
1723220021172 1.0 616000
1723220037555 1.0 620000
1723220054780 1.0 624000
1723220071806 1.0 628000
1723220088596 1.0 632000
1723220104898 1.0 636000
1723220121240 1.0 640000
1723220137563 1.0 644000
1723220153545 1.0 648000
1723220169633 1.0 652000
1723220186514 1.0 656000
1723220202907 1.0 660000
1723220219326 1.0 664000
1723220235635 1.0 668000
1723220252365 1.0 672000
1723220268733 1.0 676000
1723220285428 1.0 680000
1723220302209 1.0 684000
1723220318748 1.0 688000
1723220335561 1.0 692000
1723220351678 1.0 696000
1723220368068 1.0 700000
1723220383950 1.0 704000
1723220400073 1.0 708000
1723220416035 1.0 712000
1723220432931 1.0 716000
1723220448631 1.0 720000
1723220465045 1.0 724000
1723220481707 1.0 728000
1723220498812 1.0 732000
1723220515596 1.0 736000
1723220532061 1.0 740000
1723220548746 1.0 744000
1723220565236 1.0 748000
1723220581705 1.0 752000
1723220598555 1.0 756000
1723220614735 1.0 760000
1723220629437 1.0 764000
1723220643211 1.0 768000
1723220657097 1.0 772000
1723220671622 1.0 776000
1723220686064 1.0 780000
1723220700291 1.0 784000
1723220714290 1.0 788000
1723220728714 1.0 792000
1723220742925 1.0 796000
1723220756698 1.0 800000
1723220770483 1.0 804000
1723220784592 1.0 808000
1723220798616 1.0 812000
1723220812493 1.0 816000
1723220826206 1.0 820000
1723220839959 1.0 824000
1723220859540 1.0 828000
1723220874392 1.0 832000
1723220888626 1.0 836000
1723220902334 1.0 840000
1723220916572 1.0 844000
1723220930665 1.0 848000
1723220944187 1.0 852000
1723220958355 1.0 856000
1723220972387 1.0 860000
1723220986749 1.0 864000
1723221001004 1.0 868000
1723221015027 1.0 872000
1723221029262 1.0 876000
1723221043466 1.0 880000
1723221057397 1.0 884000
1723221071257 1.0 888000
1723221085135 1.0 892000
1723221099278 1.0 896000
1723221113375 1.0 900000
1723221127201 1.0 904000
1723221141289 1.0 908000
1723221156014 1.0 912000
1723221169933 1.0 916000
1723221184365 1.0 920000
1723221198453 1.0 924000
1723221212379 1.0 928000
1723221226496 1.0 932000
1723221240324 1.0 936000
1723221253985 1.0 940000
1723221268516 1.0 944000
1723221282666 1.0 948000
1723221297317 1.0 952000
1723221311382 1.0 956000
1723221326025 1.0 960000
1723221340190 1.0 964000
1723221354080 1.0 968000
1723221368508 1.0 972000
1723221382807 1.0 976000
1723221396751 1.0 980000
1723221410840 1.0 984000
1723221425051 1.0 988000
1723221438978 1.0 992000
1723221453637 1.0 996000
1723221467814 1.0 1000000
1723221482030 1.0 1004000
1723221496488 1.0 1008000
1723221510573 1.0 1012000
1723221524050 1.0 1016000
1723221538516 1.0 1020000
1723221552790 1.0 1024000
1723221567165 1.0 1028000
1723221581286 1.0 1032000
1723221594960 1.0 1036000
1723221609171 1.0 1040000
1723221623279 1.0 1044000
1723221637179 1.0 1048000
1723221651266 1.0 1052000
1723221665199 1.0 1056000
1723221679006 1.0 1060000
1723221693560 1.0 1064000
1723221707862 1.0 1068000
1723221722212 1.0 1072000
1723221736182 1.0 1076000
1723221750490 1.0 1080000
1723221764049 1.0 1084000
1723221777874 1.0 1088000
1723221791831 1.0 1092000
1723221805766 1.0 1096000
1723221820306 1.0 1100000
1723221834541 1.0 1104000
1723221848878 1.0 1108000
1723221863437 1.0 1112000
1723221877036 1.0 1116000
1723221890189 1.0 1120000
1723221903749 1.0 1124000
1723221917641 1.0 1128000
1723221930940 1.0 1132000
1723221944597 1.0 1136000
1723221958162 1.0 1140000
1723221971649 1.0 1144000
1723221986489 1.0 1148000
1723221999825 1.0 1152000
1723222013460 1.0 1156000
1723222026904 1.0 1160000
1723222040535 1.0 1164000
1723222054947 1.0 1168000
1723222068808 1.0 1172000
1723222082727 1.0 1176000
1723222096607 1.0 1180000
1723222110836 1.0 1184000
1723222123939 1.0 1188000
1723222136935 1.0 1192000
1723222149449 1.0 1196000
1723222162219 1.0 1200000
1723222175324 1.0 1204000
1723222188815 1.0 1208000
1723222202288 1.0 1212000
1723222215288 1.0 1216000
1723222229006 1.0 1220000
1723222242176 1.0 1224000
1723222255202 1.0 1228000
1723222268363 1.0 1232000
1723222281547 1.0 1236000
1723222295301 1.0 1240000
1723222308817 1.0 1244000
1723222322504 1.0 1248000
1723222335258 1.0 1252000
1723222348682 1.0 1256000
1723222361269 1.0 1260000
1723222374145 1.0 1264000
1723222386848 1.0 1268000
1723222399980 1.0 1272000
1723222413341 1.0 1276000
1723222427000 1.0 1280000
1723222440325 1.0 1284000
1723222453893 1.0 1288000
1723222467660 1.0 1292000
1723222480658 1.0 1296000
1723222494040 1.0 1300000
1723222507122 1.0 1304000
1723222520178 1.0 1308000
1723222533965 1.0 1312000
1723222547162 1.0 1316000
1723222560695 1.0 1320000
1723222574246 1.0 1324000
1723222587870 1.0 1328000
1723222601051 1.0 1332000
1723222614105 1.0 1336000
1723222627215 1.0 1340000
1723222639828 1.0 1344000
1723222654052 1.0 1348000
1723222667024 1.0 1352000
1723222680576 1.0 1356000
1723222694120 1.0 1360000
1723222707176 1.0 1364000
1723222720665 1.0 1368000
1723222733960 1.0 1372000
1723222747212 1.0 1376000
1723222760482 1.0 1380000
1723222773994 1.0 1384000
1723222787460 1.0 1388000
1723222800634 1.0 1392000
1723222813834 1.0 1396000
1723222828101 1.0 1400000
1723222841816 1.0 1404000
1723222855133 1.0 1408000
1723222868619 1.0 1412000
1723222882030 1.0 1416000
1723222895799 1.0 1420000
1723222908866 1.0 1424000
1723222922315 1.0 1428000
1723222935970 1.0 1432000
1723222949697 1.0 1436000
1723222963277 1.0 1440000
1723222976472 1.0 1444000
1723222990399 1.0 1448000
1723223003784 1.0 1452000
1723223017052 1.0 1456000
1723223030134 1.0 1460000
1723223042813 1.0 1464000
1723223056200 1.0 1468000
1723223070109 1.0 1472000
1723223083765 1.0 1476000
1723223097278 1.0 1480000
1723223110394 1.0 1484000
1723223124810 1.0 1488000
1723223138707 1.0 1492000
1723223152274 1.0 1496000
1723223166378 1.0 1500000
1723223179654 1.0 1504000
1723223193445 1.0 1508000
1723223206808 1.0 1512000
1723223219877 1.0 1516000
1723223233030 1.0 1520000
1723223246612 1.0 1524000
1723223259856 1.0 1528000
1723223273386 1.0 1532000
1723223286858 1.0 1536000
1723223300861 1.0 1540000
1723223314114 1.0 1544000
1723223327362 1.0 1548000
1723223340687 1.0 1552000
1723223354182 1.0 1556000
1723223367650 1.0 1560000
1723223380809 1.0 1564000
1723223393734 1.0 1568000
1723223407255 1.0 1572000
1723223420683 1.0 1576000
1723223434331 1.0 1580000
1723223447449 1.0 1584000
1723223460641 1.0 1588000
1723223473969 1.0 1592000
1723223488014 1.0 1596000
1723223501155 1.0 1600000
1723223514384 1.0 1604000
1723223527908 1.0 1608000
1723224062026 1.0 1612000
1723224075876 1.0 1616000
1723224088995 1.0 1620000
1723224102291 1.0 1624000
1723224274581 1.0 1628000
1723224291377 1.0 1632000
1723224305096 1.0 1636000
1723224319997 1.0 1640000
1723224333021 1.0 1644000
1723224345847 1.0 1648000
1723224359071 1.0 1652000
1723224372730 1.0 1656000
1723224386804 1.0 1660000
1723224418238 1.0 1664000
1723224438110 1.0 1668000
1723224844420 1.0 1672000
1723224857853 1.0 1676000
1723224870264 1.0 1680000
1723225074320 1.0 1684000
1723225091750 1.0 1688000
1723225104994 1.0 1692000
1723225148493 1.0 1696000
1723225161641 1.0 1700000
1723225174412 1.0 1704000
1723225187316 1.0 1708000
1723225259241 1.0 1712000
1723225271486 1.0 1716000
1723225283934 1.0 1720000
1723225296475 1.0 1724000
1723226306052 1.0 1728000
1723226318460 1.0 1732000
1723226331241 1.0 1736000
1723226344133 1.0 1740000
1723226356777 1.0 1744000
1723226369069 1.0 1748000
1723226382131 1.0 1752000
1723226394401 1.0 1756000
1723226406891 1.0 1760000
1723226419388 1.0 1764000
1723226431810 1.0 1768000
1723226444228 1.0 1772000
1723226456630 1.0 1776000
1723226468934 1.0 1780000
1723226481700 1.0 1784000
1723226493756 1.0 1788000
1723226506086 1.0 1792000
1723226518702 1.0 1796000
1723226530841 1.0 1800000
1723226543158 1.0 1804000
1723226555703 1.0 1808000
1723226568082 1.0 1812000
1723226580452 1.0 1816000
1723226592827 1.0 1820000
1723226604831 1.0 1824000
1723226617069 1.0 1828000
1723226629687 1.0 1832000
1723226642289 1.0 1836000
1723226654425 1.0 1840000
1723226666752 1.0 1844000
1723226678972 1.0 1848000
1723226691391 1.0 1852000
1723226703727 1.0 1856000
1723226715817 1.0 1860000
1723226728481 1.0 1864000
1723226740808 1.0 1868000
1723226753259 1.0 1872000
1723226765517 1.0 1876000
1723226777546 1.0 1880000
1723226789659 1.0 1884000
1723226801868 1.0 1888000
1723226814079 1.0 1892000
1723226826227 1.0 1896000
1723226838955 1.0 1900000
1723226851120 1.0 1904000
1723226863414 1.0 1908000
1723226875643 1.0 1912000
1723226887632 1.0 1916000
1723226899798 1.0 1920000
1723226911460 1.0 1924000
1723226923244 1.0 1928000
1723226935325 1.0 1932000
1723226948574 1.0 1936000
1723226965117 1.0 1940000
1723226981424 1.0 1944000
1723226999868 1.0 1948000
1723227017815 1.0 1952000
1723227035403 1.0 1956000
1723227053316 1.0 1960000
1723227071393 1.0 1964000
1723227089419 1.0 1968000
1723227106786 1.0 1972000
1723227123665 1.0 1976000
1723227139181 1.0 1980000
1723227155094 1.0 1984000
1723227170268 1.0 1988000
1723227185243 1.0 1992000
1723227203148 1.0 1996000
1723227218954 1.0 2000000
