1723217327591 -1.0 4000
1723217342813 -1.0 8000
1723217358159 -1.0 12000
1723217373472 -1.0 16000
1723217388903 -1.0 20000
1723217404299 -1.0 24000
1723217419664 -1.0 28000
1723217434877 -1.0 32000
1723217450241 -1.0 36000
1723217465811 -1.0 40000
1723217481316 -1.0 44000
1723217496675 -1.0 48000
1723217512017 -1.0 52000
1723217527295 -1.0 56000
1723217542600 -1.0 60000
1723217557882 -1.0 64000
1723217573175 -1.0 68000
1723217588807 -1.0 72000
1723217604199 -1.0 76000
1723217621389 -1.0 80000
1723217639511 -1.0 84000
1723217657409 -1.0 88000
1723217674788 -1.0 92000
1723217691937 -1.0 96000
1723217709673 -1.0 100000
1723217727109 -1.0 104000
1723217744580 -1.0 108000
1723217762446 -1.0 112000
1723217780533 -1.0 116000
1723217799572 -1.0 120000
1723217817320 -1.0 124000
1723217834939 -1.0 128000
1723217852516 -1.0 132000
1723217869899 -1.0 136000
1723217887193 -1.0 140000
1723217904195 -1.0 144000
1723217920826 -1.0 148000
1723217937847 -1.0 152000
1723217954902 -1.0 156000
1723217972292 -1.0 160000
1723217989599 -1.0 164000
1723218006934 -1.0 168000
1723218024253 -1.0 172000
1723218041565 -1.0 176000
1723218059859 -1.0 180000
1723218077330 -1.0 184000
1723218094207 -1.0 188000
1723218111992 -1.0 192000
1723218129566 -1.0 196000
1723218147193 -1.0 200000
1723218164023 -1.0 204000
1723218181121 -1.0 208000
1723218197950 -1.0 212000
1723218216489 -1.0 216000
1723218233541 -1.0 220000
1723218250429 -1.0 224000
1723218267524 -1.0 228000
1723218284825 -1.0 232000
1723218301917 -1.0 236000
1723218318874 -1.0 240000
1723218335904 -1.0 244000
1723218352808 -1.0 248000
1723218370123 -1.0 252000
1723218386515 -1.0 256000
1723218403210 -1.0 260000
1723218420313 -1.0 264000
1723218437939 -1.0 268000
1723218455436 -1.0 272000
1723218474316 -1.0 276000
1723218491428 -1.0 280000
1723218508610 -1.0 284000
1723218525614 -1.0 288000
1723218541989 -1.0 292000
1723218559329 -1.0 296000
1723218576519 -1.0 300000
1723218594976 -1.0 304000
1723218611872 -1.0 308000
1723218629129 -1.0 312000
1723218645694 -1.0 316000
1723218663024 -1.0 320000
1723218680012 -1.0 324000
1723218696931 -1.0 328000
1723218821500 -1.0 332000
1723218838858 -1.0 336000
1723218855769 -1.0 340000
1723218872814 -1.0 344000
1723218891871 -1.0 348000
1723218908469 -1.0 352000
1723218925027 -1.0 356000
1723218941392 -1.0 360000
1723218958398 -1.0 364000
1723218975196 -1.0 368000
1723218998710 -1.0 372000
1723219018719 -1.0 376000
1723219035877 -1.0 380000
1723219052758 -1.0 384000
1723219071170 -1.0 388000
1723219088060 -1.0 392000
1723219104701 -1.0 396000
1723219121698 -1.0 400000
1723219138538 -1.0 404000
1723219155908 -1.0 408000
1723219173127 -1.0 412000
1723219190794 -1.0 416000
1723219208268 -1.0 420000
1723219225505 -1.0 424000
1723219241893 -1.0 428000
1723219258192 -1.0 432000
1723219274843 -1.0 436000
1723219290899 -1.0 440000
1723219307049 -1.0 444000
1723219322802 -1.0 448000
1723219339949 -1.0 452000
1723219358161 -1.0 456000
1723219375679 -1.0 460000
1723219392204 -1.0 464000
1723219408744 -1.0 468000
1723219425239 -1.0 472000
1723219442585 -1.0 476000
1723219458958 -1.0 480000
1723219475718 -1.0 484000
1723219492485 -1.0 488000
1723219509099 -1.0 492000
1723219525731 -1.0 496000
1723219541986 -1.0 500000
1723219558384 -1.0 504000
1723219574787 -1.0 508000
1723219591134 -1.0 512000
1723219606547 -1.0 516000
1723219622894 -1.0 520000
1723219640269 -1.0 524000
1723219657055 -1.0 528000
1723219673995 -1.0 532000
1723219690241 -1.0 536000
1723219706441 -1.0 540000
1723219722714 -1.0 544000
1723219739232 -1.0 548000
1723219757237 -1.0 552000
1723219774108 -1.0 556000
1723219791200 -1.0 560000
1723219807943 -1.0 564000
1723219825346 -1.0 568000
1723219842259 -1.0 572000
1723219858730 -1.0 576000
1723219876176 -1.0 580000
1723219891637 -1.0 584000
1723219907275 -1.0 588000
1723219923058 -1.0 592000
1723219939786 -1.0 596000
1723219956253 -1.0 600000
1723219972287 -1.0 604000
1723219988240 -1.0 608000
1723220004955 -1.0 612000
1723220021179 -1.0 616000
1723220037562 -1.0 620000
1723220054787 -1.0 624000
1723220071811 -1.0 628000
1723220088605 -1.0 632000
1723220104904 -1.0 636000
1723220121245 -1.0 640000
1723220137569 -1.0 644000
1723220153551 -1.0 648000
1723220169639 -1.0 652000
1723220186523 -1.0 656000
1723220202913 -1.0 660000
1723220219332 -1.0 664000
1723220235640 -1.0 668000
1723220252370 -1.0 672000
1723220268740 -1.0 676000
1723220285434 -1.0 680000
1723220302215 -1.0 684000
1723220318754 -1.0 688000
1723220335567 -1.0 692000
1723220351687 -1.0 696000
1723220368074 -1.0 700000
1723220383957 -1.0 704000
1723220400079 -1.0 708000
1723220416040 -1.0 712000
1723220432937 -1.0 716000
1723220448637 -1.0 720000
1723220465051 -1.0 724000
1723220481713 -1.0 728000
1723220498818 -1.0 732000
1723220515603 -1.0 736000
1723220532067 -1.0 740000
1723220548752 -1.0 744000
1723220565244 -1.0 748000
1723220581712 -1.0 752000
1723220598560 -1.0 756000
1723220614741 -1.0 760000
1723220629442 -1.0 764000
1723220643217 -1.0 768000
1723220657102 -1.0 772000
1723220671630 -1.0 776000
1723220686070 -1.0 780000
1723220700296 -1.0 784000
1723220714295 -1.0 788000
1723220728720 -1.0 792000
1723220742931 -1.0 796000
1723220756703 -1.0 800000
1723220770489 -1.0 804000
1723220784598 -1.0 808000
1723220798621 -1.0 812000
1723220812499 -1.0 816000
1723220826212 -1.0 820000
1723220839965 -1.0 824000
1723220859547 -1.0 828000
1723220874398 -1.0 832000
1723220888632 -1.0 836000
1723220902340 -1.0 840000
1723220916578 -1.0 844000
1723220930671 -1.0 848000
1723220944192 -1.0 852000
1723220958361 -1.0 856000
1723220972394 -1.0 860000
1723220986754 -1.0 864000
1723221001011 -1.0 868000
1723221015033 -1.0 872000
1723221029268 -1.0 876000
1723221043472 -1.0 880000
1723221057404 -1.0 884000
1723221071263 -1.0 888000
1723221085141 -1.0 892000
1723221099284 -1.0 896000
1723221113381 -1.0 900000
1723221127207 -1.0 904000
1723221141294 -1.0 908000
1723221156020 -1.0 912000
1723221169940 -1.0 916000
1723221184371 -1.0 920000
1723221198459 -1.0 924000
1723221212385 -1.0 928000
1723221226502 -1.0 932000
1723221240329 -1.0 936000
1723221253991 -1.0 940000
1723221268522 -1.0 944000
1723221282672 -1.0 948000
1723221297323 -1.0 952000
1723221311388 -1.0 956000
1723221326031 -1.0 960000
1723221340196 -1.0 964000
1723221354086 -1.0 968000
1723221368513 -1.0 972000
1723221382812 -1.0 976000
1723221396756 -1.0 980000
1723221410845 -1.0 984000
1723221425056 -1.0 988000
1723221438984 -1.0 992000
1723221453643 -1.0 996000
1723221467821 -1.0 1000000
1723221482036 -1.0 1004000
1723221496494 -1.0 1008000
1723221510579 -1.0 1012000
1723221524056 -1.0 1016000
1723221538522 -1.0 1020000
1723221552796 -1.0 1024000
1723221567171 -1.0 1028000
1723221581291 -1.0 1032000
1723221594966 -1.0 1036000
1723221609177 -1.0 1040000
1723221623285 -1.0 1044000
1723221637185 -1.0 1048000
1723221651272 -1.0 1052000
1723221665205 -1.0 1056000
1723221679012 -1.0 1060000
1723221693565 -1.0 1064000
1723221707868 -1.0 1068000
1723221722218 -1.0 1072000
1723221736188 -1.0 1076000
1723221750496 -1.0 1080000
1723221764055 -1.0 1084000
1723221777880 -1.0 1088000
1723221791837 -1.0 1092000
1723221805772 -1.0 1096000
1723221820311 -1.0 1100000
1723221834547 -1.0 1104000
1723221848884 -1.0 1108000
1723221863443 -1.0 1112000
1723221877042 -1.0 1116000
1723221890195 -1.0 1120000
1723221903755 -1.0 1124000
1723221917647 -1.0 1128000
1723221930946 -1.0 1132000
1723221944603 -1.0 1136000
1723221958168 -1.0 1140000
1723221971655 -1.0 1144000
1723221986495 -1.0 1148000
1723221999832 -1.0 1152000
1723222013466 -1.0 1156000
1723222026910 -1.0 1160000
1723222040541 -1.0 1164000
1723222054952 -1.0 1168000
1723222068815 -1.0 1172000
1723222082732 -1.0 1176000
1723222096613 -1.0 1180000
1723222110842 -1.0 1184000
1723222123945 -1.0 1188000
1723222136941 -1.0 1192000
1723222149455 -1.0 1196000
1723222162225 -1.0 1200000
1723222175331 -1.0 1204000
1723222188821 -1.0 1208000
1723222202293 -1.0 1212000
1723222215293 -1.0 1216000
1723222229011 -1.0 1220000
1723222242182 -1.0 1224000
1723222255209 -1.0 1228000
1723222268369 -1.0 1232000
1723222281553 -1.0 1236000
1723222295307 -1.0 1240000
1723222308823 -1.0 1244000
1723222322509 -1.0 1248000
1723222335264 -1.0 1252000
1723222348689 -1.0 1256000
1723222361275 -1.0 1260000
1723222374151 -1.0 1264000
1723222386854 -1.0 1268000
1723222399986 -1.0 1272000
1723222413348 -1.0 1276000
1723222427006 -1.0 1280000
1723222440331 -1.0 1284000
1723222453899 -1.0 1288000
1723222467666 -1.0 1292000
1723222480664 -1.0 1296000
1723222494045 -1.0 1300000
1723222507128 -1.0 1304000
1723222520184 -1.0 1308000
1723222533971 -1.0 1312000
1723222547167 -1.0 1316000
1723222560701 -1.0 1320000
1723222574252 -1.0 1324000
1723222587876 -1.0 1328000
1723222601057 -1.0 1332000
1723222614110 -1.0 1336000
1723222627221 -1.0 1340000
1723222639833 -1.0 1344000
1723222654058 -1.0 1348000
1723222667029 -1.0 1352000
1723222680581 -1.0 1356000
1723222694126 -1.0 1360000
1723222707189 -1.0 1364000
1723222720671 -1.0 1368000
1723222733966 -1.0 1372000
1723222747218 -1.0 1376000
1723222760488 -1.0 1380000
1723222773999 -1.0 1384000
1723222787466 -1.0 1388000
1723222800640 -1.0 1392000
1723222813840 -1.0 1396000
1723222828107 -1.0 1400000
1723222841822 -1.0 1404000
1723222855139 -1.0 1408000
1723222868626 -1.0 1412000
1723222882036 -1.0 1416000
1723222895804 -1.0 1420000
1723222908872 -1.0 1424000
1723222922322 -1.0 1428000
1723222935976 -1.0 1432000
1723222949702 -1.0 1436000
1723222963283 -1.0 1440000
1723222976478 -1.0 1444000
1723222990405 -1.0 1448000
1723223003790 -1.0 1452000
1723223017058 -1.0 1456000
1723223030141 -1.0 1460000
1723223042819 -1.0 1464000
1723223056206 -1.0 1468000
1723223070115 -1.0 1472000
1723223083771 -1.0 1476000
1723223097284 -1.0 1480000
1723223110400 -1.0 1484000
1723223124816 -1.0 1488000
1723223138713 -1.0 1492000
1723223152281 -1.0 1496000
1723223166384 -1.0 1500000
1723223179660 -1.0 1504000
1723223193450 -1.0 1508000
1723223206814 -1.0 1512000
1723223219883 -1.0 1516000
1723223233036 -1.0 1520000
1723223246618 -1.0 1524000
1723223259862 -1.0 1528000
1723223273392 -1.0 1532000
1723223286864 -1.0 1536000
1723223300867 -1.0 1540000
1723223314120 -1.0 1544000
1723223327368 -1.0 1548000
1723223340693 -1.0 1552000
1723223354187 -1.0 1556000
1723223367656 -1.0 1560000
1723223380814 -1.0 1564000
1723223393740 -1.0 1568000
1723223407262 -1.0 1572000
1723223420689 -1.0 1576000
1723223434337 -1.0 1580000
1723223447455 -1.0 1584000
1723223460647 -1.0 1588000
1723223473975 -1.0 1592000
1723223488020 -1.0 1596000
1723223501161 -1.0 1600000
1723223514390 -1.0 1604000
1723223527914 -1.0 1608000
1723224062032 -1.0 1612000
1723224075882 -1.0 1616000
1723224089001 -1.0 1620000
1723224102297 -1.0 1624000
1723224274587 -1.0 1628000
1723224291383 -1.0 1632000
1723224305102 -1.0 1636000
1723224320003 -1.0 1640000
1723224333027 -1.0 1644000
1723224345853 -1.0 1648000
1723224359077 -1.0 1652000
1723224372736 -1.0 1656000
1723224386810 -1.0 1660000
1723224418244 -1.0 1664000
1723224438116 -1.0 1668000
1723224844426 -1.0 1672000
1723224857859 -1.0 1676000
1723224870270 -1.0 1680000
1723225074409 -1.0 1684000
1723225091756 -1.0 1688000
1723225105000 -1.0 1692000
1723225148499 -1.0 1696000
1723225161647 -1.0 1700000
1723225174419 -1.0 1704000
1723225187322 -1.0 1708000
1723225259248 -1.0 1712000
1723225271492 -1.0 1716000
1723225283939 -1.0 1720000
1723225296480 -1.0 1724000
1723226306057 -1.0 1728000
1723226318465 -1.0 1732000
1723226331247 -1.0 1736000
1723226344139 -1.0 1740000
1723226356782 -1.0 1744000
1723226369075 -1.0 1748000
1723226382137 -1.0 1752000
1723226394406 -1.0 1756000
1723226406897 -1.0 1760000
1723226419393 -1.0 1764000
1723226431815 -1.0 1768000
1723226444234 -1.0 1772000
1723226456636 -1.0 1776000
1723226468940 -1.0 1780000
1723226481705 -1.0 1784000
1723226493761 -1.0 1788000
1723226506092 -1.0 1792000
1723226518707 -1.0 1796000
1723226530847 -1.0 1800000
1723226543164 -1.0 1804000
1723226555708 -1.0 1808000
1723226568088 -1.0 1812000
1723226580458 -1.0 1816000
1723226592832 -1.0 1820000
1723226604836 -1.0 1824000
1723226617075 -1.0 1828000
1723226629693 -1.0 1832000
1723226642295 -1.0 1836000
1723226654430 -1.0 1840000
1723226666759 -1.0 1844000
1723226678978 -1.0 1848000
1723226691397 -1.0 1852000
1723226703733 -1.0 1856000
1723226715823 -1.0 1860000
1723226728487 -1.0 1864000
1723226740814 -1.0 1868000
1723226753265 -1.0 1872000
1723226765523 -1.0 1876000
1723226777552 -1.0 1880000
1723226789665 -1.0 1884000
1723226801874 -1.0 1888000
1723226814085 -1.0 1892000
1723226826233 -1.0 1896000
1723226838960 -1.0 1900000
1723226851126 -1.0 1904000
1723226863419 -1.0 1908000
1723226875648 -1.0 1912000
1723226887637 -1.0 1916000
1723226899804 -1.0 1920000
1723226911465 -1.0 1924000
1723226923250 -1.0 1928000
1723226935331 -1.0 1932000
1723226948581 -1.0 1936000
1723226965124 -1.0 1940000
1723226981432 -1.0 1944000
1723226999877 -1.0 1948000
1723227017824 -1.0 1952000
1723227035411 -1.0 1956000
1723227053324 -1.0 1960000
1723227071401 -1.0 1964000
1723227089426 -1.0 1968000
1723227106793 -1.0 1972000
1723227123672 -1.0 1976000
1723227139189 -1.0 1980000
1723227155102 -1.0 1984000
1723227170275 -1.0 1988000
1723227185250 -1.0 1992000
1723227203159 -1.0 1996000
1723227218963 -1.0 2000000
