1723217327581 0.0 4000
1723217342806 0.0 8000
1723217358151 0.0 12000
1723217373464 0.0 16000
1723217388895 0.0 20000
1723217404292 0.0 24000
1723217419657 0.0 28000
1723217434870 0.0 32000
1723217450233 0.0 36000
1723217465803 0.0 40000
1723217481307 0.0 44000
1723217496668 0.0 48000
1723217512010 0.0 52000
1723217527288 0.0 56000
1723217542593 0.0 60000
1723217557873 0.0 64000
1723217573168 0.0 68000
1723217588800 0.0 72000
1723217604192 0.0 76000
1723217621381 0.0 80000
1723217639503 0.0 84000
1723217657401 0.0 88000
1723217674780 0.0 92000
1723217691930 0.0 96000
1723217709666 0.0 100000
1723217727101 0.0 104000
1723217744572 0.0 108000
1723217762439 0.0 112000
1723217780525 0.0 116000
1723217799565 0.0 120000
1723217817312 0.0 124000
1723217834931 0.0 128000
1723217852508 0.0 132000
1723217869892 0.0 136000
1723217887186 0.0 140000
1723217904188 0.0 144000
1723217920819 0.0 148000
1723217937839 0.0 152000
1723217954894 0.0 156000
1723217972284 0.0 160000
1723217989592 0.0 164000
1723218006927 0.0 168000
1723218024246 0.0 172000
1723218041557 0.0 176000
1723218059852 0.0 180000
1723218077323 0.0 184000
1723218094201 0.0 188000
1723218111985 0.0 192000
1723218129559 0.0 196000
1723218147185 0.0 200000
1723218164016 0.0 204000
1723218181114 0.0 208000
1723218197941 0.0 212000
1723218216480 0.0 216000
1723218233533 0.0 220000
1723218250421 0.0 224000
1723218267516 0.0 228000
1723218284818 0.0 232000
1723218301909 0.0 236000
1723218318866 0.0 240000
1723218335897 0.0 244000
1723218352800 0.0 248000
1723218370116 0.0 252000
1723218386507 0.0 256000
1723218403200 0.0 260000
1723218420305 0.0 264000
1723218437930 0.0 268000
1723218455429 0.0 272000
1723218474306 0.0 276000
1723218491421 0.0 280000
1723218508601 0.0 284000
1723218525607 0.0 288000
1723218541982 0.0 292000
1723218559320 0.0 296000
1723218576512 0.0 300000
1723218594969 0.0 304000
1723218611864 0.0 308000
1723218629121 0.0 312000
1723218645686 0.0 316000
1723218663017 0.0 320000
1723218680001 0.0 324000
1723218696924 0.0 328000
1723218821492 0.0 332000
1723218838847 0.0 336000
1723218855762 0.0 340000
1723218872797 0.0 344000
1723218891864 0.0 348000
1723218908462 0.0 352000
1723218925021 0.0 356000
1723218941384 0.0 360000
1723218958391 0.0 364000
1723218975188 0.0 368000
1723218998702 0.0 372000
1723219018711 0.0 376000
1723219035870 0.0 380000
1723219052742 0.0 384000
1723219071163 0.0 388000
1723219088052 0.0 392000
1723219104695 0.0 396000
1723219121691 0.0 400000
1723219138531 0.0 404000
1723219155900 0.0 408000
1723219173120 0.0 412000
1723219190786 0.0 416000
1723219208261 0.0 420000
1723219225498 0.0 424000
1723219241885 0.0 428000
1723219258185 0.0 432000
1723219274835 0.0 436000
1723219290892 0.0 440000
1723219307043 0.0 444000
1723219322795 0.0 448000
1723219339936 0.0 452000
1723219358154 0.0 456000
1723219375672 0.0 460000
1723219392197 0.0 464000
1723219408737 0.0 468000
1723219425233 0.0 472000
1723219442578 0.0 476000
1723219458951 0.0 480000
1723219475711 0.0 484000
1723219492478 0.0 488000
1723219509092 0.0 492000
1723219525722 0.0 496000
1723219541980 0.0 500000
1723219558377 0.0 504000
1723219574780 0.0 508000
1723219591127 0.0 512000
1723219606540 0.0 516000
1723219622887 0.0 520000
1723219640262 0.0 524000
1723219657046 0.0 528000
1723219673988 0.0 532000
1723219690234 0.0 536000
1723219706434 0.0 540000
1723219722707 0.0 544000
1723219739223 0.0 548000
1723219757229 0.0 552000
1723219774101 0.0 556000
1723219791193 0.0 560000
1723219807936 0.0 564000
1723219825339 0.0 568000
1723219842252 0.0 572000
1723219858723 0.0 576000
1723219876169 0.0 580000
1723219891629 0.0 584000
1723219907268 0.0 588000
1723219923051 0.0 592000
1723219939780 0.0 596000
1723219956245 0.0 600000
1723219972278 0.0 604000
1723219988233 0.0 608000
1723220004948 0.0 612000
1723220021171 0.0 616000
1723220037554 0.0 620000
1723220054779 0.0 624000
1723220071804 0.0 628000
1723220088595 0.0 632000
1723220104897 0.0 636000
1723220121238 0.0 640000
1723220137562 0.0 644000
1723220153544 0.0 648000
1723220169631 0.0 652000
1723220186513 0.0 656000
1723220202906 0.0 660000
1723220219325 0.0 664000
1723220235633 0.0 668000
1723220252364 0.0 672000
1723220268731 0.0 676000
1723220285427 0.0 680000
1723220302208 0.0 684000
1723220318747 0.0 688000
1723220335560 0.0 692000
1723220351676 0.0 696000
1723220368067 0.0 700000
1723220383948 0.0 704000
1723220400072 0.0 708000
1723220416033 0.0 712000
1723220432930 0.0 716000
1723220448629 0.0 720000
1723220465044 0.0 724000
1723220481706 0.0 728000
1723220498811 0.0 732000
1723220515595 0.0 736000
1723220532060 0.0 740000
1723220548745 0.0 744000
1723220565234 0.0 748000
1723220581704 0.0 752000
1723220598554 0.0 756000
1723220614734 0.0 760000
1723220629436 0.0 764000
1723220643210 0.0 768000
1723220657096 0.0 772000
1723220671621 0.0 776000
1723220686063 0.0 780000
1723220700289 0.0 784000
1723220714288 0.0 788000
1723220728713 0.0 792000
1723220742924 0.0 796000
1723220756696 0.0 800000
1723220770482 0.0 804000
1723220784591 0.0 808000
1723220798615 0.0 812000
1723220812492 0.0 816000
1723220826205 0.0 820000
1723220839958 0.0 824000
1723220859539 0.0 828000
1723220874391 0.0 832000
1723220888625 0.0 836000
1723220902333 0.0 840000
1723220916571 0.0 844000
1723220930664 0.0 848000
1723220944185 0.0 852000
1723220958353 0.0 856000
1723220972386 0.0 860000
1723220986747 0.0 864000
1723221001003 0.0 868000
1723221015025 0.0 872000
1723221029261 0.0 876000
1723221043465 0.0 880000
1723221057396 0.0 884000
1723221071256 0.0 888000
1723221085134 0.0 892000
1723221099277 0.0 896000
1723221113374 0.0 900000
1723221127200 0.0 904000
1723221141287 0.0 908000
1723221156013 0.0 912000
1723221169932 0.0 916000
1723221184364 0.0 920000
1723221198452 0.0 924000
1723221212378 0.0 928000
1723221226495 0.0 932000
1723221240322 0.0 936000
1723221253983 0.0 940000
1723221268515 0.0 944000
1723221282665 0.0 948000
1723221297316 0.0 952000
1723221311381 0.0 956000
1723221326024 0.0 960000
1723221340189 0.0 964000
1723221354079 0.0 968000
1723221368507 0.0 972000
1723221382805 0.0 976000
1723221396750 0.0 980000
1723221410839 0.0 984000
1723221425049 0.0 988000
1723221438977 0.0 992000
1723221453636 0.0 996000
1723221467813 0.0 1000000
1723221482029 0.0 1004000
1723221496487 0.0 1008000
1723221510572 0.0 1012000
1723221524049 0.0 1016000
1723221538515 0.0 1020000
1723221552788 0.0 1024000
1723221567164 0.0 1028000
1723221581284 0.0 1032000
1723221594959 0.0 1036000
1723221609170 0.0 1040000
1723221623277 0.0 1044000
1723221637178 0.0 1048000
1723221651265 0.0 1052000
1723221665198 0.0 1056000
1723221679005 0.0 1060000
1723221693559 0.0 1064000
1723221707861 0.0 1068000
1723221722211 0.0 1072000
1723221736181 0.0 1076000
1723221750489 0.0 1080000
1723221764048 0.0 1084000
1723221777873 0.0 1088000
1723221791830 0.0 1092000
1723221805765 0.0 1096000
1723221820304 0.0 1100000
1723221834540 0.0 1104000
1723221848877 0.0 1108000
1723221863436 0.0 1112000
1723221877035 0.0 1116000
1723221890188 0.0 1120000
1723221903748 0.0 1124000
1723221917640 0.0 1128000
1723221930939 0.0 1132000
1723221944596 0.0 1136000
1723221958161 0.0 1140000
1723221971648 0.0 1144000
1723221986488 0.0 1148000
1723221999824 0.0 1152000
1723222013459 0.0 1156000
1723222026902 0.0 1160000
1723222040534 0.0 1164000
1723222054946 0.0 1168000
1723222068807 0.0 1172000
1723222082726 0.0 1176000
1723222096606 0.0 1180000
1723222110835 0.0 1184000
1723222123938 0.0 1188000
1723222136934 0.0 1192000
1723222149448 0.0 1196000
1723222162217 0.0 1200000
1723222175323 0.0 1204000
1723222188814 0.0 1208000
1723222202286 0.0 1212000
1723222215286 0.0 1216000
1723222229004 0.0 1220000
1723222242175 0.0 1224000
1723222255201 0.0 1228000
1723222268362 0.0 1232000
1723222281546 0.0 1236000
1723222295300 0.0 1240000
1723222308816 0.0 1244000
1723222322503 0.0 1248000
1723222335257 0.0 1252000
1723222348681 0.0 1256000
1723222361268 0.0 1260000
1723222374143 0.0 1264000
1723222386847 0.0 1268000
1723222399979 0.0 1272000
1723222413340 0.0 1276000
1723222426999 0.0 1280000
1723222440324 0.0 1284000
1723222453892 0.0 1288000
1723222467659 0.0 1292000
1723222480657 0.0 1296000
1723222494038 0.0 1300000
1723222507121 0.0 1304000
1723222520177 0.0 1308000
1723222533964 0.0 1312000
1723222547161 0.0 1316000
1723222560694 0.0 1320000
1723222574245 0.0 1324000
1723222587868 0.0 1328000
1723222601050 0.0 1332000
1723222614103 0.0 1336000
1723222627214 0.0 1340000
1723222639826 0.0 1344000
1723222654051 0.0 1348000
1723222667023 0.0 1352000
1723222680575 0.0 1356000
1723222694118 0.0 1360000
1723222707175 0.0 1364000
1723222720664 0.0 1368000
1723222733959 0.0 1372000
1723222747211 0.0 1376000
1723222760481 0.0 1380000
1723222773992 0.0 1384000
1723222787459 0.0 1388000
1723222800633 0.0 1392000
1723222813833 0.0 1396000
1723222828100 0.0 1400000
1723222841815 0.0 1404000
1723222855131 0.0 1408000
1723222868618 0.0 1412000
1723222882029 0.0 1416000
1723222895797 0.0 1420000
1723222908865 0.0 1424000
1723222922314 0.0 1428000
1723222935969 0.0 1432000
1723222949695 0.0 1436000
1723222963276 0.0 1440000
1723222976471 0.0 1444000
1723222990398 0.0 1448000
1723223003783 0.0 1452000
1723223017051 0.0 1456000
1723223030133 0.0 1460000
1723223042812 0.0 1464000
1723223056199 0.0 1468000
1723223070108 0.0 1472000
1723223083764 0.0 1476000
1723223097277 0.0 1480000
1723223110392 0.0 1484000
1723223124809 0.0 1488000
1723223138706 0.0 1492000
1723223152273 0.0 1496000
1723223166377 0.0 1500000
1723223179653 0.0 1504000
1723223193444 0.0 1508000
1723223206807 0.0 1512000
1723223219876 0.0 1516000
1723223233028 0.0 1520000
1723223246611 0.0 1524000
1723223259855 0.0 1528000
1723223273385 0.0 1532000
1723223286857 0.0 1536000
1723223300859 0.0 1540000
1723223314113 0.0 1544000
1723223327360 0.0 1548000
1723223340686 0.0 1552000
1723223354180 0.0 1556000
1723223367649 0.0 1560000
1723223380808 0.0 1564000
1723223393733 0.0 1568000
1723223407254 0.0 1572000
1723223420682 0.0 1576000
1723223434330 0.0 1580000
1723223447448 0.0 1584000
1723223460640 0.0 1588000
1723223473968 0.0 1592000
1723223488013 0.0 1596000
1723223501154 0.0 1600000
1723223514383 0.0 1604000
1723223527907 0.0 1608000
1723224062025 0.0 1612000
1723224075874 0.0 1616000
1723224088994 0.0 1620000
1723224102290 0.0 1624000
1723224274580 0.0 1628000
1723224291376 0.0 1632000
1723224305095 0.0 1636000
1723224319996 0.0 1640000
1723224333020 0.0 1644000
1723224345846 0.0 1648000
1723224359070 0.0 1652000
1723224372729 0.0 1656000
1723224386803 0.0 1660000
1723224418236 0.0 1664000
1723224438109 0.0 1668000
1723224844419 0.0 1672000
1723224857852 0.0 1676000
1723224870262 0.0 1680000
1723225074319 0.0 1684000
1723225091749 0.0 1688000
1723225104992 0.0 1692000
1723225148492 0.0 1696000
1723225161640 0.0 1700000
1723225174411 0.0 1704000
1723225187315 0.0 1708000
1723225259240 0.0 1712000
1723225271485 0.0 1716000
1723225283932 0.0 1720000
1723225296473 0.0 1724000
1723226306051 0.0 1728000
1723226318459 0.0 1732000
1723226331240 0.0 1736000
1723226344132 0.0 1740000
1723226356775 0.0 1744000
1723226369068 0.0 1748000
1723226382130 0.0 1752000
1723226394399 0.0 1756000
1723226406890 0.0 1760000
1723226419387 0.0 1764000
1723226431808 0.0 1768000
1723226444227 0.0 1772000
1723226456629 0.0 1776000
1723226468933 0.0 1780000
1723226481699 0.0 1784000
1723226493755 0.0 1788000
1723226506085 0.0 1792000
1723226518700 0.0 1796000
1723226530840 0.0 1800000
1723226543157 0.0 1804000
1723226555702 0.0 1808000
1723226568081 0.0 1812000
1723226580451 0.0 1816000
1723226592826 0.0 1820000
1723226604829 0.0 1824000
1723226617068 0.0 1828000
1723226629686 0.0 1832000
1723226642288 0.0 1836000
1723226654424 0.0 1840000
1723226666751 0.0 1844000
1723226678971 0.0 1848000
1723226691390 0.0 1852000
1723226703726 0.0 1856000
1723226715816 0.0 1860000
1723226728480 0.0 1864000
1723226740807 0.0 1868000
1723226753258 0.0 1872000
1723226765516 0.0 1876000
1723226777545 0.0 1880000
1723226789657 0.0 1884000
1723226801867 0.0 1888000
1723226814078 0.0 1892000
1723226826226 0.0 1896000
1723226838954 0.0 1900000
1723226851119 0.0 1904000
1723226863413 0.0 1908000
1723226875642 0.0 1912000
1723226887631 0.0 1916000
1723226899797 0.0 1920000
1723226911458 0.0 1924000
1723226923243 0.0 1928000
1723226935324 0.0 1932000
1723226948573 0.0 1936000
1723226965116 0.0 1940000
1723226981422 0.0 1944000
1723226999866 0.0 1948000
1723227017813 0.0 1952000
1723227035401 0.0 1956000
1723227053314 0.0 1960000
1723227071392 0.0 1964000
1723227089417 0.0 1968000
1723227106785 0.0 1972000
1723227123663 0.0 1976000
1723227139179 0.0 1980000
1723227155093 0.0 1984000
1723227170267 0.0 1988000
1723227185242 0.0 1992000
1723227203146 0.0 1996000
1723227218953 0.0 2000000
