1723217327579 0.0 4000
1723217342804 0.0 8000
1723217358149 0.0 12000
1723217373463 0.0 16000
1723217388894 0.0 20000
1723217404290 0.0 24000
1723217419656 0.0 28000
1723217434868 0.0 32000
1723217450231 0.0 36000
1723217465801 0.0 40000
1723217481306 0.0 44000
1723217496666 0.0 48000
1723217512008 0.0 52000
1723217527287 0.0 56000
1723217542591 0.0 60000
1723217557872 0.0 64000
1723217573166 0.0 68000
1723217588797 0.0 72000
1723217604191 0.0 76000
1723217621379 0.0 80000
1723217639502 0.0 84000
1723217657400 0.0 88000
1723217674778 0.0 92000
1723217691929 0.0 96000
1723217709664 0.0 100000
1723217727100 0.0 104000
1723217744571 0.0 108000
1723217762437 0.0 112000
1723217780524 0.0 116000
1723217799564 0.0 120000
1723217817311 0.0 124000
1723217834929 0.0 128000
1723217852507 0.0 132000
1723217869890 0.0 136000
1723217887184 0.0 140000
1723217904186 0.0 144000
1723217920817 0.0 148000
1723217937838 0.0 152000
1723217954892 0.0 156000
1723217972283 0.0 160000
1723217989590 0.0 164000
1723218006925 0.0 168000
1723218024244 0.0 172000
1723218041555 0.0 176000
1723218059850 0.0 180000
1723218077322 0.0 184000
1723218094199 0.0 188000
1723218111983 0.0 192000
1723218129557 0.0 196000
1723218147183 0.0 200000
1723218164014 0.0 204000
1723218181112 0.0 208000
1723218197939 0.0 212000
1723218216478 0.0 216000
1723218233532 0.0 220000
1723218250420 0.0 224000
1723218267514 0.0 228000
1723218284816 0.0 232000
1723218301907 0.0 236000
1723218318865 0.0 240000
1723218335895 0.0 244000
1723218352798 0.0 248000
1723218370114 0.0 252000
1723218386506 0.0 256000
1723218403198 0.0 260000
1723218420303 0.0 264000
1723218437929 0.0 268000
1723218455428 0.0 272000
1723218474304 0.0 276000
1723218491419 0.0 280000
1723218508600 0.0 284000
1723218525606 0.0 288000
1723218541980 0.0 292000
1723218559318 0.0 296000
1723218576510 0.0 300000
1723218594967 0.0 304000
1723218611863 0.0 308000
1723218629120 0.0 312000
1723218645685 0.0 316000
1723218663015 0.0 320000
1723218679999 0.0 324000
1723218696923 0.0 328000
1723218821490 0.0 332000
1723218838845 0.0 336000
1723218855760 0.0 340000
1723218872796 0.0 344000
1723218891863 0.0 348000
1723218908460 0.0 352000
1723218925019 0.0 356000
1723218941383 0.0 360000
1723218958389 0.0 364000
1723218975187 0.0 368000
1723218998700 0.0 372000
1723219018710 0.0 376000
1723219035868 0.0 380000
1723219052735 0.0 384000
1723219071162 0.0 388000
1723219088051 0.0 392000
1723219104693 0.0 396000
1723219121690 0.0 400000
1723219138529 0.0 404000
1723219155898 0.0 408000
1723219173118 0.0 412000
1723219190785 0.0 416000
1723219208260 0.0 420000
1723219225496 0.0 424000
1723219241881 0.0 428000
1723219258184 0.0 432000
1723219274834 0.0 436000
1723219290890 0.0 440000
1723219307041 0.0 444000
1723219322793 0.0 448000
1723219339934 0.0 452000
1723219358153 0.0 456000
1723219375671 0.0 460000
1723219392194 0.0 464000
1723219408735 0.0 468000
1723219425231 0.0 472000
1723219442576 0.0 476000
1723219458949 0.0 480000
1723219475709 0.0 484000
1723219492476 0.0 488000
1723219509090 0.0 492000
1723219525720 0.0 496000
1723219541978 0.0 500000
1723219558376 0.0 504000
1723219574778 0.0 508000
1723219591125 0.0 512000
1723219606538 0.0 516000
1723219622885 0.0 520000
1723219640260 0.0 524000
1723219657044 0.0 528000
1723219673986 0.0 532000
1723219690232 0.0 536000
1723219706433 0.0 540000
1723219722705 0.0 544000
1723219739220 0.0 548000
1723219757228 0.0 552000
1723219774099 0.0 556000
1723219791192 0.0 560000
1723219807934 0.0 564000
1723219825337 0.0 568000
1723219842250 0.0 572000
1723219858721 0.0 576000
1723219876168 0.0 580000
1723219891627 0.0 584000
1723219907266 0.0 588000
1723219923050 0.0 592000
1723219939778 0.0 596000
1723219956244 0.0 600000
1723219972276 0.0 604000
1723219988232 0.0 608000
1723220004947 0.0 612000
1723220021169 0.0 616000
1723220037552 0.0 620000
1723220054777 0.0 624000
1723220071803 0.0 628000
1723220088593 0.0 632000
1723220104895 0.0 636000
1723220121237 0.0 640000
1723220137561 0.0 644000
1723220153542 0.0 648000
1723220169630 0.0 652000
1723220186512 0.0 656000
1723220202904 0.0 660000
1723220219324 0.0 664000
1723220235632 0.0 668000
1723220252362 0.0 672000
1723220268729 0.0 676000
1723220285425 0.0 680000
1723220302207 0.0 684000
1723220318746 0.0 688000
1723220335559 0.0 692000
1723220351674 0.0 696000
1723220368065 0.0 700000
1723220383946 0.0 704000
1723220400070 0.0 708000
1723220416032 0.0 712000
1723220432928 0.0 716000
1723220448628 0.0 720000
1723220465042 0.0 724000
1723220481704 0.0 728000
1723220498810 0.0 732000
1723220515592 0.0 736000
1723220532058 0.0 740000
1723220548743 0.0 744000
1723220565233 0.0 748000
1723220581702 0.0 752000
1723220598552 0.0 756000
1723220614732 0.0 760000
1723220629434 0.0 764000
1723220643208 0.0 768000
1723220657094 0.0 772000
1723220671619 0.0 776000
1723220686061 0.0 780000
1723220700288 0.0 784000
1723220714287 0.0 788000
1723220728712 0.0 792000
1723220742923 0.0 796000
1723220756695 0.0 800000
1723220770480 0.0 804000
1723220784589 0.0 808000
1723220798613 0.0 812000
1723220812491 0.0 816000
1723220826204 0.0 820000
1723220839956 0.0 824000
1723220859538 0.0 828000
1723220874389 0.0 832000
1723220888623 0.0 836000
1723220902331 0.0 840000
1723220916570 0.0 844000
1723220930663 0.0 848000
1723220944184 0.0 852000
1723220958352 0.0 856000
1723220972384 0.0 860000
1723220986746 0.0 864000
1723221001002 0.0 868000
1723221015024 0.0 872000
1723221029259 0.0 876000
1723221043464 0.0 880000
1723221057394 0.0 884000
1723221071255 0.0 888000
1723221085132 0.0 892000
1723221099276 0.0 896000
1723221113373 0.0 900000
1723221127198 0.0 904000
1723221141286 0.0 908000
1723221156011 0.0 912000
1723221169931 0.0 916000
1723221184362 0.0 920000
1723221198450 0.0 924000
1723221212376 0.0 928000
1723221226493 0.0 932000
1723221240321 0.0 936000
1723221253982 0.0 940000
1723221268513 0.0 944000
1723221282663 0.0 948000
1723221297315 0.0 952000
1723221311379 0.0 956000
1723221326023 0.0 960000
1723221340187 0.0 964000
1723221354077 0.0 968000
1723221368505 0.0 972000
1723221382804 0.0 976000
1723221396748 0.0 980000
1723221410837 0.0 984000
1723221425048 0.0 988000
1723221438976 0.0 992000
1723221453635 0.0 996000
1723221467812 0.0 1000000
1723221482028 0.0 1004000
1723221496485 0.0 1008000
1723221510571 0.0 1012000
1723221524047 0.0 1016000
1723221538513 0.0 1020000
1723221552787 0.0 1024000
1723221567162 0.0 1028000
1723221581283 0.0 1032000
1723221594957 0.0 1036000
1723221609169 0.0 1040000
1723221623276 0.0 1044000
1723221637176 0.0 1048000
1723221651263 0.0 1052000
1723221665197 0.0 1056000
1723221679004 0.0 1060000
1723221693557 0.0 1064000
1723221707859 0.0 1068000
1723221722210 0.0 1072000
1723221736179 0.0 1076000
1723221750487 0.0 1080000
1723221764047 0.0 1084000
1723221777871 0.0 1088000
1723221791829 0.0 1092000
1723221805763 0.0 1096000
1723221820303 0.0 1100000
1723221834538 0.0 1104000
1723221848876 0.0 1108000
1723221863434 0.0 1112000
1723221877034 0.0 1116000
1723221890187 0.0 1120000
1723221903747 0.0 1124000
1723221917639 0.0 1128000
1723221930937 0.0 1132000
1723221944594 0.0 1136000
1723221958159 0.0 1140000
1723221971646 0.0 1144000
1723221986487 0.0 1148000
1723221999822 0.0 1152000
1723222013458 0.0 1156000
1723222026901 0.0 1160000
1723222040533 0.0 1164000
1723222054944 0.0 1168000
1723222068806 0.0 1172000
1723222082724 0.0 1176000
1723222096604 0.0 1180000
1723222110833 0.0 1184000
1723222123937 0.0 1188000
1723222136932 0.0 1192000
1723222149447 0.0 1196000
1723222162216 0.0 1200000
1723222175321 0.0 1204000
1723222188812 0.0 1208000
1723222202285 0.0 1212000
1723222215285 0.0 1216000
1723222229003 0.0 1220000
1723222242174 0.0 1224000
1723222255199 0.0 1228000
1723222268360 0.0 1232000
1723222281544 0.0 1236000
1723222295299 0.0 1240000
1723222308815 0.0 1244000
1723222322501 0.0 1248000
1723222335255 0.0 1252000
1723222348680 0.0 1256000
1723222361266 0.0 1260000
1723222374142 0.0 1264000
1723222386845 0.0 1268000
1723222399978 0.0 1272000
1723222413338 0.0 1276000
1723222426997 0.0 1280000
1723222440323 0.0 1284000
1723222453890 0.0 1288000
1723222467658 0.0 1292000
1723222480656 0.0 1296000
1723222494037 0.0 1300000
1723222507119 0.0 1304000
1723222520175 0.0 1308000
1723222533962 0.0 1312000
1723222547159 0.0 1316000
1723222560692 0.0 1320000
1723222574243 0.0 1324000
1723222587867 0.0 1328000
1723222601048 0.0 1332000
1723222614102 0.0 1336000
1723222627212 0.0 1340000
1723222639825 0.0 1344000
1723222654049 0.0 1348000
1723222667021 0.0 1352000
1723222680573 0.0 1356000
1723222694117 0.0 1360000
1723222707173 0.0 1364000
1723222720662 0.0 1368000
1723222733957 0.0 1372000
1723222747209 0.0 1376000
1723222760480 0.0 1380000
1723222773991 0.0 1384000
1723222787457 0.0 1388000
1723222800631 0.0 1392000
1723222813831 0.0 1396000
1723222828098 0.0 1400000
1723222841813 0.0 1404000
1723222855130 0.0 1408000
1723222868616 0.0 1412000
1723222882028 0.0 1416000
1723222895796 0.0 1420000
1723222908863 0.0 1424000
1723222922312 0.0 1428000
1723222935967 0.0 1432000
1723222949694 0.0 1436000
1723222963274 0.0 1440000
1723222976470 0.0 1444000
1723222990397 0.0 1448000
1723223003781 0.0 1452000
1723223017050 0.0 1456000
1723223030132 0.0 1460000
1723223042811 0.0 1464000
1723223056198 0.0 1468000
1723223070106 0.0 1472000
1723223083762 0.0 1476000
1723223097275 0.0 1480000
1723223110391 0.0 1484000
1723223124807 0.0 1488000
1723223138705 0.0 1492000
1723223152272 0.0 1496000
1723223166374 0.0 1500000
1723223179651 0.0 1504000
1723223193442 0.0 1508000
1723223206805 0.0 1512000
1723223219874 0.0 1516000
1723223233027 0.0 1520000
1723223246610 0.0 1524000
1723223259853 0.0 1528000
1723223273383 0.0 1532000
1723223286856 0.0 1536000
1723223300858 0.0 1540000
1723223314111 0.0 1544000
1723223327358 0.0 1548000
1723223340684 0.0 1552000
1723223354179 0.0 1556000
1723223367647 0.0 1560000
1723223380806 0.0 1564000
1723223393731 0.0 1568000
1723223407252 0.0 1572000
1723223420681 0.0 1576000
1723223434328 0.0 1580000
1723223447446 0.0 1584000
1723223460638 0.0 1588000
1723223473966 0.0 1592000
1723223488011 0.0 1596000
1723223501153 0.0 1600000
1723223514381 0.0 1604000
1723223527906 0.0 1608000
1723224062023 0.0 1612000
1723224075873 0.0 1616000
1723224088992 0.0 1620000
1723224102288 0.0 1624000
1723224274578 0.0 1628000
1723224291375 0.0 1632000
1723224305092 0.0 1636000
1723224319994 0.0 1640000
1723224333018 0.0 1644000
1723224345844 0.0 1648000
1723224359068 0.0 1652000
1723224372728 0.0 1656000
1723224386801 0.0 1660000
1723224418235 0.0 1664000
1723224438107 0.0 1668000
1723224844417 0.0 1672000
1723224857850 0.0 1676000
1723224870260 0.0 1680000
1723225074303 0.0 1684000
1723225091748 0.0 1688000
1723225104991 0.0 1692000
1723225148490 0.0 1696000
1723225161638 0.0 1700000
1723225174409 0.0 1704000
1723225187314 0.0 1708000
1723225259238 0.0 1712000
1723225271483 0.0 1716000
1723225283930 0.0 1720000
1723225296472 0.0 1724000
1723226306049 0.0 1728000
1723226318457 0.0 1732000
1723226331238 0.0 1736000
1723226344131 0.0 1740000
1723226356774 0.0 1744000
1723226369066 0.0 1748000
1723226382129 0.0 1752000
1723226394398 0.0 1756000
1723226406888 0.0 1760000
1723226419385 0.0 1764000
1723226431807 0.0 1768000
1723226444225 0.0 1772000
1723226456628 0.0 1776000
1723226468931 0.0 1780000
1723226481697 0.0 1784000
1723226493753 0.0 1788000
1723226506083 0.0 1792000
1723226518699 0.0 1796000
1723226530839 0.0 1800000
1723226543155 0.0 1804000
1723226555700 0.0 1808000
1723226568079 0.0 1812000
1723226580449 0.0 1816000
1723226592824 0.0 1820000
1723226604828 0.0 1824000
1723226617066 0.0 1828000
1723226629684 0.0 1832000
1723226642286 0.0 1836000
1723226654422 0.0 1840000
1723226666750 0.0 1844000
1723226678970 0.0 1848000
1723226691389 0.0 1852000
1723226703725 0.0 1856000
1723226715814 0.0 1860000
1723226728479 0.0 1864000
1723226740805 0.0 1868000
1723226753257 0.0 1872000
1723226765514 0.0 1876000
1723226777544 0.0 1880000
1723226789656 0.0 1884000
1723226801865 0.0 1888000
1723226814077 0.0 1892000
1723226826224 0.0 1896000
1723226838952 0.0 1900000
1723226851118 0.0 1904000
1723226863411 0.0 1908000
1723226875640 0.0 1912000
1723226887629 0.0 1916000
1723226899796 0.0 1920000
1723226911457 0.0 1924000
1723226923241 0.0 1928000
1723226935323 0.0 1932000
1723226948571 0.0 1936000
1723226965114 0.0 1940000
1723226981420 0.0 1944000
1723226999864 0.0 1948000
1723227017811 0.0 1952000
1723227035399 0.0 1956000
1723227053312 0.0 1960000
1723227071390 0.0 1964000
1723227089415 0.0 1968000
1723227106783 0.0 1972000
1723227123661 0.0 1976000
1723227139177 0.0 1980000
1723227155091 0.0 1984000
1723227170265 0.0 1988000
1723227185240 0.0 1992000
1723227203143 0.0 1996000
1723227218950 0.0 2000000
