1723217327590 1.0 4000
1723217342812 1.0 8000
1723217358158 1.0 12000
1723217373471 1.0 16000
1723217388902 1.0 20000
1723217404298 1.0 24000
1723217419663 1.0 28000
1723217434877 1.0 32000
1723217450240 1.0 36000
1723217465810 1.0 40000
1723217481315 1.0 44000
1723217496674 1.0 48000
1723217512016 1.0 52000
1723217527294 1.0 56000
1723217542599 1.0 60000
1723217557881 1.0 64000
1723217573174 1.0 68000
1723217588806 1.0 72000
1723217604198 1.0 76000
1723217621388 1.0 80000
1723217639510 1.0 84000
1723217657408 1.0 88000
1723217674787 1.0 92000
1723217691937 1.0 96000
1723217709672 1.0 100000
1723217727108 1.0 104000
1723217744579 1.0 108000
1723217762446 1.0 112000
1723217780532 1.0 116000
1723217799572 1.0 120000
1723217817319 1.0 124000
1723217834938 1.0 128000
1723217852515 1.0 132000
1723217869898 1.0 136000
1723217887192 1.0 140000
1723217904194 1.0 144000
1723217920825 1.0 148000
1723217937846 1.0 152000
1723217954901 1.0 156000
1723217972291 1.0 160000
1723217989598 1.0 164000
1723218006934 1.0 168000
1723218024252 1.0 172000
1723218041565 1.0 176000
1723218059858 1.0 180000
1723218077329 1.0 184000
1723218094207 1.0 188000
1723218111991 1.0 192000
1723218129565 1.0 196000
1723218147192 1.0 200000
1723218164022 1.0 204000
1723218181120 1.0 208000
1723218197949 1.0 212000
1723218216488 1.0 216000
1723218233540 1.0 220000
1723218250428 1.0 224000
1723218267523 1.0 228000
1723218284824 1.0 232000
1723218301916 1.0 236000
1723218318874 1.0 240000
1723218335903 1.0 244000
1723218352807 1.0 248000
1723218370122 1.0 252000
1723218386514 1.0 256000
1723218403209 1.0 260000
1723218420312 1.0 264000
1723218437939 1.0 268000
1723218455436 1.0 272000
1723218474315 1.0 276000
1723218491428 1.0 280000
1723218508609 1.0 284000
1723218525614 1.0 288000
1723218541988 1.0 292000
1723218559328 1.0 296000
1723218576519 1.0 300000
1723218594976 1.0 304000
1723218611871 1.0 308000
1723218629129 1.0 312000
1723218645693 1.0 316000
1723218663023 1.0 320000
1723218680011 1.0 324000
1723218696931 1.0 328000
1723218821499 1.0 332000
1723218838857 1.0 336000
1723218855769 1.0 340000
1723218872812 1.0 344000
1723218891871 1.0 348000
1723218908468 1.0 352000
1723218925027 1.0 356000
1723218941391 1.0 360000
1723218958397 1.0 364000
1723218975195 1.0 368000
1723218998709 1.0 372000
1723219018718 1.0 376000
1723219035876 1.0 380000
1723219052757 1.0 384000
1723219071169 1.0 388000
1723219088059 1.0 392000
1723219104701 1.0 396000
1723219121697 1.0 400000
1723219138537 1.0 404000
1723219155907 1.0 408000
1723219173126 1.0 412000
1723219190793 1.0 416000
1723219208267 1.0 420000
1723219225504 1.0 424000
1723219241892 1.0 428000
1723219258192 1.0 432000
1723219274842 1.0 436000
1723219290898 1.0 440000
1723219307049 1.0 444000
1723219322801 1.0 448000
1723219339948 1.0 452000
1723219358160 1.0 456000
1723219375679 1.0 460000
1723219392204 1.0 464000
1723219408743 1.0 468000
1723219425239 1.0 472000
1723219442584 1.0 476000
1723219458957 1.0 480000
1723219475717 1.0 484000
1723219492484 1.0 488000
1723219509098 1.0 492000
1723219525730 1.0 496000
1723219541986 1.0 500000
1723219558383 1.0 504000
1723219574786 1.0 508000
1723219591133 1.0 512000
1723219606546 1.0 516000
1723219622893 1.0 520000
1723219640268 1.0 524000
1723219657054 1.0 528000
1723219673994 1.0 532000
1723219690240 1.0 536000
1723219706441 1.0 540000
1723219722714 1.0 544000
1723219739231 1.0 548000
1723219757236 1.0 552000
1723219774107 1.0 556000
1723219791200 1.0 560000
1723219807942 1.0 564000
1723219825345 1.0 568000
1723219842258 1.0 572000
1723219858729 1.0 576000
1723219876175 1.0 580000
1723219891636 1.0 584000
1723219907274 1.0 588000
1723219923057 1.0 592000
1723219939786 1.0 596000
1723219956252 1.0 600000
1723219972286 1.0 604000
1723219988239 1.0 608000
1723220004955 1.0 612000
1723220021178 1.0 616000
1723220037561 1.0 620000
1723220054786 1.0 624000
1723220071811 1.0 628000
1723220088604 1.0 632000
1723220104903 1.0 636000
1723220121245 1.0 640000
1723220137569 1.0 644000
1723220153550 1.0 648000
1723220169638 1.0 652000
1723220186522 1.0 656000
1723220202912 1.0 660000
1723220219331 1.0 664000
1723220235639 1.0 668000
1723220252370 1.0 672000
1723220268739 1.0 676000
1723220285433 1.0 680000
1723220302215 1.0 684000
1723220318753 1.0 688000
1723220335567 1.0 692000
1723220351686 1.0 696000
1723220368074 1.0 700000
1723220383956 1.0 704000
1723220400078 1.0 708000
1723220416040 1.0 712000
1723220432937 1.0 716000
1723220448636 1.0 720000
1723220465050 1.0 724000
1723220481712 1.0 728000
1723220498818 1.0 732000
1723220515602 1.0 736000
1723220532067 1.0 740000
1723220548751 1.0 744000
1723220565243 1.0 748000
1723220581711 1.0 752000
1723220598560 1.0 756000
1723220614740 1.0 760000
1723220629442 1.0 764000
1723220643216 1.0 768000
1723220657102 1.0 772000
1723220671629 1.0 776000
1723220686069 1.0 780000
1723220700295 1.0 784000
1723220714295 1.0 788000
1723220728719 1.0 792000
1723220742931 1.0 796000
1723220756702 1.0 800000
1723220770488 1.0 804000
1723220784597 1.0 808000
1723220798621 1.0 812000
1723220812499 1.0 816000
1723220826211 1.0 820000
1723220839964 1.0 824000
1723220859546 1.0 828000
1723220874397 1.0 832000
1723220888631 1.0 836000
1723220902340 1.0 840000
1723220916577 1.0 844000
1723220930670 1.0 848000
1723220944192 1.0 852000
1723220958360 1.0 856000
1723220972393 1.0 860000
1723220986754 1.0 864000
1723221001010 1.0 868000
1723221015032 1.0 872000
1723221029267 1.0 876000
1723221043471 1.0 880000
1723221057403 1.0 884000
1723221071262 1.0 888000
1723221085140 1.0 892000
1723221099283 1.0 896000
1723221113381 1.0 900000
1723221127206 1.0 904000
1723221141294 1.0 908000
1723221156019 1.0 912000
1723221169939 1.0 916000
1723221184370 1.0 920000
1723221198459 1.0 924000
1723221212384 1.0 928000
1723221226501 1.0 932000
1723221240329 1.0 936000
1723221253990 1.0 940000
1723221268521 1.0 944000
1723221282671 1.0 948000
1723221297323 1.0 952000
1723221311387 1.0 956000
1723221326030 1.0 960000
1723221340195 1.0 964000
1723221354085 1.0 968000
1723221368513 1.0 972000
1723221382811 1.0 976000
1723221396756 1.0 980000
1723221410845 1.0 984000
1723221425056 1.0 988000
1723221438983 1.0 992000
1723221453642 1.0 996000
1723221467820 1.0 1000000
1723221482035 1.0 1004000
1723221496493 1.0 1008000
1723221510578 1.0 1012000
1723221524055 1.0 1016000
1723221538521 1.0 1020000
1723221552795 1.0 1024000
1723221567170 1.0 1028000
1723221581291 1.0 1032000
1723221594965 1.0 1036000
1723221609176 1.0 1040000
1723221623284 1.0 1044000
1723221637184 1.0 1048000
1723221651271 1.0 1052000
1723221665204 1.0 1056000
1723221679011 1.0 1060000
1723221693565 1.0 1064000
1723221707867 1.0 1068000
1723221722217 1.0 1072000
1723221736187 1.0 1076000
1723221750495 1.0 1080000
1723221764054 1.0 1084000
1723221777879 1.0 1088000
1723221791836 1.0 1092000
1723221805771 1.0 1096000
1723221820311 1.0 1100000
1723221834546 1.0 1104000
1723221848883 1.0 1108000
1723221863442 1.0 1112000
1723221877041 1.0 1116000
1723221890195 1.0 1120000
1723221903755 1.0 1124000
1723221917647 1.0 1128000
1723221930945 1.0 1132000
1723221944602 1.0 1136000
1723221958167 1.0 1140000
1723221971654 1.0 1144000
1723221986494 1.0 1148000
1723221999831 1.0 1152000
1723222013465 1.0 1156000
1723222026909 1.0 1160000
1723222040540 1.0 1164000
1723222054952 1.0 1168000
1723222068814 1.0 1172000
1723222082732 1.0 1176000
1723222096612 1.0 1180000
1723222110842 1.0 1184000
1723222123944 1.0 1188000
1723222136940 1.0 1192000
1723222149454 1.0 1196000
1723222162224 1.0 1200000
1723222175330 1.0 1204000
1723222188820 1.0 1208000
1723222202293 1.0 1212000
1723222215293 1.0 1216000
1723222229010 1.0 1220000
1723222242181 1.0 1224000
1723222255208 1.0 1228000
1723222268368 1.0 1232000
1723222281552 1.0 1236000
1723222295306 1.0 1240000
1723222308822 1.0 1244000
1723222322509 1.0 1248000
1723222335263 1.0 1252000
1723222348688 1.0 1256000
1723222361274 1.0 1260000
1723222374150 1.0 1264000
1723222386853 1.0 1268000
1723222399985 1.0 1272000
1723222413347 1.0 1276000
1723222427005 1.0 1280000
1723222440330 1.0 1284000
1723222453898 1.0 1288000
1723222467665 1.0 1292000
1723222480663 1.0 1296000
1723222494045 1.0 1300000
1723222507128 1.0 1304000
1723222520183 1.0 1308000
1723222533970 1.0 1312000
1723222547167 1.0 1316000
1723222560700 1.0 1320000
1723222574251 1.0 1324000
1723222587875 1.0 1328000
1723222601056 1.0 1332000
1723222614110 1.0 1336000
1723222627220 1.0 1340000
1723222639833 1.0 1344000
1723222654057 1.0 1348000
1723222667029 1.0 1352000
1723222680581 1.0 1356000
1723222694125 1.0 1360000
1723222707188 1.0 1364000
1723222720670 1.0 1368000
1723222733966 1.0 1372000
1723222747217 1.0 1376000
1723222760487 1.0 1380000
1723222773998 1.0 1384000
1723222787465 1.0 1388000
1723222800639 1.0 1392000
1723222813839 1.0 1396000
1723222828106 1.0 1400000
1723222841821 1.0 1404000
1723222855138 1.0 1408000
1723222868625 1.0 1412000
1723222882035 1.0 1416000
1723222895804 1.0 1420000
1723222908871 1.0 1424000
1723222922321 1.0 1428000
1723222935975 1.0 1432000
1723222949702 1.0 1436000
1723222963282 1.0 1440000
1723222976477 1.0 1444000
1723222990405 1.0 1448000
1723223003789 1.0 1452000
1723223017057 1.0 1456000
1723223030140 1.0 1460000
1723223042818 1.0 1464000
1723223056205 1.0 1468000
1723223070114 1.0 1472000
1723223083770 1.0 1476000
1723223097283 1.0 1480000
1723223110399 1.0 1484000
1723223124815 1.0 1488000
1723223138713 1.0 1492000
1723223152280 1.0 1496000
1723223166383 1.0 1500000
1723223179659 1.0 1504000
1723223193450 1.0 1508000
1723223206813 1.0 1512000
1723223219882 1.0 1516000
1723223233035 1.0 1520000
1723223246617 1.0 1524000
1723223259861 1.0 1528000
1723223273391 1.0 1532000
1723223286863 1.0 1536000
1723223300866 1.0 1540000
1723223314119 1.0 1544000
1723223327367 1.0 1548000
1723223340692 1.0 1552000
1723223354187 1.0 1556000
1723223367655 1.0 1560000
1723223380814 1.0 1564000
1723223393739 1.0 1568000
1723223407260 1.0 1572000
1723223420689 1.0 1576000
1723223434336 1.0 1580000
1723223447454 1.0 1584000
1723223460646 1.0 1588000
1723223473974 1.0 1592000
1723223488019 1.0 1596000
1723223501160 1.0 1600000
1723223514389 1.0 1604000
1723223527913 1.0 1608000
1723224062031 1.0 1612000
1723224075881 1.0 1616000
1723224089000 1.0 1620000
1723224102296 1.0 1624000
1723224274586 1.0 1628000
1723224291382 1.0 1632000
1723224305101 1.0 1636000
1723224320002 1.0 1640000
1723224333026 1.0 1644000
1723224345852 1.0 1648000
1723224359076 1.0 1652000
1723224372735 1.0 1656000
1723224386809 1.0 1660000
1723224418243 1.0 1664000
1723224438115 1.0 1668000
1723224844425 1.0 1672000
1723224857858 1.0 1676000
1723224870269 1.0 1680000
1723225074376 1.0 1684000
1723225091755 1.0 1688000
1723225104999 1.0 1692000
1723225148499 1.0 1696000
1723225161646 1.0 1700000
1723225174418 1.0 1704000
1723225187321 1.0 1708000
1723225259247 1.0 1712000
1723225271492 1.0 1716000
1723225283939 1.0 1720000
1723225296480 1.0 1724000
1723226306057 1.0 1728000
1723226318465 1.0 1732000
1723226331246 1.0 1736000
1723226344138 1.0 1740000
1723226356781 1.0 1744000
1723226369074 1.0 1748000
1723226382136 1.0 1752000
1723226394406 1.0 1756000
1723226406896 1.0 1760000
1723226419393 1.0 1764000
1723226431814 1.0 1768000
1723226444233 1.0 1772000
1723226456635 1.0 1776000
1723226468939 1.0 1780000
1723226481705 1.0 1784000
1723226493761 1.0 1788000
1723226506091 1.0 1792000
1723226518707 1.0 1796000
1723226530846 1.0 1800000
1723226543163 1.0 1804000
1723226555708 1.0 1808000
1723226568087 1.0 1812000
1723226580457 1.0 1816000
1723226592832 1.0 1820000
1723226604836 1.0 1824000
1723226617074 1.0 1828000
1723226629692 1.0 1832000
1723226642295 1.0 1836000
1723226654430 1.0 1840000
1723226666758 1.0 1844000
1723226678977 1.0 1848000
1723226691397 1.0 1852000
1723226703733 1.0 1856000
1723226715822 1.0 1860000
1723226728486 1.0 1864000
1723226740813 1.0 1868000
1723226753264 1.0 1872000
1723226765522 1.0 1876000
1723226777551 1.0 1880000
1723226789664 1.0 1884000
1723226801873 1.0 1888000
1723226814084 1.0 1892000
1723226826232 1.0 1896000
1723226838960 1.0 1900000
1723226851125 1.0 1904000
1723226863419 1.0 1908000
1723226875648 1.0 1912000
1723226887637 1.0 1916000
1723226899803 1.0 1920000
1723226911464 1.0 1924000
1723226923249 1.0 1928000
1723226935330 1.0 1932000
1723226948580 1.0 1936000
1723226965123 1.0 1940000
1723226981431 1.0 1944000
1723226999876 1.0 1948000
1723227017822 1.0 1952000
1723227035410 1.0 1956000
1723227053323 1.0 1960000
1723227071400 1.0 1964000
1723227089425 1.0 1968000
1723227106792 1.0 1972000
1723227123671 1.0 1976000
1723227139188 1.0 1980000
1723227155101 1.0 1984000
1723227170274 1.0 1988000
1723227185249 1.0 1992000
1723227203157 1.0 1996000
1723227218962 1.0 2000000
