1723235371691 0.0 4000
1723235378944 0.0 8000
1723235386274 0.0 12000
1723235393517 0.0 16000
1723235401602 0.0 20000
1723235409733 0.0 24000
1723235417461 0.0 28000
1723235425130 0.0 32000
1723235432826 0.0 36000
1723235440426 0.0 40000
1723235447983 0.0 44000
1723235455393 0.0 48000
1723235463695 0.0 52000
1723235472500 0.0 56000
1723235480525 0.0 60000
1723235488381 0.0 64000
1723235496411 0.0 68000
1723235504197 0.0 72000
1723235511868 0.0 76000
1723235519513 0.0 80000
1723235527163 0.0 84000
1723235535265 0.0 88000
1723235543175 0.0 92000
1723235550892 0.0 96000
1723235558578 0.0 100000
1723235566524 0.0 104000
1723235574153 0.0 108000
1723235581779 0.0 112000
1723235589268 0.0 116000
1723235597044 0.0 120000
1723235604826 0.0 124000
1723235612459 0.0 128000
1723235620038 0.0 132000
1723235627507 0.0 136000
1723235635061 0.0 140000
1723235642617 0.0 144000
1723235650011 0.0 148000
1723235658173 0.0 152000
1723235665673 0.0 156000
1723235673129 0.0 160000
1723235680608 0.0 164000
1723235688345 0.0 168000
1723235696284 0.0 172000
1723235704191 0.0 176000
1723235712344 0.0 180000
1723235720710 0.0 184000
1723235728533 0.0 188000
1723235736339 0.0 192000
1723235745121 0.0 196000
1723235753688 0.0 200000
1723235761933 0.0 204000
1723235770825 0.0 208000
1723235779635 0.0 212000
1723235787777 0.0 216000
1723235795561 0.0 220000
1723235803422 0.0 224000
1723235811894 0.0 228000
1723235819889 0.0 232000
1723235828115 0.0 236000
1723235837206 0.0 240000
1723235846454 0.0 244000
1723235854686 0.0 248000
1723235862704 0.0 252000
1723235871624 0.0 256000
1723235879823 0.0 260000
1723235887691 0.0 264000
1723235895464 0.0 268000
1723235903260 0.0 272000
1723235910891 0.0 276000
1723235918406 0.0 280000
1723235925837 0.0 284000
1723235933363 0.0 288000
1723235940816 0.0 292000
1723235948509 0.0 296000
1723235956717 0.0 300000
1723235964348 0.0 304000
1723235971906 0.0 308000
1723235979281 0.0 312000
1723235986665 0.0 316000
1723235994164 0.0 320000
1723236001712 0.0 324000
1723236009544 0.0 328000
1723236017795 0.0 332000
1723236025237 0.0 336000
1723236032694 0.0 340000
1723236039863 0.0 344000
1723236047301 0.0 348000
1723236054650 0.0 352000
1723236062049 0.0 356000
1723236069591 0.0 360000
1723236077523 0.0 364000
1723236085055 0.0 368000
1723236092486 0.0 372000
1723236099667 0.0 376000
1723236107190 0.0 380000
1723236114632 0.0 384000
1723236122026 0.0 388000
1723236129411 0.0 392000
1723236137558 0.0 396000
1723236145330 0.0 400000
1723236153329 0.0 404000
1723236160711 0.0 408000
1723236168483 0.0 412000
1723236175907 0.0 416000
1723236183236 0.0 420000
1723236190732 0.0 424000
1723236199073 0.0 428000
1723236207030 0.0 432000
1723236214539 0.0 436000
1723236221942 0.0 440000
1723236229352 0.0 444000
1723236237250 0.0 448000
1723236244799 0.0 452000
1723236252176 0.0 456000
1723236259999 0.0 460000
1723236267722 0.0 464000
1723236275143 0.0 468000
1723236282705 0.0 472000
1723236290659 0.0 476000
1723236298130 0.0 480000
1723236305568 0.0 484000
1723236313044 0.0 488000
1723236320575 0.0 492000
1723236328079 0.0 496000
1723236335549 0.0 500000
1723236342880 0.0 504000
1723236350222 0.0 508000
1723236357643 0.0 512000
1723236365131 0.0 516000
1723236372323 0.0 520000
1723236380421 0.0 524000
1723236387848 0.0 528000
1723236395184 0.0 532000
1723236402676 0.0 536000
1723236409909 0.0 540000
1723236417404 0.0 544000
1723236424790 0.0 548000
1723236432183 0.0 552000
1723236440477 0.0 556000
1723236448148 0.0 560000
1723236455549 0.0 564000
1723236462920 0.0 568000
1723236470423 0.0 572000
1723236477779 0.0 576000
1723236485208 0.0 580000
1723236492717 0.0 584000
1723236501175 0.0 588000
1723236509231 0.0 592000
1723236516810 0.0 596000
1723236524819 0.0 600000
1723236532725 0.0 604000
1723236540386 0.0 608000
1723236548021 0.0 612000
1723236555566 0.0 616000
1723236563394 0.0 620000
1723236571103 0.0 624000
1723236579092 0.0 628000
1723236587261 0.0 632000
1723236595920 0.0 636000
1723236606240 0.0 640000
1723236614535 0.0 644000
1723236622867 0.0 648000
1723236631074 0.0 652000
1723236639459 0.0 656000
1723236647333 0.0 660000
1723236654974 0.0 664000
1723236662568 0.0 668000
1723236670133 0.0 672000
1723236677692 0.0 676000
1723236685358 0.0 680000
1723236693023 0.0 684000
1723236700946 0.0 688000
1723236708885 0.0 692000
1723236716422 0.0 696000
1723236724235 0.0 700000
1723236731994 0.0 704000
1723236740036 0.0 708000
1723236748404 0.0 712000
1723236756315 0.0 716000
1723236764581 0.0 720000
1723236773343 0.0 724000
1723236781645 0.0 728000
1723236790016 0.0 732000
1723236798079 0.0 736000
1723236806092 0.0 740000
1723236813764 0.0 744000
1723236821802 0.0 748000
1723236829376 0.0 752000
1723236836771 0.0 756000
1723236844341 0.0 760000
1723236851871 0.0 764000
1723236860159 0.0 768000
1723236867661 0.0 772000
1723236875126 0.0 776000
1723236882519 0.0 780000
1723236890109 0.0 784000
1723236897592 0.0 788000
1723236905152 0.0 792000
1723236912754 0.0 796000
1723236920358 0.0 800000
