1723235371692 0.2 4000
1723235378945 0.2 8000
1723235386275 0.2 12000
1723235393518 0.2 16000
1723235401603 0.2 20000
1723235409734 0.2 24000
1723235417462 0.2 28000
1723235425131 0.2 32000
1723235432827 0.2 36000
1723235440427 0.2 40000
1723235447984 0.2 44000
1723235455394 0.2 48000
1723235463696 0.2 52000
1723235472501 0.2 56000
1723235480526 0.2 60000
1723235488382 0.29999999999999993 64000
1723235496412 0.29999999999999993 68000
1723235504197 0.29999999999999993 72000
1723235511869 0.29999999999999993 76000
1723235519513 0.29999999999999993 80000
1723235527164 0.29999999999999993 84000
1723235535266 0.29999999999999993 88000
1723235543176 0.14999999999999997 92000
1723235550894 0.14999999999999997 96000
1723235558579 0.07499999999999998 100000
1723235566524 0.07499999999999998 104000
1723235574154 0.07499999999999998 108000
1723235581780 0.07499999999999998 112000
1723235589269 0.07499999999999998 116000
1723235597045 0.07499999999999998 120000
1723235604827 0.11250000000000003 124000
1723235612459 0.16875 128000
1723235620039 0.25312499999999993 132000
1723235627508 0.3796875000000001 136000
1723235635061 0.5695312499999997 140000
1723235642618 0.8542968749999997 144000
1723235650011 1.2814453125000003 148000
1723235658174 1.2814453125000003 152000
1723235665673 1.2814453125000003 156000
1723235673130 1.2814453125000003 160000
1723235680609 1.2814453125000003 164000
1723235688346 1.2814453125000003 168000
1723235696286 1.2814453125000003 172000
1723235704192 1.2814453125000003 176000
1723235712344 1.2814453125000003 180000
1723235720711 1.9221679687499995 184000
1723235728534 0.9610839843749998 188000
1723235736340 0.4805419921874999 192000
1723235745122 0.24027099609374994 196000
1723235753689 0.12013549804687497 200000
1723235761933 0.12013549804687497 204000
1723235770826 0.12013549804687497 208000
1723235779635 0.12013549804687497 212000
1723235787778 0.12013549804687497 216000
1723235795562 0.12013549804687497 220000
1723235803423 0.12013549804687497 224000
1723235811895 0.12013549804687497 228000
1723235819890 0.12013549804687497 232000
1723235828116 0.12013549804687497 236000
1723235837207 0.12013549804687497 240000
1723235846455 0.12013549804687497 244000
1723235854687 0.12013549804687497 248000
1723235862705 0.12013549804687497 252000
1723235871625 0.12013549804687497 256000
1723235879823 0.12013549804687497 260000
1723235887692 0.12013549804687497 264000
1723235895465 0.12013549804687497 268000
1723235903260 0.12013549804687497 272000
1723235910893 0.12013549804687497 276000
1723235918406 0.1802032470703125 280000
1723235925838 0.2703048706054688 284000
1723235933364 0.405457305908203 288000
1723235940817 0.6081859588623046 292000
1723235948510 0.9122789382934573 296000
1723235956717 0.9122789382934573 300000
1723235964349 1.3684184074401853 304000
1723235971907 2.0526276111602786 308000
1723235979282 3.0789414167404177 312000
1723235986666 4.618412125110625 316000
1723235994165 6.927618187665941 320000
1723236001713 10.39142728149891 324000
1723236009544 15.58714092224836 328000
1723236017796 23.380711383372553 332000
1723236025238 35.0710670750588 336000
1723236032695 52.60660061258821 340000
1723236039864 78.90990091888236 344000
1723236047302 118.36485137832348 348000
1723236054651 177.54727706748525 352000
1723236062050 266.32091560122797 356000
1723236069592 399.4813734018418 360000
1723236077524 599.2220601027627 364000
1723236085055 898.8330901541444 368000
1723236092487 1348.249635231216 372000
1723236099668 2022.3744528468242 376000
1723236107191 3033.561679270236 380000
1723236114632 4550.342518905355 384000
1723236122027 6825.513778358029 388000
1723236129411 10238.27066753705 392000
1723236137559 15357.406001305564 396000
1723236145331 23036.109001958353 400000
1723236153330 34554.16350293753 404000
1723236160712 51831.24525440628 408000
1723236168484 77746.86788160945 412000
1723236175908 116620.30182241417 416000
1723236183237 174930.45273362132 420000
1723236190733 262395.6791004319 424000
1723236199073 393593.5186506479 428000
1723236207031 590390.2779759717 432000
1723236214540 885585.4169639574 436000
1723236221943 1328378.125445936 440000
1723236229353 1992567.1881689057 444000
1723236237251 2988850.782253357 448000
1723236244800 4483276.173380034 452000
1723236252177 6724914.260070055 456000
1723236260000 10087371.390105082 460000
1723236267723 15131057.085157625 464000
1723236275144 22696585.62773643 468000
1723236282706 34044878.44160463 472000
1723236290660 51067317.66240696 476000
1723236298131 76600976.49361041 480000
1723236305568 114901464.74041563 484000
1723236313045 172352197.11062345 488000
1723236320576 258528295.6659352 492000
1723236328080 387792443.4989029 496000
1723236335550 581688665.2483541 500000
1723236342881 872532997.8725314 504000
1723236350223 1308799496.8087966 508000
1723236357644 1963199245.2131956 512000
1723236365131 2944798867.819793 516000
1723236372324 4417198301.72969 520000
1723236380422 6625797452.594532 524000
1723236387849 9938696178.891798 528000
1723236395185 14908044268.337704 532000
1723236402677 22362066402.506546 536000
1723236409909 33543099603.759823 540000
1723236417405 50314649405.63975 544000
1723236424790 75471974108.45961 548000
1723236432184 113207961162.68945 552000
1723236440478 169811941744.03415 556000
1723236448148 254717912616.05127 560000
1723236455550 382076868924.0768 564000
1723236462921 573115303386.1152 568000
1723236470423 859672955079.1727 572000
1723236477780 1289509432618.7595 576000
1723236485209 1934264148928.1396 580000
1723236492718 2901396223392.2085 584000
1723236501176 4352094335088.312 588000
1723236509232 6528141502632.468 592000
1723236516811 9792212253948.703 596000
1723236524820 9792212253948.703 600000
1723236532726 9792212253948.703 604000
1723236540386 14688318380923.06 608000
1723236548022 14688318380923.06 612000
1723236555567 14688318380923.06 616000
1723236563394 14688318380923.06 620000
1723236571104 14688318380923.06 624000
1723236579093 14688318380923.06 628000
1723236587262 14688318380923.06 632000
1723236595921 14688318380923.06 636000
1723236606241 14688318380923.06 640000
1723236614536 14688318380923.06 644000
1723236622868 14688318380923.06 648000
1723236631075 14688318380923.06 652000
1723236639460 14688318380923.06 656000
1723236647334 14688318380923.06 660000
1723236654975 14688318380923.06 664000
1723236662569 14688318380923.06 668000
1723236670134 14688318380923.06 672000
1723236677693 7344159190461.53 676000
1723236685359 3672079595230.765 680000
1723236693023 1836039797615.3826 684000
1723236700947 918019898807.6913 688000
1723236708886 459009949403.84564 692000
1723236716423 229504974701.92282 696000
1723236724236 114752487350.96141 700000
1723236731995 57376243675.480705 704000
1723236740036 28688121837.740353 708000
1723236748405 14344060918.870176 712000
1723236756316 7172030459.435088 716000
1723236764582 3586015229.717544 720000
1723236773344 1793007614.858772 724000
1723236781645 896503807.429386 728000
1723236790017 448251903.714693 732000
1723236798080 224125951.8573465 736000
1723236806093 112062975.92867325 740000
1723236813765 56031487.964336626 744000
1723236821803 28015743.982168313 748000
1723236829377 14007871.991084157 752000
1723236836772 7003935.995542078 756000
1723236844342 3501967.997771039 760000
1723236851872 1750983.9988855196 764000
1723236860159 875491.9994427598 768000
1723236867662 437745.9997213799 772000
1723236875127 218872.99986068995 776000
1723236882520 109436.49993034497 780000
1723236890110 54718.24996517249 784000
1723236897593 27359.124982586243 788000
1723236905153 13679.562491293122 792000
1723236912754 6839.781245646561 796000
1723236920359 3419.8906228232804 800000
