1723235371693 5.0000000000000016e-05 4000
1723235378946 5.0000000000000016e-05 8000
1723235386275 5.0000000000000016e-05 12000
1723235393518 5.0000000000000016e-05 16000
1723235401604 5.0000000000000016e-05 20000
1723235409734 5.0000000000000016e-05 24000
1723235417463 5.0000000000000016e-05 28000
1723235425131 5.0000000000000016e-05 32000
1723235432827 5.0000000000000016e-05 36000
1723235440427 5.0000000000000016e-05 40000
1723235447984 5.0000000000000016e-05 44000
1723235455395 5.0000000000000016e-05 48000
1723235463696 5.0000000000000016e-05 52000
1723235472502 5.0000000000000016e-05 56000
1723235480526 5.0000000000000016e-05 60000
1723235488383 5.0000000000000016e-05 64000
1723235496412 5.0000000000000016e-05 68000
1723235504198 5.0000000000000016e-05 72000
1723235511869 5.0000000000000016e-05 76000
1723235519514 5.0000000000000016e-05 80000
1723235527164 5.0000000000000016e-05 84000
1723235535266 5.0000000000000016e-05 88000
1723235543176 5.0000000000000016e-05 92000
1723235550895 5.0000000000000016e-05 96000
1723235558579 5.0000000000000016e-05 100000
1723235566525 5.0000000000000016e-05 104000
1723235574154 5.0000000000000016e-05 108000
1723235581780 5.0000000000000016e-05 112000
1723235589270 5.0000000000000016e-05 116000
1723235597046 5.0000000000000016e-05 120000
1723235604827 5.0000000000000016e-05 124000
1723235612460 5.0000000000000016e-05 128000
1723235620039 5.0000000000000016e-05 132000
1723235627508 5.0000000000000016e-05 136000
1723235635062 5.0000000000000016e-05 140000
1723235642618 5.0000000000000016e-05 144000
1723235650012 5.0000000000000016e-05 148000
1723235658174 5.0000000000000016e-05 152000
1723235665674 5.0000000000000016e-05 156000
1723235673130 5.0000000000000016e-05 160000
1723235680609 5.0000000000000016e-05 164000
1723235688346 5.0000000000000016e-05 168000
1723235696286 5.0000000000000016e-05 172000
1723235704193 5.0000000000000016e-05 176000
1723235712345 5.0000000000000016e-05 180000
1723235720711 5.0000000000000016e-05 184000
1723235728534 5.0000000000000016e-05 188000
1723235736340 5.0000000000000016e-05 192000
1723235745122 5.0000000000000016e-05 196000
1723235753689 5.0000000000000016e-05 200000
1723235761934 5.0000000000000016e-05 204000
1723235770827 5.0000000000000016e-05 208000
1723235779636 5.0000000000000016e-05 212000
1723235787778 5.0000000000000016e-05 216000
1723235795562 5.0000000000000016e-05 220000
1723235803423 5.0000000000000016e-05 224000
1723235811896 5.0000000000000016e-05 228000
1723235819890 5.0000000000000016e-05 232000
1723235828116 5.0000000000000016e-05 236000
1723235837208 5.0000000000000016e-05 240000
1723235846456 5.0000000000000016e-05 244000
1723235854687 5.0000000000000016e-05 248000
1723235862705 5.0000000000000016e-05 252000
1723235871625 5.0000000000000016e-05 256000
1723235879824 5.0000000000000016e-05 260000
1723235887692 5.0000000000000016e-05 264000
1723235895465 5.0000000000000016e-05 268000
1723235903261 5.0000000000000016e-05 272000
1723235910893 5.0000000000000016e-05 276000
1723235918407 5.0000000000000016e-05 280000
1723235925838 5.0000000000000016e-05 284000
1723235933364 5.0000000000000016e-05 288000
1723235940818 5.0000000000000016e-05 292000
1723235948510 5.0000000000000016e-05 296000
1723235956718 5.0000000000000016e-05 300000
1723235964349 5.0000000000000016e-05 304000
1723235971907 5.0000000000000016e-05 308000
1723235979282 5.0000000000000016e-05 312000
1723235986667 5.0000000000000016e-05 316000
1723235994165 5.0000000000000016e-05 320000
1723236001713 5.0000000000000016e-05 324000
1723236009545 5.0000000000000016e-05 328000
1723236017796 5.0000000000000016e-05 332000
1723236025238 5.0000000000000016e-05 336000
1723236032695 5.0000000000000016e-05 340000
1723236039864 5.0000000000000016e-05 344000
1723236047302 5.0000000000000016e-05 348000
1723236054651 5.0000000000000016e-05 352000
1723236062050 5.0000000000000016e-05 356000
1723236069593 5.0000000000000016e-05 360000
1723236077524 5.0000000000000016e-05 364000
1723236085056 5.0000000000000016e-05 368000
1723236092487 5.0000000000000016e-05 372000
1723236099668 5.0000000000000016e-05 376000
1723236107191 5.0000000000000016e-05 380000
1723236114633 5.0000000000000016e-05 384000
1723236122027 5.0000000000000016e-05 388000
1723236129412 5.0000000000000016e-05 392000
1723236137560 5.0000000000000016e-05 396000
1723236145331 5.0000000000000016e-05 400000
1723236153331 5.0000000000000016e-05 404000
1723236160712 5.0000000000000016e-05 408000
1723236168484 5.0000000000000016e-05 412000
1723236175908 5.0000000000000016e-05 416000
1723236183237 5.0000000000000016e-05 420000
1723236190734 5.0000000000000016e-05 424000
1723236199074 5.0000000000000016e-05 428000
1723236207031 5.0000000000000016e-05 432000
1723236214540 5.0000000000000016e-05 436000
1723236221943 5.0000000000000016e-05 440000
1723236229353 5.0000000000000016e-05 444000
1723236237252 5.0000000000000016e-05 448000
1723236244800 5.0000000000000016e-05 452000
1723236252178 5.0000000000000016e-05 456000
1723236260001 5.0000000000000016e-05 460000
1723236267723 5.0000000000000016e-05 464000
1723236275144 5.0000000000000016e-05 468000
1723236282706 5.0000000000000016e-05 472000
1723236290661 5.0000000000000016e-05 476000
1723236298131 5.0000000000000016e-05 480000
1723236305569 5.0000000000000016e-05 484000
1723236313045 5.0000000000000016e-05 488000
1723236320576 5.0000000000000016e-05 492000
1723236328081 5.0000000000000016e-05 496000
1723236335550 5.0000000000000016e-05 500000
1723236342881 5.0000000000000016e-05 504000
1723236350223 5.0000000000000016e-05 508000
1723236357644 5.0000000000000016e-05 512000
1723236365132 5.0000000000000016e-05 516000
1723236372325 5.0000000000000016e-05 520000
1723236380422 5.0000000000000016e-05 524000
1723236387849 5.0000000000000016e-05 528000
1723236395185 5.0000000000000016e-05 532000
1723236402678 5.0000000000000016e-05 536000
1723236409910 5.0000000000000016e-05 540000
1723236417405 5.0000000000000016e-05 544000
1723236424791 5.0000000000000016e-05 548000
1723236432185 5.0000000000000016e-05 552000
1723236440478 5.0000000000000016e-05 556000
1723236448149 5.0000000000000016e-05 560000
1723236455550 5.0000000000000016e-05 564000
1723236462921 5.0000000000000016e-05 568000
1723236470424 5.0000000000000016e-05 572000
1723236477780 5.0000000000000016e-05 576000
1723236485209 5.0000000000000016e-05 580000
1723236492719 5.0000000000000016e-05 584000
1723236501176 5.0000000000000016e-05 588000
1723236509233 5.0000000000000016e-05 592000
1723236516811 5.0000000000000016e-05 596000
1723236524821 5.0000000000000016e-05 600000
1723236532727 5.0000000000000016e-05 604000
1723236540387 5.0000000000000016e-05 608000
1723236548023 5.0000000000000016e-05 612000
1723236555567 5.0000000000000016e-05 616000
1723236563395 5.0000000000000016e-05 620000
1723236571105 5.0000000000000016e-05 624000
1723236579093 5.0000000000000016e-05 628000
1723236587262 5.0000000000000016e-05 632000
1723236595922 5.0000000000000016e-05 636000
1723236606241 5.0000000000000016e-05 640000
1723236614536 5.0000000000000016e-05 644000
1723236622868 5.0000000000000016e-05 648000
1723236631075 5.0000000000000016e-05 652000
1723236639461 5.0000000000000016e-05 656000
1723236647334 5.0000000000000016e-05 660000
1723236654976 5.0000000000000016e-05 664000
1723236662570 5.0000000000000016e-05 668000
1723236670135 5.0000000000000016e-05 672000
1723236677694 5.0000000000000016e-05 676000
1723236685359 5.0000000000000016e-05 680000
1723236693024 5.0000000000000016e-05 684000
1723236700947 5.0000000000000016e-05 688000
1723236708886 5.0000000000000016e-05 692000
1723236716423 5.0000000000000016e-05 696000
1723236724236 5.0000000000000016e-05 700000
1723236731995 5.0000000000000016e-05 704000
1723236740037 5.0000000000000016e-05 708000
1723236748405 5.0000000000000016e-05 712000
1723236756316 5.0000000000000016e-05 716000
1723236764582 5.0000000000000016e-05 720000
1723236773344 5.0000000000000016e-05 724000
1723236781646 5.0000000000000016e-05 728000
1723236790017 5.0000000000000016e-05 732000
1723236798081 5.0000000000000016e-05 736000
1723236806093 5.0000000000000016e-05 740000
1723236813765 5.0000000000000016e-05 744000
1723236821803 5.0000000000000016e-05 748000
1723236829377 5.0000000000000016e-05 752000
1723236836773 5.0000000000000016e-05 756000
1723236844343 5.0000000000000016e-05 760000
1723236851872 5.0000000000000016e-05 764000
1723236860160 5.0000000000000016e-05 768000
1723236867662 5.0000000000000016e-05 772000
1723236875127 5.0000000000000016e-05 776000
1723236882521 5.0000000000000016e-05 780000
1723236890110 5.0000000000000016e-05 784000
1723236897593 5.0000000000000016e-05 788000
1723236905154 5.0000000000000016e-05 792000
1723236912755 5.0000000000000016e-05 796000
1723236920359 5.0000000000000016e-05 800000
