1723235371697 0.0 4000
1723235378949 0.0 8000
1723235386278 0.0 12000
1723235393521 0.0 16000
1723235401607 0.0 20000
1723235409738 0.0 24000
1723235417465 0.0 28000
1723235425134 0.0 32000
1723235432830 0.0 36000
1723235440430 0.0 40000
1723235447987 0.0 44000
1723235455397 0.0 48000
1723235463700 0.0 52000
1723235472505 0.0 56000
1723235480529 0.0 60000
1723235488386 0.0 64000
1723235496415 0.0 68000
1723235504201 0.0 72000
1723235511873 0.0 76000
1723235519516 0.0 80000
1723235527167 0.0 84000
1723235535270 0.0 88000
1723235543179 0.0 92000
1723235550898 0.0 96000
1723235558583 0.0 100000
1723235566528 0.0 104000
1723235574157 0.0 108000
1723235581783 0.0 112000
1723235589272 0.0 116000
1723235597049 0.0 120000
1723235604830 0.0 124000
1723235612463 0.0 128000
1723235620043 0.0 132000
1723235627511 0.0 136000
1723235635065 0.0 140000
1723235642621 0.0 144000
1723235650015 0.0 148000
1723235658177 0.0 152000
1723235665677 0.0 156000
1723235673133 0.0 160000
1723235680612 0.0 164000
1723235688349 0.0 168000
1723235696289 0.0 172000
1723235704196 0.0 176000
1723235712348 0.0 180000
1723235720715 0.0 184000
1723235728538 0.0 188000
1723235736343 0.0 192000
1723235745125 0.0 196000
1723235753692 0.0 200000
1723235761937 0.0 204000
1723235770829 0.0 208000
1723235779639 0.0 212000
1723235787781 0.0 216000
1723235795565 0.0 220000
1723235803426 0.0 224000
1723235811898 0.0 228000
1723235819893 0.0 232000
1723235828119 0.0 236000
1723235837211 0.0 240000
1723235846459 0.0 244000
1723235854690 0.0 248000
1723235862709 0.0 252000
1723235871628 0.0 256000
1723235879827 0.0 260000
1723235887695 0.0 264000
1723235895468 0.0 268000
1723235903263 0.0 272000
1723235910897 0.0 276000
1723235918410 0.0 280000
1723235925841 0.0 284000
1723235933367 0.0 288000
1723235940821 0.0 292000
1723235948513 0.0 296000
1723235956721 0.0 300000
1723235964352 0.0 304000
1723235971910 0.0 308000
1723235979285 0.0 312000
1723235986669 0.0 316000
1723235994168 0.0 320000
1723236001716 0.0 324000
1723236009548 0.0 328000
1723236017799 0.0 332000
1723236025241 0.0 336000
1723236032698 0.0 340000
1723236039867 0.0 344000
1723236047305 0.0 348000
1723236054654 0.0 352000
1723236062053 0.0 356000
1723236069595 0.0 360000
1723236077527 0.0 364000
1723236085059 0.0 368000
1723236092490 0.0 372000
1723236099671 0.0 376000
1723236107194 0.0 380000
1723236114636 0.0 384000
1723236122030 0.0 388000
1723236129415 0.0 392000
1723236137562 0.0 396000
1723236145335 0.0 400000
1723236153333 0.0 404000
1723236160715 0.0 408000
1723236168487 0.0 412000
1723236175911 0.0 416000
1723236183240 0.0 420000
1723236190736 0.0 424000
1723236199077 0.0 428000
1723236207034 0.0 432000
1723236214543 0.0 436000
1723236221947 0.0 440000
1723236229356 0.0 444000
1723236237254 0.0 448000
1723236244803 0.0 452000
1723236252182 0.0 456000
1723236260005 0.0 460000
1723236267726 0.0 464000
1723236275147 0.0 468000
1723236282709 0.0 472000
1723236290664 0.0 476000
1723236298134 0.0 480000
1723236305572 0.0 484000
1723236313048 0.0 488000
1723236320579 0.0 492000
1723236328083 0.0 496000
1723236335553 0.0 500000
1723236342885 0.0 504000
1723236350226 0.0 508000
1723236357647 0.0 512000
1723236365135 0.0 516000
1723236372328 0.0 520000
1723236380425 0.0 524000
1723236387852 0.0 528000
1723236395188 0.0 532000
1723236402681 0.0 536000
1723236409913 0.0 540000
1723236417408 0.0 544000
1723236424793 0.0 548000
1723236432187 0.0 552000
1723236440481 0.0 556000
1723236448151 0.0 560000
1723236455553 0.0 564000
1723236462925 0.0 568000
1723236470427 0.0 572000
1723236477783 0.0 576000
1723236485212 0.0 580000
1723236492722 0.0 584000
1723236501179 0.0 588000
1723236509236 0.0 592000
1723236516814 0.0 596000
1723236524824 0.0 600000
1723236532730 0.0 604000
1723236540389 0.0 608000
1723236548025 0.0 612000
1723236555571 0.0 616000
1723236563398 0.0 620000
1723236571107 0.0 624000
1723236579096 0.0 628000
1723236587265 0.0 632000
1723236595927 0.0 636000
1723236606245 0.0 640000
1723236614539 0.0 644000
1723236622872 0.0 648000
1723236631078 0.0 652000
1723236639463 0.0 656000
1723236647337 0.0 660000
1723236654978 0.0 664000
1723236662573 0.0 668000
1723236670137 0.0 672000
1723236677696 0.0 676000
1723236685362 0.0 680000
1723236693027 0.0 684000
1723236700950 0.0 688000
1723236708890 0.0 692000
1723236716426 0.0 696000
1723236724239 0.0 700000
1723236731998 0.0 704000
1723236740039 0.0 708000
1723236748408 0.0 712000
1723236756319 0.0 716000
1723236764585 0.0 720000
1723236773347 0.0 724000
1723236781649 0.0 728000
1723236790020 0.0 732000
1723236798083 0.0 736000
1723236806096 0.0 740000
1723236813768 0.0 744000
1723236821806 0.0 748000
1723236829380 0.0 752000
1723236836776 0.0 756000
1723236844345 0.0 760000
1723236851876 0.0 764000
1723236860162 0.0 768000
1723236867665 0.0 772000
1723236875130 0.0 776000
1723236882523 0.0 780000
1723236890113 0.0 784000
1723236897596 0.0 788000
1723236905156 0.0 792000
1723236912758 0.0 796000
1723236920362 0.0 800000
