1723235371691 0.7037077817021223 4000
1723235378945 0.6124599463725217 8000
1723235386274 0.6507245384511493 12000
1723235393517 0.677234985194509 16000
1723235401603 0.644765265293853 20000
1723235409734 0.6290784334537214 24000
1723235417462 0.6560551325164775 28000
1723235425130 0.648908494783457 32000
1723235432826 0.6343175554559344 36000
1723235440426 0.6299925766215122 40000
1723235447983 0.6681775322036138 44000
1723235455394 0.6966456893732939 48000
1723235463695 0.7066208681574574 52000
1723235472501 0.7282497137075379 56000
1723235480526 0.7432276645980814 60000
1723235488382 0.7832589705785116 64000
1723235496411 0.7676027093930219 68000
1723235504197 0.7355251460557892 72000
1723235511869 0.7322535570730608 76000
1723235519513 0.7849839409901982 80000
1723235527163 0.721584514382655 84000
1723235535265 0.7349006978371156 88000
1723235543176 0.7355175938634645 92000
1723235550893 0.7372405071895589 96000
1723235558579 0.6921944769207763 100000
1723235566524 0.6275112887775457 104000
1723235574153 0.7051698629739424 108000
1723235581779 0.5986735877378908 112000
1723235589269 0.6187235776394132 116000
1723235597045 0.6466612904554322 120000
1723235604827 0.6799440743510055 124000
1723235612459 0.6797726879123027 128000
1723235620039 0.8045192262522443 132000
1723235627507 0.8586705197023337 136000
1723235635061 0.8509898343453647 140000
1723235642617 0.9602043111527723 144000
1723235650011 0.8479764261494869 148000
1723235658173 0.727474052403812 152000
1723235665673 0.8138117942190359 156000
1723235673129 0.7408824535648502 160000
1723235680608 0.8099322726486852 164000
1723235688346 0.8104220803294863 168000
1723235696285 0.8467712254869559 172000
1723235704192 0.8346507913536496 176000
1723235712344 0.8609005423765334 180000
1723235720710 0.9273451063210372 184000
1723235728534 0.89753201445811 188000
1723235736339 1.0656824113042267 192000
1723235745121 1.0612818234338963 196000
1723235753688 0.985005390218326 200000
1723235761933 0.9514216959634155 204000
1723235770826 1.3830244965890728 208000
1723235779635 1.2105514526524872 212000
1723235787777 1.0193197961679843 216000
1723235795561 0.8467900201284065 220000
1723235803423 0.743087687639017 224000
1723235811895 0.699944276674084 228000
1723235819889 0.6098078229597637 232000
1723235828115 0.5995154642948398 236000
1723235837207 0.7155103513172695 240000
1723235846455 0.6391662048363181 244000
1723235854686 0.6551945702660651 248000
1723235862704 0.5456293239322288 252000
1723235871624 0.5577934335700419 256000
1723235879823 0.5346196845016151 260000
1723235887691 0.5020654256618212 264000
1723235895465 0.5652231965036619 268000
1723235903260 0.49380790885321046 272000
1723235910892 0.5184225739901344 276000
1723235918406 0.5139250021132212 280000
1723235925838 0.5729307187533883 284000
1723235933364 0.516908011956032 288000
1723235940817 0.5552583122143039 292000
1723235948509 0.48331064111971983 296000
1723235956717 0.5357811056116901 300000
1723235964348 0.61681323243039 304000
1723235971907 0.6316893400299171 308000
1723235979282 0.855603489279747 312000
1723235986666 1.0109699822134441 316000
1723235994165 1.3481945125514236 320000
1723236001712 1.7490205997670139 324000
1723236009544 3.1370843882283204 328000
1723236017796 4.508453659153489 332000
1723236025238 7.79345276869794 336000
1723236032695 9.13811224453033 340000
1723236039863 14.47844354053023 344000
1723236047301 25.388351321031177 348000
1723236054650 25.80151691714292 352000
1723236062049 38.87803990285863 356000
1723236069592 62.10382628743611 360000
1723236077523 96.20096466680053 364000
1723236085055 154.10425487043997 368000
1723236092486 211.51216692949728 372000
1723236099667 347.29298983301436 376000
1723236107190 606.4052004476073 380000
1723236114632 845.5750887613448 384000
1723236122026 1134.7942762687724 388000
1723236129411 1964.4989394717745 392000
1723236137559 3191.9949661820024 396000
1723236145331 5070.548254620588 400000
1723236153330 7696.877665718523 404000
1723236160711 11705.046094105232 408000
1723236168483 15444.823552901657 412000
1723236175908 26996.374566230574 416000
1723236183236 38434.623412763 420000
1723236190733 50116.35181154927 424000
1723236199073 72213.93039473276 428000
1723236207030 115812.37040072648 432000
1723236214539 208295.46195901537 436000
1723236221942 298676.36279296875 440000
1723236229352 418730.0247840195 444000
1723236237251 814902.8685371197 448000
1723236244799 1252369.7036334325 452000
1723236252177 1758235.8578621033 456000
1723236259999 2505956.0497189155 460000
1723236267723 3718987.1015707674 464000
1723236275143 5063538.0363095235 468000
1723236282705 6374469.924107143 472000
1723236290660 9316986.34566799 476000
1723236298130 14905587.14239418 480000
1723236305568 21765195.5833664 484000
1723236313044 41579380.224867724 488000
1723236320576 52531982.06613757 492000
1723236328080 68862615.08267196 496000
1723236335550 108407881.63544974 500000
1723236342881 148557058.84338623 504000
1723236350223 233621220.05291006 508000
1723236357644 378255886.821164 512000
1723236365131 606617028.8232805 516000
1723236372323 799132301.6571429 520000
1723236380421 1431891915.1915343 524000
1723236387848 2261960243.4031744 528000
1723236395184 3440375385.701587 532000
1723236402677 4078493536.4232802 536000
1723236409909 6298043988.723809 540000
1723236417404 11407697471.796825 544000
1723236424790 15805437213.663492 548000
1723236432184 22259084329.85397 552000
1723236440477 34130421532.986244 556000
1723236448148 48084394704.59259 560000
1723236455550 65527120594.75979 564000
1723236462920 123362169797.48572 568000
1723236470423 203369884246.14603 572000
1723236477780 225879994250.97144 576000
1723236485208 399186701930.7344 580000
1723236492718 442104171659.7841 584000
1723236501175 648456759519.2212 588000
1723236509232 975488762566.8402 592000
1723236516810 1155188249854.6455 596000
1723236524820 1035341691020.8677 600000
1723236532726 1299277100069.926 604000
1723236540386 1514403024804.9778 608000
1723236548022 1741753368177.236 612000
1723236555566 1402546714868.893 616000
1723236563394 1165555118171.0222 620000
1723236571104 1250292042974.1375 624000
1723236579092 1307230540239.7798 628000
1723236587261 1143452746031.4075 632000
1723236595921 1100755644775.7544 636000
1723236606240 995294088414.1376 640000
1723236614535 1224602419919.509 644000
1723236622867 1053976938090.7344 648000
1723236631074 969101969761.2529 652000
1723236639460 884948601614.3577 656000
1723236647333 761102831893.401 660000
1723236654975 598086749124.4021 664000
1723236662569 549026837214.6794 668000
1723236670133 394641191537.23596 672000
1723236677693 109886266683.32698 676000
1723236685358 58027285246.916405 680000
1723236693023 22926944894.577778 684000
1723236700947 14859303627.039154 688000
1723236708885 5933309312.812698 692000
1723236716422 2874284211.3862433 696000
1723236724235 1855720674.4592593 700000
1723236731994 1117807794.5269842 704000
1723236740036 533595580.77671957 708000
1723236748404 323152485.44021165 712000
1723236756316 178253410.74973544 716000
1723236764582 78896401.06031746 720000
1723236773344 36852716.402645506 724000
1723236781645 18462083.80793651 728000
1723236790016 8273073.385267857 732000
1723236798080 3164018.6668568123 736000
1723236806092 1253309.304265873 740000
1723236813764 461688.8855716766 744000
1723236821803 201173.59272796792 748000
1723236829376 87609.30401333602 752000
1723236836772 53344.15596026062 756000
1723236844342 32439.276668423445 760000
1723236851872 19097.02069524533 764000
1723236860159 8253.514046288547 768000
1723236867662 3877.7282073651672 772000
1723236875126 1702.7259729133082 776000
1723236882520 1119.7599859469783 780000
1723236890110 531.0608017068691 784000
1723236897592 289.17591560706893 788000
1723236905153 148.83374547024883 792000
1723236912754 77.13697512086738 796000
1723236920359 46.657061037436996 800000
