1723235371695 -3.6377755422440784e-07 4000
1723235378947 4.4615180404097944e-07 8000
1723235386277 -7.707605916987021e-07 12000
1723235393520 1.9634842241882648e-07 16000
1723235401605 -6.849803621806795e-08 20000
1723235409736 -2.640265005606192e-07 24000
1723235417464 -3.022806985037667e-07 28000
1723235425133 -7.677645910353888e-07 32000
1723235432829 -5.822963815517526e-07 36000
1723235440429 5.925143206561054e-07 40000
1723235447986 1.6022926915890326e-06 44000
1723235455396 -4.868658762129526e-07 48000
1723235463698 -9.735425313313802e-08 52000
1723235472503 6.442978268577939e-08 56000
1723235480528 8.680044658600338e-06 60000
1723235488384 6.556920904331106e-06 64000
1723235496414 2.6899103134397477e-05 68000
1723235504199 7.739773503056279e-06 72000
1723235511871 4.57763671875e-06 76000
1723235519515 3.7598231482127355e-07 80000
1723235527166 6.875033101076802e-09 84000
1723235535268 -2.7006580716087705e-06 88000
1723235543178 7.493155343191964e-07 92000
1723235550897 -9.989296948468244e-07 96000
1723235558581 8.39854674364524e-06 100000
1723235566527 -4.339470434441138e-06 104000
1723235574156 -5.76812123495435e-06 108000
1723235581782 8.593901755317809e-05 112000
1723235589271 4.891743735661583e-06 116000
1723235597047 1.7939421234938202e-05 120000
1723235604829 6.186583685496497e-06 124000
1723235612461 1.0142566035033533e-06 128000
1723235620041 1.2766116510623345e-07 132000
1723235627510 1.7045351563307343e-05 136000
1723235635063 -4.662407769097222e-07 140000
1723235642620 9.801053496264906e-06 144000
1723235650013 1.0558537074497767e-07 148000
1723235658176 5.181110094464014e-05 152000
1723235665675 1.2078613200515667e-07 156000
1723235673132 2.381290708269392e-05 160000
1723235680611 -4.0997903813760745e-09 164000
1723235688348 5.1770576093562695e-06 168000
1723235696288 1.4506950580253802e-08 172000
1723235704194 0.00011814788535789207 176000
1723235712347 1.403326710695943e-06 180000
1723235720713 1.2214284725290127e-05 184000
1723235728536 0.00014584376698448544 188000
1723235736341 0.00011818888326170583 192000
1723235745124 2.7546396961918584e-05 196000
1723235753691 0.00046751007201179624 200000
1723235761935 0.0004628578506449543 204000
1723235770828 0.000666298058928636 208000
1723235779638 0.0008432405650931061 212000
1723235787780 0.0009526574422442724 216000
1723235795564 0.00032276476501787784 220000
1723235803425 0.0001846537703559512 224000
1723235811897 3.933417734014925e-05 228000
1723235819892 5.629791153801812e-05 232000
1723235828118 2.319664551467492e-05 236000
1723235837209 -4.0447144281296506e-05 240000
1723235846457 2.1269870182824512e-05 244000
1723235854689 -1.6442398545603274e-05 248000
1723235862708 -2.435874686670051e-06 252000
1723235871627 -3.3638685468643434e-05 256000
1723235879825 -5.127544756288882e-06 260000
1723235887694 -4.120998912387424e-05 264000
1723235895467 6.16743766441547e-05 268000
1723235903262 0.00012201354617164248 272000
1723235910895 7.4906323952649636e-06 276000
1723235918409 0.0003786837297772604 280000
1723235925840 0.00017956403828171827 284000
1723235933366 7.68377352013159e-05 288000
1723235940819 -1.0150797152645374e-05 292000
1723235948512 6.0103557727955005e-06 296000
1723235956719 6.725185762637507e-05 300000
1723235964350 7.604070441432731e-06 304000
1723235971909 4.524686349132074e-06 308000
1723235979284 5.267599903086506e-07 312000
1723235986668 2.1529071545474745e-05 316000
1723235994167 2.1827126306200785e-05 320000
1723236001715 4.0070720450588007e-07 324000
1723236009546 6.621413760715061e-06 328000
1723236017798 2.5160855086392196e-05 332000
1723236025240 0.00011116966368660095 336000
1723236032697 8.932796735612173e-05 340000
1723236039866 -1.489138477063053e-06 344000
1723236047304 -8.842617115646443e-07 348000
1723236054653 -1.6273771013532365e-05 352000
1723236062052 3.6133975578994346e-06 356000
1723236069594 -1.3076060663455379e-05 360000
1723236077526 -1.2821715975564624e-05 364000
1723236085057 4.162668551086749e-05 368000
1723236092489 5.832456407092867e-06 372000
1723236099670 0.00015566468869567549 376000
1723236107193 5.625700824475162e-06 380000
1723236114634 1.0470233897052745e-05 384000
1723236122029 -1.0208635733871864e-05 388000
1723236129413 1.4550124526654602e-05 392000
1723236137561 4.353031279548766e-07 396000
1723236145333 1.1967288123236763e-06 400000
1723236153332 1.213058592781188e-05 404000
1723236160714 3.1042382830665225e-05 408000
1723236168485 -7.879418670815766e-06 412000
1723236175910 2.5725869274643992e-06 416000
1723236183239 5.305759490482391e-06 420000
1723236190735 5.1703150310213606e-05 424000
1723236199075 1.637317516185619e-05 428000
1723236207033 0.00013012832434719832 432000
1723236214542 -2.3682407601169808e-05 436000
1723236221945 -2.19775570763482e-05 440000
1723236229355 -1.5155064365851185e-05 444000
1723236237253 2.730012570739423e-05 448000
1723236244801 -2.9936353996317225e-06 452000
1723236252180 -3.2433441707066125e-06 456000
1723236260003 2.94746545256761e-06 460000
1723236267725 1.0517539170684008e-07 464000
1723236275146 1.4489605313255674e-06 468000
1723236282708 -1.895679998650122e-07 472000
1723236290663 -1.243497959520451e-07 476000
1723236298133 1.594667081479673e-05 480000
1723236305570 6.571364781213185e-06 484000
1723236313047 2.5229479270006612e-09 488000
1723236320578 -1.117665931661293e-07 492000
1723236328082 4.0772509953332324e-05 496000
1723236335552 -1.5172378096000227e-07 500000
1723236342883 1.5597053305812614e-05 504000
1723236350225 6.088504084834346e-07 508000
1723236357646 7.108405784324364e-08 512000
1723236365133 5.719112971472362e-06 516000
1723236372326 2.1681362989718322e-05 520000
1723236380424 3.898175305159634e-06 524000
1723236387851 1.3428863394197333e-05 528000
1723236395187 2.6806510945476552e-05 532000
1723236402680 5.590641309344579e-05 536000
1723236409911 9.342624396874161e-05 540000
1723236417407 7.443989395464539e-06 544000
1723236424792 -5.794205362834628e-05 548000
1723236432186 -1.3582952438838899e-05 552000
1723236440480 4.9988491825325776e-05 556000
1723236448150 -1.7430101122174945e-05 560000
1723236455552 0.000166957245932685 564000
1723236462924 -1.4042097424703932e-05 568000
1723236470426 1.0176625832048044e-05 572000
1723236477782 4.3939534949247166e-05 576000
1723236485211 2.9746943680697647e-05 580000
1723236492720 -9.290598056934498e-05 584000
1723236501178 -2.2787738729406288e-05 588000
1723236509234 -6.912852090502542e-05 592000
1723236516813 2.524660377906113e-05 596000
1723236524822 -5.529043535706858e-05 600000
1723236532728 -5.609207052402395e-06 604000
1723236540388 -5.0861967934502494e-05 608000
1723236548024 -2.505690963179977e-05 612000
1723236555569 4.028226963426701e-05 616000
1723236563396 -2.5932183341374473e-05 620000
1723236571106 6.899001106383309e-06 624000
1723236579095 0.00023959916104715338 628000
1723236587264 0.0002856665502780329 632000
1723236595924 0.00032871122713442203 636000
1723236606244 0.002480876256549169 640000
1723236614538 0.004473992535676906 644000
1723236622870 0.008448603607359387 648000
1723236631077 0.0063180552903937285 652000
1723236639462 0.001591865410880437 656000
1723236647336 0.014003255884483378 660000
1723236654977 0.007138726698658454 664000
1723236662572 0.0033689516562002675 668000
1723236670136 0.008429730190801872 672000
1723236677695 0.008418393324291895 676000
1723236685361 0.006796548890058326 680000
1723236693026 0.009294410357399592 684000
1723236700949 0.0023739745377232787 688000
1723236708888 0.006846106052398682 692000
1723236716425 0.0028440246821711305 696000
1723236724238 0.0046652529290113496 700000
1723236731997 0.01111083535290269 704000
1723236740038 0.0011776349531910407 708000
1723236748407 0.016125850040445883 712000
1723236756318 0.0013607391920039263 716000
1723236764584 -0.00421161102870154 720000
1723236773346 0.012551939802825766 724000
1723236781648 0.027115161109853674 728000
1723236790019 0.03105396300396591 732000
1723236798082 0.024801232922014107 736000
1723236806094 0.01421181010821509 740000
1723236813767 0.015892758918186974 744000
1723236821805 0.011860776010644499 748000
1723236829379 0.017876965785152698 752000
1723236836774 0.0352449667832208 756000
1723236844344 0.03254433999616633 760000
1723236851874 0.024666538156529583 764000
1723236860161 0.016615872408347155 768000
1723236867664 0.019543027909344465 772000
1723236875129 0.024797602652241943 776000
1723236882522 0.041460752928698504 780000
1723236890112 0.03283537184750592 784000
1723236897595 0.036372594417087616 788000
1723236905155 0.028752709349627217 792000
1723236912757 0.018213136801643978 796000
1723236920361 -0.00448057698825049 800000
