1723157948734 0.2 4000
1723157966452 0.2 8000
1723157984361 0.2 12000
1723157998307 0.2 16000
1723158011287 0.2 20000
1723158024105 0.2 24000
1723158037048 0.2 28000
1723158050932 0.2 32000
1723158065146 0.2 36000
1723158079156 0.2 40000
1723158093246 0.2 44000
1723158107387 0.2 48000
1723158121455 0.2 52000
1723158135495 0.2 56000
1723158149252 0.2 60000
1723158163296 0.2 64000
1723158177299 0.2 68000
1723158191707 0.2 72000
1723158205850 0.2 76000
1723158220129 0.2 80000
1723158234128 0.2 84000
1723158248260 0.2 88000
1723158262279 0.2 92000
1723158276272 0.2 96000
1723158290143 0.2 100000
1723158304313 0.2 104000
1723158319199 0.2 108000
1723158333671 0.2 112000
1723158348235 0.2 116000
1723158362659 0.2 120000
1723158377132 0.2 124000
1723158392870 0.2 128000
1723158414803 0.2 132000
1723158430093 0.2 136000
1723158444679 0.2 140000
1723158459003 0.2 144000
1723158473397 0.2 148000
1723158487806 0.2 152000
1723158501925 0.2 156000
1723158516168 0.2 160000
1723158530547 0.2 164000
1723158545588 0.2 168000
1723158560317 0.2 172000
1723158575041 0.2 176000
1723158589550 0.2 180000
1723158603503 0.2 184000
1723158617294 0.2 188000
1723158631398 0.2 192000
1723158645202 0.2 196000
1723158658756 0.2 200000
1723158672886 0.2 204000
1723158687433 0.2 208000
1723158701659 0.2 212000
1723158715827 0.2 216000
1723158730290 0.2 220000
1723158744615 0.2 224000
1723158758513 0.2 228000
1723158772800 0.2 232000
1723158786680 0.2 236000
1723158800668 0.2 240000
1723158814627 0.2 244000
1723158829067 0.2 248000
1723158842559 0.2 252000
1723158856416 0.2 256000
1723158870697 0.2 260000
1723158885425 0.2 264000
1723158899364 0.2 268000
1723158913966 0.2 272000
1723158928336 0.2 276000
1723158942302 0.2 280000
1723158955939 0.2 284000
1723158969829 0.2 288000
1723158983850 0.2 292000
1723158997357 0.2 296000
1723159010921 0.2 300000
1723159024495 0.2 304000
1723159041418 0.2 308000
1723159061443 0.2 312000
1723159081144 0.2 316000
1723159096115 0.2 320000
1723159109867 0.2 324000
1723159123398 0.2 328000
1723159137168 0.2 332000
1723159151096 0.2 336000
1723159164713 0.2 340000
1723159178383 0.2 344000
1723159192408 0.2 348000
1723159205707 0.2 352000
1723159218904 0.2 356000
1723159232531 0.2 360000
1723159246787 0.2 364000
1723159260182 0.2 368000
1723159273478 0.2 372000
1723159287079 0.2 376000
1723159301121 0.2 380000
1723159315247 0.2 384000
1723159329057 0.2 388000
1723159343071 0.2 392000
1723159356741 0.2 396000
1723159370519 0.2 400000
1723159384800 0.2 404000
1723159399024 0.2 408000
1723159412483 0.2 412000
1723159431075 0.2 416000
1723159446411 0.2 420000
1723159460598 0.2 424000
1723159474882 0.2 428000
1723159488988 0.2 432000
1723159502440 0.2 436000
1723159515674 0.2 440000
1723159528971 0.2 444000
1723159542652 0.2 448000
1723159556270 0.2 452000
1723159583048 0.2 456000
1723159601101 0.2 460000
1723159618344 0.2 464000
1723159636530 0.2 468000
1723159654286 0.2 472000
1723159674040 0.2 476000
1723159692945 0.2 480000
1723159710333 0.2 484000
1723159724976 0.2 488000
1723159738651 0.2 492000
1723159751939 0.2 496000
1723159765657 0.2 500000
1723159779346 0.2 504000
1723159793077 0.2 508000
1723159806578 0.2 512000
1723159819931 0.2 516000
1723159834697 0.2 520000
1723159848644 0.2 524000
1723159863101 0.2 528000
1723159877383 0.2 532000
1723159891416 0.2 536000
1723159905595 0.2 540000
1723159919850 0.2 544000
1723159934202 0.2 548000
1723159948073 0.2 552000
1723159962189 0.2 556000
1723159976456 0.2 560000
1723159989960 0.2 564000
1723160003575 0.2 568000
1723160017392 0.2 572000
1723160031097 0.2 576000
1723160044808 0.2 580000
1723160063102 0.2 584000
1723160081312 0.2 588000
1723160099170 0.2 592000
1723160117082 0.2 596000
1723160130391 0.2 600000
1723160142911 0.2 604000
1723160155510 0.2 608000
1723160168048 0.2 612000
1723160180810 0.2 616000
1723160194134 0.2 620000
1723160206871 0.2 624000
1723160219810 0.2 628000
1723160232690 0.2 632000
1723160245055 0.2 636000
1723160257916 0.2 640000
1723160274870 0.2 644000
1723160292095 0.2 648000
1723160309431 0.2 652000
1723160326981 0.2 656000
1723160345139 0.2 660000
1723160362693 0.2 664000
1723160376990 0.2 668000
1723160390037 0.2 672000
1723160403522 0.2 676000
1723160424892 0.2 680000
1723160442760 0.2 684000
1723160461019 0.2 688000
1723160479393 0.2 692000
1723160493603 0.2 696000
1723160506775 0.2 700000
1723160523383 0.2 704000
1723160541351 0.2 708000
1723160560182 0.2 712000
1723160578872 0.2 716000
1723160596254 0.2 720000
1723160614259 0.2 724000
1723160635009 0.2 728000
1723160653691 0.2 732000
1723160673002 0.2 736000
1723160687888 0.2 740000
1723160702113 0.2 744000
1723160715704 0.2 748000
1723160729214 0.2 752000
1723160743726 0.2 756000
1723160756877 0.2 760000
1723160770767 0.2 764000
1723160783636 0.2 768000
1723160796251 0.2 772000
1723160808871 0.2 776000
1723160822474 0.2 780000
1723160835278 0.2 784000
1723160848197 0.2 788000
1723160861074 0.2 792000
1723160873940 0.2 796000
1723160887755 0.2 800000
1723160900968 0.2 804000
1723160913986 0.2 808000
1723160926652 0.2 812000
1723160939241 0.2 816000
1723160953176 0.2 820000
1723160970971 0.2 824000
1723160991112 0.2 828000
1723161004977 0.2 832000
1723161018193 0.2 836000
1723161031890 0.2 840000
1723161044409 0.2 844000
1723161057117 0.2 848000
1723161069912 0.2 852000
1723161082620 0.2 856000
1723161095007 0.2 860000
1723161107817 0.2 864000
1723161119834 0.2 868000
1723161132250 0.2 872000
1723161144813 0.2 876000
1723161156965 0.2 880000
1723161169389 0.2 884000
1723161181918 0.2 888000
1723161194391 0.2 892000
1723161206540 0.2 896000
1723161218525 0.2 900000
1723161231058 0.2 904000
1723161243454 0.2 908000
1723161255393 0.2 912000
1723161267630 0.2 916000
1723161279743 0.2 920000
1723161292059 0.2 924000
1723161304034 0.2 928000
1723161316144 0.2 932000
1723161328510 0.2 936000
1723161340660 0.2 940000
1723161353138 0.2 944000
1723161365654 0.2 948000
1723161378412 0.2 952000
1723161391199 0.2 956000
1723161403154 0.2 960000
1723161415518 0.2 964000
1723161428076 0.2 968000
1723161439991 0.2 972000
1723161452559 0.2 976000
1723161464806 0.2 980000
1723161477305 0.2 984000
1723161490033 0.2 988000
1723161502749 0.2 992000
1723161515167 0.2 996000
1723161527509 0.2 1000000
1723161540446 0.2 1004000
1723161552966 0.2 1008000
1723161565559 0.2 1012000
1723161577930 0.2 1016000
1723161590307 0.2 1020000
1723161602238 0.2 1024000
1723161614621 0.2 1028000
1723161626843 0.2 1032000
1723161639093 0.2 1036000
1723161651253 0.2 1040000
1723161663606 0.2 1044000
1723161675783 0.2 1048000
1723161687866 0.2 1052000
1723161699606 0.2 1056000
1723161711907 0.2 1060000
1723161723771 0.2 1064000
1723161735785 0.2 1068000
1723161748008 0.2 1072000
1723161760397 0.2 1076000
1723161773117 0.2 1080000
1723161785839 0.2 1084000
1723161798222 0.2 1088000
1723161810688 0.2 1092000
1723161823129 0.2 1096000
1723161835607 0.2 1100000
1723161847361 0.2 1104000
1723161859638 0.2 1108000
1723161871996 0.2 1112000
1723161884010 0.2 1116000
1723161896103 0.2 1120000
1723161908186 0.2 1124000
1723161920481 0.2 1128000
1723161932775 0.2 1132000
1723161945239 0.2 1136000
1723161957406 0.2 1140000
1723161969670 0.2 1144000
1723161982425 0.2 1148000
1723161994778 0.2 1152000
1723162007152 0.2 1156000
1723162019592 0.2 1160000
1723162032158 0.2 1164000
1723162044627 0.2 1168000
1723162057293 0.2 1172000
1723162069688 0.2 1176000
1723162082711 0.2 1180000
1723162095105 0.2 1184000
1723162108182 0.2 1188000
1723162120800 0.2 1192000
1723162133468 0.2 1196000
1723162146098 0.2 1200000
