1723157948733 0.5510598509711154 4000
1723157966452 0.5672522358015074 8000
1723157984361 0.5937543978135214 12000
1723157998307 0.613975821039144 16000
1723158011287 0.6448213170500512 20000
1723158024105 0.6631203776978432 24000
1723158037047 0.6763257616694938 28000
1723158050931 0.6877114299129933 32000
1723158065146 0.7045591089848086 36000
1723158079156 0.7143569082972852 40000
1723158093245 0.7425563707525002 44000
1723158107387 0.7377096737213169 48000
1723158121455 0.7311940920585436 52000
1723158135494 0.727659432230689 56000
1723158149252 0.7674589788237363 60000
1723158163296 0.7600797159029237 64000
1723158177299 0.7612026927847388 68000
1723158191706 0.7817822657155652 72000
1723158205850 0.7637701473760267 76000
1723158220129 0.7913901304416623 80000
1723158234128 0.787627093578484 84000
1723158248260 0.7463856561703884 88000
1723158262278 0.772014152602101 92000
1723158276271 0.7736052997251774 96000
1723158290143 0.7506419995046677 100000
1723158304312 0.7973459845104962 104000
1723158319199 0.7666332109705776 108000
1723158333670 0.7866812817276793 112000
1723158348235 0.8046569858248352 116000
1723158362659 0.771060311847122 120000
1723158377132 0.7939784581673907 124000
1723158392870 0.7642237175335276 128000
1723158414802 0.7943730694182376 132000
1723158430092 0.7733857411230709 136000
1723158444678 0.788536172851603 140000
1723158459002 0.7862701473295266 144000
1723158473396 0.7942370246171105 148000
1723158487806 0.7813329613694908 152000
1723158501925 0.7843007575007195 156000
1723158516168 0.7724018824650041 160000
1723158530547 0.7869221932604803 164000
1723158545588 0.7829394588339413 168000
1723158560317 0.8091913279595104 172000
1723158575040 0.7789648650491491 176000
1723158589550 0.7444676943176182 180000
1723158603503 0.7796621895639609 184000
1723158617294 0.7886547185216389 188000
1723158631398 0.7903356584568396 192000
1723158645202 0.7690659629220659 196000
1723158658756 0.7888343021802023 200000
1723158672886 0.751010943758995 204000
1723158687432 0.7986943358436543 208000
1723158701659 0.7482120661659444 212000
1723158715827 0.7667759276873677 216000
1723158730289 0.751888756084104 220000
1723158744614 0.7831488669235656 224000
1723158758512 0.7872849468538101 228000
1723158772800 0.7550220803694522 232000
1723158786680 0.7711100717174246 236000
1723158800668 0.7468282079020291 240000
1723158814627 0.751905231611103 244000
1723158829067 0.7571536653008021 248000
1723158842559 0.7430781746164281 252000
1723158856415 0.7146726771449367 256000
1723158870697 0.7561946383076357 260000
1723158885425 0.7409296179494114 264000
1723158899364 0.7239651697852932 268000
1723158913966 0.7300109230140422 272000
1723158928336 0.6991456323692985 276000
1723158942302 0.75307816100036 280000
1723158955939 0.6929966686993626 284000
1723158969828 0.7667157344361569 288000
1723158983849 0.7147765571238301 292000
1723158997356 0.7097382082478374 296000
1723159010920 0.7228892951569659 300000
1723159024494 0.7050394304043858 304000
1723159041418 0.6904708534162095 308000
1723159061443 0.7098204837200489 312000
1723159081143 0.6838388428514731 316000
1723159096115 0.6941593268027543 320000
1723159109866 0.692189589438709 324000
1723159123398 0.7449628233486879 328000
1723159137168 0.7095435743847638 332000
1723159151096 0.6903466319361478 336000
1723159164713 0.7034002381753415 340000
1723159178383 0.720040831846971 344000
1723159192408 0.6311327112587631 348000
1723159205707 0.6902428031284759 352000
1723159218903 0.7264303207291779 356000
1723159232531 0.6890300984183947 360000
1723159246787 0.6548220990661611 364000
1723159260182 0.6404668435243005 368000
1723159273478 0.6481612187328069 372000
1723159287079 0.673779810478924 376000
1723159301120 0.649251219926151 380000
1723159315247 0.6848691452162485 384000
1723159329056 0.6803499972672327 388000
1723159343070 0.6325591097064052 392000
1723159356741 0.631185397653715 396000
1723159370518 0.6336039920013847 400000
1723159384799 0.6555926902180023 404000
1723159399024 0.5956842485683184 408000
1723159412483 0.6361072878042857 412000
1723159431074 0.6460606619927055 416000
1723159446411 0.621992746127624 420000
1723159460598 0.6409419247920208 424000
1723159474882 0.6577731122256171 428000
1723159488988 0.5924665654910372 432000
1723159502440 0.6508955970406533 436000
1723159515674 0.6427681755353796 440000
1723159528971 0.674245721376534 444000
1723159542652 0.6302171478510326 448000
1723159556270 0.6018826985295783 452000
1723159583047 0.5825867325490248 456000
1723159601101 0.6154994123846503 460000
1723159618344 0.6233164092856096 464000
1723159636530 0.636398812737448 468000
1723159654285 0.6054580738886873 472000
1723159674040 0.5685748889144008 476000
1723159692944 0.63899544235451 480000
1723159710333 0.6107192885157064 484000
1723159724975 0.6110043371400089 488000
1723159738651 0.5973431565395907 492000
1723159751939 0.6165571255305557 496000
1723159765656 0.6144886627264902 500000
1723159779345 0.6160989904551641 504000
1723159793076 0.575374010057314 508000
1723159806577 0.6578749409170015 512000
1723159819930 0.5971301914371074 516000
1723159834697 0.601601451117519 520000
1723159848643 0.5624679204208631 524000
1723159863100 0.6395636845987739 528000
1723159877382 0.6558537731885065 532000
1723159891415 0.6094876810115702 536000
1723159905595 0.5934347347904604 540000
1723159919850 0.5647114734594704 544000
1723159934201 0.5359530163942077 548000
1723159948073 0.5448470362746124 552000
1723159962189 0.5605124139510993 556000
1723159976456 0.5622502438037108 560000
1723159989959 0.5899805550879621 564000
1723160003574 0.6028825519672523 568000
1723160017391 0.5848259535347317 572000
1723160031097 0.5795651375666155 576000
1723160044807 0.5612047437234973 580000
1723160063102 0.5558514789856495 584000
1723160081311 0.5425514419873555 588000
1723160099170 0.5754613437022723 592000
1723160117082 0.600683699416142 596000
1723160130390 0.5815852680104844 600000
1723160142911 0.5184058556214292 604000
1723160155510 0.510301537642665 608000
1723160168048 0.5643121081093947 612000
1723160180809 0.5955140798914095 616000
1723160194134 0.6122962562644735 620000
1723160206871 0.5346575398658607 624000
1723160219809 0.5459998408160733 628000
1723160232689 0.5505462904506964 632000
1723160245055 0.5805458427162458 636000
1723160257916 0.5695022576666893 640000
1723160274869 0.5634581281202482 644000
1723160292094 0.5640065129397186 648000
1723160309431 0.5789744112085788 652000
1723160326981 0.5426815163951816 656000
1723160345139 0.5629520479616121 660000
1723160362692 0.5855774330754652 664000
1723160376990 0.5472706751250629 668000
1723160390037 0.536748997951653 672000
1723160403522 0.5568637061943399 676000
1723160424891 0.5693642570987238 680000
1723160442760 0.5542973931641021 684000
1723160461018 0.46844959608840603 688000
1723160479392 0.5819513484994148 692000
1723160493603 0.6079902830011878 696000
1723160506775 0.5688425684862949 700000
1723160523383 0.5578180673855839 704000
1723160541350 0.6006779482601382 708000
1723160560181 0.6195418840974358 712000
1723160578872 0.5829633139390895 716000
1723160596254 0.5716387336981212 720000
1723160614259 0.5793204458945609 724000
1723160635009 0.5898051331493449 728000
1723160653690 0.5427549627444422 732000
1723160673002 0.5437336700288117 736000
1723160687887 0.5804789267110486 740000
1723160702113 0.5450220002825801 744000
1723160715703 0.6026566773917236 748000
1723160729214 0.5589504000829889 752000
1723160743726 0.6167920136916722 756000
1723160756877 0.5983763308812541 760000
1723160770766 0.5510069756061895 764000
1723160783636 0.5548797938417881 768000
1723160796251 0.576496153092342 772000
1723160808871 0.5206303360138802 776000
1723160822474 0.570604222473946 780000
1723160835278 0.6103229124072596 784000
1723160848196 0.6051017722445177 788000
1723160861073 0.5854207253889412 792000
1723160873940 0.5962504055218917 796000
1723160887755 0.5612534482428368 800000
1723160900968 0.5718037250194143 804000
1723160913986 0.553444150217036 808000
1723160926652 0.58374649416259 812000
1723160939241 0.5947282015114811 816000
1723160953175 0.6061548739354661 820000
1723160970971 0.5836975230128629 824000
1723160991111 0.5374931862485324 828000
1723161004977 0.6054487748983058 832000
1723161018193 0.5941276845462778 836000
1723161031890 0.5769439989053611 840000
1723161044408 0.5731581283006685 844000
1723161057117 0.5244371265437163 848000
1723161069912 0.5468296833442036 852000
1723161082620 0.5895028054238634 856000
1723161095007 0.6037616996953251 860000
1723161107817 0.5761686950393602 864000
1723161119833 0.5699637829570483 868000
1723161132249 0.587934451217347 872000
1723161144813 0.5211219589708121 876000
1723161156965 0.5837271535861577 880000
1723161169389 0.5809177841013627 884000
1723161181917 0.5709678045771224 888000
1723161194391 0.5239335512914134 892000
1723161206539 0.5901810329169669 896000
1723161218525 0.5790246903050876 900000
1723161231058 0.5707392115964958 904000
1723161243454 0.5905750565759257 908000
1723161255392 0.5701196370395363 912000
1723161267629 0.5355606433241925 916000
1723161279742 0.5652118900777601 920000
1723161292059 0.5758732655475326 924000
1723161304033 0.5743419417675505 928000
1723161316144 0.569099391383905 932000
1723161328510 0.5735663742144057 936000
1723161340659 0.6034361757707934 940000
1723161353138 0.5756133922448395 944000
1723161365653 0.5706236294503753 948000
1723161378412 0.5610259207956334 952000
1723161391198 0.5988957120805768 956000
1723161403154 0.5545100811895326 960000
1723161415518 0.5635757961647307 964000
1723161428076 0.5380779220861324 968000
1723161439990 0.5841591681888763 972000
1723161452558 0.54383428529539 976000
1723161464806 0.5829488809438462 980000
1723161477304 0.5815076445328429 984000
1723161490032 0.6031861074533023 988000
1723161502748 0.5729740597624728 992000
1723161515167 0.5746480529084274 996000
1723161527509 0.6052716056505839 1000000
1723161540446 0.5703621747645926 1004000
1723161552965 0.6162209963174999 1008000
1723161565559 0.6199091928647765 1012000
1723161577930 0.5848323041031547 1016000
1723161590306 0.638892028517757 1020000
1723161602238 0.629508465570761 1024000
1723161614621 0.5191659599436936 1028000
1723161626843 0.5854039262689598 1032000
1723161639093 0.6218919864677368 1036000
1723161651253 0.6119011653019182 1040000
1723161663606 0.5500262383662217 1044000
1723161675782 0.6058272225742645 1048000
1723161687866 0.5854889658537317 1052000
1723161699606 0.6129449069764175 1056000
1723161711906 0.5318778099109095 1060000
1723161723770 0.5126771669385704 1064000
1723161735784 0.6137596046988 1068000
1723161748008 0.5003263987283757 1072000
1723161760397 0.5569547835658205 1076000
1723161773117 0.5602092956027663 1080000
1723161785839 0.5911000905096108 1084000
1723161798221 0.4869787760501635 1088000
1723161810688 0.5598976354491203 1092000
1723161823128 0.5804603830983875 1096000
1723161835607 0.6074336754092088 1100000
1723161847361 0.5327981080569274 1104000
1723161859638 0.553965892885805 1108000
1723161871995 0.5890736210272245 1112000
1723161884010 0.5787501026658302 1116000
1723161896103 0.5983298832643117 1120000
1723161908186 0.5769565869254846 1124000
1723161920480 0.5905585600023574 1128000
1723161932774 0.5892470843244529 1132000
1723161945239 0.6015509734815316 1136000
1723161957405 0.5898159456591234 1140000
1723161969670 0.5330879311823676 1144000
1723161982424 0.5687857562187293 1148000
1723161994777 0.5998887563533817 1152000
1723162007151 0.5605132799727697 1156000
1723162019591 0.590303890544472 1160000
1723162032158 0.5594397824601078 1164000
1723162044627 0.559870541962326 1168000
1723162057293 0.5708388606918618 1172000
1723162069688 0.5809812661392469 1176000
1723162082710 0.6008364392087815 1180000
1723162095105 0.5605440638800885 1184000
1723162108181 0.5935491929451625 1188000
1723162120799 0.5528353842860418 1192000
1723162133468 0.5666274028783994 1196000
1723162146098 0.5820327364013973 1200000
