1723145479404 323.05 4000
1723145492573 332.675 8000
1723145505838 334.025 12000
1723145519920 329.082 16000
1723145533871 326.41 20000
1723145548711 321.091 24000
1723145563228 318.386 28000
1723145577639 316.989 32000
1723145592156 315.447 36000
1723145606750 314.05 40000
1723145621086 312.512 44000
1723145635505 309.327 48000
1723145649450 307.369 52000
1723145664036 306.042 56000
1723145678956 303.817 60000
1723145694174 303.284 64000
1723145715471 288.997 68000
1723145731805 285.544 72000
1723145746869 284.623 76000
1723145762628 282.865 80000
1723145778738 279.96 84000
1723145796448 273.84 88000
1723145814117 268.459 92000
1723145829956 266.714 96000
1723145844993 266.713 100000
1723145864048 260.14 104000
1723145887372 257.405 108000
1723145903308 258.126 112000
1723145918327 258.299 116000
1723145933877 258.368 120000
1723145948229 261.004 124000
1723145962074 267.352 128000
1723145976285 272.536 132000
1723145990821 274.5 136000
1723146004813 276.106 140000
1723146019050 284.988 144000
1723146033037 303.749 148000
1723146047370 306.501 152000
1723146061552 308.112 156000
1723146076115 310.199 160000
1723146090442 309.881 164000
1723146105465 308.627 168000
1723146119309 309.437 172000
1723146133142 310.967 176000
1723146147562 310.122 180000
1723146161826 310.343 184000
1723146176072 310.007 188000
1723146190252 310.648 192000
1723146204487 310.372 196000
1723146218708 311.012 200000
1723146233021 311.215 204000
1723146246996 312.195 208000
1723146260991 311.462 212000
1723146274418 312.384 216000
1723146288540 313.158 220000
1723146302972 312.683 224000
1723146316902 313.115 228000
1723146330714 313.845 232000
1723146344796 314.388 236000
1723146358798 315.233 240000
1723146372645 316.221 244000
1723146386773 315.767 248000
1723146400304 317.073 252000
1723146414343 315.542 256000
1723146427956 316.639 260000
1723146441719 318.312 264000
1723146455392 318.877 268000
1723146469098 319.003 272000
1723146483154 318.907 276000
1723146496587 320.143 280000
1723146509743 321.798 284000
1723146523375 323.133 288000
1723146536642 324.06 292000
1723146550239 325.325 296000
1723146563721 325.692 300000
1723146577424 325.637 304000
1723146590975 326.303 308000
1723146604684 326.507 312000
1723146618259 327.778 316000
1723146632364 326.856 320000
1723146646449 324.427 324000
1723146659919 324.995 328000
1723146674133 322.575 332000
1723146687877 322.425 336000
1723146701295 322.722 340000
1723146715695 321.182 344000
1723146728980 321.758 348000
1723146742580 322.039 352000
1723146756068 322.27 356000
1723146769221 323.727 360000
1723146783129 325.724 364000
1723146796922 324.659 368000
1723146810694 325.433 372000
1723146824235 325.938 376000
1723146838031 325.072 380000
1723146851389 327.532 384000
1723146864925 326.797 388000
1723146878228 327.374 392000
1723146891998 326.731 396000
1723146905042 327.003 400000
