1723145479402 13726.558 4000
1723145492571 13346.036 8000
1723145505836 13246.672 12000
1723145519918 13412.517 16000
1723145533870 13486.812 20000
1723145548710 13677.889 24000
1723145563226 13772.494 28000
1723145577638 13826.747 32000
1723145592155 13880.545 36000
1723145606748 13934.081 40000
1723145621084 13974.203 44000
1723145635503 14101.672 48000
1723145649448 14174.689 52000
1723145664034 14220.282 56000
1723145678954 14313.39 60000
1723145694172 14349.027 64000
1723145715469 15014.878 68000
1723145731803 15205.22 72000
1723145746867 15257.925 76000
1723145762626 15360.411 80000
1723145778735 15537.33 84000
1723145796446 15854.441 88000
1723145814115 16207.815 92000
1723145829954 16331.27 96000
1723145844991 16343.78 100000
1723145864046 16725.162 104000
1723145887370 16938.673 108000
1723145903306 16895.942 112000
1723145918324 16893.896 116000
1723145933875 16883.047 120000
1723145948227 16711.525 124000
1723145962072 16338.139 128000
1723145976284 16009.862 132000
1723145990820 15883.299 136000
1723146004812 15784.477 140000
1723146019048 15313.841 144000
1723146033035 14384.378 148000
1723146047368 14234.923 152000
1723146061550 14157.762 156000
1723146076114 14066.805 160000
1723146090439 14066.721 164000
1723146105464 14181.756 168000
1723146119308 14146.972 172000
1723146133141 14078.584 176000
1723146147560 14117.411 180000
1723146161824 14114.695 184000
1723146176070 14133.802 188000
1723146190251 14114.452 192000
1723146204485 14115.437 196000
1723146218706 14080.903 200000
1723146233019 14075.904 204000
1723146246994 13976.143 208000
1723146260989 13993.381 212000
1723146274416 13957.107 216000
1723146288538 13926.246 220000
1723146302970 13946.3 224000
1723146316901 13921.685 228000
1723146330712 13887.994 232000
1723146344794 13871.314 236000
1723146358796 13844.674 240000
1723146372643 13797.711 244000
1723146386772 13809.094 248000
1723146400302 13762.779 252000
1723146414341 13823.418 256000
1723146427954 13776.907 260000
1723146441717 13706.78 264000
1723146455390 13680.823 268000
1723146469096 13670.059 272000
1723146483153 13672.144 276000
1723146496585 13619.653 280000
1723146509741 13554.487 284000
1723146523373 13504.423 288000
1723146536640 13466.343 292000
1723146550237 13421.325 296000
1723146563719 13407.862 300000
1723146577422 13406.276 304000
1723146590973 13387.664 308000
1723146604682 13388.814 312000
1723146618257 13340.842 316000
1723146632362 13407.733 320000
1723146646447 13499.198 324000
1723146659917 13482.264 328000
1723146674132 13578.76 332000
1723146687875 13591.485 336000
1723146701293 13584.767 340000
1723146715693 13646.078 344000
1723146728978 13624.886 348000
1723146742579 13609.172 352000
1723146756067 13600.112 356000
1723146769219 13504.99 360000
1723146783127 13481.782 364000
1723146796920 13518.812 368000
1723146810692 13479.71 372000
1723146824234 13457.257 376000
1723146838029 13488.724 380000
1723146851388 13392.88 384000
1723146864923 13413.61 388000
1723146878226 13388.112 392000
1723146891996 13415.768 396000
1723146905039 13404.361 400000
