1723231574354 -4673.005075297555 4000
1723231581540 -5250.325875294521 8000
1723231588701 -5220.992878101673 12000
1723231596110 -4993.669039936362 16000
1723231603466 -5135.122534555819 20000
1723231610570 -5253.022397397854 24000
1723231617989 -4847.507929302527 28000
1723231625249 -4897.6417684502885 32000
1723231632648 -4860.931254048874 36000
1723231640348 -4939.070273104212 40000
1723231647648 -5055.1109968228775 44000
1723231654935 -5516.29154515219 48000
1723231662287 -5649.055805774727 52000
1723231669596 -5658.58057943759 56000
1723231678827 -5538.334812529978 60000
1723231687474 -5398.5937031510475 64000
1723231695482 -5195.803275342429 68000
1723231704113 -5158.092669678849 72000
1723231712970 -4971.772469601585 76000
1723231721626 -4971.899258882133 80000
1723231729998 -5112.767950030421 84000
1723231738087 -5019.645560551779 88000
1723231745872 -5167.090824410859 92000
1723231755154 -5142.916854498841 96000
1723231764866 -5220.161377483531 100000
1723231772539 -5213.7201491079 104000
1723231780161 -5206.357848864839 108000
1723231788083 -5382.965748908149 112000
1723231796918 -5384.014983278033 116000
1723231804847 -5312.55770706087 120000
1723231812589 -5316.000819924253 124000
1723231820159 -5281.72615235088 128000
1723231827909 -5204.953902707755 132000
1723231835543 -5315.253804093348 136000
1723231843216 -5244.243710928764 140000
1723231850814 -5192.302267380149 144000
1723231858615 -4829.06715795118 148000
1723231866359 -4830.401453290924 152000
1723231874008 -4879.106322656026 156000
1723231881561 -5008.686236434437 160000
1723231889459 -5107.107078110145 164000
1723231897653 -5265.689991509934 168000
1723231905412 -4713.262055343206 172000
1723231912944 -4302.879164244088 176000
1723231920599 -4039.0870696518036 180000
1723231928475 -3756.352333686386 184000
1723231936407 -3675.254432563105 188000
1723231944055 -3675.876546664542 192000
1723231951822 -3654.881478616716 196000
1723231959200 -3777.6127113994407 200000
1723231966851 -3866.3494320844347 204000
1723231974205 -3957.416665261221 208000
1723231981754 -3967.439029389046 212000
1723231989132 -3542.3875929486053 216000
1723231997083 -3559.317387276431 220000
1723232004761 -3279.032159201065 224000
1723232012309 -3164.523832456863 228000
1723232019751 -3520.1182232848196 232000
1723232027242 -3801.73259419043 236000
1723232034789 -4097.872816485297 240000
1723232042364 -4671.002462588451 244000
1723232050017 -5139.799673576472 248000
1723232057788 -5389.445800657512 252000
1723232065975 -5962.282255597599 256000
1723232073709 -6105.634832502269 260000
1723232080968 -6463.445718509357 264000
1723232088531 -6606.794393012954 268000
1723232096009 -6843.939283846466 272000
1723232103519 -6806.494836935064 276000
1723232111111 -6939.024462294246 280000
1723232118679 -6748.060194114875 284000
1723232126226 -6778.2241990430075 288000
1723232133827 -6925.425261021626 292000
1723232141138 -7020.059248564317 296000
1723232148567 -7102.375124602071 300000
1723232156029 -7105.819167556248 304000
1723232163439 -7278.169636326843 308000
1723232171375 -7280.444497108092 312000
1723232178778 -7074.096759406351 316000
1723232186235 -7168.584499108215 320000
1723232193495 -7111.347758893301 324000
1723232201016 -6957.84012689195 328000
1723232208576 -7002.289674867413 332000
1723232216032 -7054.152947585463 336000
1723232223652 -6874.981336000708 340000
1723232231043 -6770.138672473652 344000
1723232238943 -6852.047402710484 348000
1723232246592 -6617.532510335073 352000
1723232253854 -6367.002273579361 356000
1723232260997 -6276.822528029256 360000
1723232268845 -6187.187901835759 364000
1723232276498 -5971.323945700773 368000
1723232283942 -5813.730947467368 372000
1723232291316 -5936.818543258531 376000
1723232298938 -5667.695839443038 380000
1723232306439 -5803.359598535544 384000
1723232313928 -5645.00644694095 388000
1723232321255 -5486.927680674221 392000
1723232328649 -5286.408104495865 396000
1723232335864 -5288.279048897571 400000
1723232343390 -5215.444353564976 404000
1723232350706 -5311.051830337837 408000
1723232358186 -5227.177531050502 412000
1723232365465 -5058.543136596527 416000
1723232372702 -5193.5105292373455 420000
1723232379909 -5131.177933829216 424000
1723232387324 -4901.3940681772065 428000
1723232394687 -4904.095643388437 432000
1723232402067 -4460.381864515852 436000
1723232409219 -4399.26975745136 440000
1723232416522 -4464.471677655697 444000
1723232423840 -4451.135084671532 448000
1723232431206 -4444.755663504131 452000
1723232438463 -4515.054052953774 456000
1723232445624 -4118.197785590749 460000
1723232453287 -4136.87772668948 464000
1723232460524 -4208.947469681201 468000
1723232467694 -4268.941058193553 472000
1723232475081 -4685.652985735328 476000
1723232482414 -4567.35366234347 480000
1723232489664 -4505.620054257679 484000
1723232496991 -4514.93335324471 488000
1723232504567 -4558.896233409757 492000
1723232511976 -4395.324405311566 496000
1723232519497 -4588.843849514203 500000
1723232526822 -4739.807931702016 504000
1723232534267 -4791.1614723149505 508000
1723232541770 -5023.608604680438 512000
1723232549474 -5046.107169346125 516000
1723232556864 -5415.779994559255 520000
1723232564304 -5534.145949229344 524000
1723232571734 -5491.259682020708 528000
1723232579075 -5453.152986505738 532000
1723232586583 -5785.852591296744 536000
1723232594136 -5833.098076706682 540000
1723232602289 -5889.899697400706 544000
1723232609985 -5981.9525393225995 548000
1723232617413 -6233.764720897653 552000
1723232625048 -6052.640822567048 556000
1723232632543 -5828.587783305149 560000
1723232640044 -5969.908293940762 564000
1723232647509 -5557.685255887033 568000
1723232655040 -5216.578084882216 572000
1723232662562 -4835.220770311655 576000
1723232669954 -4348.499497026683 580000
1723232677381 -4303.467610513702 584000
1723232684888 -3984.9075956686133 588000
1723232692306 -3992.497266753608 592000
1723232700421 -3905.7882170392177 596000
1723232708257 -3966.322329310651 600000
1723232716490 -4094.021540755278 604000
1723232723843 -3983.766903541463 608000
1723232731334 -3998.928222881454 612000
1723232738648 -3870.0994040623727 616000
1723232746194 -3769.267529305684 620000
1723232753634 -3806.411559029071 624000
1723232761286 -3789.5731216964587 628000
1723232768711 -3991.832409297554 632000
1723232776255 -4203.004810573919 636000
1723232784194 -4284.249603392244 640000
1723232791879 -4426.343013566218 644000
1723232799228 -4515.658235645129 648000
1723232806788 -4565.380361242857 652000
1723232814699 -4642.860688519639 656000
1723232822499 -4658.991255921791 660000
1723232829672 -4920.295674664236 664000
1723232837322 -5077.947527775549 668000
1723232844767 -5056.483074633 672000
1723232852898 -5319.597272272688 676000
1723232860398 -5386.674796157276 680000
1723232867724 -5477.442592295751 684000
1723232875192 -5545.493062119755 688000
1723232883055 -5595.5006946978465 692000
1723232890290 -5624.399384968083 696000
1723232897585 -5587.05993630595 700000
1723232904906 -5564.442884380822 704000
1723232912173 -5485.512038381045 708000
1723232919494 -5588.4275119526565 712000
1723232926725 -5686.600163748059 716000
1723232934071 -5729.70282548333 720000
1723232942095 -5664.704248443767 724000
1723232949868 -5662.795797908977 728000
1723232957432 -5592.1948946560415 732000
1723232964889 -5530.093101304698 736000
1723232972428 -5833.188061692046 740000
1723232980159 -5720.60471996172 744000
1723232987745 -5770.7199936682255 748000
1723232995260 -5704.028023346601 752000
1723233002980 -5617.331405702995 756000
1723233010613 -5565.11403456344 760000
1723233018218 -5625.112255128416 764000
1723233025850 -5802.746074729162 768000
1723233033550 -5862.379360804993 772000
1723233040898 -5661.180397640546 776000
1723233048110 -5820.6551024713135 780000
1723233055473 -5840.18147548251 784000
1723233062700 -5591.990615150384 788000
1723233069940 -5885.232841852557 792000
1723233077249 -6263.946322729266 796000
1723233084598 -6444.592248222552 800000
