1723172544871 0.7493349024286894 4000
1723172560101 0.7262036314834937 8000
1723172575104 0.7166564058031594 12000
1723172590147 0.7157685955607341 16000
1723172604636 0.7136471107554974 20000
1723172618987 0.7084697914333595 24000
1723172633113 0.7035235532945661 28000
1723172647627 0.7024065854890172 32000
1723172662269 0.6982346844670488 36000
1723172675386 0.6952204238464359 40000
1723172689912 0.7189133690535076 44000
1723172704071 0.7144582101788539 48000
1723172718058 0.7084886148404764 52000
1723172732106 0.7054299324406327 56000
1723172749571 0.7042679752547782 60000
1723172763932 0.7046147240572251 64000
1723172778397 0.7035727970347528 68000
1723172793035 0.7035356690429314 72000
1723172807196 0.7025532074126382 76000
1723172821257 0.702013291969818 80000
1723172835235 0.700624948306316 84000
1723172849113 0.6976777726502661 88000
1723172863025 0.6950894702701244 92000
1723172877185 0.693404691273597 96000
1723172891031 0.6923844571160804 100000
1723172904762 0.6907477113740682 104000
1723172918018 0.6904285889825352 108000
1723172932032 0.6893815350276061 112000
1723172946264 0.6884204702332408 116000
1723172960165 0.6870790579077842 120000
1723172974285 0.6866865445508663 124000
1723172988163 0.6851734592691279 128000
1723173002096 0.6843373463930935 132000
1723173016047 0.6834269307353706 136000
1723173029992 0.684327382090744 140000
1723173043956 0.683494210810012 144000
1723173057980 0.6828397012978684 148000
1723173071856 0.6818407707602474 152000
1723173085777 0.6817712581713223 156000
1723173099470 0.6811805280618685 160000
1723173113976 0.6815856339564786 164000
1723173128498 0.6821343634930523 168000
1723173142479 0.6821079170207349 172000
1723173155498 0.6825993267290471 176000
1723173169544 0.6906396227244699 180000
1723173183306 0.6897810043356486 184000
1723173197346 0.6891525250623608 188000
1723173211509 0.6897920358435836 192000
1723173225517 0.6884609681666367 196000
1723173239432 0.6875265572568415 200000
1723173253019 0.6865657564921186 204000
1723173266797 0.685622813730247 208000
1723173280481 0.6846223710701265 212000
1723173294150 0.68439859473123 216000
1723173307660 0.6835219148600639 220000
1723173321458 0.6825300155221306 224000
1723173335070 0.6822808855848636 228000
1723173348739 0.6813213072122354 232000
1723173362501 0.6804537913987047 236000
