1723172544873 0.0 4000
1723172560103 0.0 8000
1723172575106 0.0 12000
1723172590148 0.0 16000
1723172604637 0.0 20000
1723172618989 0.0 24000
1723172633115 0.0 28000
1723172647628 0.0 32000
1723172662270 0.0 36000
1723172675388 0.0 40000
1723172689914 0.0 44000
1723172704073 0.0 48000
1723172718060 0.0 52000
1723172732107 0.0 56000
1723172749573 0.0 60000
1723172763933 0.0 64000
1723172778398 0.0 68000
1723172793037 0.0 72000
1723172807198 0.0 76000
1723172821259 0.0 80000
1723172835237 0.0 84000
1723172849114 0.0 88000
1723172863026 0.0 92000
1723172877187 0.0 96000
1723172891033 0.0 100000
1723172904764 0.0 104000
1723172918019 0.0 108000
1723172932033 0.0 112000
1723172946266 0.0 116000
1723172960167 0.0 120000
1723172974287 0.0 124000
1723172988165 0.0 128000
1723173002097 0.0 132000
1723173016048 0.0 136000
1723173029994 0.0 140000
1723173043957 0.0 144000
1723173057982 0.0 148000
1723173071857 0.0 152000
1723173085780 0.0 156000
1723173099472 0.0 160000
1723173113978 0.0 164000
1723173128499 0.0 168000
1723173142481 0.0 172000
1723173155499 0.0 176000
1723173169546 0.0 180000
1723173183307 0.0 184000
1723173197348 0.0 188000
1723173211510 0.0 192000
1723173225518 0.0 196000
1723173239434 0.0 200000
1723173253020 0.0 204000
1723173266799 0.0 208000
1723173280482 0.0 212000
1723173294152 0.0 216000
1723173307662 0.0 220000
1723173321460 0.0 224000
1723173335073 0.0 228000
1723173348740 0.0 232000
1723173362502 0.0 236000
