1723173953555 4000.0 4000
1723173968197 8000.0 8000
1723173984025 12000.0 12000
1723173999021 16000.0 16000
1723174014601 20000.0 20000
1723174030028 24000.0 24000
1723174046275 28000.0 28000
1723174061156 32000.0 32000
1723174078110 36000.0 36000
1723174093260 40000.0 40000
1723174108105 44000.0 44000
1723174124608 48000.0 48000
1723174139182 52000.0 52000
1723174153080 56000.0 56000
1723174167252 60000.0 60000
1723174181359 64000.0 64000
1723174195926 68000.0 68000
1723174209738 72000.0 72000
1723174224008 76000.0 76000
1723174238003 80000.0 80000
1723174252246 84000.0 84000
1723174266589 88000.0 88000
1723174280731 92000.0 92000
1723174294618 96000.0 96000
1723174308556 100000.0 100000
1723174322281 104000.0 104000
1723174335924 108000.0 108000
1723174350277 112000.0 112000
1723174364272 116000.0 116000
1723174378682 120000.0 120000
1723174394062 124000.0 124000
1723174408286 128000.0 128000
1723174422183 132000.0 132000
1723174436535 136000.0 136000
1723174450605 140000.0 140000
1723174464473 144000.0 144000
1723174478386 148000.0 148000
1723174492086 152000.0 152000
1723174505697 156000.0 156000
1723174519103 160000.0 160000
1723174532502 164000.0 164000
1723174546822 168000.0 168000
1723174560373 172000.0 172000
1723174574293 176000.0 176000
1723174588798 180000.0 180000
1723174602370 184000.0 184000
1723174616082 188000.0 188000
1723174630005 192000.0 192000
1723174643539 196000.0 196000
1723174657234 200000.0 200000
1723174671230 204000.0 204000
1723174684808 208000.0 208000
1723174698535 212000.0 212000
1723174711737 216000.0 216000
1723174725096 220000.0 220000
1723174738984 224000.0 224000
1723174752304 228000.0 228000
1723174765816 232000.0 232000
1723174779101 236000.0 236000
1723174792686 240000.0 240000
1723174806434 244000.0 244000
1723174820166 248000.0 248000
1723174833608 252000.0 252000
1723174846748 256000.0 256000
1723174860243 260000.0 260000
1723174874091 264000.0 264000
1723174887672 268000.0 268000
1723174901007 272000.0 272000
1723174914645 276000.0 276000
1723174927669 280000.0 280000
1723174941049 284000.0 284000
1723174954211 288000.0 288000
1723174967701 292000.0 292000
1723174980950 296000.0 296000
1723174994243 300000.0 300000
1723175007624 304000.0 304000
1723175020987 308000.0 308000
1723175034345 312000.0 312000
1723175047435 316000.0 316000
1723175060412 320000.0 320000
1723175073896 324000.0 324000
1723175087279 328000.0 328000
1723175100549 332000.0 332000
1723175113702 336000.0 336000
1723175127322 340000.0 340000
1723175140555 344000.0 344000
1723175153911 348000.0 348000
1723175167506 352000.0 352000
1723175181297 356000.0 356000
1723175194487 360000.0 360000
1723175208562 364000.0 364000
1723175221248 368000.0 368000
1723175234196 372000.0 372000
1723175247982 376000.0 376000
1723175261243 380000.0 380000
1723175275142 384000.0 384000
1723175288787 388000.0 388000
1723175302350 392000.0 392000
1723175315656 396000.0 396000
1723175329214 400000.0 400000
1723175342465 404000.0 404000
1723175355722 408000.0 408000
1723175368980 412000.0 412000
1723175382049 416000.0 416000
1723175395803 420000.0 420000
1723175409430 424000.0 424000
1723175422948 428000.0 428000
1723175436261 432000.0 432000
1723175449681 436000.0 436000
1723175462830 440000.0 440000
1723175476007 444000.0 444000
1723175490441 448000.0 448000
1723175503437 452000.0 452000
1723175517074 456000.0 456000
1723175529969 460000.0 460000
1723175543088 464000.0 464000
1723175555045 468000.0 468000
1723175567891 472000.0 472000
1723175581123 476000.0 476000
1723175594492 480000.0 480000
1723175607973 484000.0 484000
1723175621225 488000.0 488000
1723175634880 492000.0 492000
1723175648788 496000.0 496000
1723175662445 500000.0 500000
1723175675824 504000.0 504000
1723175689596 508000.0 508000
1723175703442 512000.0 512000
1723175717425 516000.0 516000
1723175731028 520000.0 520000
1723175744855 524000.0 524000
1723175758843 528000.0 528000
1723175773133 532000.0 532000
1723175786643 536000.0 536000
1723175800399 540000.0 540000
1723175813471 544000.0 544000
1723175826490 548000.0 548000
1723175839753 552000.0 552000
1723175853305 556000.0 556000
1723175867545 560000.0 560000
1723175881366 564000.0 564000
1723175894789 568000.0 568000
1723175910093 572000.0 572000
1723175924054 576000.0 576000
1723175936952 580000.0 580000
1723175950495 584000.0 584000
1723175963503 588000.0 588000
1723175976808 592000.0 592000
1723175990697 596000.0 596000
1723176005439 600000.0 600000
1723176019060 604000.0 604000
1723176032499 608000.0 608000
1723176045611 612000.0 612000
1723176058049 616000.0 616000
1723176071765 620000.0 620000
1723176085516 624000.0 624000
1723176099188 628000.0 628000
1723176113371 632000.0 632000
1723176126525 636000.0 636000
1723176140539 640000.0 640000
1723176153211 644000.0 644000
1723176166453 648000.0 648000
1723176180286 652000.0 652000
1723176193991 656000.0 656000
1723176207482 660000.0 660000
1723176220760 664000.0 664000
1723176234754 668000.0 668000
1723176247804 672000.0 672000
1723176261500 676000.0 676000
1723176274791 680000.0 680000
1723176289129 684000.0 684000
1723176302184 688000.0 688000
1723176314459 692000.0 692000
1723176327879 696000.0 696000
1723176341235 700000.0 700000
1723176354708 704000.0 704000
1723176368424 708000.0 708000
1723176381994 712000.0 712000
1723176395347 716000.0 716000
1723176409298 720000.0 720000
1723176423203 724000.0 724000
1723176436477 728000.0 728000
1723176448864 732000.0 732000
1723176462166 736000.0 736000
1723176475815 740000.0 740000
1723176489137 744000.0 744000
1723176502932 748000.0 748000
1723176516335 752000.0 752000
1723176529903 756000.0 756000
1723176543234 760000.0 760000
1723176556884 764000.0 764000
1723176569906 768000.0 768000
1723176583622 772000.0 772000
1723176597464 776000.0 776000
1723176610730 780000.0 780000
1723176624161 784000.0 784000
1723176637298 788000.0 788000
1723176650619 792000.0 792000
1723176663710 796000.0 796000
1723176677022 800000.0 800000
1723176690947 804000.0 804000
1723176704799 808000.0 808000
1723176718217 812000.0 812000
1723176731481 816000.0 816000
1723176744713 820000.0 820000
1723176757973 824000.0 824000
1723176771578 828000.0 828000
1723176785190 832000.0 832000
1723176798654 836000.0 836000
1723176811959 840000.0 840000
1723176825523 844000.0 844000
1723176839329 848000.0 848000
1723176852748 852000.0 852000
1723176866103 856000.0 856000
1723176879440 860000.0 860000
1723176893239 864000.0 864000
1723176907326 868000.0 868000
1723176921122 872000.0 872000
1723176934650 876000.0 876000
1723176948207 880000.0 880000
1723176961706 884000.0 884000
1723176975474 888000.0 888000
1723176988983 892000.0 892000
1723177002393 896000.0 896000
1723177015731 900000.0 900000
1723177029168 904000.0 904000
1723177042131 908000.0 908000
1723177056252 912000.0 912000
1723177069902 916000.0 916000
1723177083411 920000.0 920000
1723177097191 924000.0 924000
1723177110583 928000.0 928000
1723177124187 932000.0 932000
1723177137916 936000.0 936000
1723177151151 940000.0 940000
1723177164348 944000.0 944000
1723177177847 948000.0 948000
1723177192415 952000.0 952000
1723177205785 956000.0 956000
1723177219400 960000.0 960000
1723177232787 964000.0 964000
1723177246373 968000.0 968000
1723177260005 972000.0 972000
1723177274279 976000.0 976000
1723177287917 980000.0 980000
1723177301906 984000.0 984000
1723177315669 988000.0 988000
1723177329273 992000.0 992000
1723177342398 996000.0 996000
1723177355566 1000000.0 1000000
1723177369118 1004000.0 1004000
1723177382818 1008000.0 1008000
1723177396509 1012000.0 1012000
1723177410248 1016000.0 1016000
1723177423686 1020000.0 1020000
1723177437270 1024000.0 1024000
1723177451034 1028000.0 1028000
1723177464729 1032000.0 1032000
1723177478858 1036000.0 1036000
1723177492877 1040000.0 1040000
1723177506816 1044000.0 1044000
1723177520480 1048000.0 1048000
1723177534364 1052000.0 1052000
1723177548190 1056000.0 1056000
1723177561753 1060000.0 1060000
1723177575904 1064000.0 1064000
1723177589546 1068000.0 1068000
1723177602365 1072000.0 1072000
1723177615533 1076000.0 1076000
1723177628880 1080000.0 1080000
1723177641922 1084000.0 1084000
1723177655347 1088000.0 1088000
1723177668792 1092000.0 1092000
1723177682505 1096000.0 1096000
1723177696009 1100000.0 1100000
1723177709553 1104000.0 1104000
1723177723045 1108000.0 1108000
1723177736994 1112000.0 1112000
1723177750166 1116000.0 1116000
1723177763734 1120000.0 1120000
1723177777108 1124000.0 1124000
1723177790656 1128000.0 1128000
1723177803831 1132000.0 1132000
1723177816983 1136000.0 1136000
1723177830487 1140000.0 1140000
1723177844199 1144000.0 1144000
1723177858318 1148000.0 1148000
1723177871894 1152000.0 1152000
1723177885558 1156000.0 1156000
1723177899076 1160000.0 1160000
1723177912675 1164000.0 1164000
1723177925663 1168000.0 1168000
1723177939276 1172000.0 1172000
1723177952268 1176000.0 1176000
1723177965618 1180000.0 1180000
1723177979080 1184000.0 1184000
1723177993013 1188000.0 1188000
1723178006500 1192000.0 1192000
1723178019721 1196000.0 1196000
1723178032984 1200000.0 1200000
1723178045104 1204000.0 1204000
1723178058620 1208000.0 1208000
1723178071556 1212000.0 1212000
1723178084892 1216000.0 1216000
1723178097758 1220000.0 1220000
1723178111084 1224000.0 1224000
1723178124291 1228000.0 1228000
1723178137619 1232000.0 1232000
1723178151365 1236000.0 1236000
1723178165122 1240000.0 1240000
1723178178566 1244000.0 1244000
1723178191636 1248000.0 1248000
1723178205007 1252000.0 1252000
1723178218908 1256000.0 1256000
1723178232240 1260000.0 1260000
1723178245659 1264000.0 1264000
1723178259170 1268000.0 1268000
1723178272992 1272000.0 1272000
1723178286298 1276000.0 1276000
1723178299496 1280000.0 1280000
1723178312847 1284000.0 1284000
1723178326884 1288000.0 1288000
1723178340830 1292000.0 1292000
1723178354446 1296000.0 1296000
1723178367778 1300000.0 1300000
1723178381072 1304000.0 1304000
1723178394667 1308000.0 1308000
1723178407649 1312000.0 1312000
1723178420849 1316000.0 1316000
1723178434351 1320000.0 1320000
1723178447682 1324000.0 1324000
1723178461174 1328000.0 1328000
1723178474711 1332000.0 1332000
1723178488187 1336000.0 1336000
1723178501636 1340000.0 1340000
1723178515662 1344000.0 1344000
1723178529863 1348000.0 1348000
1723178543360 1352000.0 1352000
1723178556903 1356000.0 1356000
1723178570329 1360000.0 1360000
1723178583475 1364000.0 1364000
1723178597054 1368000.0 1368000
1723178610268 1372000.0 1372000
1723178623424 1376000.0 1376000
1723178636556 1380000.0 1380000
1723178649874 1384000.0 1384000
1723178662541 1388000.0 1388000
1723178675088 1392000.0 1392000
1723178688444 1396000.0 1396000
1723178701552 1400000.0 1400000
1723178714889 1404000.0 1404000
1723178728526 1408000.0 1408000
1723178742309 1412000.0 1412000
1723178755545 1416000.0 1416000
1723178769286 1420000.0 1420000
1723178782808 1424000.0 1424000
1723178796248 1428000.0 1428000
1723178809820 1432000.0 1432000
1723178823174 1436000.0 1436000
1723178836071 1440000.0 1440000
1723178847478 1444000.0 1444000
1723178859277 1448000.0 1448000
1723178871011 1452000.0 1452000
1723178882985 1456000.0 1456000
1723178894990 1460000.0 1460000
1723178907033 1464000.0 1464000
1723178918332 1468000.0 1468000
1723178929901 1472000.0 1472000
1723178942156 1476000.0 1476000
1723178953833 1480000.0 1480000
1723178965742 1484000.0 1484000
1723178977673 1488000.0 1488000
1723178989812 1492000.0 1492000
1723179001684 1496000.0 1496000
1723179013701 1500000.0 1500000
1723179025319 1504000.0 1504000
1723179037240 1508000.0 1508000
1723179048964 1512000.0 1512000
1723179060606 1516000.0 1516000
1723179072578 1520000.0 1520000
1723179084887 1524000.0 1524000
1723179096548 1528000.0 1528000
1723179108055 1532000.0 1532000
1723179119662 1536000.0 1536000
1723179131422 1540000.0 1540000
1723179143207 1544000.0 1544000
1723179154753 1548000.0 1548000
1723179166469 1552000.0 1552000
1723179177927 1556000.0 1556000
1723179189764 1560000.0 1560000
1723179201046 1564000.0 1564000
1723179212681 1568000.0 1568000
1723179224360 1572000.0 1572000
1723179236273 1576000.0 1576000
1723179247890 1580000.0 1580000
1723179259083 1584000.0 1584000
1723179270686 1588000.0 1588000
1723179282379 1592000.0 1592000
1723179293738 1596000.0 1596000
1723179305023 1600000.0 1600000
1723179316131 1604000.0 1604000
1723179327943 1608000.0 1608000
1723179339501 1612000.0 1612000
1723179350897 1616000.0 1616000
1723179362288 1620000.0 1620000
1723179373576 1624000.0 1624000
1723179384927 1628000.0 1628000
1723179396178 1632000.0 1632000
1723179407368 1636000.0 1636000
1723179418853 1640000.0 1640000
1723179430532 1644000.0 1644000
1723179441882 1648000.0 1648000
1723179453230 1652000.0 1652000
1723179464628 1656000.0 1656000
1723179475936 1660000.0 1660000
1723179487752 1664000.0 1664000
1723179499169 1668000.0 1668000
1723179510706 1672000.0 1672000
1723179522245 1676000.0 1676000
1723179533887 1680000.0 1680000
1723179544907 1684000.0 1684000
1723179556167 1688000.0 1688000
1723179567654 1692000.0 1692000
1723179579046 1696000.0 1696000
1723179590425 1700000.0 1700000
1723179601793 1704000.0 1704000
1723179613091 1708000.0 1708000
1723179624237 1712000.0 1712000
1723179635657 1716000.0 1716000
1723179646916 1720000.0 1720000
1723179658419 1724000.0 1724000
1723179669844 1728000.0 1728000
1723179681137 1732000.0 1732000
1723179692488 1736000.0 1736000
1723179703934 1740000.0 1740000
1723179715186 1744000.0 1744000
1723179726638 1748000.0 1748000
1723179738092 1752000.0 1752000
1723179749495 1756000.0 1756000
1723179760692 1760000.0 1760000
1723179772137 1764000.0 1764000
1723179784140 1768000.0 1768000
1723179795934 1772000.0 1772000
1723179807405 1776000.0 1776000
1723179818834 1780000.0 1780000
1723179830358 1784000.0 1784000
1723179842533 1788000.0 1788000
1723179853793 1792000.0 1792000
1723179865313 1796000.0 1796000
1723179876353 1800000.0 1800000
1723179887968 1804000.0 1804000
1723179899424 1808000.0 1808000
1723179910975 1812000.0 1812000
1723179922349 1816000.0 1816000
1723179933782 1820000.0 1820000
1723179945100 1824000.0 1824000
1723179956341 1828000.0 1828000
1723179967913 1832000.0 1832000
1723179979216 1836000.0 1836000
1723179990708 1840000.0 1840000
1723180002091 1844000.0 1844000
1723180013270 1848000.0 1848000
1723180024860 1852000.0 1852000
1723180036501 1856000.0 1856000
1723180048175 1860000.0 1860000
1723180059709 1864000.0 1864000
1723180071050 1868000.0 1868000
1723180082459 1872000.0 1872000
1723180093836 1876000.0 1876000
1723180105007 1880000.0 1880000
1723180116329 1884000.0 1884000
1723180127806 1888000.0 1888000
1723180139335 1892000.0 1892000
1723180150835 1896000.0 1896000
1723180161980 1900000.0 1900000
1723180173226 1904000.0 1904000
1723180184509 1908000.0 1908000
1723180196105 1912000.0 1912000
1723180207565 1916000.0 1916000
1723180218962 1920000.0 1920000
1723180230447 1924000.0 1924000
1723180241711 1928000.0 1928000
1723180253431 1932000.0 1932000
1723180264915 1936000.0 1936000
1723180276044 1940000.0 1940000
1723180287502 1944000.0 1944000
1723180298733 1948000.0 1948000
1723180310088 1952000.0 1952000
1723180321860 1956000.0 1956000
1723180332994 1960000.0 1960000
1723180344475 1964000.0 1964000
1723180356120 1968000.0 1968000
1723180367606 1972000.0 1972000
1723180379112 1976000.0 1976000
1723180390494 1980000.0 1980000
1723180401898 1984000.0 1984000
1723180413567 1988000.0 1988000
1723180425327 1992000.0 1992000
1723180436776 1996000.0 1996000
1723180448626 2000000.0 2000000
