1723157948697 0.25437040137254774 4000
1723157966431 0.24909326850072944 8000
1723157984340 0.24456507824712434 12000
1723157998289 0.2400761239039101 16000
1723158011269 0.23606778101924103 20000
1723158024087 0.23185014973701115 24000
1723158037029 0.22922054006068196 28000
1723158050914 0.22735078368916997 32000
1723158065127 0.2252237512001738 36000
1723158079137 0.22394031864964173 40000
1723158093227 0.22250256739118873 44000
1723158107369 0.22183851671173752 48000
1723158121436 0.22103953987131794 52000
1723158135476 0.22034646211950287 56000
1723158149234 0.21968818552745134 60000
1723158163278 0.2190055730549421 64000
1723158177280 0.2188327274496445 68000
1723158191688 0.21866972108086624 72000
1723158205831 0.21851327496928066 76000
1723158220111 0.2194829617675837 80000
1723158234110 0.2190912956715614 84000
1723158248242 0.2187212732161862 88000
1723158262259 0.21830938822417637 92000
1723158276253 0.218276762250078 96000
1723158290125 0.21802504873029563 100000
1723158304294 0.2177097666484108 104000
1723158319181 0.21733693515149952 108000
1723158333652 0.2179277874356963 112000
1723158348216 0.21777890682091433 116000
1723158362641 0.2180830205695492 120000
1723158377113 0.21841753678964554 124000
1723158392845 0.21911020354532826 128000
1723158414781 0.220134952255989 132000
1723158430074 0.2203648694165893 136000
1723158444660 0.2205695280283985 140000
1723158458985 0.2206984349628339 144000
1723158473378 0.22045625051775813 148000
1723158487787 0.2206488903544043 152000
1723158501906 0.22056310178538036 156000
1723158516149 0.22042603766577287 160000
1723158530528 0.22029791190701814 164000
1723158545569 0.24106140788126004 168000
1723158560299 0.24055860075462432 172000
1723158575022 0.24048765271151426 176000
1723158589532 0.2401050823231286 180000
1723158603485 0.23979600204531004 184000
1723158617272 0.2391142650048095 188000
1723158631378 0.23856072354975222 192000
1723158645184 0.23798478696582395 196000
1723158658738 0.23743634414283893 200000
1723158672867 0.2369303323589363 204000
1723158687414 0.2366987324680346 208000
1723158701641 0.2362933390905274 212000
1723158715809 0.23633174362227882 216000
1723158730271 0.23595657797190067 220000
1723158744597 0.2357005283764206 224000
1723158758494 0.23527407789764865 228000
1723158772782 0.23489459052187905 232000
1723158786661 0.23458043629606873 236000
1723158800650 0.23428397883642152 240000
1723158814608 0.2339611441276819 244000
1723158829048 0.23369436521327164 248000
1723158842541 0.23334218186462885 252000
1723158856397 0.2329886829269339 256000
1723158870673 0.23276748382420148 260000
1723158885407 0.23289822120837517 264000
1723158899346 0.23275148451489439 268000
1723158913947 0.23273468134156827 272000
1723158928318 0.23262213047821007 276000
1723158942284 0.23249475679815604 280000
1723158955921 0.23223861626477338 284000
1723158969805 0.23207381484682585 288000
1723158983830 0.23210111119706092 292000
1723158997338 0.23180642309633875 296000
1723159010902 0.23155402576556522 300000
1723159024477 0.2312784720931953 304000
1723159041390 0.23102091460608226 308000
1723159061423 0.23134196318068856 312000
1723159081122 0.231408205131843 316000
1723159096097 0.23149024202967441 320000
1723159109846 0.23139517562841092 324000
1723159123379 0.23112075473907254 328000
1723159137150 0.23107989507901172 332000
1723159151077 0.23102129378291938 336000
1723159164694 0.23087990174176154 340000
1723159178364 0.23066247229983558 344000
1723159192387 0.23060510986269137 348000
1723159205688 0.23043175539618913 352000
1723159218885 0.2302635352413362 356000
1723159232512 0.2300994906969497 360000
1723159246769 0.230027599633559 364000
1723159260164 0.22982774984999055 368000
1723159273459 0.22967486855299155 372000
1723159287061 0.2294899010938013 376000
1723159301102 0.2293086287700852 380000
1723159315229 0.22912006826982143 384000
1723159329038 0.22904291657110049 388000
1723159343052 0.22886914921341295 392000
1723159356723 0.2288511977153594 396000
1723159370500 0.22869349658616062 400000
1723159384781 0.2286181566998194 404000
1723159399006 0.22857515466692693 408000
1723159412465 0.2284545205500459 412000
1723159431056 0.22832099615913534 416000
1723159446392 0.22862634035481436 420000
1723159460580 0.2286671381499914 424000
1723159474864 0.2285771328358355 428000
1723159488970 0.22844030138737614 432000
1723159502422 0.2282498988725653 436000
1723159515656 0.2282110479774644 440000
1723159528953 0.2281046445416834 444000
1723159542634 0.22791296670068145 448000
1723159556252 0.22787182612417772 452000
1723159583027 0.22773499637056127 456000
1723159601083 0.2279397757366923 460000
1723159618324 0.2280290290681877 464000
1723159636511 0.2280317246341392 468000
1723159654266 0.22813067378151236 472000
1723159674021 0.22824705361058648 476000
1723159692924 0.2283527775071464 480000
1723159710315 0.2284116793353823 484000
1723159724957 0.22848762502632752 488000
1723159738632 0.22834567297990815 492000
1723159751921 0.22819727742364618 496000
1723159765638 0.22808217755244029 500000
1723159779327 0.2280471392443355 504000
1723159793058 0.22791641570946983 508000
1723159806558 0.22779965749678072 512000
1723159819912 0.22766174143554743 516000
1723159834679 0.22760382110654945 520000
1723159848626 0.2276790300387507 524000
1723159863082 0.22758653217070438 528000
1723159877364 0.2276259266927191 532000
1723159891396 0.227486232724253 536000
1723159905576 0.22743907149207326 540000
1723159919831 0.2273632144314786 544000
1723159934183 0.22727493984588815 548000
1723159948055 0.22725574856854097 552000
1723159962170 0.2272181849391533 556000
1723159976437 0.22905209461805204 560000
1723159989942 0.22890815451063426 564000
1723160003556 0.22885271201575905 568000
1723160017372 0.22866916033000723 572000
1723160031077 0.22858190880859902 576000
1723160044787 0.22844703717682377 580000
1723160063082 0.22855432714812493 584000
1723160081292 0.22857916582771523 588000
1723160099152 0.22867039970851155 592000
1723160117060 0.22877477517380998 596000
1723160130372 0.22888030317578853 600000
1723160142892 0.2287646365838513 604000
1723160155491 0.2286851562329622 608000
1723160168030 0.22857863883583757 612000
1723160180791 0.2285240221505258 616000
1723160194114 0.2284850291323045 620000
1723160206852 0.22830479560021638 624000
1723160219792 0.228228584889193 628000
1723160232671 0.22811608924757434 632000
1723160245036 0.22806725020701812 636000
1723160257897 0.227930776112258 640000
1723160274847 0.22775344177245693 644000
1723160292076 0.22783784026479156 648000
1723160309412 0.22794240787755862 652000
1723160326962 0.22801889842174058 656000
1723160345117 0.22811276689411947 660000
1723160362673 0.22811797761497438 664000
1723160376970 0.22832025324933142 668000
1723160390019 0.22823063935803542 672000
1723160403504 0.22814950618417307 676000
1723160424869 0.22817068289025932 680000
1723160442738 0.22824459899562832 684000
1723160460995 0.22833465385909404 688000
1723160479372 0.22841477855982179 692000
1723160493584 0.22852612264572258 696000
1723160506757 0.2284605164747519 700000
1723160523365 0.22848073434142643 704000
1723160541331 0.22852014918200386 708000
1723160560162 0.22860256184876515 712000
1723160578851 0.22869767476721978 716000
1723160596234 0.22877981853315876 720000
1723160614240 0.22886756409074502 724000
1723160634989 0.22894214072734925 728000
1723160653670 0.22916393781820985 732000
1723160672982 0.22921247440680018 736000
1723160687868 0.22929836702983822 740000
1723160702094 0.22927706424030317 744000
1723160715679 0.22926176907637016 748000
1723160729195 0.22920850672404364 752000
1723160743707 0.23091252513303057 756000
1723160756859 0.23088096660736288 760000
1723160770748 0.23071924189850765 764000
1723160783617 0.2307981044798498 768000
1723160796232 0.2306009039255943 772000
1723160808853 0.23050961029491707 776000
1723160822456 0.230496377579844 780000
1723160835260 0.23043977416588401 784000
1723160848178 0.2303489653417924 788000
1723160861055 0.230276533116479 792000
1723160873921 0.23020949453653822 796000
1723160887736 0.23013439220534887 800000
1723160900949 0.23010366766873752 804000
1723160913966 0.23006667965868516 808000
1723160926634 0.23001036225240926 812000
1723160939215 0.22996360520574238 816000
1723160953156 0.23004455989537304 820000
1723160970951 0.22986545801762318 824000
1723160991090 0.23008089698214607 828000
1723161004959 0.230130460215431 832000
1723161018173 0.23012715959997582 836000
1723161031871 0.23009177968755304 840000
1723161044391 0.22994627654069036 844000
1723161057098 0.2299567984116031 848000
1723161069893 0.22994479612979205 852000
1723161082602 0.22980507065374356 856000
1723161094989 0.22970977443287252 860000
1723161107798 0.22953330916303355 864000
1723161119813 0.22956962338521936 868000
1723161132230 0.22939607828886155 872000
1723161144794 0.22930218459966523 876000
1723161156947 0.2291945668850151 880000
1723161169370 0.22912512398392829 884000
1723161181900 0.2290300141579265 888000
1723161194372 0.2289127987087902 892000
1723161206521 0.22880991175962523 896000
1723161218507 0.2287545921825732 900000
1723161231038 0.22866508849660547 904000
1723161243435 0.2286247581624596 908000
1723161255373 0.22851927246080214 912000
1723161267611 0.22842311771386722 916000
1723161279724 0.22841174415435725 920000
1723161292040 0.22818775006083497 924000
1723161304015 0.228201380040216 928000
1723161316126 0.22810180366134428 932000
1723161328491 0.22807144875155053 936000
1723161340641 0.2278954709981383 940000
1723161353119 0.22771941137405674 944000
1723161365634 0.22769103190862747 948000
1723161378394 0.2277483060948446 952000
1723161391180 0.22761810669391525 956000
1723161403136 0.2275331628246686 960000
1723161415499 0.22739992867169226 964000
1723161428057 0.22746234672906118 968000
1723161439972 0.22732291573734176 972000
1723161452540 0.22723599239881107 976000
1723161464787 0.22716044768640925 980000
1723161477286 0.22707660823905623 984000
1723161490013 0.22699561734383808 988000
1723161502730 0.2269418417622963 992000
1723161515148 0.22688329355518708 996000
1723161527490 0.22682614346462576 1000000
1723161540426 0.22682079003553413 1004000
1723161552948 0.22674483607062126 1008000
1723161565540 0.22668347657032828 1012000
1723161577912 0.22660480406508796 1016000
1723161590287 0.22661292107482436 1020000
1723161602220 0.22639827337162594 1024000
1723161614602 0.22638369492357965 1028000
1723161626824 0.22629122643419186 1032000
1723161639074 0.226281770132991 1036000
1723161651234 0.22612361120584734 1040000
1723161663587 0.22599565276598846 1044000
1723161675764 0.2259885244619238 1048000
1723161687847 0.22596586260617682 1052000
1723161699587 0.22581615064747443 1056000
1723161711888 0.2257286586964198 1060000
1723161723752 0.22560798680778202 1064000
1723161735766 0.2256745700044206 1068000
1723161747990 0.22554441622751467 1072000
1723161760379 0.225456630727018 1076000
1723161773099 0.22538377866163137 1080000
1723161785820 0.22533049136650468 1084000
1723161798203 0.2253240175155374 1088000
1723161810669 0.22527329577924665 1092000
1723161823110 0.22520720204559982 1096000
1723161835588 0.22517107190474792 1100000
1723161847342 0.22511685717423752 1104000
1723161859620 0.22503193028928556 1108000
1723161871977 0.22497350041384062 1112000
1723161883992 0.22489817235225615 1116000
1723161896083 0.22489650346456774 1120000
1723161908167 0.22470261427019947 1124000
1723161920460 0.22470257724181864 1128000
1723161932756 0.2246343531488653 1132000
1723161945220 0.22463883000266646 1136000
1723161957387 0.22452504344915947 1140000
1723161969652 0.224420566226279 1144000
1723161982407 0.22443935611272187 1148000
1723161994760 0.22444294106965645 1152000
1723162007133 0.22435621451342094 1156000
1723162019572 0.22430900729342507 1160000
1723162032140 0.22421420646784032 1164000
1723162044607 0.2242733106624614 1168000
1723162057274 0.22418181493642791 1172000
1723162069670 0.22413902059524146 1176000
1723162082692 0.22409799375509867 1180000
1723162095086 0.22404492025734923 1184000
1723162108163 0.22398934881803448 1188000
1723162120781 0.22394482304077282 1192000
1723162133448 0.2239050278463889 1196000
1723162146078 0.22385914616876287 1200000
