1723157948698 0.0 4000
1723157966431 0.0 8000
1723157984341 0.0 12000
1723157998289 0.0 16000
1723158011270 0.0 20000
1723158024088 0.0 24000
1723158037030 0.0 28000
1723158050914 0.0 32000
1723158065128 0.0 36000
1723158079138 0.0 40000
1723158093228 0.0 44000
1723158107370 0.0 48000
1723158121437 0.0 52000
1723158135477 0.0 56000
1723158149234 0.0 60000
1723158163278 0.0 64000
1723158177280 0.0 68000
1723158191689 0.0 72000
1723158205832 0.0 76000
1723158220112 0.0 80000
1723158234111 0.0 84000
1723158248242 0.0 88000
1723158262260 0.0 92000
1723158276254 0.0 96000
1723158290125 0.0 100000
1723158304295 0.0 104000
1723158319182 0.0 108000
1723158333653 0.0 112000
1723158348217 0.0 116000
1723158362641 0.0 120000
1723158377113 0.0 124000
1723158392846 0.0 128000
1723158414782 0.0 132000
1723158430075 0.0 136000
1723158444660 0.0 140000
1723158458985 0.0 144000
1723158473379 0.0 148000
1723158487788 0.0 152000
1723158501906 0.0 156000
1723158516150 0.0 160000
1723158530529 0.0 164000
1723158545570 0.0 168000
1723158560299 0.0 172000
1723158575022 0.0 176000
1723158589533 0.0 180000
1723158603486 0.0 184000
1723158617273 0.0 188000
1723158631379 0.0 192000
1723158645185 0.0 196000
1723158658739 0.0 200000
1723158672868 0.0 204000
1723158687415 0.0 208000
1723158701641 0.0 212000
1723158715810 0.0 216000
1723158730272 0.0 220000
1723158744598 0.0 224000
1723158758495 0.0 228000
1723158772782 0.0 232000
1723158786662 0.0 236000
1723158800651 0.0 240000
1723158814609 0.0 244000
1723158829049 0.0 248000
1723158842542 0.0 252000
1723158856398 0.0 256000
1723158870673 0.0 260000
1723158885408 0.0 264000
1723158899346 0.0 268000
1723158913948 0.0 272000
1723158928319 0.0 276000
1723158942285 0.0 280000
1723158955922 0.0 284000
1723158969806 0.0 288000
1723158983830 0.0 292000
1723158997338 0.0 296000
1723159010903 0.0 300000
1723159024477 0.0 304000
1723159041391 0.0 308000
1723159061424 0.0 312000
1723159081123 0.0 316000
1723159096098 0.0 320000
1723159109847 0.0 324000
1723159123380 0.0 328000
1723159137151 0.0 332000
1723159151078 0.0 336000
1723159164695 0.0 340000
1723159178365 0.0 344000
1723159192388 0.0 348000
1723159205689 0.0 352000
1723159218886 0.0 356000
1723159232513 0.0 360000
1723159246769 0.0 364000
1723159260165 0.0 368000
1723159273460 0.0 372000
1723159287062 0.0 376000
1723159301103 0.0 380000
1723159315230 0.0 384000
1723159329039 0.0 388000
1723159343052 0.0 392000
1723159356724 0.0 396000
1723159370501 0.0 400000
1723159384782 0.0 404000
1723159399006 0.0 408000
1723159412465 0.0 412000
1723159431057 0.0 416000
1723159446392 0.0 420000
1723159460581 0.0 424000
1723159474865 0.0 428000
1723159488971 0.0 432000
1723159502423 0.0 436000
1723159515656 0.0 440000
1723159528954 0.0 444000
1723159542635 0.0 448000
1723159556252 0.0 452000
1723159583028 0.0 456000
1723159601083 0.0 460000
1723159618325 0.0 464000
1723159636512 0.0 468000
1723159654267 0.0 472000
1723159674021 0.0 476000
1723159692925 0.0 480000
1723159710315 0.0 484000
1723159724958 0.0 488000
1723159738633 0.0 492000
1723159751922 0.0 496000
1723159765639 0.0 500000
1723159779328 0.0 504000
1723159793058 0.0 508000
1723159806558 0.0 512000
1723159819913 0.0 516000
1723159834679 0.0 520000
1723159848627 0.0 524000
1723159863083 0.0 528000
1723159877365 0.0 532000
1723159891397 0.0 536000
1723159905577 0.0 540000
1723159919832 0.0 544000
1723159934183 0.0 548000
1723159948055 0.0 552000
1723159962170 0.0 556000
1723159976438 0.0 560000
1723159989942 0.0 564000
1723160003557 0.0 568000
1723160017373 0.0 572000
1723160031078 0.0 576000
1723160044788 0.0 580000
1723160063082 0.0 584000
1723160081293 0.0 588000
1723160099153 0.0 592000
1723160117061 0.0 596000
1723160130373 0.0 600000
1723160142893 0.0 604000
1723160155492 0.0 608000
1723160168031 0.0 612000
1723160180792 0.0 616000
1723160194115 0.0 620000
1723160206853 0.0 624000
1723160219792 0.0 628000
1723160232672 0.0 632000
1723160245037 0.0 636000
1723160257897 0.0 640000
1723160274848 0.0 644000
1723160292077 0.0 648000
1723160309413 0.0 652000
1723160326963 0.0 656000
1723160345117 0.0 660000
1723160362673 0.0 664000
1723160376972 0.0 668000
1723160390020 0.0 672000
1723160403505 0.0 676000
1723160424870 0.0 680000
1723160442739 0.0 684000
1723160460996 0.0 688000
1723160479373 0.0 692000
1723160493585 0.0 696000
1723160506758 0.0 700000
1723160523365 0.0 704000
1723160541332 0.0 708000
1723160560163 0.0 712000
1723160578852 0.0 716000
1723160596235 0.0 720000
1723160614241 0.0 724000
1723160634990 0.0 728000
1723160653671 0.0 732000
1723160672983 0.0 736000
1723160687869 0.0 740000
1723160702095 0.0 744000
1723160715680 0.0 748000
1723160729196 0.0 752000
1723160743708 0.0 756000
1723160756859 0.0 760000
1723160770749 0.0 764000
1723160783618 0.0 768000
1723160796233 0.0 772000
1723160808854 0.0 776000
1723160822456 0.0 780000
1723160835260 0.0 784000
1723160848179 0.0 788000
1723160861056 0.0 792000
1723160873922 0.0 796000
1723160887737 0.0 800000
1723160900950 0.0 804000
1723160913967 0.0 808000
1723160926635 0.0 812000
1723160939216 0.0 816000
1723160953157 0.0 820000
1723160970952 0.0 824000
1723160991091 0.0 828000
1723161004960 0.0 832000
1723161018174 0.0 836000
1723161031872 0.0 840000
1723161044392 0.0 844000
1723161057099 0.0 848000
1723161069894 0.0 852000
1723161082603 0.0 856000
1723161094989 0.0 860000
1723161107799 0.0 864000
1723161119814 0.0 868000
1723161132231 0.0 872000
1723161144795 0.0 876000
1723161156948 0.0 880000
1723161169371 0.0 884000
1723161181901 0.0 888000
1723161194373 0.0 892000
1723161206522 0.0 896000
1723161218507 0.0 900000
1723161231039 0.0 904000
1723161243436 0.0 908000
1723161255374 0.0 912000
1723161267612 0.0 916000
1723161279725 0.0 920000
1723161292041 0.0 924000
1723161304016 0.0 928000
1723161316126 0.0 932000
1723161328492 0.0 936000
1723161340642 0.0 940000
1723161353120 0.0 944000
1723161365635 0.0 948000
1723161378395 0.0 952000
1723161391181 0.0 956000
1723161403137 0.0 960000
1723161415500 0.0 964000
1723161428058 0.0 968000
1723161439973 0.0 972000
1723161452541 0.0 976000
1723161464788 0.0 980000
1723161477287 0.0 984000
1723161490014 0.0 988000
1723161502731 0.0 992000
1723161515149 0.0 996000
1723161527490 0.0 1000000
1723161540427 0.0 1004000
1723161552948 0.0 1008000
1723161565541 0.0 1012000
1723161577912 0.0 1016000
1723161590287 0.0 1020000
1723161602221 0.0 1024000
1723161614603 0.0 1028000
1723161626825 0.0 1032000
1723161639075 0.0 1036000
1723161651235 0.0 1040000
1723161663588 0.0 1044000
1723161675765 0.0 1048000
1723161687848 0.0 1052000
1723161699588 0.0 1056000
1723161711888 0.0 1060000
1723161723752 0.0 1064000
1723161735766 0.0 1068000
1723161747990 0.0 1072000
1723161760380 0.0 1076000
1723161773099 0.0 1080000
1723161785821 0.0 1084000
1723161798204 0.0 1088000
1723161810670 0.0 1092000
1723161823111 0.0 1096000
1723161835588 0.0 1100000
1723161847343 0.0 1104000
1723161859621 0.0 1108000
1723161871978 0.0 1112000
1723161883993 0.0 1116000
1723161896084 0.0 1120000
1723161908168 0.0 1124000
1723161920461 0.0 1128000
1723161932757 0.0 1132000
1723161945221 0.0 1136000
1723161957388 0.0 1140000
1723161969652 0.0 1144000
1723161982408 0.0 1148000
1723161994760 0.0 1152000
1723162007134 0.0 1156000
1723162019573 0.0 1160000
1723162032141 0.0 1164000
1723162044608 0.0 1168000
1723162057275 0.0 1172000
1723162069671 0.0 1176000
1723162082692 0.0 1180000
1723162095087 0.0 1184000
1723162108164 0.0 1188000
1723162120781 0.0 1192000
1723162133449 0.0 1196000
1723162146079 0.0 1200000
