1723217327541 0.0 4000
1723217342774 0.0 8000
1723217358122 0.0 12000
1723217373435 0.0 16000
1723217388858 0.0 20000
1723217404265 0.0 24000
1723217419630 0.0 28000
1723217434839 0.0 32000
1723217450204 0.0 36000
1723217465777 0.0 40000
1723217481282 0.0 44000
1723217496639 0.0 48000
1723217511980 0.0 52000
1723217527258 0.0 56000
1723217542566 0.0 60000
1723217557842 0.0 64000
1723217573140 0.0 68000
1723217588762 0.0 72000
1723217604164 0.0 76000
1723217621355 0.0 80000
1723217639474 0.0 84000
1723217657375 0.0 88000
1723217674753 0.0 92000
1723217691904 0.0 96000
1723217709640 0.0 100000
1723217727074 0.0 104000
1723217744546 0.0 108000
1723217762414 0.0 112000
1723217780479 0.0 116000
1723217799539 0.0 120000
1723217817286 0.0 124000
1723217834899 0.0 128000
1723217852481 0.0 132000
1723217869862 0.0 136000
1723217887152 0.0 140000
1723217904159 0.0 144000
1723217920791 0.0 148000
1723217937814 0.0 152000
1723217954867 0.0 156000
1723217972259 0.0 160000
1723217989566 0.0 164000
1723218006900 0.0 168000
1723218024218 0.0 172000
1723218041531 0.0 176000
1723218059825 0.0 180000
1723218077294 0.0 184000
1723218094170 0.0 188000
1723218111956 0.0 192000
1723218129531 0.0 196000
1723218147156 0.0 200000
1723218163980 0.0 204000
1723218181087 0.0 208000
1723218197911 0.0 212000
1723218216454 0.0 216000
1723218233504 0.0 220000
1723218250393 0.0 224000
1723218267485 0.0 228000
1723218284785 0.0 232000
1723218301878 0.0 236000
1723218318839 0.0 240000
1723218335867 0.0 244000
1723218352774 0.0 248000
1723218370087 0.0 252000
1723218386474 0.0 256000
1723218403172 0.0 260000
1723218420278 0.0 264000
1723218437903 0.0 268000
1723218455402 0.0 272000
1723218474274 0.0 276000
1723218491394 0.0 280000
1723218508574 0.0 284000
1723218525582 0.0 288000
1723218541955 0.0 292000
1723218559281 0.0 296000
1723218576485 0.0 300000
1723218594940 0.0 304000
1723218611839 0.0 308000
1723218629092 0.0 312000
1723218645659 0.0 316000
1723218662991 0.0 320000
1723218679974 0.0 324000
1723218696898 0.0 328000
1723218821457 0.0 332000
1723218838818 0.0 336000
1723218855736 0.0 340000
1723218872763 0.0 344000
1723218891839 0.0 348000
1723218908435 0.0 352000
1723218924995 0.0 356000
1723218941359 0.0 360000
1723218958365 0.0 364000
1723218975162 0.0 368000
1723218998670 0.0 372000
1723219018683 0.0 376000
1723219035845 0.0 380000
1723219052708 0.0 384000
1723219071138 0.0 388000
1723219088026 0.0 392000
1723219104668 0.0 396000
1723219121666 0.0 400000
1723219138506 0.0 404000
1723219155875 0.0 408000
1723219173093 0.0 412000
1723219190761 0.0 416000
1723219208236 0.0 420000
1723219225472 0.0 424000
1723219241857 0.0 428000
1723219258160 0.0 432000
1723219274810 0.0 436000
1723219290866 0.0 440000
1723219307013 0.0 444000
1723219322769 0.0 448000
1723219339908 0.0 452000
1723219358129 0.0 456000
1723219375647 0.0 460000
1723219392168 0.0 464000
1723219408711 0.0 468000
1723219425207 0.0 472000
1723219442553 0.0 476000
1723219458926 0.0 480000
1723219475685 0.0 484000
1723219492453 0.0 488000
1723219509067 0.0 492000
1723219525695 0.0 496000
1723219541954 0.0 500000
1723219558352 0.0 504000
1723219574755 0.0 508000
1723219591102 0.0 512000
1723219606514 0.0 516000
1723219622860 0.0 520000
1723219640236 0.0 524000
1723219657019 0.0 528000
1723219673962 0.0 532000
1723219690207 0.0 536000
1723219706409 0.0 540000
1723219722681 0.0 544000
1723219739193 0.0 548000
1723219757204 0.0 552000
1723219774074 0.0 556000
1723219791167 0.0 560000
1723219807911 0.0 564000
1723219825314 0.0 568000
1723219842224 0.0 572000
1723219858698 0.0 576000
1723219876145 0.0 580000
1723219891600 0.0 584000
1723219907236 0.0 588000
1723219923025 0.0 592000
1723219939755 0.0 596000
1723219956220 0.0 600000
1723219972250 0.0 604000
1723219988208 0.0 608000
1723220004923 0.0 612000
1723220021145 0.0 616000
1723220037523 0.0 620000
1723220054753 0.0 624000
1723220071780 0.0 628000
1723220088570 0.0 632000
1723220104868 0.0 636000
1723220121213 0.0 640000
1723220137536 0.0 644000
1723220153518 0.0 648000
1723220169606 0.0 652000
1723220186488 0.0 656000
1723220202875 0.0 660000
1723220219300 0.0 664000
1723220235607 0.0 668000
1723220252336 0.0 672000
1723220268701 0.0 676000
1723220285396 0.0 680000
1723220302183 0.0 684000
1723220318721 0.0 688000
1723220335535 0.0 692000
1723220351648 0.0 696000
1723220368042 0.0 700000
1723220383920 0.0 704000
1723220400036 0.0 708000
1723220416007 0.0 712000
1723220432903 0.0 716000
1723220448602 0.0 720000
1723220465017 0.0 724000
1723220481680 0.0 728000
1723220498785 0.0 732000
1723220515563 0.0 736000
1723220532034 0.0 740000
1723220548719 0.0 744000
1723220565209 0.0 748000
1723220581678 0.0 752000
1723220598521 0.0 756000
1723220614708 0.0 760000
1723220629411 0.0 764000
1723220643184 0.0 768000
1723220657070 0.0 772000
1723220671592 0.0 776000
1723220686038 0.0 780000
1723220700264 0.0 784000
1723220714264 0.0 788000
1723220728688 0.0 792000
1723220742899 0.0 796000
1723220756671 0.0 800000
1723220770457 0.0 804000
1723220784565 0.0 808000
1723220798589 0.0 812000
1723220812466 0.0 816000
1723220826180 0.0 820000
1723220839932 0.0 824000
1723220859514 0.0 828000
1723220874366 0.0 832000
1723220888599 0.0 836000
1723220902308 0.0 840000
1723220916545 0.0 844000
1723220930638 0.0 848000
1723220944159 0.0 852000
1723220958328 0.0 856000
1723220972361 0.0 860000
1723220986723 0.0 864000
1723221000978 0.0 868000
1723221015001 0.0 872000
1723221029236 0.0 876000
1723221043440 0.0 880000
1723221057371 0.0 884000
1723221071230 0.0 888000
1723221085109 0.0 892000
1723221099252 0.0 896000
1723221113350 0.0 900000
1723221127175 0.0 904000
1723221141263 0.0 908000
1723221155988 0.0 912000
1723221169903 0.0 916000
1723221184338 0.0 920000
1723221198425 0.0 924000
1723221212352 0.0 928000
1723221226470 0.0 932000
1723221240297 0.0 936000
1723221253958 0.0 940000
1723221268489 0.0 944000
1723221282640 0.0 948000
1723221297291 0.0 952000
1723221311355 0.0 956000
1723221325999 0.0 960000
1723221340164 0.0 964000
1723221354053 0.0 968000
1723221368481 0.0 972000
1723221382779 0.0 976000
1723221396725 0.0 980000
1723221410814 0.0 984000
1723221425024 0.0 988000
1723221438952 0.0 992000
1723221453611 0.0 996000
1723221467787 0.0 1000000
1723221482004 0.0 1004000
1723221496461 0.0 1008000
1723221510547 0.0 1012000
1723221524023 0.0 1016000
1723221538490 0.0 1020000
1723221552764 0.0 1024000
1723221567139 0.0 1028000
1723221581260 0.0 1032000
1723221594933 0.0 1036000
1723221609143 0.0 1040000
1723221623248 0.0 1044000
1723221637152 0.0 1048000
1723221651240 0.0 1052000
1723221665173 0.0 1056000
1723221678980 0.0 1060000
1723221693533 0.0 1064000
1723221707836 0.0 1068000
1723221722185 0.0 1072000
1723221736154 0.0 1076000
1723221750463 0.0 1080000
1723221764022 0.0 1084000
1723221777847 0.0 1088000
1723221791804 0.0 1092000
1723221805740 0.0 1096000
1723221820280 0.0 1100000
1723221834514 0.0 1104000
1723221848852 0.0 1108000
1723221863410 0.0 1112000
1723221877010 0.0 1116000
1723221890162 0.0 1120000
1723221903723 0.0 1124000
1723221917614 0.0 1128000
1723221930914 0.0 1132000
1723221944570 0.0 1136000
1723221958136 0.0 1140000
1723221971623 0.0 1144000
1723221986463 0.0 1148000
1723221999798 0.0 1152000
1723222013434 0.0 1156000
1723222026875 0.0 1160000
1723222040509 0.0 1164000
1723222054921 0.0 1168000
1723222068783 0.0 1172000
1723222082700 0.0 1176000
1723222096580 0.0 1180000
1723222110809 0.0 1184000
1723222123913 0.0 1188000
1723222136907 0.0 1192000
1723222149424 0.0 1196000
1723222162192 0.0 1200000
1723222175295 0.0 1204000
1723222188788 0.0 1208000
1723222202260 0.0 1212000
1723222215261 0.0 1216000
1723222228980 0.0 1220000
1723222242150 0.0 1224000
1723222255176 0.0 1228000
1723222268336 0.0 1232000
1723222281520 0.0 1236000
1723222295275 0.0 1240000
1723222308791 0.0 1244000
1723222322478 0.0 1248000
1723222335230 0.0 1252000
1723222348653 0.0 1256000
1723222361242 0.0 1260000
1723222374117 0.0 1264000
1723222386822 0.0 1268000
1723222399954 0.0 1272000
1723222413312 0.0 1276000
1723222426973 0.0 1280000
1723222440299 0.0 1284000
1723222453867 0.0 1288000
1723222467633 0.0 1292000
1723222480632 0.0 1296000
1723222494011 0.0 1300000
1723222507095 0.0 1304000
1723222520151 0.0 1308000
1723222533938 0.0 1312000
1723222547135 0.0 1316000
1723222560668 0.0 1320000
1723222574219 0.0 1324000
1723222587843 0.0 1328000
1723222601024 0.0 1332000
1723222614078 0.0 1336000
1723222627187 0.0 1340000
1723222639802 0.0 1344000
1723222654025 0.0 1348000
1723222666998 0.0 1352000
1723222680549 0.0 1356000
1723222694092 0.0 1360000
1723222707148 0.0 1364000
1723222720638 0.0 1368000
1723222733932 0.0 1372000
1723222747185 0.0 1376000
1723222760455 0.0 1380000
1723222773967 0.0 1384000
1723222787434 0.0 1388000
1723222800607 0.0 1392000
1723222813807 0.0 1396000
1723222828073 0.0 1400000
1723222841790 0.0 1404000
1723222855106 0.0 1408000
1723222868591 0.0 1412000
1723222882003 0.0 1416000
1723222895772 0.0 1420000
1723222908839 0.0 1424000
1723222922286 0.0 1428000
1723222935944 0.0 1432000
1723222949670 0.0 1436000
1723222963249 0.0 1440000
1723222976442 0.0 1444000
1723222990372 0.0 1448000
1723223003757 0.0 1452000
1723223017025 0.0 1456000
1723223030108 0.0 1460000
1723223042787 0.0 1464000
1723223056174 0.0 1468000
1723223070083 0.0 1472000
1723223083737 0.0 1476000
1723223097251 0.0 1480000
1723223110366 0.0 1484000
1723223124783 0.0 1488000
1723223138681 0.0 1492000
1723223152249 0.0 1496000
1723223166349 0.0 1500000
1723223179626 0.0 1504000
1723223193419 0.0 1508000
1723223206781 0.0 1512000
1723223219847 0.0 1516000
1723223233003 0.0 1520000
1723223246585 0.0 1524000
1723223259830 0.0 1528000
1723223273360 0.0 1532000
1723223286831 0.0 1536000
1723223300833 0.0 1540000
1723223314087 0.0 1544000
1723223327334 0.0 1548000
1723223340661 0.0 1552000
1723223354155 0.0 1556000
1723223367623 0.0 1560000
1723223380782 0.0 1564000
1723223393707 0.0 1568000
1723223407228 0.0 1572000
1723223420656 0.0 1576000
1723223434303 0.0 1580000
1723223447423 0.0 1584000
1723223460614 0.0 1588000
1723223473942 0.0 1592000
1723223487985 0.0 1596000
1723223501128 0.0 1600000
1723223514357 0.0 1604000
1723223527882 0.0 1608000
1723224061996 0.0 1612000
1723224075836 0.0 1616000
1723224088965 0.0 1620000
1723224102263 0.0 1624000
1723224274546 0.0 1628000
1723224291352 0.0 1632000
1723224305063 0.0 1636000
1723224319970 0.0 1640000
1723224332995 0.0 1644000
1723224345820 0.0 1648000
1723224359044 0.0 1652000
1723224372704 0.0 1656000
1723224386777 0.0 1660000
1723224418207 0.0 1664000
1723224438082 0.0 1668000
1723224844393 0.0 1672000
1723224857827 0.0 1676000
1723224870236 0.0 1680000
1723225074261 0.0 1684000
1723225091723 0.0 1688000
1723225104965 0.0 1692000
1723225148464 0.0 1696000
1723225161613 0.0 1700000
1723225174385 0.0 1704000
1723225187290 0.0 1708000
1723225259214 0.0 1712000
1723225271459 0.0 1716000
1723225283906 0.0 1720000
1723225296448 0.0 1724000
1723226306025 0.0 1728000
1723226318433 0.0 1732000
1723226331214 0.0 1736000
1723226344107 0.0 1740000
1723226356750 0.0 1744000
1723226369042 0.0 1748000
1723226382105 0.0 1752000
1723226394372 0.0 1756000
1723226406865 0.0 1760000
1723226419362 0.0 1764000
1723226431783 0.0 1768000
1723226444202 0.0 1772000
1723226456603 0.0 1776000
1723226468907 0.0 1780000
1723226481674 0.0 1784000
1723226493729 0.0 1788000
1723226506059 0.0 1792000
1723226518675 0.0 1796000
1723226530815 0.0 1800000
1723226543131 0.0 1804000
1723226555677 0.0 1808000
1723226568056 0.0 1812000
1723226580426 0.0 1816000
1723226592801 0.0 1820000
1723226604804 0.0 1824000
1723226617042 0.0 1828000
1723226629661 0.0 1832000
1723226642262 0.0 1836000
1723226654399 0.0 1840000
1723226666725 0.0 1844000
1723226678946 0.0 1848000
1723226691361 0.0 1852000
1723226703700 0.0 1856000
1723226715789 0.0 1860000
1723226728455 0.0 1864000
1723226740781 0.0 1868000
1723226753233 0.0 1872000
1723226765491 0.0 1876000
1723226777519 0.0 1880000
1723226789632 0.0 1884000
1723226801842 0.0 1888000
1723226814053 0.0 1892000
1723226826201 0.0 1896000
1723226838929 0.0 1900000
1723226851094 0.0 1904000
1723226863387 0.0 1908000
1723226875617 0.0 1912000
1723226887605 0.0 1916000
1723226899772 0.0 1920000
1723226911433 0.0 1924000
1723226923217 0.0 1928000
1723226935299 0.0 1932000
1723226948542 0.0 1936000
1723226965084 0.0 1940000
1723226981388 0.0 1944000
1723226999831 0.0 1948000
1723227017780 0.0 1952000
1723227035369 0.0 1956000
1723227053280 0.0 1960000
1723227071357 0.0 1964000
1723227089386 0.0 1968000
1723227106754 0.0 1972000
1723227123631 0.0 1976000
1723227139147 0.0 1980000
1723227155061 0.0 1984000
1723227170240 0.0 1988000
1723227185214 0.0 1992000
1723227203099 0.0 1996000
1723227218920 0.0 2000000
