1723217327516 1.0 4000
1723217342753 1.0 8000
1723217358099 1.0 12000
1723217373414 1.0 16000
1723217388835 1.0 20000
1723217404238 1.0 24000
1723217419606 1.0 28000
1723217434814 1.0 32000
1723217450182 1.0 36000
1723217465750 1.0 40000
1723217481260 1.0 44000
1723217496614 1.0 48000
1723217511956 1.0 52000
1723217527235 1.0 56000
1723217542538 1.0 60000
1723217557821 1.0 64000
1723217573119 1.0 68000
1723217588733 1.0 72000
1723217604141 1.0 76000
1723217621334 1.0 80000
1723217639452 1.0 84000
1723217657343 1.0 88000
1723217674731 1.0 92000
1723217691882 1.0 96000
1723217709618 1.0 100000
1723217727049 1.0 104000
1723217744518 1.0 108000
1723217762391 1.0 112000
1723217780447 1.0 116000
1723217799517 1.0 120000
1723217817262 1.0 124000
1723217834876 1.0 128000
1723217852453 1.0 132000
1723217869840 1.0 136000
1723217887130 1.0 140000
1723217904135 1.0 144000
1723217920763 1.0 148000
1723217937789 1.0 152000
1723217954841 1.0 156000
1723217972237 1.0 160000
1723217989540 1.0 164000
1723218006875 1.0 168000
1723218024192 1.0 172000
1723218041505 1.0 176000
1723218059799 1.0 180000
1723218077270 1.0 184000
1723218094147 1.0 188000
1723218111931 1.0 192000
1723218129508 1.0 196000
1723218147133 1.0 200000
1723218163953 1.0 204000
1723218181062 1.0 208000
1723218197884 1.0 212000
1723218216431 1.0 216000
1723218233482 1.0 220000
1723218250371 1.0 224000
1723218267460 1.0 228000
1723218284763 1.0 232000
1723218301856 1.0 236000
1723218318812 1.0 240000
1723218335842 1.0 244000
1723218352752 1.0 248000
1723218370064 1.0 252000
1723218386452 1.0 256000
1723218403150 1.0 260000
1723218420249 1.0 264000
1723218437873 1.0 268000
1723218455380 1.0 272000
1723218474252 1.0 276000
1723218491371 1.0 280000
1723218508552 1.0 284000
1723218525560 1.0 288000
1723218541935 1.0 292000
1723218559252 1.0 296000
1723218576462 1.0 300000
1723218594918 1.0 304000
1723218611816 1.0 308000
1723218629070 1.0 312000
1723218645637 1.0 316000
1723218662970 1.0 320000
1723218679952 1.0 324000
1723218696876 1.0 328000
1723218821429 1.0 332000
1723218838797 1.0 336000
1723218855715 1.0 340000
1723218872725 1.0 344000
1723218891818 1.0 348000
1723218908413 1.0 352000
1723218924974 1.0 356000
1723218941337 1.0 360000
1723218958335 1.0 364000
1723218975139 1.0 368000
1723218998648 1.0 372000
1723219018662 1.0 376000
1723219035824 1.0 380000
1723219052673 1.0 384000
1723219071117 1.0 388000
1723219088004 1.0 392000
1723219104647 1.0 396000
1723219121645 1.0 400000
1723219138485 1.0 404000
1723219155854 1.0 408000
1723219173071 1.0 412000
1723219190739 1.0 416000
1723219208214 1.0 420000
1723219225450 1.0 424000
1723219241836 1.0 428000
1723219258139 1.0 432000
1723219274789 1.0 436000
1723219290845 1.0 440000
1723219306992 1.0 444000
1723219322748 1.0 448000
1723219339884 1.0 452000
1723219358107 1.0 456000
1723219375627 1.0 460000
1723219392147 1.0 464000
1723219408690 1.0 468000
1723219425185 1.0 472000
1723219442531 1.0 476000
1723219458904 1.0 480000
1723219475664 1.0 484000
1723219492432 1.0 488000
1723219509046 1.0 492000
1723219525672 1.0 496000
1723219541932 1.0 500000
1723219558331 1.0 504000
1723219574733 1.0 508000
1723219591081 1.0 512000
1723219606491 1.0 516000
1723219622838 1.0 520000
1723219640213 1.0 524000
1723219656998 1.0 528000
1723219673940 1.0 532000
1723219690186 1.0 536000
1723219706388 1.0 540000
1723219722660 1.0 544000
1723219739172 1.0 548000
1723219757183 1.0 552000
1723219774054 1.0 556000
1723219791145 1.0 560000
1723219807889 1.0 564000
1723219825292 1.0 568000
1723219842203 1.0 572000
1723219858677 1.0 576000
1723219876124 1.0 580000
1723219891578 1.0 584000
1723219907215 1.0 588000
1723219923004 1.0 592000
1723219939734 1.0 596000
1723219956198 1.0 600000
1723219972229 1.0 604000
1723219988187 1.0 608000
1723220004900 1.0 612000
1723220021123 1.0 616000
1723220037498 1.0 620000
1723220054730 1.0 624000
1723220071757 1.0 628000
1723220088528 1.0 632000
1723220104847 1.0 636000
1723220121192 1.0 640000
1723220137512 1.0 644000
1723220153498 1.0 648000
1723220169584 1.0 652000
1723220186467 1.0 656000
1723220202852 1.0 660000
1723220219278 1.0 664000
1723220235586 1.0 668000
1723220252315 1.0 672000
1723220268668 1.0 676000
1723220285374 1.0 680000
1723220302161 1.0 684000
1723220318699 1.0 688000
1723220335507 1.0 692000
1723220351626 1.0 696000
1723220368021 1.0 700000
1723220383899 1.0 704000
1723220400014 1.0 708000
1723220415986 1.0 712000
1723220432882 1.0 716000
1723220448581 1.0 720000
1723220464994 1.0 724000
1723220481658 1.0 728000
1723220498764 1.0 732000
1723220515542 1.0 736000
1723220532013 1.0 740000
1723220548697 1.0 744000
1723220565186 1.0 748000
1723220581657 1.0 752000
1723220598499 1.0 756000
1723220614687 1.0 760000
1723220629391 1.0 764000
1723220643163 1.0 768000
1723220657049 1.0 772000
1723220671571 1.0 776000
1723220686018 1.0 780000
1723220700244 1.0 784000
1723220714243 1.0 788000
1723220728667 1.0 792000
1723220742878 1.0 796000
1723220756650 1.0 800000
1723220770436 1.0 804000
1723220784540 1.0 808000
1723220798569 1.0 812000
1723220812444 1.0 816000
1723220826159 1.0 820000
1723220839906 1.0 824000
1723220859493 1.0 828000
1723220874344 1.0 832000
1723220888579 1.0 836000
1723220902286 1.0 840000
1723220916523 1.0 844000
1723220930615 1.0 848000
1723220944139 1.0 852000
1723220958307 1.0 856000
1723220972341 1.0 860000
1723220986702 1.0 864000
1723221000957 1.0 868000
1723221014979 1.0 872000
1723221029215 1.0 876000
1723221043419 1.0 880000
1723221057350 1.0 884000
1723221071209 1.0 888000
1723221085088 1.0 892000
1723221099232 1.0 896000
1723221113329 1.0 900000
1723221127154 1.0 904000
1723221141242 1.0 908000
1723221155966 1.0 912000
1723221169874 1.0 916000
1723221184313 1.0 920000
1723221198400 1.0 924000
1723221212330 1.0 928000
1723221226450 1.0 932000
1723221240276 1.0 936000
1723221253936 1.0 940000
1723221268469 1.0 944000
1723221282619 1.0 948000
1723221297270 1.0 952000
1723221311334 1.0 956000
1723221325979 1.0 960000
1723221340143 1.0 964000
1723221354033 1.0 968000
1723221368461 1.0 972000
1723221382756 1.0 976000
1723221396704 1.0 980000
1723221410793 1.0 984000
1723221425003 1.0 988000
1723221438932 1.0 992000
1723221453591 1.0 996000
1723221467766 1.0 1000000
1723221481983 1.0 1004000
1723221496440 1.0 1008000
1723221510527 1.0 1012000
1723221524002 1.0 1016000
1723221538469 1.0 1020000
1723221552743 1.0 1024000
1723221567113 1.0 1028000
1723221581239 1.0 1032000
1723221594913 1.0 1036000
1723221609122 1.0 1040000
1723221623226 1.0 1044000
1723221637132 1.0 1048000
1723221651218 1.0 1052000
1723221665152 1.0 1056000
1723221678959 1.0 1060000
1723221693512 1.0 1064000
1723221707815 1.0 1068000
1723221722164 1.0 1072000
1723221736134 1.0 1076000
1723221750443 1.0 1080000
1723221764001 1.0 1084000
1723221777827 1.0 1088000
1723221791784 1.0 1092000
1723221805720 1.0 1096000
1723221820259 1.0 1100000
1723221834493 1.0 1104000
1723221848832 1.0 1108000
1723221863388 1.0 1112000
1723221876986 1.0 1116000
1723221890141 1.0 1120000
1723221903702 1.0 1124000
1723221917593 1.0 1128000
1723221930893 1.0 1132000
1723221944549 1.0 1136000
1723221958116 1.0 1140000
1723221971602 1.0 1144000
1723221986442 1.0 1148000
1723221999777 1.0 1152000
1723222013413 1.0 1156000
1723222026854 1.0 1160000
1723222040488 1.0 1164000
1723222054900 1.0 1168000
1723222068762 1.0 1172000
1723222082679 1.0 1176000
1723222096559 1.0 1180000
1723222110785 1.0 1184000
1723222123892 1.0 1188000
1723222136884 1.0 1192000
1723222149403 1.0 1196000
1723222162171 1.0 1200000
1723222175270 1.0 1204000
1723222188767 1.0 1208000
1723222202239 1.0 1212000
1723222215241 1.0 1216000
1723222228959 1.0 1220000
1723222242129 1.0 1224000
1723222255153 1.0 1228000
1723222268316 1.0 1232000
1723222281499 1.0 1236000
1723222295254 1.0 1240000
1723222308771 1.0 1244000
1723222322456 1.0 1248000
1723222335207 1.0 1252000
1723222348632 1.0 1256000
1723222361220 1.0 1260000
1723222374095 1.0 1264000
1723222386801 1.0 1268000
1723222399933 1.0 1272000
1723222413289 1.0 1276000
1723222426952 1.0 1280000
1723222440277 1.0 1284000
1723222453846 1.0 1288000
1723222467613 1.0 1292000
1723222480611 1.0 1296000
1723222493990 1.0 1300000
1723222507073 1.0 1304000
1723222520130 1.0 1308000
1723222533917 1.0 1312000
1723222547114 1.0 1316000
1723222560647 1.0 1320000
1723222574198 1.0 1324000
1723222587821 1.0 1328000
1723222601003 1.0 1332000
1723222614057 1.0 1336000
1723222627166 1.0 1340000
1723222639781 1.0 1344000
1723222654004 1.0 1348000
1723222666977 1.0 1352000
1723222680528 1.0 1356000
1723222694070 1.0 1360000
1723222707125 1.0 1364000
1723222720615 1.0 1368000
1723222733909 1.0 1372000
1723222747163 1.0 1376000
1723222760434 1.0 1380000
1723222773946 1.0 1384000
1723222787413 1.0 1388000
1723222800587 1.0 1392000
1723222813785 1.0 1396000
1723222828053 1.0 1400000
1723222841769 1.0 1404000
1723222855085 1.0 1408000
1723222868570 1.0 1412000
1723222881982 1.0 1416000
1723222895751 1.0 1420000
1723222908817 1.0 1424000
1723222922263 1.0 1428000
1723222935923 1.0 1432000
1723222949650 1.0 1436000
1723222963229 1.0 1440000
1723222976420 1.0 1444000
1723222990350 1.0 1448000
1723223003736 1.0 1452000
1723223017004 1.0 1456000
1723223030086 1.0 1460000
1723223042765 1.0 1464000
1723223056153 1.0 1468000
1723223070062 1.0 1472000
1723223083716 1.0 1476000
1723223097230 1.0 1480000
1723223110345 1.0 1484000
1723223124762 1.0 1488000
1723223138659 1.0 1492000
1723223152227 1.0 1496000
1723223166328 1.0 1500000
1723223179603 1.0 1504000
1723223193398 1.0 1508000
1723223206760 1.0 1512000
1723223219825 1.0 1516000
1723223232981 1.0 1520000
1723223246562 1.0 1524000
1723223259809 1.0 1528000
1723223273339 1.0 1532000
1723223286810 1.0 1536000
1723223300811 1.0 1540000
1723223314066 1.0 1544000
1723223327312 1.0 1548000
1723223340639 1.0 1552000
1723223354134 1.0 1556000
1723223367602 1.0 1560000
1723223380762 1.0 1564000
1723223393686 1.0 1568000
1723223407207 1.0 1572000
1723223420635 1.0 1576000
1723223434283 1.0 1580000
1723223447402 1.0 1584000
1723223460594 1.0 1588000
1723223473920 1.0 1592000
1723223487963 1.0 1596000
1723223501108 1.0 1600000
1723223514337 1.0 1604000
1723223527860 1.0 1608000
1723224061971 1.0 1612000
1723224075815 1.0 1616000
1723224088944 1.0 1620000
1723224102241 1.0 1624000
1723224274517 1.0 1628000
1723224291331 1.0 1632000
1723224305042 1.0 1636000
1723224319947 1.0 1640000
1723224332975 1.0 1644000
1723224345799 1.0 1648000
1723224359024 1.0 1652000
1723224372683 1.0 1656000
1723224386753 1.0 1660000
1723224418181 1.0 1664000
1723224438058 1.0 1668000
1723224844371 1.0 1672000
1723224857805 1.0 1676000
1723224870213 1.0 1680000
1723225074205 1.0 1684000
1723225091696 1.0 1688000
1723225104943 1.0 1692000
1723225148442 1.0 1696000
1723225161591 1.0 1700000
1723225174363 1.0 1704000
1723225187268 1.0 1708000
1723225259192 1.0 1712000
1723225271438 1.0 1716000
1723225283885 1.0 1720000
1723225296427 1.0 1724000
1723226306004 1.0 1728000
1723226318413 1.0 1732000
1723226331193 1.0 1736000
1723226344086 1.0 1740000
1723226356728 1.0 1744000
1723226369021 1.0 1748000
1723226382085 1.0 1752000
1723226394351 1.0 1756000
1723226406844 1.0 1760000
1723226419341 1.0 1764000
1723226431763 1.0 1768000
1723226444181 1.0 1772000
1723226456583 1.0 1776000
1723226468885 1.0 1780000
1723226481653 1.0 1784000
1723226493708 1.0 1788000
1723226506039 1.0 1792000
1723226518655 1.0 1796000
1723226530795 1.0 1800000
1723226543108 1.0 1804000
1723226555656 1.0 1808000
1723226568035 1.0 1812000
1723226580405 1.0 1816000
1723226592780 1.0 1820000
1723226604783 1.0 1824000
1723226617022 1.0 1828000
1723226629641 1.0 1832000
1723226642241 1.0 1836000
1723226654378 1.0 1840000
1723226666704 1.0 1844000
1723226678925 1.0 1848000
1723226691341 1.0 1852000
1723226703679 1.0 1856000
1723226715767 1.0 1860000
1723226728434 1.0 1864000
1723226740761 1.0 1868000
1723226753213 1.0 1872000
1723226765470 1.0 1876000
1723226777499 1.0 1880000
1723226789611 1.0 1884000
1723226801821 1.0 1888000
1723226814032 1.0 1892000
1723226826180 1.0 1896000
1723226838908 1.0 1900000
1723226851074 1.0 1904000
1723226863366 1.0 1908000
1723226875596 1.0 1912000
1723226887585 1.0 1916000
1723226899752 1.0 1920000
1723226911413 1.0 1924000
1723226923197 1.0 1928000
1723226935278 1.0 1932000
1723226948516 1.0 1936000
1723226965059 1.0 1940000
1723226981360 1.0 1944000
1723226999801 1.0 1948000
1723227017753 1.0 1952000
1723227035343 1.0 1956000
1723227053250 1.0 1960000
1723227071326 1.0 1964000
1723227089359 1.0 1968000
1723227106728 1.0 1972000
1723227123604 1.0 1976000
1723227139121 1.0 1980000
1723227155035 1.0 1984000
1723227170218 1.0 1988000
1723227185192 1.0 1992000
1723227203063 1.0 1996000
1723227218892 1.0 2000000
