1723217327517 0.0 4000
1723217342754 0.0 8000
1723217358100 0.0 12000
1723217373415 0.0 16000
1723217388836 0.0 20000
1723217404239 0.0 24000
1723217419606 0.0 28000
1723217434815 0.0 32000
1723217450183 0.0 36000
1723217465751 0.0 40000
1723217481261 0.0 44000
1723217496615 0.0 48000
1723217511957 0.0 52000
1723217527235 0.0 56000
1723217542539 0.0 60000
1723217557822 0.0 64000
1723217573120 0.0 68000
1723217588734 0.0 72000
1723217604142 0.0 76000
1723217621334 0.0 80000
1723217639453 0.0 84000
1723217657344 0.0 88000
1723217674732 0.0 92000
1723217691883 0.0 96000
1723217709619 0.0 100000
1723217727049 0.0 104000
1723217744519 0.0 108000
1723217762392 0.0 112000
1723217780448 0.0 116000
1723217799517 0.0 120000
1723217817263 0.0 124000
1723217834877 0.0 128000
1723217852455 0.0 132000
1723217869840 0.0 136000
1723217887131 0.0 140000
1723217904136 0.0 144000
1723217920764 0.0 148000
1723217937790 0.0 152000
1723217954842 0.0 156000
1723217972238 0.0 160000
1723217989541 0.0 164000
1723218006876 0.0 168000
1723218024192 0.0 172000
1723218041507 0.0 176000
1723218059800 0.0 180000
1723218077271 0.0 184000
1723218094148 0.0 188000
1723218111932 0.0 192000
1723218129508 0.0 196000
1723218147134 0.0 200000
1723218163955 0.0 204000
1723218181063 0.0 208000
1723218197885 0.0 212000
1723218216432 0.0 216000
1723218233483 0.0 220000
1723218250372 0.0 224000
1723218267460 0.0 228000
1723218284764 0.0 232000
1723218301857 0.0 236000
1723218318813 0.0 240000
1723218335843 0.0 244000
1723218352753 0.0 248000
1723218370065 0.0 252000
1723218386453 0.0 256000
1723218403150 0.0 260000
1723218420250 0.0 264000
1723218437874 0.0 268000
1723218455381 0.0 272000
1723218474252 0.0 276000
1723218491372 0.0 280000
1723218508552 0.0 284000
1723218525561 0.0 288000
1723218541935 0.0 292000
1723218559253 0.0 296000
1723218576462 0.0 300000
1723218594919 0.0 304000
1723218611817 0.0 308000
1723218629071 0.0 312000
1723218645638 0.0 316000
1723218662970 0.0 320000
1723218679953 0.0 324000
1723218696877 0.0 328000
1723218821431 0.0 332000
1723218838798 0.0 336000
1723218855716 0.0 340000
1723218872726 0.0 344000
1723218891819 0.0 348000
1723218908414 0.0 352000
1723218924974 0.0 356000
1723218941338 0.0 360000
1723218958336 0.0 364000
1723218975140 0.0 368000
1723218998649 0.0 372000
1723219018662 0.0 376000
1723219035825 0.0 380000
1723219052674 0.0 384000
1723219071118 0.0 388000
1723219088005 0.0 392000
1723219104648 0.0 396000
1723219121645 0.0 400000
1723219138485 0.0 404000
1723219155855 0.0 408000
1723219173072 0.0 412000
1723219190739 0.0 416000
1723219208215 0.0 420000
1723219225451 0.0 424000
1723219241837 0.0 428000
1723219258140 0.0 432000
1723219274789 0.0 436000
1723219290846 0.0 440000
1723219306993 0.0 444000
1723219322749 0.0 448000
1723219339885 0.0 452000
1723219358108 0.0 456000
1723219375627 0.0 460000
1723219392148 0.0 464000
1723219408690 0.0 468000
1723219425186 0.0 472000
1723219442532 0.0 476000
1723219458905 0.0 480000
1723219475665 0.0 484000
1723219492433 0.0 488000
1723219509047 0.0 492000
1723219525673 0.0 496000
1723219541933 0.0 500000
1723219558331 0.0 504000
1723219574734 0.0 508000
1723219591082 0.0 512000
1723219606492 0.0 516000
1723219622838 0.0 520000
1723219640214 0.0 524000
1723219656999 0.0 528000
1723219673941 0.0 532000
1723219690187 0.0 536000
1723219706389 0.0 540000
1723219722661 0.0 544000
1723219739172 0.0 548000
1723219757183 0.0 552000
1723219774054 0.0 556000
1723219791146 0.0 560000
1723219807890 0.0 564000
1723219825293 0.0 568000
1723219842204 0.0 572000
1723219858678 0.0 576000
1723219876125 0.0 580000
1723219891579 0.0 584000
1723219907216 0.0 588000
1723219923005 0.0 592000
1723219939735 0.0 596000
1723219956199 0.0 600000
1723219972229 0.0 604000
1723219988188 0.0 608000
1723220004901 0.0 612000
1723220021124 0.0 616000
1723220037498 0.0 620000
1723220054731 0.0 624000
1723220071758 0.0 628000
1723220088529 0.0 632000
1723220104847 0.0 636000
1723220121193 0.0 640000
1723220137512 0.0 644000
1723220153498 0.0 648000
1723220169585 0.0 652000
1723220186468 0.0 656000
1723220202853 0.0 660000
1723220219279 0.0 664000
1723220235587 0.0 668000
1723220252316 0.0 672000
1723220268669 0.0 676000
1723220285375 0.0 680000
1723220302162 0.0 684000
1723220318700 0.0 688000
1723220335510 0.0 692000
1723220351627 0.0 696000
1723220368021 0.0 700000
1723220383900 0.0 704000
1723220400014 0.0 708000
1723220415987 0.0 712000
1723220432882 0.0 716000
1723220448581 0.0 720000
1723220464995 0.0 724000
1723220481659 0.0 728000
1723220498765 0.0 732000
1723220515543 0.0 736000
1723220532014 0.0 740000
1723220548698 0.0 744000
1723220565187 0.0 748000
1723220581658 0.0 752000
1723220598500 0.0 756000
1723220614688 0.0 760000
1723220629391 0.0 764000
1723220643164 0.0 768000
1723220657050 0.0 772000
1723220671571 0.0 776000
1723220686019 0.0 780000
1723220700245 0.0 784000
1723220714244 0.0 788000
1723220728667 0.0 792000
1723220742879 0.0 796000
1723220756651 0.0 800000
1723220770437 0.0 804000
1723220784541 0.0 808000
1723220798570 0.0 812000
1723220812445 0.0 816000
1723220826160 0.0 820000
1723220839911 0.0 824000
1723220859494 0.0 828000
1723220874345 0.0 832000
1723220888580 0.0 836000
1723220902287 0.0 840000
1723220916524 0.0 844000
1723220930616 0.0 848000
1723220944139 0.0 852000
1723220958308 0.0 856000
1723220972341 0.0 860000
1723220986703 0.0 864000
1723221000957 0.0 868000
1723221014980 0.0 872000
1723221029216 0.0 876000
1723221043420 0.0 880000
1723221057351 0.0 884000
1723221071210 0.0 888000
1723221085089 0.0 892000
1723221099232 0.0 896000
1723221113330 0.0 900000
1723221127155 0.0 904000
1723221141243 0.0 908000
1723221155967 0.0 912000
1723221169875 0.0 916000
1723221184314 0.0 920000
1723221198401 0.0 924000
1723221212331 0.0 928000
1723221226450 0.0 932000
1723221240277 0.0 936000
1723221253937 0.0 940000
1723221268470 0.0 944000
1723221282620 0.0 948000
1723221297270 0.0 952000
1723221311335 0.0 956000
1723221325979 0.0 960000
1723221340144 0.0 964000
1723221354034 0.0 968000
1723221368461 0.0 972000
1723221382757 0.0 976000
1723221396705 0.0 980000
1723221410794 0.0 984000
1723221425004 0.0 988000
1723221438933 0.0 992000
1723221453591 0.0 996000
1723221467767 0.0 1000000
1723221481984 0.0 1004000
1723221496441 0.0 1008000
1723221510528 0.0 1012000
1723221524003 0.0 1016000
1723221538470 0.0 1020000
1723221552744 0.0 1024000
1723221567113 0.0 1028000
1723221581239 0.0 1032000
1723221594913 0.0 1036000
1723221609122 0.0 1040000
1723221623226 0.0 1044000
1723221637133 0.0 1048000
1723221651219 0.0 1052000
1723221665153 0.0 1056000
1723221678960 0.0 1060000
1723221693513 0.0 1064000
1723221707816 0.0 1068000
1723221722165 0.0 1072000
1723221736135 0.0 1076000
1723221750444 0.0 1080000
1723221764002 0.0 1084000
1723221777827 0.0 1088000
1723221791784 0.0 1092000
1723221805720 0.0 1096000
1723221820260 0.0 1100000
1723221834494 0.0 1104000
1723221848833 0.0 1108000
1723221863389 0.0 1112000
1723221876987 0.0 1116000
1723221890142 0.0 1120000
1723221903703 0.0 1124000
1723221917594 0.0 1128000
1723221930894 0.0 1132000
1723221944549 0.0 1136000
1723221958116 0.0 1140000
1723221971603 0.0 1144000
1723221986443 0.0 1148000
1723221999778 0.0 1152000
1723222013414 0.0 1156000
1723222026854 0.0 1160000
1723222040489 0.0 1164000
1723222054901 0.0 1168000
1723222068763 0.0 1172000
1723222082679 0.0 1176000
1723222096560 0.0 1180000
1723222110786 0.0 1184000
1723222123893 0.0 1188000
1723222136885 0.0 1192000
1723222149404 0.0 1196000
1723222162172 0.0 1200000
1723222175271 0.0 1204000
1723222188768 0.0 1208000
1723222202240 0.0 1212000
1723222215241 0.0 1216000
1723222228960 0.0 1220000
1723222242130 0.0 1224000
1723222255154 0.0 1228000
1723222268317 0.0 1232000
1723222281500 0.0 1236000
1723222295255 0.0 1240000
1723222308771 0.0 1244000
1723222322456 0.0 1248000
1723222335208 0.0 1252000
1723222348632 0.0 1256000
1723222361221 0.0 1260000
1723222374096 0.0 1264000
1723222386801 0.0 1268000
1723222399934 0.0 1272000
1723222413290 0.0 1276000
1723222426953 0.0 1280000
1723222440278 0.0 1284000
1723222453847 0.0 1288000
1723222467613 0.0 1292000
1723222480612 0.0 1296000
1723222493991 0.0 1300000
1723222507074 0.0 1304000
1723222520131 0.0 1308000
1723222533918 0.0 1312000
1723222547115 0.0 1316000
1723222560648 0.0 1320000
1723222574199 0.0 1324000
1723222587822 0.0 1328000
1723222601004 0.0 1332000
1723222614057 0.0 1336000
1723222627166 0.0 1340000
1723222639782 0.0 1344000
1723222654005 0.0 1348000
1723222666977 0.0 1352000
1723222680529 0.0 1356000
1723222694071 0.0 1360000
1723222707126 0.0 1364000
1723222720616 0.0 1368000
1723222733910 0.0 1372000
1723222747164 0.0 1376000
1723222760435 0.0 1380000
1723222773946 0.0 1384000
1723222787413 0.0 1388000
1723222800587 0.0 1392000
1723222813786 0.0 1396000
1723222828054 0.0 1400000
1723222841770 0.0 1404000
1723222855086 0.0 1408000
1723222868571 0.0 1412000
1723222881983 0.0 1416000
1723222895751 0.0 1420000
1723222908818 0.0 1424000
1723222922264 0.0 1428000
1723222935924 0.0 1432000
1723222949650 0.0 1436000
1723222963230 0.0 1440000
1723222976421 0.0 1444000
1723222990351 0.0 1448000
1723223003737 0.0 1452000
1723223017005 0.0 1456000
1723223030087 0.0 1460000
1723223042766 0.0 1464000
1723223056153 0.0 1468000
1723223070063 0.0 1472000
1723223083717 0.0 1476000
1723223097231 0.0 1480000
1723223110346 0.0 1484000
1723223124763 0.0 1488000
1723223138660 0.0 1492000
1723223152228 0.0 1496000
1723223166329 0.0 1500000
1723223179604 0.0 1504000
1723223193399 0.0 1508000
1723223206761 0.0 1512000
1723223219826 0.0 1516000
1723223232982 0.0 1520000
1723223246563 0.0 1524000
1723223259810 0.0 1528000
1723223273340 0.0 1532000
1723223286811 0.0 1536000
1723223300812 0.0 1540000
1723223314067 0.0 1544000
1723223327313 0.0 1548000
1723223340640 0.0 1552000
1723223354135 0.0 1556000
1723223367603 0.0 1560000
1723223380762 0.0 1564000
1723223393687 0.0 1568000
1723223407208 0.0 1572000
1723223420636 0.0 1576000
1723223434283 0.0 1580000
1723223447403 0.0 1584000
1723223460594 0.0 1588000
1723223473921 0.0 1592000
1723223487964 0.0 1596000
1723223501109 0.0 1600000
1723223514337 0.0 1604000
1723223527861 0.0 1608000
1723224061972 0.0 1612000
1723224075816 0.0 1616000
1723224088945 0.0 1620000
1723224102242 0.0 1624000
1723224274518 0.0 1628000
1723224291332 0.0 1632000
1723224305042 0.0 1636000
1723224319947 0.0 1640000
1723224332975 0.0 1644000
1723224345799 0.0 1648000
1723224359024 0.0 1652000
1723224372684 0.0 1656000
1723224386754 0.0 1660000
1723224418182 0.0 1664000
1723224438058 0.0 1668000
1723224844372 0.0 1672000
1723224857806 0.0 1676000
1723224870214 0.0 1680000
1723225074206 0.0 1684000
1723225091696 0.0 1688000
1723225104943 0.0 1692000
1723225148443 0.0 1696000
1723225161592 0.0 1700000
1723225174364 0.0 1704000
1723225187268 0.0 1708000
1723225259192 0.0 1712000
1723225271438 0.0 1716000
1723225283886 0.0 1720000
1723225296428 0.0 1724000
1723226306005 0.0 1728000
1723226318413 0.0 1732000
1723226331194 0.0 1736000
1723226344086 0.0 1740000
1723226356729 0.0 1744000
1723226369021 0.0 1748000
1723226382085 0.0 1752000
1723226394351 0.0 1756000
1723226406845 0.0 1760000
1723226419342 0.0 1764000
1723226431764 0.0 1768000
1723226444182 0.0 1772000
1723226456584 0.0 1776000
1723226468886 0.0 1780000
1723226481653 0.0 1784000
1723226493709 0.0 1788000
1723226506039 0.0 1792000
1723226518655 0.0 1796000
1723226530795 0.0 1800000
1723226543109 0.0 1804000
1723226555657 0.0 1808000
1723226568036 0.0 1812000
1723226580405 0.0 1816000
1723226592781 0.0 1820000
1723226604784 0.0 1824000
1723226617023 0.0 1828000
1723226629641 0.0 1832000
1723226642241 0.0 1836000
1723226654378 0.0 1840000
1723226666704 0.0 1844000
1723226678926 0.0 1848000
1723226691341 0.0 1852000
1723226703680 0.0 1856000
1723226715768 0.0 1860000
1723226728435 0.0 1864000
1723226740761 0.0 1868000
1723226753213 0.0 1872000
1723226765471 0.0 1876000
1723226777499 0.0 1880000
1723226789612 0.0 1884000
1723226801822 0.0 1888000
1723226814033 0.0 1892000
1723226826181 0.0 1896000
1723226838909 0.0 1900000
1723226851074 0.0 1904000
1723226863367 0.0 1908000
1723226875597 0.0 1912000
1723226887586 0.0 1916000
1723226899752 0.0 1920000
1723226911414 0.0 1924000
1723226923197 0.0 1928000
1723226935279 0.0 1932000
1723226948517 0.0 1936000
1723226965060 0.0 1940000
1723226981361 0.0 1944000
1723226999803 0.0 1948000
1723227017754 0.0 1952000
1723227035344 0.0 1956000
1723227053251 0.0 1960000
1723227071328 0.0 1964000
1723227089360 0.0 1968000
1723227106729 0.0 1972000
1723227123605 0.0 1976000
1723227139121 0.0 1980000
1723227155036 0.0 1984000
1723227170218 0.0 1988000
1723227185193 0.0 1992000
1723227203064 0.0 1996000
1723227218893 0.0 2000000
