1723217327545 -1.0 4000
1723217342778 -1.0 8000
1723217358126 -1.0 12000
1723217373438 -1.0 16000
1723217388861 -1.0 20000
1723217404269 -1.0 24000
1723217419635 -1.0 28000
1723217434842 -1.0 32000
1723217450207 -1.0 36000
1723217465781 -1.0 40000
1723217481285 -1.0 44000
1723217496644 -1.0 48000
1723217511984 -1.0 52000
1723217527261 -1.0 56000
1723217542571 -1.0 60000
1723217557846 -1.0 64000
1723217573144 -1.0 68000
1723217588766 -1.0 72000
1723217604170 -1.0 76000
1723217621359 -1.0 80000
1723217639477 -1.0 84000
1723217657379 -1.0 88000
1723217674757 -1.0 92000
1723217691908 -1.0 96000
1723217709644 -1.0 100000
1723217727078 -1.0 104000
1723217744549 -1.0 108000
1723217762417 -1.0 112000
1723217780483 -1.0 116000
1723217799543 -1.0 120000
1723217817290 -1.0 124000
1723217834905 -1.0 128000
1723217852485 -1.0 132000
1723217869866 -1.0 136000
1723217887156 -1.0 140000
1723217904165 -1.0 144000
1723217920794 -1.0 148000
1723217937818 -1.0 152000
1723217954871 -1.0 156000
1723217972263 -1.0 160000
1723217989570 -1.0 164000
1723218006903 -1.0 168000
1723218024223 -1.0 172000
1723218041534 -1.0 176000
1723218059829 -1.0 180000
1723218077300 -1.0 184000
1723218094175 -1.0 188000
1723218111960 -1.0 192000
1723218129535 -1.0 196000
1723218147160 -1.0 200000
1723218163986 -1.0 204000
1723218181090 -1.0 208000
1723218197915 -1.0 212000
1723218216458 -1.0 216000
1723218233508 -1.0 220000
1723218250397 -1.0 224000
1723218267489 -1.0 228000
1723218284791 -1.0 232000
1723218301884 -1.0 236000
1723218318843 -1.0 240000
1723218335871 -1.0 244000
1723218352777 -1.0 248000
1723218370091 -1.0 252000
1723218386478 -1.0 256000
1723218403175 -1.0 260000
1723218420282 -1.0 264000
1723218437906 -1.0 268000
1723218455406 -1.0 272000
1723218474278 -1.0 276000
1723218491397 -1.0 280000
1723218508578 -1.0 284000
1723218525585 -1.0 288000
1723218541959 -1.0 292000
1723218559285 -1.0 296000
1723218576489 -1.0 300000
1723218594946 -1.0 304000
1723218611842 -1.0 308000
1723218629095 -1.0 312000
1723218645663 -1.0 316000
1723218662995 -1.0 320000
1723218679977 -1.0 324000
1723218696902 -1.0 328000
1723218821461 -1.0 332000
1723218838822 -1.0 336000
1723218855740 -1.0 340000
1723218872769 -1.0 344000
1723218891842 -1.0 348000
1723218908439 -1.0 352000
1723218924999 -1.0 356000
1723218941363 -1.0 360000
1723218958369 -1.0 364000
1723218975166 -1.0 368000
1723218998675 -1.0 372000
1723219018686 -1.0 376000
1723219035848 -1.0 380000
1723219052713 -1.0 384000
1723219071142 -1.0 388000
1723219088030 -1.0 392000
1723219104672 -1.0 396000
1723219121669 -1.0 400000
1723219138509 -1.0 404000
1723219155878 -1.0 408000
1723219173096 -1.0 412000
1723219190764 -1.0 416000
1723219208239 -1.0 420000
1723219225476 -1.0 424000
1723219241860 -1.0 428000
1723219258164 -1.0 432000
1723219274813 -1.0 436000
1723219290870 -1.0 440000
1723219307017 -1.0 444000
1723219322773 -1.0 448000
1723219339912 -1.0 452000
1723219358133 -1.0 456000
1723219375650 -1.0 460000
1723219392171 -1.0 464000
1723219408715 -1.0 468000
1723219425210 -1.0 472000
1723219442556 -1.0 476000
1723219458929 -1.0 480000
1723219475689 -1.0 484000
1723219492456 -1.0 488000
1723219509070 -1.0 492000
1723219525698 -1.0 496000
1723219541958 -1.0 500000
1723219558355 -1.0 504000
1723219574758 -1.0 508000
1723219591105 -1.0 512000
1723219606518 -1.0 516000
1723219622864 -1.0 520000
1723219640239 -1.0 524000
1723219657023 -1.0 528000
1723219673965 -1.0 532000
1723219690211 -1.0 536000
1723219706412 -1.0 540000
1723219722685 -1.0 544000
1723219739197 -1.0 548000
1723219757208 -1.0 552000
1723219774078 -1.0 556000
1723219791171 -1.0 560000
1723219807914 -1.0 564000
1723219825317 -1.0 568000
1723219842227 -1.0 572000
1723219858701 -1.0 576000
1723219876148 -1.0 580000
1723219891603 -1.0 584000
1723219907240 -1.0 588000
1723219923029 -1.0 592000
1723219939758 -1.0 596000
1723219956223 -1.0 600000
1723219972253 -1.0 604000
1723219988212 -1.0 608000
1723220004926 -1.0 612000
1723220021148 -1.0 616000
1723220037527 -1.0 620000
1723220054756 -1.0 624000
1723220071783 -1.0 628000
1723220088574 -1.0 632000
1723220104873 -1.0 636000
1723220121217 -1.0 640000
1723220137540 -1.0 644000
1723220153521 -1.0 648000
1723220169610 -1.0 652000
1723220186491 -1.0 656000
1723220202879 -1.0 660000
1723220219303 -1.0 664000
1723220235611 -1.0 668000
1723220252340 -1.0 672000
1723220268706 -1.0 676000
1723220285401 -1.0 680000
1723220302186 -1.0 684000
1723220318725 -1.0 688000
1723220335539 -1.0 692000
1723220351651 -1.0 696000
1723220368045 -1.0 700000
1723220383924 -1.0 704000
1723220400040 -1.0 708000
1723220416011 -1.0 712000
1723220432906 -1.0 716000
1723220448606 -1.0 720000
1723220465021 -1.0 724000
1723220481684 -1.0 728000
1723220498789 -1.0 732000
1723220515567 -1.0 736000
1723220532038 -1.0 740000
1723220548723 -1.0 744000
1723220565212 -1.0 748000
1723220581682 -1.0 752000
1723220598524 -1.0 756000
1723220614712 -1.0 760000
1723220629414 -1.0 764000
1723220643188 -1.0 768000
1723220657073 -1.0 772000
1723220671597 -1.0 776000
1723220686042 -1.0 780000
1723220700268 -1.0 784000
1723220714267 -1.0 788000
1723220728691 -1.0 792000
1723220742902 -1.0 796000
1723220756674 -1.0 800000
1723220770460 -1.0 804000
1723220784569 -1.0 808000
1723220798593 -1.0 812000
1723220812469 -1.0 816000
1723220826184 -1.0 820000
1723220839936 -1.0 824000
1723220859517 -1.0 828000
1723220874369 -1.0 832000
1723220888603 -1.0 836000
1723220902311 -1.0 840000
1723220916549 -1.0 844000
1723220930641 -1.0 848000
1723220944163 -1.0 852000
1723220958332 -1.0 856000
1723220972365 -1.0 860000
1723220986726 -1.0 864000
1723221000981 -1.0 868000
1723221015004 -1.0 872000
1723221029240 -1.0 876000
1723221043444 -1.0 880000
1723221057374 -1.0 884000
1723221071234 -1.0 888000
1723221085112 -1.0 892000
1723221099256 -1.0 896000
1723221113353 -1.0 900000
1723221127178 -1.0 904000
1723221141266 -1.0 908000
1723221155991 -1.0 912000
1723221169907 -1.0 916000
1723221184341 -1.0 920000
1723221198429 -1.0 924000
1723221212356 -1.0 928000
1723221226474 -1.0 932000
1723221240301 -1.0 936000
1723221253961 -1.0 940000
1723221268493 -1.0 944000
1723221282643 -1.0 948000
1723221297294 -1.0 952000
1723221311358 -1.0 956000
1723221326003 -1.0 960000
1723221340167 -1.0 964000
1723221354056 -1.0 968000
1723221368485 -1.0 972000
1723221382783 -1.0 976000
1723221396728 -1.0 980000
1723221410818 -1.0 984000
1723221425028 -1.0 988000
1723221438956 -1.0 992000
1723221453614 -1.0 996000
1723221467791 -1.0 1000000
1723221482008 -1.0 1004000
1723221496464 -1.0 1008000
1723221510551 -1.0 1012000
1723221524027 -1.0 1016000
1723221538493 -1.0 1020000
1723221552767 -1.0 1024000
1723221567142 -1.0 1028000
1723221581263 -1.0 1032000
1723221594937 -1.0 1036000
1723221609147 -1.0 1040000
1723221623254 -1.0 1044000
1723221637156 -1.0 1048000
1723221651243 -1.0 1052000
1723221665177 -1.0 1056000
1723221678983 -1.0 1060000
1723221693536 -1.0 1064000
1723221707839 -1.0 1068000
1723221722189 -1.0 1072000
1723221736158 -1.0 1076000
1723221750467 -1.0 1080000
1723221764026 -1.0 1084000
1723221777851 -1.0 1088000
1723221791808 -1.0 1092000
1723221805743 -1.0 1096000
1723221820283 -1.0 1100000
1723221834517 -1.0 1104000
1723221848856 -1.0 1108000
1723221863414 -1.0 1112000
1723221877013 -1.0 1116000
1723221890166 -1.0 1120000
1723221903726 -1.0 1124000
1723221917617 -1.0 1128000
1723221930917 -1.0 1132000
1723221944573 -1.0 1136000
1723221958139 -1.0 1140000
1723221971626 -1.0 1144000
1723221986466 -1.0 1148000
1723221999801 -1.0 1152000
1723222013437 -1.0 1156000
1723222026878 -1.0 1160000
1723222040513 -1.0 1164000
1723222054924 -1.0 1168000
1723222068786 -1.0 1172000
1723222082704 -1.0 1176000
1723222096584 -1.0 1180000
1723222110813 -1.0 1184000
1723222123917 -1.0 1188000
1723222136911 -1.0 1192000
1723222149427 -1.0 1196000
1723222162196 -1.0 1200000
1723222175299 -1.0 1204000
1723222188791 -1.0 1208000
1723222202264 -1.0 1212000
1723222215265 -1.0 1216000
1723222228983 -1.0 1220000
1723222242153 -1.0 1224000
1723222255179 -1.0 1228000
1723222268340 -1.0 1232000
1723222281524 -1.0 1236000
1723222295278 -1.0 1240000
1723222308795 -1.0 1244000
1723222322481 -1.0 1248000
1723222335234 -1.0 1252000
1723222348657 -1.0 1256000
1723222361246 -1.0 1260000
1723222374121 -1.0 1264000
1723222386825 -1.0 1268000
1723222399957 -1.0 1272000
1723222413316 -1.0 1276000
1723222426977 -1.0 1280000
1723222440302 -1.0 1284000
1723222453870 -1.0 1288000
1723222467637 -1.0 1292000
1723222480636 -1.0 1296000
1723222494015 -1.0 1300000
1723222507099 -1.0 1304000
1723222520155 -1.0 1308000
1723222533941 -1.0 1312000
1723222547139 -1.0 1316000
1723222560672 -1.0 1320000
1723222574223 -1.0 1324000
1723222587846 -1.0 1328000
1723222601028 -1.0 1332000
1723222614081 -1.0 1336000
1723222627190 -1.0 1340000
1723222639805 -1.0 1344000
1723222654028 -1.0 1348000
1723222667001 -1.0 1352000
1723222680552 -1.0 1356000
1723222694096 -1.0 1360000
1723222707151 -1.0 1364000
1723222720642 -1.0 1368000
1723222733936 -1.0 1372000
1723222747188 -1.0 1376000
1723222760459 -1.0 1380000
1723222773970 -1.0 1384000
1723222787437 -1.0 1388000
1723222800611 -1.0 1392000
1723222813810 -1.0 1396000
1723222828077 -1.0 1400000
1723222841793 -1.0 1404000
1723222855109 -1.0 1408000
1723222868595 -1.0 1412000
1723222882007 -1.0 1416000
1723222895775 -1.0 1420000
1723222908843 -1.0 1424000
1723222922290 -1.0 1428000
1723222935947 -1.0 1432000
1723222949673 -1.0 1436000
1723222963253 -1.0 1440000
1723222976446 -1.0 1444000
1723222990375 -1.0 1448000
1723223003760 -1.0 1452000
1723223017028 -1.0 1456000
1723223030111 -1.0 1460000
1723223042790 -1.0 1464000
1723223056177 -1.0 1468000
1723223070086 -1.0 1472000
1723223083741 -1.0 1476000
1723223097255 -1.0 1480000
1723223110369 -1.0 1484000
1723223124787 -1.0 1488000
1723223138685 -1.0 1492000
1723223152252 -1.0 1496000
1723223166353 -1.0 1500000
1723223179630 -1.0 1504000
1723223193422 -1.0 1508000
1723223206784 -1.0 1512000
1723223219850 -1.0 1516000
1723223233006 -1.0 1520000
1723223246589 -1.0 1524000
1723223259833 -1.0 1528000
1723223273363 -1.0 1532000
1723223286835 -1.0 1536000
1723223300836 -1.0 1540000
1723223314091 -1.0 1544000
1723223327337 -1.0 1548000
1723223340664 -1.0 1552000
1723223354158 -1.0 1556000
1723223367627 -1.0 1560000
1723223380786 -1.0 1564000
1723223393711 -1.0 1568000
1723223407232 -1.0 1572000
1723223420660 -1.0 1576000
1723223434307 -1.0 1580000
1723223447426 -1.0 1584000
1723223460618 -1.0 1588000
1723223473946 -1.0 1592000
1723223487989 -1.0 1596000
1723223501132 -1.0 1600000
1723223514361 -1.0 1604000
1723223527885 -1.0 1608000
1723224062000 -1.0 1612000
1723224075840 -1.0 1616000
1723224088969 -1.0 1620000
1723224102267 -1.0 1624000
1723224274549 -1.0 1628000
1723224291355 -1.0 1632000
1723224305067 -1.0 1636000
1723224319973 -1.0 1640000
1723224332998 -1.0 1644000
1723224345823 -1.0 1648000
1723224359048 -1.0 1652000
1723224372708 -1.0 1656000
1723224386780 -1.0 1660000
1723224418212 -1.0 1664000
1723224438086 -1.0 1668000
1723224844397 -1.0 1672000
1723224857830 -1.0 1676000
1723224870239 -1.0 1680000
1723225074266 -1.0 1684000
1723225091727 -1.0 1688000
1723225104969 -1.0 1692000
1723225148467 -1.0 1696000
1723225161617 -1.0 1700000
1723225174388 -1.0 1704000
1723225187293 -1.0 1708000
1723225259218 -1.0 1712000
1723225271463 -1.0 1716000
1723225283909 -1.0 1720000
1723225296452 -1.0 1724000
1723226306028 -1.0 1728000
1723226318437 -1.0 1732000
1723226331218 -1.0 1736000
1723226344110 -1.0 1740000
1723226356753 -1.0 1744000
1723226369046 -1.0 1748000
1723226382109 -1.0 1752000
1723226394376 -1.0 1756000
1723226406868 -1.0 1760000
1723226419365 -1.0 1764000
1723226431787 -1.0 1768000
1723226444205 -1.0 1772000
1723226456607 -1.0 1776000
1723226468910 -1.0 1780000
1723226481678 -1.0 1784000
1723226493733 -1.0 1788000
1723226506063 -1.0 1792000
1723226518679 -1.0 1796000
1723226530818 -1.0 1800000
1723226543134 -1.0 1804000
1723226555680 -1.0 1808000
1723226568059 -1.0 1812000
1723226580429 -1.0 1816000
1723226592804 -1.0 1820000
1723226604807 -1.0 1824000
1723226617046 -1.0 1828000
1723226629665 -1.0 1832000
1723226642266 -1.0 1836000
1723226654403 -1.0 1840000
1723226666729 -1.0 1844000
1723226678949 -1.0 1848000
1723226691365 -1.0 1852000
1723226703704 -1.0 1856000
1723226715793 -1.0 1860000
1723226728458 -1.0 1864000
1723226740785 -1.0 1868000
1723226753236 -1.0 1872000
1723226765494 -1.0 1876000
1723226777523 -1.0 1880000
1723226789636 -1.0 1884000
1723226801845 -1.0 1888000
1723226814056 -1.0 1892000
1723226826204 -1.0 1896000
1723226838932 -1.0 1900000
1723226851097 -1.0 1904000
1723226863390 -1.0 1908000
1723226875620 -1.0 1912000
1723226887609 -1.0 1916000
1723226899776 -1.0 1920000
1723226911437 -1.0 1924000
1723226923221 -1.0 1928000
1723226935303 -1.0 1932000
1723226948546 -1.0 1936000
1723226965089 -1.0 1940000
1723226981394 -1.0 1944000
1723226999836 -1.0 1948000
1723227017785 -1.0 1952000
1723227035374 -1.0 1956000
1723227053285 -1.0 1960000
1723227071362 -1.0 1964000
1723227089391 -1.0 1968000
1723227106759 -1.0 1972000
1723227123636 -1.0 1976000
1723227139152 -1.0 1980000
1723227155066 -1.0 1984000
1723227170243 -1.0 1988000
1723227185218 -1.0 1992000
1723227203105 -1.0 1996000
1723227218925 -1.0 2000000
