1723217327520 1.0 4000
1723217342756 1.0 8000
1723217358103 1.0 12000
1723217373417 1.0 16000
1723217388838 1.0 20000
1723217404241 1.0 24000
1723217419609 1.0 28000
1723217434817 1.0 32000
1723217450185 1.0 36000
1723217465754 1.0 40000
1723217481264 1.0 44000
1723217496617 1.0 48000
1723217511960 1.0 52000
1723217527238 1.0 56000
1723217542542 1.0 60000
1723217557824 1.0 64000
1723217573122 1.0 68000
1723217588736 1.0 72000
1723217604144 1.0 76000
1723217621337 1.0 80000
1723217639455 1.0 84000
1723217657347 1.0 88000
1723217674734 1.0 92000
1723217691885 1.0 96000
1723217709622 1.0 100000
1723217727052 1.0 104000
1723217744522 1.0 108000
1723217762394 1.0 112000
1723217780451 1.0 116000
1723217799520 1.0 120000
1723217817266 1.0 124000
1723217834879 1.0 128000
1723217852458 1.0 132000
1723217869843 1.0 136000
1723217887133 1.0 140000
1723217904138 1.0 144000
1723217920770 1.0 148000
1723217937792 1.0 152000
1723217954846 1.0 156000
1723217972240 1.0 160000
1723217989545 1.0 164000
1723218006878 1.0 168000
1723218024196 1.0 172000
1723218041510 1.0 176000
1723218059803 1.0 180000
1723218077273 1.0 184000
1723218094151 1.0 188000
1723218111934 1.0 192000
1723218129510 1.0 196000
1723218147136 1.0 200000
1723218163957 1.0 204000
1723218181066 1.0 208000
1723218197888 1.0 212000
1723218216434 1.0 216000
1723218233485 1.0 220000
1723218250374 1.0 224000
1723218267464 1.0 228000
1723218284767 1.0 232000
1723218301859 1.0 236000
1723218318816 1.0 240000
1723218335846 1.0 244000
1723218352755 1.0 248000
1723218370068 1.0 252000
1723218386456 1.0 256000
1723218403153 1.0 260000
1723218420252 1.0 264000
1723218437876 1.0 268000
1723218455383 1.0 272000
1723218474255 1.0 276000
1723218491374 1.0 280000
1723218508555 1.0 284000
1723218525563 1.0 288000
1723218541938 1.0 292000
1723218559256 1.0 296000
1723218576465 1.0 300000
1723218594921 1.0 304000
1723218611819 1.0 308000
1723218629073 1.0 312000
1723218645640 1.0 316000
1723218662973 1.0 320000
1723218679955 1.0 324000
1723218696879 1.0 328000
1723218821434 1.0 332000
1723218838800 1.0 336000
1723218855718 1.0 340000
1723218872729 1.0 344000
1723218891821 1.0 348000
1723218908417 1.0 352000
1723218924977 1.0 356000
1723218941340 1.0 360000
1723218958339 1.0 364000
1723218975142 1.0 368000
1723218998651 1.0 372000
1723219018665 1.0 376000
1723219035827 1.0 380000
1723219052677 1.0 384000
1723219071120 1.0 388000
1723219088007 1.0 392000
1723219104650 1.0 396000
1723219121648 1.0 400000
1723219138488 1.0 404000
1723219155857 1.0 408000
1723219173075 1.0 412000
1723219190742 1.0 416000
1723219208217 1.0 420000
1723219225453 1.0 424000
1723219241839 1.0 428000
1723219258142 1.0 432000
1723219274792 1.0 436000
1723219290848 1.0 440000
1723219306995 1.0 444000
1723219322751 1.0 448000
1723219339887 1.0 452000
1723219358110 1.0 456000
1723219375630 1.0 460000
1723219392150 1.0 464000
1723219408693 1.0 468000
1723219425188 1.0 472000
1723219442535 1.0 476000
1723219458908 1.0 480000
1723219475667 1.0 484000
1723219492435 1.0 488000
1723219509049 1.0 492000
1723219525676 1.0 496000
1723219541936 1.0 500000
1723219558334 1.0 504000
1723219574736 1.0 508000
1723219591084 1.0 512000
1723219606495 1.0 516000
1723219622841 1.0 520000
1723219640216 1.0 524000
1723219657001 1.0 528000
1723219673943 1.0 532000
1723219690189 1.0 536000
1723219706391 1.0 540000
1723219722663 1.0 544000
1723219739175 1.0 548000
1723219757186 1.0 552000
1723219774057 1.0 556000
1723219791148 1.0 560000
1723219807892 1.0 564000
1723219825295 1.0 568000
1723219842206 1.0 572000
1723219858680 1.0 576000
1723219876127 1.0 580000
1723219891581 1.0 584000
1723219907218 1.0 588000
1723219923007 1.0 592000
1723219939737 1.0 596000
1723219956201 1.0 600000
1723219972232 1.0 604000
1723219988190 1.0 608000
1723220004903 1.0 612000
1723220021126 1.0 616000
1723220037501 1.0 620000
1723220054734 1.0 624000
1723220071760 1.0 628000
1723220088534 1.0 632000
1723220104850 1.0 636000
1723220121195 1.0 640000
1723220137515 1.0 644000
1723220153500 1.0 648000
1723220169587 1.0 652000
1723220186470 1.0 656000
1723220202855 1.0 660000
1723220219281 1.0 664000
1723220235589 1.0 668000
1723220252318 1.0 672000
1723220268671 1.0 676000
1723220285377 1.0 680000
1723220302164 1.0 684000
1723220318702 1.0 688000
1723220335515 1.0 692000
1723220351629 1.0 696000
1723220368024 1.0 700000
1723220383902 1.0 704000
1723220400017 1.0 708000
1723220415989 1.0 712000
1723220432885 1.0 716000
1723220448584 1.0 720000
1723220464997 1.0 724000
1723220481661 1.0 728000
1723220498767 1.0 732000
1723220515545 1.0 736000
1723220532016 1.0 740000
1723220548700 1.0 744000
1723220565190 1.0 748000
1723220581661 1.0 752000
1723220598502 1.0 756000
1723220614690 1.0 760000
1723220629394 1.0 764000
1723220643166 1.0 768000
1723220657052 1.0 772000
1723220671574 1.0 776000
1723220686021 1.0 780000
1723220700247 1.0 784000
1723220714246 1.0 788000
1723220728670 1.0 792000
1723220742881 1.0 796000
1723220756653 1.0 800000
1723220770439 1.0 804000
1723220784543 1.0 808000
1723220798572 1.0 812000
1723220812448 1.0 816000
1723220826162 1.0 820000
1723220839913 1.0 824000
1723220859496 1.0 828000
1723220874347 1.0 832000
1723220888582 1.0 836000
1723220902289 1.0 840000
1723220916526 1.0 844000
1723220930619 1.0 848000
1723220944142 1.0 852000
1723220958310 1.0 856000
1723220972344 1.0 860000
1723220986705 1.0 864000
1723221000960 1.0 868000
1723221014982 1.0 872000
1723221029218 1.0 876000
1723221043422 1.0 880000
1723221057353 1.0 884000
1723221071212 1.0 888000
1723221085091 1.0 892000
1723221099235 1.0 896000
1723221113332 1.0 900000
1723221127157 1.0 904000
1723221141245 1.0 908000
1723221155970 1.0 912000
1723221169878 1.0 916000
1723221184317 1.0 920000
1723221198405 1.0 924000
1723221212333 1.0 928000
1723221226453 1.0 932000
1723221240279 1.0 936000
1723221253939 1.0 940000
1723221268472 1.0 944000
1723221282622 1.0 948000
1723221297273 1.0 952000
1723221311337 1.0 956000
1723221325982 1.0 960000
1723221340146 1.0 964000
1723221354036 1.0 968000
1723221368464 1.0 972000
1723221382760 1.0 976000
1723221396707 1.0 980000
1723221410797 1.0 984000
1723221425006 1.0 988000
1723221438935 1.0 992000
1723221453593 1.0 996000
1723221467770 1.0 1000000
1723221481986 1.0 1004000
1723221496443 1.0 1008000
1723221510530 1.0 1012000
1723221524005 1.0 1016000
1723221538472 1.0 1020000
1723221552746 1.0 1024000
1723221567116 1.0 1028000
1723221581242 1.0 1032000
1723221594916 1.0 1036000
1723221609125 1.0 1040000
1723221623229 1.0 1044000
1723221637135 1.0 1048000
1723221651222 1.0 1052000
1723221665155 1.0 1056000
1723221678962 1.0 1060000
1723221693515 1.0 1064000
1723221707818 1.0 1068000
1723221722167 1.0 1072000
1723221736137 1.0 1076000
1723221750446 1.0 1080000
1723221764005 1.0 1084000
1723221777830 1.0 1088000
1723221791787 1.0 1092000
1723221805723 1.0 1096000
1723221820262 1.0 1100000
1723221834496 1.0 1104000
1723221848835 1.0 1108000
1723221863392 1.0 1112000
1723221876991 1.0 1116000
1723221890144 1.0 1120000
1723221903705 1.0 1124000
1723221917596 1.0 1128000
1723221930896 1.0 1132000
1723221944552 1.0 1136000
1723221958119 1.0 1140000
1723221971605 1.0 1144000
1723221986445 1.0 1148000
1723221999780 1.0 1152000
1723222013416 1.0 1156000
1723222026856 1.0 1160000
1723222040492 1.0 1164000
1723222054903 1.0 1168000
1723222068765 1.0 1172000
1723222082682 1.0 1176000
1723222096562 1.0 1180000
1723222110788 1.0 1184000
1723222123896 1.0 1188000
1723222136887 1.0 1192000
1723222149406 1.0 1196000
1723222162174 1.0 1200000
1723222175273 1.0 1204000
1723222188770 1.0 1208000
1723222202242 1.0 1212000
1723222215243 1.0 1216000
1723222228962 1.0 1220000
1723222242132 1.0 1224000
1723222255156 1.0 1228000
1723222268319 1.0 1232000
1723222281502 1.0 1236000
1723222295257 1.0 1240000
1723222308774 1.0 1244000
1723222322459 1.0 1248000
1723222335210 1.0 1252000
1723222348635 1.0 1256000
1723222361223 1.0 1260000
1723222374098 1.0 1264000
1723222386804 1.0 1268000
1723222399936 1.0 1272000
1723222413292 1.0 1276000
1723222426955 1.0 1280000
1723222440280 1.0 1284000
1723222453849 1.0 1288000
1723222467616 1.0 1292000
1723222480614 1.0 1296000
1723222493993 1.0 1300000
1723222507076 1.0 1304000
1723222520133 1.0 1308000
1723222533920 1.0 1312000
1723222547117 1.0 1316000
1723222560650 1.0 1320000
1723222574201 1.0 1324000
1723222587824 1.0 1328000
1723222601006 1.0 1332000
1723222614060 1.0 1336000
1723222627168 1.0 1340000
1723222639784 1.0 1344000
1723222654007 1.0 1348000
1723222666980 1.0 1352000
1723222680531 1.0 1356000
1723222694073 1.0 1360000
1723222707129 1.0 1364000
1723222720619 1.0 1368000
1723222733913 1.0 1372000
1723222747166 1.0 1376000
1723222760437 1.0 1380000
1723222773949 1.0 1384000
1723222787416 1.0 1388000
1723222800590 1.0 1392000
1723222813789 1.0 1396000
1723222828056 1.0 1400000
1723222841772 1.0 1404000
1723222855088 1.0 1408000
1723222868573 1.0 1412000
1723222881985 1.0 1416000
1723222895754 1.0 1420000
1723222908820 1.0 1424000
1723222922266 1.0 1428000
1723222935926 1.0 1432000
1723222949652 1.0 1436000
1723222963232 1.0 1440000
1723222976424 1.0 1444000
1723222990354 1.0 1448000
1723223003739 1.0 1452000
1723223017007 1.0 1456000
1723223030089 1.0 1460000
1723223042768 1.0 1464000
1723223056156 1.0 1468000
1723223070065 1.0 1472000
1723223083719 1.0 1476000
1723223097233 1.0 1480000
1723223110349 1.0 1484000
1723223124765 1.0 1488000
1723223138662 1.0 1492000
1723223152230 1.0 1496000
1723223166331 1.0 1500000
1723223179606 1.0 1504000
1723223193401 1.0 1508000
1723223206763 1.0 1512000
1723223219828 1.0 1516000
1723223232984 1.0 1520000
1723223246566 1.0 1524000
1723223259812 1.0 1528000
1723223273342 1.0 1532000
1723223286813 1.0 1536000
1723223300814 1.0 1540000
1723223314069 1.0 1544000
1723223327315 1.0 1548000
1723223340642 1.0 1552000
1723223354137 1.0 1556000
1723223367605 1.0 1560000
1723223380765 1.0 1564000
1723223393689 1.0 1568000
1723223407210 1.0 1572000
1723223420638 1.0 1576000
1723223434286 1.0 1580000
1723223447405 1.0 1584000
1723223460597 1.0 1588000
1723223473923 1.0 1592000
1723223487966 1.0 1596000
1723223501111 1.0 1600000
1723223514340 1.0 1604000
1723223527863 1.0 1608000
1723224061975 1.0 1612000
1723224075818 1.0 1616000
1723224088947 1.0 1620000
1723224102244 1.0 1624000
1723224274520 1.0 1628000
1723224291334 1.0 1632000
1723224305045 1.0 1636000
1723224319950 1.0 1640000
1723224332978 1.0 1644000
1723224345802 1.0 1648000
1723224359027 1.0 1652000
1723224372686 1.0 1656000
1723224386757 1.0 1660000
1723224418185 1.0 1664000
1723224438061 1.0 1668000
1723224844374 1.0 1672000
1723224857808 1.0 1676000
1723224870216 1.0 1680000
1723225074208 1.0 1684000
1723225091699 1.0 1688000
1723225104946 1.0 1692000
1723225148445 1.0 1696000
1723225161594 1.0 1700000
1723225174366 1.0 1704000
1723225187271 1.0 1708000
1723225259195 1.0 1712000
1723225271441 1.0 1716000
1723225283888 1.0 1720000
1723225296430 1.0 1724000
1723226306007 1.0 1728000
1723226318416 1.0 1732000
1723226331196 1.0 1736000
1723226344089 1.0 1740000
1723226356732 1.0 1744000
1723226369024 1.0 1748000
1723226382088 1.0 1752000
1723226394354 1.0 1756000
1723226406847 1.0 1760000
1723226419344 1.0 1764000
1723226431766 1.0 1768000
1723226444184 1.0 1772000
1723226456586 1.0 1776000
1723226468888 1.0 1780000
1723226481655 1.0 1784000
1723226493711 1.0 1788000
1723226506042 1.0 1792000
1723226518658 1.0 1796000
1723226530798 1.0 1800000
1723226543112 1.0 1804000
1723226555659 1.0 1808000
1723226568038 1.0 1812000
1723226580408 1.0 1816000
1723226592783 1.0 1820000
1723226604786 1.0 1824000
1723226617025 1.0 1828000
1723226629644 1.0 1832000
1723226642244 1.0 1836000
1723226654381 1.0 1840000
1723226666707 1.0 1844000
1723226678928 1.0 1848000
1723226691344 1.0 1852000
1723226703682 1.0 1856000
1723226715770 1.0 1860000
1723226728437 1.0 1864000
1723226740764 1.0 1868000
1723226753216 1.0 1872000
1723226765473 1.0 1876000
1723226777502 1.0 1880000
1723226789614 1.0 1884000
1723226801824 1.0 1888000
1723226814035 1.0 1892000
1723226826183 1.0 1896000
1723226838911 1.0 1900000
1723226851077 1.0 1904000
1723226863369 1.0 1908000
1723226875599 1.0 1912000
1723226887588 1.0 1916000
1723226899755 1.0 1920000
1723226911416 1.0 1924000
1723226923200 1.0 1928000
1723226935281 1.0 1932000
1723226948520 1.0 1936000
1723226965063 1.0 1940000
1723226981364 1.0 1944000
1723226999806 1.0 1948000
1723227017757 1.0 1952000
1723227035347 1.0 1956000
1723227053255 1.0 1960000
1723227071331 1.0 1964000
1723227089363 1.0 1968000
1723227106732 1.0 1972000
1723227123608 1.0 1976000
1723227139125 1.0 1980000
1723227155039 1.0 1984000
1723227170221 1.0 1988000
1723227185195 1.0 1992000
1723227203068 1.0 1996000
1723227218896 1.0 2000000
