1723217327539 30.0 4000
1723217342773 30.0 8000
1723217358120 30.0 12000
1723217373433 30.0 16000
1723217388856 30.0 20000
1723217404263 30.0 24000
1723217419628 30.0 28000
1723217434837 30.0 32000
1723217450202 30.0 36000
1723217465775 30.0 40000
1723217481280 30.0 44000
1723217496635 30.0 48000
1723217511978 30.0 52000
1723217527255 30.0 56000
1723217542562 30.0 60000
1723217557840 30.0 64000
1723217573138 30.0 68000
1723217588760 30.0 72000
1723217604160 30.0 76000
1723217621353 30.0 80000
1723217639472 30.0 84000
1723217657370 30.0 88000
1723217674751 30.0 92000
1723217691902 30.0 96000
1723217709638 30.0 100000
1723217727072 30.0 104000
1723217744544 30.0 108000
1723217762412 30.0 112000
1723217780477 30.0 116000
1723217799537 30.0 120000
1723217817283 30.0 124000
1723217834897 30.0 128000
1723217852479 30.0 132000
1723217869859 30.0 136000
1723217887150 30.0 140000
1723217904157 30.0 144000
1723217920789 30.0 148000
1723217937811 30.0 152000
1723217954865 30.0 156000
1723217972257 30.0 160000
1723217989563 30.0 164000
1723218006898 30.0 168000
1723218024215 30.0 172000
1723218041528 30.0 176000
1723218059822 30.0 180000
1723218077291 30.0 184000
1723218094168 30.0 188000
1723218111954 30.0 192000
1723218129529 30.0 196000
1723218147154 30.0 200000
1723218163977 30.0 204000
1723218181084 30.0 208000
1723218197908 30.0 212000
1723218216452 30.0 216000
1723218233502 30.0 220000
1723218250391 30.0 224000
1723218267482 30.0 228000
1723218284784 30.0 232000
1723218301875 30.0 236000
1723218318836 30.0 240000
1723218335865 30.0 244000
1723218352772 30.0 248000
1723218370085 30.0 252000
1723218386472 30.0 256000
1723218403170 30.0 260000
1723218420276 30.0 264000
1723218437900 30.0 268000
1723218455400 30.0 272000
1723218474272 30.0 276000
1723218491392 30.0 280000
1723218508571 30.0 284000
1723218525580 30.0 288000
1723218541953 30.0 292000
1723218559278 30.0 296000
1723218576483 30.0 300000
1723218594938 30.0 304000
1723218611836 30.0 308000
1723218629090 30.0 312000
1723218645658 30.0 316000
1723218662989 30.0 320000
1723218679972 30.0 324000
1723218696896 30.0 328000
1723218821454 30.0 332000
1723218838816 30.0 336000
1723218855734 30.0 340000
1723218872757 30.0 344000
1723218891837 30.0 348000
1723218908433 30.0 352000
1723218924993 30.0 356000
1723218941357 30.0 360000
1723218958363 30.0 364000
1723218975159 30.0 368000
1723218998668 30.0 372000
1723219018681 30.0 376000
1723219035843 30.0 380000
1723219052705 30.0 384000
1723219071136 30.0 388000
1723219088024 30.0 392000
1723219104666 30.0 396000
1723219121664 30.0 400000
1723219138504 30.0 404000
1723219155873 30.0 408000
1723219173091 30.0 412000
1723219190759 30.0 416000
1723219208234 30.0 420000
1723219225470 30.0 424000
1723219241855 30.0 428000
1723219258158 30.0 432000
1723219274808 30.0 436000
1723219290864 30.0 440000
1723219307011 30.0 444000
1723219322767 30.0 448000
1723219339906 30.0 452000
1723219358127 30.0 456000
1723219375645 30.0 460000
1723219392166 30.0 464000
1723219408710 30.0 468000
1723219425205 30.0 472000
1723219442551 30.0 476000
1723219458924 30.0 480000
1723219475683 30.0 484000
1723219492451 30.0 488000
1723219509065 30.0 492000
1723219525693 30.0 496000
1723219541952 30.0 500000
1723219558350 30.0 504000
1723219574753 30.0 508000
1723219591100 30.0 512000
1723219606511 30.0 516000
1723219622858 30.0 520000
1723219640234 30.0 524000
1723219657017 30.0 528000
1723219673960 30.0 532000
1723219690205 30.0 536000
1723219706407 30.0 540000
1723219722680 30.0 544000
1723219739191 30.0 548000
1723219757203 30.0 552000
1723219774072 30.0 556000
1723219791165 30.0 560000
1723219807909 30.0 564000
1723219825312 30.0 568000
1723219842222 30.0 572000
1723219858696 30.0 576000
1723219876143 30.0 580000
1723219891598 30.0 584000
1723219907234 30.0 588000
1723219923024 30.0 592000
1723219939753 30.0 596000
1723219956218 30.0 600000
1723219972248 30.0 604000
1723219988206 30.0 608000
1723220004921 30.0 612000
1723220021143 30.0 616000
1723220037520 30.0 620000
1723220054751 30.0 624000
1723220071778 30.0 628000
1723220088568 30.0 632000
1723220104866 30.0 636000
1723220121211 30.0 640000
1723220137532 30.0 644000
1723220153516 30.0 648000
1723220169604 30.0 652000
1723220186486 30.0 656000
1723220202873 30.0 660000
1723220219298 30.0 664000
1723220235605 30.0 668000
1723220252334 30.0 672000
1723220268696 30.0 676000
1723220285394 30.0 680000
1723220302181 30.0 684000
1723220318719 30.0 688000
1723220335533 30.0 692000
1723220351646 30.0 696000
1723220368040 30.0 700000
1723220383918 30.0 704000
1723220400034 30.0 708000
1723220416005 30.0 712000
1723220432901 30.0 716000
1723220448600 30.0 720000
1723220465015 30.0 724000
1723220481678 30.0 728000
1723220498783 30.0 732000
1723220515561 30.0 736000
1723220532032 30.0 740000
1723220548717 30.0 744000
1723220565207 30.0 748000
1723220581677 30.0 752000
1723220598519 30.0 756000
1723220614706 30.0 760000
1723220629409 30.0 764000
1723220643182 30.0 768000
1723220657068 30.0 772000
1723220671591 30.0 776000
1723220686036 30.0 780000
1723220700262 30.0 784000
1723220714262 30.0 788000
1723220728686 30.0 792000
1723220742897 30.0 796000
1723220756669 30.0 800000
1723220770455 30.0 804000
1723220784563 30.0 808000
1723220798588 30.0 812000
1723220812464 30.0 816000
1723220826178 30.0 820000
1723220839930 30.0 824000
1723220859512 30.0 828000
1723220874364 30.0 832000
1723220888598 30.0 836000
1723220902306 30.0 840000
1723220916542 30.0 844000
1723220930635 30.0 848000
1723220944158 30.0 852000
1723220958326 30.0 856000
1723220972359 30.0 860000
1723220986721 30.0 864000
1723221000976 30.0 868000
1723221014998 30.0 872000
1723221029234 30.0 876000
1723221043438 30.0 880000
1723221057369 30.0 884000
1723221071228 30.0 888000
1723221085107 30.0 892000
1723221099250 30.0 896000
1723221113348 30.0 900000
1723221127173 30.0 904000
1723221141261 30.0 908000
1723221155986 30.0 912000
1723221169901 30.0 916000
1723221184336 30.0 920000
1723221198423 30.0 924000
1723221212350 30.0 928000
1723221226468 30.0 932000
1723221240295 30.0 936000
1723221253955 30.0 940000
1723221268488 30.0 944000
1723221282638 30.0 948000
1723221297289 30.0 952000
1723221311353 30.0 956000
1723221325997 30.0 960000
1723221340162 30.0 964000
1723221354051 30.0 968000
1723221368479 30.0 972000
1723221382777 30.0 976000
1723221396722 30.0 980000
1723221410812 30.0 984000
1723221425022 30.0 988000
1723221438950 30.0 992000
1723221453609 30.0 996000
1723221467786 30.0 1000000
1723221482002 30.0 1004000
1723221496459 30.0 1008000
1723221510545 30.0 1012000
1723221524021 30.0 1016000
1723221538488 30.0 1020000
1723221552762 30.0 1024000
1723221567137 30.0 1028000
1723221581258 30.0 1032000
1723221594931 30.0 1036000
1723221609142 30.0 1040000
1723221623245 30.0 1044000
1723221637151 30.0 1048000
1723221651238 30.0 1052000
1723221665172 30.0 1056000
1723221678978 30.0 1060000
1723221693531 30.0 1064000
1723221707834 30.0 1068000
1723221722183 30.0 1072000
1723221736152 30.0 1076000
1723221750461 30.0 1080000
1723221764021 30.0 1084000
1723221777845 30.0 1088000
1723221791803 30.0 1092000
1723221805738 30.0 1096000
1723221820278 30.0 1100000
1723221834512 30.0 1104000
1723221848850 30.0 1108000
1723221863408 30.0 1112000
1723221877008 30.0 1116000
1723221890161 30.0 1120000
1723221903721 30.0 1124000
1723221917612 30.0 1128000
1723221930912 30.0 1132000
1723221944568 30.0 1136000
1723221958134 30.0 1140000
1723221971621 30.0 1144000
1723221986461 30.0 1148000
1723221999796 30.0 1152000
1723222013432 30.0 1156000
1723222026873 30.0 1160000
1723222040507 30.0 1164000
1723222054919 30.0 1168000
1723222068781 30.0 1172000
1723222082698 30.0 1176000
1723222096578 30.0 1180000
1723222110807 30.0 1184000
1723222123911 30.0 1188000
1723222136905 30.0 1192000
1723222149422 30.0 1196000
1723222162190 30.0 1200000
1723222175293 30.0 1204000
1723222188786 30.0 1208000
1723222202258 30.0 1212000
1723222215259 30.0 1216000
1723222228978 30.0 1220000
1723222242148 30.0 1224000
1723222255174 30.0 1228000
1723222268334 30.0 1232000
1723222281518 30.0 1236000
1723222295273 30.0 1240000
1723222308789 30.0 1244000
1723222322476 30.0 1248000
1723222335228 30.0 1252000
1723222348652 30.0 1256000
1723222361240 30.0 1260000
1723222374115 30.0 1264000
1723222386820 30.0 1268000
1723222399952 30.0 1272000
1723222413310 30.0 1276000
1723222426971 30.0 1280000
1723222440297 30.0 1284000
1723222453865 30.0 1288000
1723222467631 30.0 1292000
1723222480630 30.0 1296000
1723222494009 30.0 1300000
1723222507093 30.0 1304000
1723222520149 30.0 1308000
1723222533936 30.0 1312000
1723222547134 30.0 1316000
1723222560666 30.0 1320000
1723222574218 30.0 1324000
1723222587841 30.0 1328000
1723222601022 30.0 1332000
1723222614076 30.0 1336000
1723222627185 30.0 1340000
1723222639800 30.0 1344000
1723222654023 30.0 1348000
1723222666996 30.0 1352000
1723222680547 30.0 1356000
1723222694090 30.0 1360000
1723222707146 30.0 1364000
1723222720636 30.0 1368000
1723222733930 30.0 1372000
1723222747183 30.0 1376000
1723222760453 30.0 1380000
1723222773965 30.0 1384000
1723222787432 30.0 1388000
1723222800606 30.0 1392000
1723222813805 30.0 1396000
1723222828071 30.0 1400000
1723222841788 30.0 1404000
1723222855104 30.0 1408000
1723222868589 30.0 1412000
1723222882001 30.0 1416000
1723222895770 30.0 1420000
1723222908837 30.0 1424000
1723222922284 30.0 1428000
1723222935942 30.0 1432000
1723222949668 30.0 1436000
1723222963247 30.0 1440000
1723222976440 30.0 1444000
1723222990370 30.0 1448000
1723223003755 30.0 1452000
1723223017023 30.0 1456000
1723223030106 30.0 1460000
1723223042785 30.0 1464000
1723223056172 30.0 1468000
1723223070081 30.0 1472000
1723223083735 30.0 1476000
1723223097249 30.0 1480000
1723223110364 30.0 1484000
1723223124781 30.0 1488000
1723223138680 30.0 1492000
1723223152247 30.0 1496000
1723223166347 30.0 1500000
1723223179624 30.0 1504000
1723223193416 30.0 1508000
1723223206779 30.0 1512000
1723223219845 30.0 1516000
1723223233001 30.0 1520000
1723223246583 30.0 1524000
1723223259828 30.0 1528000
1723223273358 30.0 1532000
1723223286829 30.0 1536000
1723223300830 30.0 1540000
1723223314085 30.0 1544000
1723223327332 30.0 1548000
1723223340659 30.0 1552000
1723223354153 30.0 1556000
1723223367621 30.0 1560000
1723223380781 30.0 1564000
1723223393705 30.0 1568000
1723223407227 30.0 1572000
1723223420654 30.0 1576000
1723223434302 30.0 1580000
1723223447421 30.0 1584000
1723223460613 30.0 1588000
1723223473940 30.0 1592000
1723223487983 30.0 1596000
1723223501126 30.0 1600000
1723223514356 30.0 1604000
1723223527880 30.0 1608000
1723224061993 30.0 1612000
1723224075834 30.0 1616000
1723224088963 30.0 1620000
1723224102261 30.0 1624000
1723224274543 30.0 1628000
1723224291350 30.0 1632000
1723224305061 30.0 1636000
1723224319968 30.0 1640000
1723224332993 30.0 1644000
1723224345818 30.0 1648000
1723224359043 30.0 1652000
1723224372702 30.0 1656000
1723224386774 30.0 1660000
1723224418204 30.0 1664000
1723224438080 30.0 1668000
1723224844391 30.0 1672000
1723224857825 30.0 1676000
1723224870234 30.0 1680000
1723225074256 30.0 1684000
1723225091721 30.0 1688000
1723225104963 30.0 1692000
1723225148462 30.0 1696000
1723225161610 30.0 1700000
1723225174382 30.0 1704000
1723225187287 30.0 1708000
1723225259212 30.0 1712000
1723225271457 30.0 1716000
1723225283904 30.0 1720000
1723225296446 30.0 1724000
1723226306023 30.0 1728000
1723226318431 30.0 1732000
1723226331212 30.0 1736000
1723226344105 30.0 1740000
1723226356748 30.0 1744000
1723226369040 30.0 1748000
1723226382103 30.0 1752000
1723226394370 30.0 1756000
1723226406863 30.0 1760000
1723226419360 30.0 1764000
1723226431781 30.0 1768000
1723226444200 30.0 1772000
1723226456601 30.0 1776000
1723226468905 30.0 1780000
1723226481672 30.0 1784000
1723226493727 30.0 1788000
1723226506057 30.0 1792000
1723226518673 30.0 1796000
1723226530813 30.0 1800000
1723226543129 30.0 1804000
1723226555675 30.0 1808000
1723226568054 30.0 1812000
1723226580424 30.0 1816000
1723226592799 30.0 1820000
1723226604802 30.0 1824000
1723226617041 30.0 1828000
1723226629659 30.0 1832000
1723226642260 30.0 1836000
1723226654397 30.0 1840000
1723226666723 30.0 1844000
1723226678944 30.0 1848000
1723226691360 30.0 1852000
1723226703698 30.0 1856000
1723226715788 30.0 1860000
1723226728453 30.0 1864000
1723226740779 30.0 1868000
1723226753231 30.0 1872000
1723226765489 30.0 1876000
1723226777517 30.0 1880000
1723226789630 30.0 1884000
1723226801840 30.0 1888000
1723226814051 30.0 1892000
1723226826199 30.0 1896000
1723226838927 30.0 1900000
1723226851092 30.0 1904000
1723226863385 30.0 1908000
1723226875615 30.0 1912000
1723226887603 30.0 1916000
1723226899770 30.0 1920000
1723226911432 30.0 1924000
1723226923215 30.0 1928000
1723226935297 30.0 1932000
1723226948539 30.0 1936000
1723226965082 30.0 1940000
1723226981386 30.0 1944000
1723226999829 30.0 1948000
1723227017777 30.0 1952000
1723227035366 30.0 1956000
1723227053276 30.0 1960000
1723227071355 30.0 1964000
1723227089383 30.0 1968000
1723227106751 30.0 1972000
1723227123629 30.0 1976000
1723227139144 30.0 1980000
1723227155058 30.0 1984000
1723227170238 30.0 1988000
1723227185212 30.0 1992000
1723227203096 30.0 1996000
1723227218917 30.0 2000000
