1723217327539 1800.0 4000
1723217342773 1800.0 8000
1723217358120 1800.0 12000
1723217373433 1800.0 16000
1723217388856 1800.0 20000
1723217404263 1800.0 24000
1723217419629 1800.0 28000
1723217434837 1800.0 32000
1723217450202 1800.0 36000
1723217465775 1800.0 40000
1723217481280 1800.0 44000
1723217496636 1800.0 48000
1723217511978 1800.0 52000
1723217527256 1800.0 56000
1723217542563 1800.0 60000
1723217557840 1800.0 64000
1723217573139 1800.0 68000
1723217588760 1800.0 72000
1723217604161 1800.0 76000
1723217621354 1800.0 80000
1723217639472 1800.0 84000
1723217657373 1800.0 88000
1723217674752 1800.0 92000
1723217691902 1800.0 96000
1723217709638 1800.0 100000
1723217727073 1800.0 104000
1723217744544 1800.0 108000
1723217762412 1800.0 112000
1723217780477 1800.0 116000
1723217799537 1800.0 120000
1723217817284 1800.0 124000
1723217834898 1800.0 128000
1723217852480 1800.0 132000
1723217869860 1800.0 136000
1723217887151 1800.0 140000
1723217904157 1800.0 144000
1723217920789 1800.0 148000
1723217937812 1800.0 152000
1723217954866 1800.0 156000
1723217972257 1800.0 160000
1723217989564 1800.0 164000
1723218006898 1800.0 168000
1723218024216 1800.0 172000
1723218041529 1800.0 176000
1723218059822 1800.0 180000
1723218077291 1800.0 184000
1723218094168 1800.0 188000
1723218111954 1800.0 192000
1723218129530 1800.0 196000
1723218147155 1800.0 200000
1723218163978 1800.0 204000
1723218181085 1800.0 208000
1723218197909 1800.0 212000
1723218216453 1800.0 216000
1723218233502 1800.0 220000
1723218250392 1800.0 224000
1723218267482 1800.0 228000
1723218284784 1800.0 232000
1723218301876 1800.0 236000
1723218318837 1800.0 240000
1723218335866 1800.0 244000
1723218352772 1800.0 248000
1723218370086 1800.0 252000
1723218386472 1800.0 256000
1723218403170 1800.0 260000
1723218420276 1800.0 264000
1723218437901 1800.0 268000
1723218455400 1800.0 272000
1723218474272 1800.0 276000
1723218491392 1800.0 280000
1723218508572 1800.0 284000
1723218525580 1800.0 288000
1723218541954 1800.0 292000
1723218559278 1800.0 296000
1723218576483 1800.0 300000
1723218594939 1800.0 304000
1723218611837 1800.0 308000
1723218629090 1800.0 312000
1723218645658 1800.0 316000
1723218662989 1800.0 320000
1723218679972 1800.0 324000
1723218696897 1800.0 328000
1723218821455 1800.0 332000
1723218838817 1800.0 336000
1723218855735 1800.0 340000
1723218872760 1800.0 344000
1723218891837 1800.0 348000
1723218908434 1800.0 352000
1723218924994 1800.0 356000
1723218941357 1800.0 360000
1723218958363 1800.0 364000
1723218975160 1800.0 368000
1723218998669 1800.0 372000
1723219018682 1800.0 376000
1723219035843 1800.0 380000
1723219052706 1800.0 384000
1723219071137 1800.0 388000
1723219088025 1800.0 392000
1723219104666 1800.0 396000
1723219121664 1800.0 400000
1723219138504 1800.0 404000
1723219155873 1800.0 408000
1723219173092 1800.0 412000
1723219190759 1800.0 416000
1723219208234 1800.0 420000
1723219225470 1800.0 424000
1723219241855 1800.0 428000
1723219258159 1800.0 432000
1723219274809 1800.0 436000
1723219290865 1800.0 440000
1723219307012 1800.0 444000
1723219322768 1800.0 448000
1723219339906 1800.0 452000
1723219358128 1800.0 456000
1723219375646 1800.0 460000
1723219392166 1800.0 464000
1723219408710 1800.0 468000
1723219425205 1800.0 472000
1723219442551 1800.0 476000
1723219458924 1800.0 480000
1723219475684 1800.0 484000
1723219492451 1800.0 488000
1723219509065 1800.0 492000
1723219525693 1800.0 496000
1723219541953 1800.0 500000
1723219558350 1800.0 504000
1723219574753 1800.0 508000
1723219591101 1800.0 512000
1723219606512 1800.0 516000
1723219622858 1800.0 520000
1723219640234 1800.0 524000
1723219657017 1800.0 528000
1723219673960 1800.0 532000
1723219690205 1800.0 536000
1723219706408 1800.0 540000
1723219722680 1800.0 544000
1723219739192 1800.0 548000
1723219757203 1800.0 552000
1723219774073 1800.0 556000
1723219791166 1800.0 560000
1723219807909 1800.0 564000
1723219825312 1800.0 568000
1723219842223 1800.0 572000
1723219858696 1800.0 576000
1723219876143 1800.0 580000
1723219891598 1800.0 584000
1723219907235 1800.0 588000
1723219923024 1800.0 592000
1723219939753 1800.0 596000
1723219956218 1800.0 600000
1723219972248 1800.0 604000
1723219988207 1800.0 608000
1723220004921 1800.0 612000
1723220021143 1800.0 616000
1723220037521 1800.0 620000
1723220054751 1800.0 624000
1723220071778 1800.0 628000
1723220088569 1800.0 632000
1723220104866 1800.0 636000
1723220121212 1800.0 640000
1723220137533 1800.0 644000
1723220153517 1800.0 648000
1723220169605 1800.0 652000
1723220186486 1800.0 656000
1723220202874 1800.0 660000
1723220219298 1800.0 664000
1723220235606 1800.0 668000
1723220252335 1800.0 672000
1723220268697 1800.0 676000
1723220285394 1800.0 680000
1723220302182 1800.0 684000
1723220318720 1800.0 688000
1723220335533 1800.0 692000
1723220351646 1800.0 696000
1723220368040 1800.0 700000
1723220383919 1800.0 704000
1723220400034 1800.0 708000
1723220416006 1800.0 712000
1723220432901 1800.0 716000
1723220448601 1800.0 720000
1723220465015 1800.0 724000
1723220481678 1800.0 728000
1723220498784 1800.0 732000
1723220515562 1800.0 736000
1723220532033 1800.0 740000
1723220548717 1800.0 744000
1723220565207 1800.0 748000
1723220581677 1800.0 752000
1723220598519 1800.0 756000
1723220614707 1800.0 760000
1723220629410 1800.0 764000
1723220643183 1800.0 768000
1723220657068 1800.0 772000
1723220671591 1800.0 776000
1723220686037 1800.0 780000
1723220700263 1800.0 784000
1723220714262 1800.0 788000
1723220728686 1800.0 792000
1723220742897 1800.0 796000
1723220756669 1800.0 800000
1723220770455 1800.0 804000
1723220784563 1800.0 808000
1723220798588 1800.0 812000
1723220812464 1800.0 816000
1723220826179 1800.0 820000
1723220839931 1800.0 824000
1723220859512 1800.0 828000
1723220874364 1800.0 832000
1723220888598 1800.0 836000
1723220902306 1800.0 840000
1723220916543 1800.0 844000
1723220930636 1800.0 848000
1723220944158 1800.0 852000
1723220958326 1800.0 856000
1723220972360 1800.0 860000
1723220986721 1800.0 864000
1723221000976 1800.0 868000
1723221014999 1800.0 872000
1723221029234 1800.0 876000
1723221043439 1800.0 880000
1723221057369 1800.0 884000
1723221071229 1800.0 888000
1723221085107 1800.0 892000
1723221099251 1800.0 896000
1723221113348 1800.0 900000
1723221127173 1800.0 904000
1723221141261 1800.0 908000
1723221155986 1800.0 912000
1723221169901 1800.0 916000
1723221184336 1800.0 920000
1723221198423 1800.0 924000
1723221212351 1800.0 928000
1723221226469 1800.0 932000
1723221240296 1800.0 936000
1723221253956 1800.0 940000
1723221268488 1800.0 944000
1723221282638 1800.0 948000
1723221297289 1800.0 952000
1723221311353 1800.0 956000
1723221325998 1800.0 960000
1723221340162 1800.0 964000
1723221354052 1800.0 968000
1723221368480 1800.0 972000
1723221382778 1800.0 976000
1723221396723 1800.0 980000
1723221410812 1800.0 984000
1723221425023 1800.0 988000
1723221438951 1800.0 992000
1723221453609 1800.0 996000
1723221467786 1800.0 1000000
1723221482002 1800.0 1004000
1723221496459 1800.0 1008000
1723221510546 1800.0 1012000
1723221524022 1800.0 1016000
1723221538488 1800.0 1020000
1723221552762 1800.0 1024000
1723221567137 1800.0 1028000
1723221581258 1800.0 1032000
1723221594932 1800.0 1036000
1723221609142 1800.0 1040000
1723221623246 1800.0 1044000
1723221637151 1800.0 1048000
1723221651239 1800.0 1052000
1723221665172 1800.0 1056000
1723221678978 1800.0 1060000
1723221693531 1800.0 1064000
1723221707834 1800.0 1068000
1723221722184 1800.0 1072000
1723221736153 1800.0 1076000
1723221750462 1800.0 1080000
1723221764021 1800.0 1084000
1723221777846 1800.0 1088000
1723221791803 1800.0 1092000
1723221805739 1800.0 1096000
1723221820278 1800.0 1100000
1723221834512 1800.0 1104000
1723221848851 1800.0 1108000
1723221863409 1800.0 1112000
1723221877008 1800.0 1116000
1723221890161 1800.0 1120000
1723221903721 1800.0 1124000
1723221917612 1800.0 1128000
1723221930912 1800.0 1132000
1723221944568 1800.0 1136000
1723221958134 1800.0 1140000
1723221971621 1800.0 1144000
1723221986461 1800.0 1148000
1723221999796 1800.0 1152000
1723222013432 1800.0 1156000
1723222026873 1800.0 1160000
1723222040507 1800.0 1164000
1723222054919 1800.0 1168000
1723222068781 1800.0 1172000
1723222082699 1800.0 1176000
1723222096579 1800.0 1180000
1723222110807 1800.0 1184000
1723222123912 1800.0 1188000
1723222136906 1800.0 1192000
1723222149422 1800.0 1196000
1723222162191 1800.0 1200000
1723222175293 1800.0 1204000
1723222188787 1800.0 1208000
1723222202259 1800.0 1212000
1723222215260 1800.0 1216000
1723222228978 1800.0 1220000
1723222242148 1800.0 1224000
1723222255174 1800.0 1228000
1723222268335 1800.0 1232000
1723222281519 1800.0 1236000
1723222295273 1800.0 1240000
1723222308790 1800.0 1244000
1723222322476 1800.0 1248000
1723222335229 1800.0 1252000
1723222348652 1800.0 1256000
1723222361240 1800.0 1260000
1723222374116 1800.0 1264000
1723222386820 1800.0 1268000
1723222399952 1800.0 1272000
1723222413310 1800.0 1276000
1723222426972 1800.0 1280000
1723222440297 1800.0 1284000
1723222453865 1800.0 1288000
1723222467631 1800.0 1292000
1723222480631 1800.0 1296000
1723222494010 1800.0 1300000
1723222507094 1800.0 1304000
1723222520150 1800.0 1308000
1723222533936 1800.0 1312000
1723222547134 1800.0 1316000
1723222560666 1800.0 1320000
1723222574218 1800.0 1324000
1723222587841 1800.0 1328000
1723222601022 1800.0 1332000
1723222614076 1800.0 1336000
1723222627186 1800.0 1340000
1723222639800 1800.0 1344000
1723222654023 1800.0 1348000
1723222666996 1800.0 1352000
1723222680547 1800.0 1356000
1723222694090 1800.0 1360000
1723222707146 1800.0 1364000
1723222720636 1800.0 1368000
1723222733930 1800.0 1372000
1723222747183 1800.0 1376000
1723222760454 1800.0 1380000
1723222773965 1800.0 1384000
1723222787432 1800.0 1388000
1723222800606 1800.0 1392000
1723222813806 1800.0 1396000
1723222828072 1800.0 1400000
1723222841788 1800.0 1404000
1723222855104 1800.0 1408000
1723222868590 1800.0 1412000
1723222882001 1800.0 1416000
1723222895770 1800.0 1420000
1723222908837 1800.0 1424000
1723222922284 1800.0 1428000
1723222935942 1800.0 1432000
1723222949669 1800.0 1436000
1723222963248 1800.0 1440000
1723222976441 1800.0 1444000
1723222990371 1800.0 1448000
1723223003755 1800.0 1452000
1723223017023 1800.0 1456000
1723223030106 1800.0 1460000
1723223042785 1800.0 1464000
1723223056172 1800.0 1468000
1723223070081 1800.0 1472000
1723223083736 1800.0 1476000
1723223097250 1800.0 1480000
1723223110365 1800.0 1484000
1723223124782 1800.0 1488000
1723223138680 1800.0 1492000
1723223152247 1800.0 1496000
1723223166347 1800.0 1500000
1723223179625 1800.0 1504000
1723223193417 1800.0 1508000
1723223206779 1800.0 1512000
1723223219845 1800.0 1516000
1723223233002 1800.0 1520000
1723223246583 1800.0 1524000
1723223259828 1800.0 1528000
1723223273358 1800.0 1532000
1723223286830 1800.0 1536000
1723223300831 1800.0 1540000
1723223314086 1800.0 1544000
1723223327332 1800.0 1548000
1723223340659 1800.0 1552000
1723223354153 1800.0 1556000
1723223367622 1800.0 1560000
1723223380781 1800.0 1564000
1723223393706 1800.0 1568000
1723223407227 1800.0 1572000
1723223420655 1800.0 1576000
1723223434302 1800.0 1580000
1723223447421 1800.0 1584000
1723223460613 1800.0 1588000
1723223473940 1800.0 1592000
1723223487984 1800.0 1596000
1723223501127 1800.0 1600000
1723223514356 1800.0 1604000
1723223527880 1800.0 1608000
1723224061993 1800.0 1612000
1723224075835 1800.0 1616000
1723224088964 1800.0 1620000
1723224102262 1800.0 1624000
1723224274544 1800.0 1628000
1723224291350 1800.0 1632000
1723224305062 1800.0 1636000
1723224319968 1800.0 1640000
1723224332993 1800.0 1644000
1723224345818 1800.0 1648000
1723224359043 1800.0 1652000
1723224372702 1800.0 1656000
1723224386775 1800.0 1660000
1723224418205 1800.0 1664000
1723224438080 1800.0 1668000
1723224844391 1800.0 1672000
1723224857825 1800.0 1676000
1723224870234 1800.0 1680000
1723225074257 1800.0 1684000
1723225091721 1800.0 1688000
1723225104963 1800.0 1692000
1723225148462 1800.0 1696000
1723225161611 1800.0 1700000
1723225174383 1800.0 1704000
1723225187288 1800.0 1708000
1723225259213 1800.0 1712000
1723225271458 1800.0 1716000
1723225283904 1800.0 1720000
1723225296447 1800.0 1724000
1723226306023 1800.0 1728000
1723226318432 1800.0 1732000
1723226331213 1800.0 1736000
1723226344105 1800.0 1740000
1723226356748 1800.0 1744000
1723226369041 1800.0 1748000
1723226382104 1800.0 1752000
1723226394371 1800.0 1756000
1723226406863 1800.0 1760000
1723226419360 1800.0 1764000
1723226431782 1800.0 1768000
1723226444200 1800.0 1772000
1723226456602 1800.0 1776000
1723226468905 1800.0 1780000
1723226481672 1800.0 1784000
1723226493727 1800.0 1788000
1723226506058 1800.0 1792000
1723226518674 1800.0 1796000
1723226530814 1800.0 1800000
1723226543129 1800.0 1804000
1723226555675 1800.0 1808000
1723226568054 1800.0 1812000
1723226580424 1800.0 1816000
1723226592799 1800.0 1820000
1723226604802 1800.0 1824000
1723226617041 1800.0 1828000
1723226629660 1800.0 1832000
1723226642261 1800.0 1836000
1723226654398 1800.0 1840000
1723226666724 1800.0 1844000
1723226678945 1800.0 1848000
1723226691360 1800.0 1852000
1723226703699 1800.0 1856000
1723226715788 1800.0 1860000
1723226728453 1800.0 1864000
1723226740780 1800.0 1868000
1723226753232 1800.0 1872000
1723226765489 1800.0 1876000
1723226777518 1800.0 1880000
1723226789631 1800.0 1884000
1723226801840 1800.0 1888000
1723226814051 1800.0 1892000
1723226826199 1800.0 1896000
1723226838927 1800.0 1900000
1723226851092 1800.0 1904000
1723226863385 1800.0 1908000
1723226875615 1800.0 1912000
1723226887604 1800.0 1916000
1723226899771 1800.0 1920000
1723226911432 1800.0 1924000
1723226923216 1800.0 1928000
1723226935298 1800.0 1932000
1723226948540 1800.0 1936000
1723226965082 1800.0 1940000
1723226981386 1800.0 1944000
1723226999829 1800.0 1948000
1723227017778 1800.0 1952000
1723227035367 1800.0 1956000
1723227053277 1800.0 1960000
1723227071355 1800.0 1964000
1723227089384 1800.0 1968000
1723227106752 1800.0 1972000
1723227123629 1800.0 1976000
1723227139145 1800.0 1980000
1723227155059 1800.0 1984000
1723227170238 1800.0 1988000
1723227185212 1800.0 1992000
1723227203097 1800.0 1996000
1723227218918 1800.0 2000000
