1723217327533 0.0 4000
1723217342768 0.0 8000
1723217358115 0.0 12000
1723217373428 0.0 16000
1723217388851 0.0 20000
1723217404255 0.0 24000
1723217419622 0.0 28000
1723217434832 0.0 32000
1723217450197 0.0 36000
1723217465769 0.0 40000
1723217481275 0.0 44000
1723217496629 0.0 48000
1723217511973 0.0 52000
1723217527249 0.0 56000
1723217542557 0.0 60000
1723217557835 0.0 64000
1723217573134 0.0 68000
1723217588755 0.0 72000
1723217604155 0.0 76000
1723217621348 0.0 80000
1723217639466 0.0 84000
1723217657362 0.0 88000
1723217674746 0.0 92000
1723217691897 0.0 96000
1723217709633 0.0 100000
1723217727067 0.0 104000
1723217744537 0.0 108000
1723217762406 0.0 112000
1723217780471 0.0 116000
1723217799532 0.0 120000
1723217817278 0.0 124000
1723217834892 0.0 128000
1723217852474 0.0 132000
1723217869854 0.0 136000
1723217887145 0.0 140000
1723217904151 0.0 144000
1723217920783 0.0 148000
1723217937805 0.0 152000
1723217954860 0.0 156000
1723217972252 0.0 160000
1723217989558 0.0 164000
1723218006891 0.0 168000
1723218024209 0.0 172000
1723218041524 0.0 176000
1723218059814 0.0 180000
1723218077286 0.0 184000
1723218094163 0.0 188000
1723218111946 0.0 192000
1723218129524 0.0 196000
1723218147149 0.0 200000
1723218163970 0.0 204000
1723218181078 0.0 208000
1723218197903 0.0 212000
1723218216447 0.0 216000
1723218233497 0.0 220000
1723218250386 0.0 224000
1723218267477 0.0 228000
1723218284779 0.0 232000
1723218301871 0.0 236000
1723218318831 0.0 240000
1723218335860 0.0 244000
1723218352767 0.0 248000
1723218370080 0.0 252000
1723218386467 0.0 256000
1723218403164 0.0 260000
1723218420270 0.0 264000
1723218437892 0.0 268000
1723218455394 0.0 272000
1723218474267 0.0 276000
1723218491387 0.0 280000
1723218508566 0.0 284000
1723218525574 0.0 288000
1723218541949 0.0 292000
1723218559272 0.0 296000
1723218576478 0.0 300000
1723218594933 0.0 304000
1723218611831 0.0 308000
1723218629085 0.0 312000
1723218645653 0.0 316000
1723218662984 0.0 320000
1723218679967 0.0 324000
1723218696891 0.0 328000
1723218821448 0.0 332000
1723218838812 0.0 336000
1723218855729 0.0 340000
1723218872749 0.0 344000
1723218891832 0.0 348000
1723218908428 0.0 352000
1723218924989 0.0 356000
1723218941352 0.0 360000
1723218958358 0.0 364000
1723218975154 0.0 368000
1723218998663 0.0 372000
1723219018676 0.0 376000
1723219035838 0.0 380000
1723219052698 0.0 384000
1723219071132 0.0 388000
1723219088019 0.0 392000
1723219104661 0.0 396000
1723219121659 0.0 400000
1723219138499 0.0 404000
1723219155868 0.0 408000
1723219173086 0.0 412000
1723219190754 0.0 416000
1723219208229 0.0 420000
1723219225464 0.0 424000
1723219241850 0.0 428000
1723219258154 0.0 432000
1723219274804 0.0 436000
1723219290859 0.0 440000
1723219307007 0.0 444000
1723219322762 0.0 448000
1723219339901 0.0 452000
1723219358123 0.0 456000
1723219375641 0.0 460000
1723219392161 0.0 464000
1723219408705 0.0 468000
1723219425200 0.0 472000
1723219442546 0.0 476000
1723219458919 0.0 480000
1723219475679 0.0 484000
1723219492446 0.0 488000
1723219509060 0.0 492000
1723219525687 0.0 496000
1723219541948 0.0 500000
1723219558345 0.0 504000
1723219574748 0.0 508000
1723219591096 0.0 512000
1723219606507 0.0 516000
1723219622852 0.0 520000
1723219640229 0.0 524000
1723219657012 0.0 528000
1723219673955 0.0 532000
1723219690200 0.0 536000
1723219706403 0.0 540000
1723219722675 0.0 544000
1723219739186 0.0 548000
1723219757197 0.0 552000
1723219774068 0.0 556000
1723219791160 0.0 560000
1723219807904 0.0 564000
1723219825307 0.0 568000
1723219842218 0.0 572000
1723219858691 0.0 576000
1723219876138 0.0 580000
1723219891593 0.0 584000
1723219907230 0.0 588000
1723219923019 0.0 592000
1723219939748 0.0 596000
1723219956213 0.0 600000
1723219972243 0.0 604000
1723219988202 0.0 608000
1723220004915 0.0 612000
1723220021138 0.0 616000
1723220037514 0.0 620000
1723220054745 0.0 624000
1723220071773 0.0 628000
1723220088564 0.0 632000
1723220104861 0.0 636000
1723220121207 0.0 640000
1723220137526 0.0 644000
1723220153512 0.0 648000
1723220169599 0.0 652000
1723220186481 0.0 656000
1723220202868 0.0 660000
1723220219293 0.0 664000
1723220235601 0.0 668000
1723220252330 0.0 672000
1723220268686 0.0 676000
1723220285389 0.0 680000
1723220302176 0.0 684000
1723220318714 0.0 688000
1723220335528 0.0 692000
1723220351641 0.0 696000
1723220368035 0.0 700000
1723220383914 0.0 704000
1723220400029 0.0 708000
1723220416001 0.0 712000
1723220432896 0.0 716000
1723220448595 0.0 720000
1723220465010 0.0 724000
1723220481673 0.0 728000
1723220498779 0.0 732000
1723220515557 0.0 736000
1723220532028 0.0 740000
1723220548712 0.0 744000
1723220565202 0.0 748000
1723220581672 0.0 752000
1723220598514 0.0 756000
1723220614702 0.0 760000
1723220629405 0.0 764000
1723220643178 0.0 768000
1723220657063 0.0 772000
1723220671586 0.0 776000
1723220686032 0.0 780000
1723220700258 0.0 784000
1723220714257 0.0 788000
1723220728680 0.0 792000
1723220742892 0.0 796000
1723220756664 0.0 800000
1723220770450 0.0 804000
1723220784555 0.0 808000
1723220798583 0.0 812000
1723220812459 0.0 816000
1723220826174 0.0 820000
1723220839926 0.0 824000
1723220859507 0.0 828000
1723220874359 0.0 832000
1723220888593 0.0 836000
1723220902301 0.0 840000
1723220916537 0.0 844000
1723220930631 0.0 848000
1723220944153 0.0 852000
1723220958321 0.0 856000
1723220972355 0.0 860000
1723220986716 0.0 864000
1723221000971 0.0 868000
1723221014994 0.0 872000
1723221029229 0.0 876000
1723221043434 0.0 880000
1723221057364 0.0 884000
1723221071224 0.0 888000
1723221085102 0.0 892000
1723221099246 0.0 896000
1723221113343 0.0 900000
1723221127168 0.0 904000
1723221141256 0.0 908000
1723221155981 0.0 912000
1723221169894 0.0 916000
1723221184330 0.0 920000
1723221198417 0.0 924000
1723221212345 0.0 928000
1723221226464 0.0 932000
1723221240291 0.0 936000
1723221253951 0.0 940000
1723221268483 0.0 944000
1723221282633 0.0 948000
1723221297284 0.0 952000
1723221311348 0.0 956000
1723221325993 0.0 960000
1723221340157 0.0 964000
1723221354047 0.0 968000
1723221368475 0.0 972000
1723221382772 0.0 976000
1723221396718 0.0 980000
1723221410807 0.0 984000
1723221425018 0.0 988000
1723221438946 0.0 992000
1723221453604 0.0 996000
1723221467781 0.0 1000000
1723221481997 0.0 1004000
1723221496454 0.0 1008000
1723221510541 0.0 1012000
1723221524017 0.0 1016000
1723221538483 0.0 1020000
1723221552757 0.0 1024000
1723221567132 0.0 1028000
1723221581253 0.0 1032000
1723221594927 0.0 1036000
1723221609137 0.0 1040000
1723221623240 0.0 1044000
1723221637146 0.0 1048000
1723221651234 0.0 1052000
1723221665167 0.0 1056000
1723221678973 0.0 1060000
1723221693526 0.0 1064000
1723221707829 0.0 1068000
1723221722178 0.0 1072000
1723221736148 0.0 1076000
1723221750457 0.0 1080000
1723221764016 0.0 1084000
1723221777841 0.0 1088000
1723221791798 0.0 1092000
1723221805734 0.0 1096000
1723221820273 0.0 1100000
1723221834507 0.0 1104000
1723221848846 0.0 1108000
1723221863404 0.0 1112000
1723221877003 0.0 1116000
1723221890156 0.0 1120000
1723221903716 0.0 1124000
1723221917608 0.0 1128000
1723221930907 0.0 1132000
1723221944563 0.0 1136000
1723221958129 0.0 1140000
1723221971616 0.0 1144000
1723221986456 0.0 1148000
1723221999791 0.0 1152000
1723222013427 0.0 1156000
1723222026868 0.0 1160000
1723222040502 0.0 1164000
1723222054914 0.0 1168000
1723222068776 0.0 1172000
1723222082693 0.0 1176000
1723222096574 0.0 1180000
1723222110803 0.0 1184000
1723222123907 0.0 1188000
1723222136900 0.0 1192000
1723222149417 0.0 1196000
1723222162186 0.0 1200000
1723222175287 0.0 1204000
1723222188782 0.0 1208000
1723222202254 0.0 1212000
1723222215255 0.0 1216000
1723222228973 0.0 1220000
1723222242143 0.0 1224000
1723222255168 0.0 1228000
1723222268330 0.0 1232000
1723222281514 0.0 1236000
1723222295268 0.0 1240000
1723222308785 0.0 1244000
1723222322471 0.0 1248000
1723222335223 0.0 1252000
1723222348647 0.0 1256000
1723222361235 0.0 1260000
1723222374110 0.0 1264000
1723222386815 0.0 1268000
1723222399947 0.0 1272000
1723222413305 0.0 1276000
1723222426967 0.0 1280000
1723222440292 0.0 1284000
1723222453860 0.0 1288000
1723222467627 0.0 1292000
1723222480626 0.0 1296000
1723222494005 0.0 1300000
1723222507088 0.0 1304000
1723222520145 0.0 1308000
1723222533931 0.0 1312000
1723222547129 0.0 1316000
1723222560661 0.0 1320000
1723222574213 0.0 1324000
1723222587836 0.0 1328000
1723222601017 0.0 1332000
1723222614071 0.0 1336000
1723222627181 0.0 1340000
1723222639795 0.0 1344000
1723222654018 0.0 1348000
1723222666991 0.0 1352000
1723222680542 0.0 1356000
1723222694085 0.0 1360000
1723222707141 0.0 1364000
1723222720631 0.0 1368000
1723222733925 0.0 1372000
1723222747178 0.0 1376000
1723222760449 0.0 1380000
1723222773960 0.0 1384000
1723222787427 0.0 1388000
1723222800601 0.0 1392000
1723222813800 0.0 1396000
1723222828067 0.0 1400000
1723222841783 0.0 1404000
1723222855099 0.0 1408000
1723222868584 0.0 1412000
1723222881996 0.0 1416000
1723222895765 0.0 1420000
1723222908831 0.0 1424000
1723222922278 0.0 1428000
1723222935937 0.0 1432000
1723222949664 0.0 1436000
1723222963243 0.0 1440000
1723222976436 0.0 1444000
1723222990365 0.0 1448000
1723223003750 0.0 1452000
1723223017018 0.0 1456000
1723223030101 0.0 1460000
1723223042780 0.0 1464000
1723223056167 0.0 1468000
1723223070076 0.0 1472000
1723223083731 0.0 1476000
1723223097244 0.0 1480000
1723223110359 0.0 1484000
1723223124777 0.0 1488000
1723223138674 0.0 1492000
1723223152242 0.0 1496000
1723223166342 0.0 1500000
1723223179618 0.0 1504000
1723223193412 0.0 1508000
1723223206774 0.0 1512000
1723223219840 0.0 1516000
1723223232996 0.0 1520000
1723223246578 0.0 1524000
1723223259823 0.0 1528000
1723223273353 0.0 1532000
1723223286825 0.0 1536000
1723223300826 0.0 1540000
1723223314080 0.0 1544000
1723223327327 0.0 1548000
1723223340654 0.0 1552000
1723223354148 0.0 1556000
1723223367617 0.0 1560000
1723223380776 0.0 1564000
1723223393700 0.0 1568000
1723223407222 0.0 1572000
1723223420649 0.0 1576000
1723223434297 0.0 1580000
1723223447416 0.0 1584000
1723223460608 0.0 1588000
1723223473935 0.0 1592000
1723223487978 0.0 1596000
1723223501122 0.0 1600000
1723223514351 0.0 1604000
1723223527875 0.0 1608000
1723224061988 0.0 1612000
1723224075830 0.0 1616000
1723224088958 0.0 1620000
1723224102256 0.0 1624000
1723224274536 0.0 1628000
1723224291345 0.0 1632000
1723224305056 0.0 1636000
1723224319961 0.0 1640000
1723224332989 0.0 1644000
1723224345813 0.0 1648000
1723224359038 0.0 1652000
1723224372698 0.0 1656000
1723224386769 0.0 1660000
1723224418198 0.0 1664000
1723224438072 0.0 1668000
1723224844386 0.0 1672000
1723224857820 0.0 1676000
1723224870229 0.0 1680000
1723225074235 0.0 1684000
1723225091716 0.0 1688000
1723225104958 0.0 1692000
1723225148457 0.0 1696000
1723225161606 0.0 1700000
1723225174378 0.0 1704000
1723225187282 0.0 1708000
1723225259207 0.0 1712000
1723225271452 0.0 1716000
1723225283899 0.0 1720000
1723225296442 0.0 1724000
1723226306018 0.0 1728000
1723226318427 0.0 1732000
1723226331208 0.0 1736000
1723226344100 0.0 1740000
1723226356743 0.0 1744000
1723226369035 0.0 1748000
1723226382099 0.0 1752000
1723226394365 0.0 1756000
1723226406858 0.0 1760000
1723226419355 0.0 1764000
1723226431777 0.0 1768000
1723226444195 0.0 1772000
1723226456597 0.0 1776000
1723226468900 0.0 1780000
1723226481668 0.0 1784000
1723226493722 0.0 1788000
1723226506053 0.0 1792000
1723226518669 0.0 1796000
1723226530809 0.0 1800000
1723226543123 0.0 1804000
1723226555670 0.0 1808000
1723226568049 0.0 1812000
1723226580419 0.0 1816000
1723226592794 0.0 1820000
1723226604798 0.0 1824000
1723226617036 0.0 1828000
1723226629655 0.0 1832000
1723226642255 0.0 1836000
1723226654393 0.0 1840000
1723226666718 0.0 1844000
1723226678940 0.0 1848000
1723226691355 0.0 1852000
1723226703693 0.0 1856000
1723226715782 0.0 1860000
1723226728448 0.0 1864000
1723226740775 0.0 1868000
1723226753227 0.0 1872000
1723226765484 0.0 1876000
1723226777513 0.0 1880000
1723226789626 0.0 1884000
1723226801835 0.0 1888000
1723226814047 0.0 1892000
1723226826194 0.0 1896000
1723226838922 0.0 1900000
1723226851088 0.0 1904000
1723226863380 0.0 1908000
1723226875610 0.0 1912000
1723226887599 0.0 1916000
1723226899766 0.0 1920000
1723226911427 0.0 1924000
1723226923211 0.0 1928000
1723226935293 0.0 1932000
1723226948534 0.0 1936000
1723226965076 0.0 1940000
1723226981379 0.0 1944000
1723226999822 0.0 1948000
1723227017771 0.0 1952000
1723227035361 0.0 1956000
1723227053270 0.0 1960000
1723227071348 0.0 1964000
1723227089378 0.0 1968000
1723227106746 0.0 1972000
1723227123623 0.0 1976000
1723227139139 0.0 1980000
1723227155052 0.0 1984000
1723227170233 0.0 1988000
1723227185207 0.0 1992000
1723227203088 0.0 1996000
1723227218911 0.0 2000000
