1723217327535 0.0 4000
1723217342769 0.0 8000
1723217358116 0.0 12000
1723217373429 0.0 16000
1723217388852 0.0 20000
1723217404259 0.0 24000
1723217419624 0.0 28000
1723217434833 0.0 32000
1723217450199 0.0 36000
1723217465770 0.0 40000
1723217481276 0.0 44000
1723217496630 0.0 48000
1723217511974 0.0 52000
1723217527250 0.0 56000
1723217542558 0.0 60000
1723217557837 0.0 64000
1723217573135 0.0 68000
1723217588756 0.0 72000
1723217604156 0.0 76000
1723217621349 0.0 80000
1723217639467 0.0 84000
1723217657365 0.0 88000
1723217674747 0.0 92000
1723217691898 0.0 96000
1723217709635 0.0 100000
1723217727068 0.0 104000
1723217744539 0.0 108000
1723217762408 0.0 112000
1723217780473 0.0 116000
1723217799533 0.0 120000
1723217817280 0.0 124000
1723217834893 0.0 128000
1723217852475 0.0 132000
1723217869856 0.0 136000
1723217887147 0.0 140000
1723217904152 0.0 144000
1723217920785 0.0 148000
1723217937806 0.0 152000
1723217954861 0.0 156000
1723217972253 0.0 160000
1723217989560 0.0 164000
1723218006893 0.0 168000
1723218024211 0.0 172000
1723218041525 0.0 176000
1723218059816 0.0 180000
1723218077287 0.0 184000
1723218094164 0.0 188000
1723218111948 0.0 192000
1723218129526 0.0 196000
1723218147151 0.0 200000
1723218163972 0.0 204000
1723218181079 0.0 208000
1723218197904 0.0 212000
1723218216448 0.0 216000
1723218233498 0.0 220000
1723218250387 0.0 224000
1723218267478 0.0 228000
1723218284780 0.0 232000
1723218301872 0.0 236000
1723218318832 0.0 240000
1723218335861 0.0 244000
1723218352768 0.0 248000
1723218370082 0.0 252000
1723218386468 0.0 256000
1723218403166 0.0 260000
1723218420272 0.0 264000
1723218437894 0.0 268000
1723218455396 0.0 272000
1723218474268 0.0 276000
1723218491388 0.0 280000
1723218508567 0.0 284000
1723218525576 0.0 288000
1723218541950 0.0 292000
1723218559274 0.0 296000
1723218576479 0.0 300000
1723218594934 0.0 304000
1723218611833 0.0 308000
1723218629086 0.0 312000
1723218645654 0.0 316000
1723218662985 0.0 320000
1723218679968 0.0 324000
1723218696892 0.0 328000
1723218821450 0.0 332000
1723218838813 0.0 336000
1723218855730 0.0 340000
1723218872750 0.0 344000
1723218891834 0.0 348000
1723218908430 0.0 352000
1723218924990 0.0 356000
1723218941353 0.0 360000
1723218958359 0.0 364000
1723218975156 0.0 368000
1723218998665 0.0 372000
1723219018678 0.0 376000
1723219035839 0.0 380000
1723219052700 0.0 384000
1723219071133 0.0 388000
1723219088020 0.0 392000
1723219104662 0.0 396000
1723219121660 0.0 400000
1723219138500 0.0 404000
1723219155869 0.0 408000
1723219173088 0.0 412000
1723219190755 0.0 416000
1723219208230 0.0 420000
1723219225465 0.0 424000
1723219241851 0.0 428000
1723219258155 0.0 432000
1723219274805 0.0 436000
1723219290861 0.0 440000
1723219307008 0.0 444000
1723219322764 0.0 448000
1723219339902 0.0 452000
1723219358124 0.0 456000
1723219375642 0.0 460000
1723219392162 0.0 464000
1723219408706 0.0 468000
1723219425201 0.0 472000
1723219442548 0.0 476000
1723219458920 0.0 480000
1723219475680 0.0 484000
1723219492447 0.0 488000
1723219509061 0.0 492000
1723219525689 0.0 496000
1723219541949 0.0 500000
1723219558346 0.0 504000
1723219574749 0.0 508000
1723219591097 0.0 512000
1723219606508 0.0 516000
1723219622854 0.0 520000
1723219640230 0.0 524000
1723219657013 0.0 528000
1723219673956 0.0 532000
1723219690201 0.0 536000
1723219706404 0.0 540000
1723219722676 0.0 544000
1723219739188 0.0 548000
1723219757199 0.0 552000
1723219774069 0.0 556000
1723219791161 0.0 560000
1723219807905 0.0 564000
1723219825308 0.0 568000
1723219842219 0.0 572000
1723219858692 0.0 576000
1723219876139 0.0 580000
1723219891594 0.0 584000
1723219907231 0.0 588000
1723219923020 0.0 592000
1723219939749 0.0 596000
1723219956214 0.0 600000
1723219972244 0.0 604000
1723219988203 0.0 608000
1723220004917 0.0 612000
1723220021139 0.0 616000
1723220037516 0.0 620000
1723220054747 0.0 624000
1723220071774 0.0 628000
1723220088565 0.0 632000
1723220104862 0.0 636000
1723220121208 0.0 640000
1723220137527 0.0 644000
1723220153513 0.0 648000
1723220169601 0.0 652000
1723220186483 0.0 656000
1723220202869 0.0 660000
1723220219294 0.0 664000
1723220235602 0.0 668000
1723220252331 0.0 672000
1723220268689 0.0 676000
1723220285390 0.0 680000
1723220302178 0.0 684000
1723220318716 0.0 688000
1723220335530 0.0 692000
1723220351642 0.0 696000
1723220368036 0.0 700000
1723220383915 0.0 704000
1723220400030 0.0 708000
1723220416002 0.0 712000
1723220432897 0.0 716000
1723220448597 0.0 720000
1723220465011 0.0 724000
1723220481674 0.0 728000
1723220498780 0.0 732000
1723220515558 0.0 736000
1723220532029 0.0 740000
1723220548713 0.0 744000
1723220565203 0.0 748000
1723220581673 0.0 752000
1723220598515 0.0 756000
1723220614703 0.0 760000
1723220629406 0.0 764000
1723220643179 0.0 768000
1723220657065 0.0 772000
1723220671587 0.0 776000
1723220686033 0.0 780000
1723220700259 0.0 784000
1723220714258 0.0 788000
1723220728682 0.0 792000
1723220742893 0.0 796000
1723220756665 0.0 800000
1723220770451 0.0 804000
1723220784556 0.0 808000
1723220798584 0.0 812000
1723220812460 0.0 816000
1723220826175 0.0 820000
1723220839927 0.0 824000
1723220859509 0.0 828000
1723220874360 0.0 832000
1723220888594 0.0 836000
1723220902302 0.0 840000
1723220916538 0.0 844000
1723220930632 0.0 848000
1723220944154 0.0 852000
1723220958322 0.0 856000
1723220972356 0.0 860000
1723220986717 0.0 864000
1723221000972 0.0 868000
1723221014995 0.0 872000
1723221029231 0.0 876000
1723221043435 0.0 880000
1723221057365 0.0 884000
1723221071225 0.0 888000
1723221085103 0.0 892000
1723221099247 0.0 896000
1723221113344 0.0 900000
1723221127169 0.0 904000
1723221141257 0.0 908000
1723221155982 0.0 912000
1723221169895 0.0 916000
1723221184331 0.0 920000
1723221198419 0.0 924000
1723221212346 0.0 928000
1723221226465 0.0 932000
1723221240292 0.0 936000
1723221253952 0.0 940000
1723221268484 0.0 944000
1723221282634 0.0 948000
1723221297285 0.0 952000
1723221311349 0.0 956000
1723221325994 0.0 960000
1723221340158 0.0 964000
1723221354048 0.0 968000
1723221368476 0.0 972000
1723221382773 0.0 976000
1723221396719 0.0 980000
1723221410809 0.0 984000
1723221425019 0.0 988000
1723221438947 0.0 992000
1723221453606 0.0 996000
1723221467782 0.0 1000000
1723221481998 0.0 1004000
1723221496456 0.0 1008000
1723221510542 0.0 1012000
1723221524018 0.0 1016000
1723221538484 0.0 1020000
1723221552758 0.0 1024000
1723221567133 0.0 1028000
1723221581254 0.0 1032000
1723221594928 0.0 1036000
1723221609138 0.0 1040000
1723221623241 0.0 1044000
1723221637147 0.0 1048000
1723221651235 0.0 1052000
1723221665168 0.0 1056000
1723221678974 0.0 1060000
1723221693527 0.0 1064000
1723221707831 0.0 1068000
1723221722180 0.0 1072000
1723221736149 0.0 1076000
1723221750458 0.0 1080000
1723221764017 0.0 1084000
1723221777842 0.0 1088000
1723221791799 0.0 1092000
1723221805735 0.0 1096000
1723221820274 0.0 1100000
1723221834508 0.0 1104000
1723221848847 0.0 1108000
1723221863405 0.0 1112000
1723221877004 0.0 1116000
1723221890157 0.0 1120000
1723221903717 0.0 1124000
1723221917609 0.0 1128000
1723221930908 0.0 1132000
1723221944564 0.0 1136000
1723221958130 0.0 1140000
1723221971617 0.0 1144000
1723221986457 0.0 1148000
1723221999792 0.0 1152000
1723222013428 0.0 1156000
1723222026869 0.0 1160000
1723222040504 0.0 1164000
1723222054915 0.0 1168000
1723222068777 0.0 1172000
1723222082694 0.0 1176000
1723222096575 0.0 1180000
1723222110804 0.0 1184000
1723222123908 0.0 1188000
1723222136902 0.0 1192000
1723222149418 0.0 1196000
1723222162187 0.0 1200000
1723222175288 0.0 1204000
1723222188783 0.0 1208000
1723222202255 0.0 1212000
1723222215256 0.0 1216000
1723222228974 0.0 1220000
1723222242144 0.0 1224000
1723222255169 0.0 1228000
1723222268331 0.0 1232000
1723222281515 0.0 1236000
1723222295270 0.0 1240000
1723222308786 0.0 1244000
1723222322472 0.0 1248000
1723222335224 0.0 1252000
1723222348648 0.0 1256000
1723222361236 0.0 1260000
1723222374112 0.0 1264000
1723222386816 0.0 1268000
1723222399948 0.0 1272000
1723222413306 0.0 1276000
1723222426968 0.0 1280000
1723222440293 0.0 1284000
1723222453861 0.0 1288000
1723222467628 0.0 1292000
1723222480627 0.0 1296000
1723222494006 0.0 1300000
1723222507090 0.0 1304000
1723222520146 0.0 1308000
1723222533933 0.0 1312000
1723222547130 0.0 1316000
1723222560662 0.0 1320000
1723222574214 0.0 1324000
1723222587837 0.0 1328000
1723222601018 0.0 1332000
1723222614073 0.0 1336000
1723222627182 0.0 1340000
1723222639796 0.0 1344000
1723222654019 0.0 1348000
1723222666992 0.0 1352000
1723222680544 0.0 1356000
1723222694086 0.0 1360000
1723222707142 0.0 1364000
1723222720632 0.0 1368000
1723222733926 0.0 1372000
1723222747179 0.0 1376000
1723222760450 0.0 1380000
1723222773961 0.0 1384000
1723222787428 0.0 1388000
1723222800602 0.0 1392000
1723222813802 0.0 1396000
1723222828068 0.0 1400000
1723222841784 0.0 1404000
1723222855100 0.0 1408000
1723222868586 0.0 1412000
1723222881998 0.0 1416000
1723222895766 0.0 1420000
1723222908833 0.0 1424000
1723222922280 0.0 1428000
1723222935938 0.0 1432000
1723222949665 0.0 1436000
1723222963244 0.0 1440000
1723222976437 0.0 1444000
1723222990366 0.0 1448000
1723223003751 0.0 1452000
1723223017019 0.0 1456000
1723223030102 0.0 1460000
1723223042781 0.0 1464000
1723223056168 0.0 1468000
1723223070077 0.0 1472000
1723223083732 0.0 1476000
1723223097245 0.0 1480000
1723223110361 0.0 1484000
1723223124778 0.0 1488000
1723223138676 0.0 1492000
1723223152243 0.0 1496000
1723223166344 0.0 1500000
1723223179620 0.0 1504000
1723223193413 0.0 1508000
1723223206775 0.0 1512000
1723223219841 0.0 1516000
1723223232998 0.0 1520000
1723223246579 0.0 1524000
1723223259825 0.0 1528000
1723223273354 0.0 1532000
1723223286826 0.0 1536000
1723223300827 0.0 1540000
1723223314081 0.0 1544000
1723223327328 0.0 1548000
1723223340655 0.0 1552000
1723223354149 0.0 1556000
1723223367618 0.0 1560000
1723223380777 0.0 1564000
1723223393702 0.0 1568000
1723223407223 0.0 1572000
1723223420651 0.0 1576000
1723223434298 0.0 1580000
1723223447417 0.0 1584000
1723223460609 0.0 1588000
1723223473936 0.0 1592000
1723223487980 0.0 1596000
1723223501123 0.0 1600000
1723223514352 0.0 1604000
1723223527877 0.0 1608000
1723224061989 0.0 1612000
1723224075831 0.0 1616000
1723224088960 0.0 1620000
1723224102257 0.0 1624000
1723224274537 0.0 1628000
1723224291346 0.0 1632000
1723224305058 0.0 1636000
1723224319964 0.0 1640000
1723224332990 0.0 1644000
1723224345814 0.0 1648000
1723224359039 0.0 1652000
1723224372699 0.0 1656000
1723224386770 0.0 1660000
1723224418199 0.0 1664000
1723224438074 0.0 1668000
1723224844387 0.0 1672000
1723224857821 0.0 1676000
1723224870230 0.0 1680000
1723225074240 0.0 1684000
1723225091717 0.0 1688000
1723225104959 0.0 1692000
1723225148458 0.0 1696000
1723225161607 0.0 1700000
1723225174379 0.0 1704000
1723225187284 0.0 1708000
1723225259209 0.0 1712000
1723225271454 0.0 1716000
1723225283900 0.0 1720000
1723225296443 0.0 1724000
1723226306019 0.0 1728000
1723226318428 0.0 1732000
1723226331209 0.0 1736000
1723226344101 0.0 1740000
1723226356744 0.0 1744000
1723226369037 0.0 1748000
1723226382100 0.0 1752000
1723226394367 0.0 1756000
1723226406859 0.0 1760000
1723226419356 0.0 1764000
1723226431778 0.0 1768000
1723226444196 0.0 1772000
1723226456598 0.0 1776000
1723226468901 0.0 1780000
1723226481669 0.0 1784000
1723226493723 0.0 1788000
1723226506054 0.0 1792000
1723226518670 0.0 1796000
1723226530810 0.0 1800000
1723226543125 0.0 1804000
1723226555671 0.0 1808000
1723226568051 0.0 1812000
1723226580420 0.0 1816000
1723226592795 0.0 1820000
1723226604799 0.0 1824000
1723226617037 0.0 1828000
1723226629656 0.0 1832000
1723226642256 0.0 1836000
1723226654394 0.0 1840000
1723226666719 0.0 1844000
1723226678941 0.0 1848000
1723226691356 0.0 1852000
1723226703695 0.0 1856000
1723226715784 0.0 1860000
1723226728449 0.0 1864000
1723226740776 0.0 1868000
1723226753228 0.0 1872000
1723226765486 0.0 1876000
1723226777514 0.0 1880000
1723226789627 0.0 1884000
1723226801836 0.0 1888000
1723226814048 0.0 1892000
1723226826196 0.0 1896000
1723226838923 0.0 1900000
1723226851089 0.0 1904000
1723226863382 0.0 1908000
1723226875611 0.0 1912000
1723226887600 0.0 1916000
1723226899767 0.0 1920000
1723226911428 0.0 1924000
1723226923212 0.0 1928000
1723226935294 0.0 1932000
1723226948535 0.0 1936000
1723226965077 0.0 1940000
1723226981381 0.0 1944000
1723226999824 0.0 1948000
1723227017772 0.0 1952000
1723227035362 0.0 1956000
1723227053272 0.0 1960000
1723227071349 0.0 1964000
1723227089379 0.0 1968000
1723227106747 0.0 1972000
1723227123624 0.0 1976000
1723227139140 0.0 1980000
1723227155054 0.0 1984000
1723227170234 0.0 1988000
1723227185208 0.0 1992000
1723227203090 0.0 1996000
1723227218912 0.0 2000000
