1723217327521 0.99 4000
1723217342757 0.99 8000
1723217358104 0.99 12000
1723217373418 0.99 16000
1723217388839 0.99 20000
1723217404242 0.99 24000
1723217419610 0.99 28000
1723217434818 0.99 32000
1723217450186 0.99 36000
1723217465756 0.99 40000
1723217481264 0.99 44000
1723217496618 0.99 48000
1723217511960 0.99 52000
1723217527238 0.99 56000
1723217542543 0.99 60000
1723217557825 0.99 64000
1723217573123 0.99 68000
1723217588737 0.99 72000
1723217604145 0.99 76000
1723217621337 0.99 80000
1723217639456 0.99 84000
1723217657348 0.99 88000
1723217674735 0.99 92000
1723217691886 0.99 96000
1723217709623 0.99 100000
1723217727053 0.99 104000
1723217744523 0.99 108000
1723217762395 0.99 112000
1723217780452 0.99 116000
1723217799520 0.99 120000
1723217817266 0.99 124000
1723217834880 0.99 128000
1723217852460 0.99 132000
1723217869844 0.99 136000
1723217887134 0.99 140000
1723217904139 0.99 144000
1723217920771 0.99 148000
1723217937793 0.99 152000
1723217954847 0.99 156000
1723217972241 0.99 160000
1723217989546 0.99 164000
1723218006879 0.99 168000
1723218024196 0.99 172000
1723218041513 0.99 176000
1723218059804 0.99 180000
1723218077274 0.99 184000
1723218094151 0.99 188000
1723218111935 0.99 192000
1723218129512 0.99 196000
1723218147137 0.99 200000
1723218163958 0.99 204000
1723218181067 0.99 208000
1723218197889 0.99 212000
1723218216435 0.99 216000
1723218233486 0.99 220000
1723218250375 0.99 224000
1723218267465 0.99 228000
1723218284768 0.99 232000
1723218301860 0.99 236000
1723218318817 0.99 240000
1723218335847 0.99 244000
1723218352756 0.99 248000
1723218370069 0.99 252000
1723218386456 0.99 256000
1723218403154 0.99 260000
1723218420253 0.99 264000
1723218437877 0.99 268000
1723218455384 0.99 272000
1723218474256 0.99 276000
1723218491375 0.99 280000
1723218508555 0.99 284000
1723218525564 0.99 288000
1723218541939 0.99 292000
1723218559257 0.99 296000
1723218576466 0.99 300000
1723218594922 0.99 304000
1723218611820 0.99 308000
1723218629074 0.99 312000
1723218645641 0.99 316000
1723218662974 0.99 320000
1723218679956 0.99 324000
1723218696880 0.99 328000
1723218821435 0.99 332000
1723218838801 0.99 336000
1723218855719 0.99 340000
1723218872730 0.99 344000
1723218891822 0.99 348000
1723218908417 0.99 352000
1723218924978 0.99 356000
1723218941341 0.99 360000
1723218958341 0.99 364000
1723218975143 0.99 368000
1723218998652 0.99 372000
1723219018665 0.99 376000
1723219035828 0.99 380000
1723219052678 0.99 384000
1723219071121 0.99 388000
1723219088008 0.99 392000
1723219104651 0.99 396000
1723219121649 0.99 400000
1723219138489 0.99 404000
1723219155858 0.99 408000
1723219173075 0.99 412000
1723219190743 0.99 416000
1723219208218 0.99 420000
1723219225454 0.99 424000
1723219241840 0.99 428000
1723219258143 0.99 432000
1723219274792 0.99 436000
1723219290849 0.99 440000
1723219306996 0.99 444000
1723219322752 0.99 448000
1723219339888 0.99 452000
1723219358111 0.99 456000
1723219375630 0.99 460000
1723219392151 0.99 464000
1723219408694 0.99 468000
1723219425189 0.99 472000
1723219442536 0.99 476000
1723219458908 0.99 480000
1723219475668 0.99 484000
1723219492436 0.99 488000
1723219509050 0.99 492000
1723219525676 0.99 496000
1723219541937 0.99 500000
1723219558334 0.99 504000
1723219574737 0.99 508000
1723219591085 0.99 512000
1723219606495 0.99 516000
1723219622842 0.99 520000
1723219640217 0.99 524000
1723219657002 0.99 528000
1723219673944 0.99 532000
1723219690190 0.99 536000
1723219706392 0.99 540000
1723219722664 0.99 544000
1723219739175 0.99 548000
1723219757186 0.99 552000
1723219774057 0.99 556000
1723219791149 0.99 560000
1723219807893 0.99 564000
1723219825296 0.99 568000
1723219842207 0.99 572000
1723219858681 0.99 576000
1723219876128 0.99 580000
1723219891582 0.99 584000
1723219907219 0.99 588000
1723219923008 0.99 592000
1723219939738 0.99 596000
1723219956202 0.99 600000
1723219972232 0.99 604000
1723219988191 0.99 608000
1723220004904 0.99 612000
1723220021127 0.99 616000
1723220037502 0.99 620000
1723220054734 0.99 624000
1723220071761 0.99 628000
1723220088537 0.99 632000
1723220104850 0.99 636000
1723220121196 0.99 640000
1723220137516 0.99 644000
1723220153501 0.99 648000
1723220169588 0.99 652000
1723220186471 0.99 656000
1723220202856 0.99 660000
1723220219282 0.99 664000
1723220235590 0.99 668000
1723220252319 0.99 672000
1723220268672 0.99 676000
1723220285378 0.99 680000
1723220302165 0.99 684000
1723220318703 0.99 688000
1723220335516 0.99 692000
1723220351630 0.99 696000
1723220368025 0.99 700000
1723220383903 0.99 704000
1723220400018 0.99 708000
1723220415990 0.99 712000
1723220432885 0.99 716000
1723220448585 0.99 720000
1723220464998 0.99 724000
1723220481662 0.99 728000
1723220498768 0.99 732000
1723220515546 0.99 736000
1723220532017 0.99 740000
1723220548701 0.99 744000
1723220565191 0.99 748000
1723220581661 0.99 752000
1723220598503 0.99 756000
1723220614691 0.99 760000
1723220629394 0.99 764000
1723220643167 0.99 768000
1723220657053 0.99 772000
1723220671575 0.99 776000
1723220686022 0.99 780000
1723220700248 0.99 784000
1723220714247 0.99 788000
1723220728670 0.99 792000
1723220742882 0.99 796000
1723220756654 0.99 800000
1723220770440 0.99 804000
1723220784544 0.99 808000
1723220798573 0.99 812000
1723220812448 0.99 816000
1723220826163 0.99 820000
1723220839914 0.99 824000
1723220859497 0.99 828000
1723220874348 0.99 832000
1723220888583 0.99 836000
1723220902290 0.99 840000
1723220916527 0.99 844000
1723220930620 0.99 848000
1723220944142 0.99 852000
1723220958311 0.99 856000
1723220972344 0.99 860000
1723220986706 0.99 864000
1723221000960 0.99 868000
1723221014983 0.99 872000
1723221029219 0.99 876000
1723221043423 0.99 880000
1723221057354 0.99 884000
1723221071213 0.99 888000
1723221085092 0.99 892000
1723221099235 0.99 896000
1723221113333 0.99 900000
1723221127158 0.99 904000
1723221141246 0.99 908000
1723221155970 0.99 912000
1723221169879 0.99 916000
1723221184317 0.99 920000
1723221198406 0.99 924000
1723221212334 0.99 928000
1723221226453 0.99 932000
1723221240280 0.99 936000
1723221253940 0.99 940000
1723221268472 0.99 944000
1723221282623 0.99 948000
1723221297274 0.99 952000
1723221311338 0.99 956000
1723221325983 0.99 960000
1723221340146 0.99 964000
1723221354036 0.99 968000
1723221368464 0.99 972000
1723221382761 0.99 976000
1723221396708 0.99 980000
1723221410797 0.99 984000
1723221425007 0.99 988000
1723221438936 0.99 992000
1723221453594 0.99 996000
1723221467770 0.99 1000000
1723221481987 0.99 1004000
1723221496444 0.99 1008000
1723221510530 0.99 1012000
1723221524006 0.99 1016000
1723221538473 0.99 1020000
1723221552747 0.99 1024000
1723221567122 0.99 1028000
1723221581242 0.99 1032000
1723221594916 0.99 1036000
1723221609126 0.99 1040000
1723221623230 0.99 1044000
1723221637136 0.99 1048000
1723221651223 0.99 1052000
1723221665156 0.99 1056000
1723221678963 0.99 1060000
1723221693516 0.99 1064000
1723221707819 0.99 1068000
1723221722168 0.99 1072000
1723221736138 0.99 1076000
1723221750447 0.99 1080000
1723221764006 0.99 1084000
1723221777830 0.99 1088000
1723221791787 0.99 1092000
1723221805723 0.99 1096000
1723221820263 0.99 1100000
1723221834497 0.99 1104000
1723221848836 0.99 1108000
1723221863393 0.99 1112000
1723221876992 0.99 1116000
1723221890145 0.99 1120000
1723221903706 0.99 1124000
1723221917597 0.99 1128000
1723221930897 0.99 1132000
1723221944553 0.99 1136000
1723221958119 0.99 1140000
1723221971606 0.99 1144000
1723221986446 0.99 1148000
1723221999781 0.99 1152000
1723222013417 0.99 1156000
1723222026857 0.99 1160000
1723222040492 0.99 1164000
1723222054904 0.99 1168000
1723222068766 0.99 1172000
1723222082682 0.99 1176000
1723222096563 0.99 1180000
1723222110789 0.99 1184000
1723222123896 0.99 1188000
1723222136888 0.99 1192000
1723222149407 0.99 1196000
1723222162175 0.99 1200000
1723222175274 0.99 1204000
1723222188771 0.99 1208000
1723222202243 0.99 1212000
1723222215244 0.99 1216000
1723222228963 0.99 1220000
1723222242133 0.99 1224000
1723222255157 0.99 1228000
1723222268319 0.99 1232000
1723222281503 0.99 1236000
1723222295258 0.99 1240000
1723222308774 0.99 1244000
1723222322460 0.99 1248000
1723222335211 0.99 1252000
1723222348636 0.99 1256000
1723222361224 0.99 1260000
1723222374099 0.99 1264000
1723222386804 0.99 1268000
1723222399937 0.99 1272000
1723222413293 0.99 1276000
1723222426956 0.99 1280000
1723222440281 0.99 1284000
1723222453850 0.99 1288000
1723222467616 0.99 1292000
1723222480615 0.99 1296000
1723222493994 0.99 1300000
1723222507077 0.99 1304000
1723222520134 0.99 1308000
1723222533921 0.99 1312000
1723222547118 0.99 1316000
1723222560651 0.99 1320000
1723222574202 0.99 1324000
1723222587825 0.99 1328000
1723222601007 0.99 1332000
1723222614061 0.99 1336000
1723222627169 0.99 1340000
1723222639784 0.99 1344000
1723222654008 0.99 1348000
1723222666981 0.99 1352000
1723222680532 0.99 1356000
1723222694074 0.99 1360000
1723222707130 0.99 1364000
1723222720620 0.99 1368000
1723222733914 0.99 1372000
1723222747167 0.99 1376000
1723222760438 0.99 1380000
1723222773950 0.99 1384000
1723222787417 0.99 1388000
1723222800590 0.99 1392000
1723222813790 0.99 1396000
1723222828056 0.99 1400000
1723222841773 0.99 1404000
1723222855089 0.99 1408000
1723222868574 0.99 1412000
1723222881986 0.99 1416000
1723222895754 0.99 1420000
1723222908821 0.99 1424000
1723222922267 0.99 1428000
1723222935927 0.99 1432000
1723222949653 0.99 1436000
1723222963233 0.99 1440000
1723222976425 0.99 1444000
1723222990354 0.99 1448000
1723223003740 0.99 1452000
1723223017008 0.99 1456000
1723223030090 0.99 1460000
1723223042769 0.99 1464000
1723223056156 0.99 1468000
1723223070066 0.99 1472000
1723223083720 0.99 1476000
1723223097234 0.99 1480000
1723223110349 0.99 1484000
1723223124766 0.99 1488000
1723223138663 0.99 1492000
1723223152231 0.99 1496000
1723223166332 0.99 1500000
1723223179607 0.99 1504000
1723223193402 0.99 1508000
1723223206764 0.99 1512000
1723223219829 0.99 1516000
1723223232985 0.99 1520000
1723223246567 0.99 1524000
1723223259813 0.99 1528000
1723223273343 0.99 1532000
1723223286814 0.99 1536000
1723223300815 0.99 1540000
1723223314069 0.99 1544000
1723223327316 0.99 1548000
1723223340643 0.99 1552000
1723223354138 0.99 1556000
1723223367606 0.99 1560000
1723223380766 0.99 1564000
1723223393690 0.99 1568000
1723223407211 0.99 1572000
1723223420639 0.99 1576000
1723223434287 0.99 1580000
1723223447406 0.99 1584000
1723223460597 0.99 1588000
1723223473924 0.99 1592000
1723223487966 0.99 1596000
1723223501112 0.99 1600000
1723223514340 0.99 1604000
1723223527864 0.99 1608000
1723224061976 0.99 1612000
1723224075819 0.99 1616000
1723224088948 0.99 1620000
1723224102245 0.99 1624000
1723224274521 0.99 1628000
1723224291335 0.99 1632000
1723224305045 0.99 1636000
1723224319950 0.99 1640000
1723224332978 0.99 1644000
1723224345802 0.99 1648000
1723224359027 0.99 1652000
1723224372687 0.99 1656000
1723224386758 0.99 1660000
1723224418186 0.99 1664000
1723224438062 0.99 1668000
1723224844375 0.99 1672000
1723224857809 0.99 1676000
1723224870217 0.99 1680000
1723225074210 0.99 1684000
1723225091700 0.99 1688000
1723225104946 0.99 1692000
1723225148446 0.99 1696000
1723225161595 0.99 1700000
1723225174367 0.99 1704000
1723225187271 0.99 1708000
1723225259196 0.99 1712000
1723225271442 0.99 1716000
1723225283889 0.99 1720000
1723225296431 0.99 1724000
1723226306008 0.99 1728000
1723226318416 0.99 1732000
1723226331197 0.99 1736000
1723226344090 0.99 1740000
1723226356733 0.99 1744000
1723226369025 0.99 1748000
1723226382088 0.99 1752000
1723226394355 0.99 1756000
1723226406848 0.99 1760000
1723226419345 0.99 1764000
1723226431767 0.99 1768000
1723226444185 0.99 1772000
1723226456587 0.99 1776000
1723226468889 0.99 1780000
1723226481656 0.99 1784000
1723226493712 0.99 1788000
1723226506042 0.99 1792000
1723226518658 0.99 1796000
1723226530799 0.99 1800000
1723226543112 0.99 1804000
1723226555660 0.99 1808000
1723226568039 0.99 1812000
1723226580409 0.99 1816000
1723226592784 0.99 1820000
1723226604787 0.99 1824000
1723226617026 0.99 1828000
1723226629645 0.99 1832000
1723226642245 0.99 1836000
1723226654381 0.99 1840000
1723226666707 0.99 1844000
1723226678929 0.99 1848000
1723226691344 0.99 1852000
1723226703683 0.99 1856000
1723226715771 0.99 1860000
1723226728438 0.99 1864000
1723226740764 0.99 1868000
1723226753216 0.99 1872000
1723226765474 0.99 1876000
1723226777503 0.99 1880000
1723226789615 0.99 1884000
1723226801825 0.99 1888000
1723226814036 0.99 1892000
1723226826184 0.99 1896000
1723226838912 0.99 1900000
1723226851077 0.99 1904000
1723226863370 0.99 1908000
1723226875600 0.99 1912000
1723226887589 0.99 1916000
1723226899755 0.99 1920000
1723226911417 0.99 1924000
1723226923200 0.99 1928000
1723226935282 0.99 1932000
1723226948521 0.99 1936000
1723226965064 0.99 1940000
1723226981365 0.99 1944000
1723226999807 0.99 1948000
1723227017758 0.99 1952000
1723227035348 0.99 1956000
1723227053256 0.99 1960000
1723227071333 0.99 1964000
1723227089364 0.99 1968000
1723227106733 0.99 1972000
1723227123609 0.99 1976000
1723227139125 0.99 1980000
1723227155039 0.99 1984000
1723227170222 0.99 1988000
1723227185196 0.99 1992000
1723227203070 0.99 1996000
1723227218897 0.99 2000000
