1723217327547 0.2 4000
1723217342780 0.2 8000
1723217358128 0.2 12000
1723217373440 0.2 16000
1723217388863 0.2 20000
1723217404271 0.2 24000
1723217419637 0.2 28000
1723217434846 0.2 32000
1723217450210 0.2 36000
1723217465783 0.2 40000
1723217481287 0.2 44000
1723217496647 0.2 48000
1723217511986 0.2 52000
1723217527264 0.2 56000
1723217542573 0.2 60000
1723217557848 0.2 64000
1723217573146 0.2 68000
1723217588769 0.2 72000
1723217604172 0.2 76000
1723217621361 0.2 80000
1723217639482 0.2 84000
1723217657381 0.2 88000
1723217674759 0.2 92000
1723217691910 0.2 96000
1723217709646 0.2 100000
1723217727080 0.2 104000
1723217744551 0.2 108000
1723217762419 0.2 112000
1723217780485 0.2 116000
1723217799545 0.2 120000
1723217817292 0.2 124000
1723217834908 0.2 128000
1723217852487 0.2 132000
1723217869869 0.2 136000
1723217887158 0.2 140000
1723217904167 0.2 144000
1723217920796 0.2 148000
1723217937820 0.2 152000
1723217954873 0.2 156000
1723217972265 0.2 160000
1723217989571 0.2 164000
1723218006906 0.2 168000
1723218024225 0.2 172000
1723218041536 0.2 176000
1723218059831 0.2 180000
1723218077302 0.2 184000
1723218094178 0.2 188000
1723218111962 0.2 192000
1723218129538 0.2 196000
1723218147165 0.2 200000
1723218163991 0.2 204000
1723218181093 0.2 208000
1723218197918 0.2 212000
1723218216460 0.2 216000
1723218233512 0.2 220000
1723218250399 0.2 224000
1723218267491 0.2 228000
1723218284793 0.2 232000
1723218301887 0.2 236000
1723218318845 0.2 240000
1723218335873 0.2 244000
1723218352780 0.2 248000
1723218370094 0.2 252000
1723218386481 0.2 256000
1723218403177 0.2 260000
1723218420284 0.2 264000
1723218437908 0.2 268000
1723218455408 0.2 272000
1723218474280 0.2 276000
1723218491400 0.2 280000
1723218508579 0.2 284000
1723218525588 0.2 288000
1723218541961 0.2 292000
1723218559287 0.2 296000
1723218576491 0.2 300000
1723218594948 0.2 304000
1723218611844 0.2 308000
1723218629097 0.2 312000
1723218645665 0.2 316000
1723218662997 0.2 320000
1723218679979 0.2 324000
1723218696904 0.2 328000
1723218821463 0.2 332000
1723218838824 0.2 336000
1723218855742 0.2 340000
1723218872772 0.2 344000
1723218891844 0.2 348000
1723218908441 0.2 352000
1723218925001 0.2 356000
1723218941365 0.2 360000
1723218958371 0.2 364000
1723218975168 0.2 368000
1723218998678 0.2 372000
1723219018688 0.2 376000
1723219035850 0.2 380000
1723219052714 0.2 384000
1723219071144 0.2 388000
1723219088032 0.2 392000
1723219104674 0.2 396000
1723219121671 0.2 400000
1723219138511 0.2 404000
1723219155880 0.2 408000
1723219173098 0.2 412000
1723219190766 0.2 416000
1723219208241 0.2 420000
1723219225477 0.2 424000
1723219241862 0.2 428000
1723219258166 0.2 432000
1723219274815 0.2 436000
1723219290872 0.2 440000
1723219307019 0.2 444000
1723219322774 0.2 448000
1723219339915 0.2 452000
1723219358135 0.2 456000
1723219375652 0.2 460000
1723219392173 0.2 464000
1723219408717 0.2 468000
1723219425212 0.2 472000
1723219442558 0.2 476000
1723219458931 0.2 480000
1723219475691 0.2 484000
1723219492458 0.2 488000
1723219509072 0.2 492000
1723219525700 0.2 496000
1723219541960 0.2 500000
1723219558357 0.2 504000
1723219574760 0.2 508000
1723219591107 0.2 512000
1723219606520 0.2 516000
1723219622866 0.2 520000
1723219640241 0.2 524000
1723219657025 0.2 528000
1723219673967 0.2 532000
1723219690212 0.2 536000
1723219706414 0.2 540000
1723219722687 0.2 544000
1723219739199 0.2 548000
1723219757210 0.2 552000
1723219774081 0.2 556000
1723219791173 0.2 560000
1723219807916 0.2 564000
1723219825319 0.2 568000
1723219842229 0.2 572000
1723219858703 0.2 576000
1723219876150 0.2 580000
1723219891606 0.2 584000
1723219907242 0.2 588000
1723219923031 0.2 592000
1723219939760 0.2 596000
1723219956225 0.2 600000
1723219972256 0.2 604000
1723219988214 0.2 608000
1723220004928 0.2 612000
1723220021150 0.2 616000
1723220037530 0.2 620000
1723220054758 0.2 624000
1723220071785 0.2 628000
1723220088576 0.2 632000
1723220104876 0.2 636000
1723220121219 0.2 640000
1723220137541 0.2 644000
1723220153524 0.2 648000
1723220169612 0.2 652000
1723220186493 0.2 656000
1723220202881 0.2 660000
1723220219305 0.2 664000
1723220235613 0.2 668000
1723220252342 0.2 672000
1723220268708 0.2 676000
1723220285403 0.2 680000
1723220302188 0.2 684000
1723220318727 0.2 688000
1723220335541 0.2 692000
1723220351653 0.2 696000
1723220368047 0.2 700000
1723220383926 0.2 704000
1723220400043 0.2 708000
1723220416013 0.2 712000
1723220432908 0.2 716000
1723220448608 0.2 720000
1723220465023 0.2 724000
1723220481685 0.2 728000
1723220498791 0.2 732000
1723220515569 0.2 736000
1723220532040 0.2 740000
1723220548725 0.2 744000
1723220565214 0.2 748000
1723220581684 0.2 752000
1723220598526 0.2 756000
1723220614714 0.2 760000
1723220629416 0.2 764000
1723220643190 0.2 768000
1723220657075 0.2 772000
1723220671599 0.2 776000
1723220686044 0.2 780000
1723220700270 0.2 784000
1723220714269 0.2 788000
1723220728693 0.2 792000
1723220742904 0.2 796000
1723220756676 0.2 800000
1723220770462 0.2 804000
1723220784570 0.2 808000
1723220798595 0.2 812000
1723220812472 0.2 816000
1723220826186 0.2 820000
1723220839938 0.2 824000
1723220859519 0.2 828000
1723220874371 0.2 832000
1723220888605 0.2 836000
1723220902313 0.2 840000
1723220916551 0.2 844000
1723220930644 0.2 848000
1723220944165 0.2 852000
1723220958334 0.2 856000
1723220972366 0.2 860000
1723220986728 0.2 864000
1723221000983 0.2 868000
1723221015006 0.2 872000
1723221029242 0.2 876000
1723221043446 0.2 880000
1723221057376 0.2 884000
1723221071236 0.2 888000
1723221085114 0.2 892000
1723221099258 0.2 896000
1723221113355 0.2 900000
1723221127180 0.2 904000
1723221141268 0.2 908000
1723221155993 0.2 912000
1723221169910 0.2 916000
1723221184343 0.2 920000
1723221198431 0.2 924000
1723221212358 0.2 928000
1723221226475 0.2 932000
1723221240303 0.2 936000
1723221253963 0.2 940000
1723221268495 0.2 944000
1723221282645 0.2 948000
1723221297296 0.2 952000
1723221311360 0.2 956000
1723221326005 0.2 960000
1723221340169 0.2 964000
1723221354059 0.2 968000
1723221368487 0.2 972000
1723221382785 0.2 976000
1723221396730 0.2 980000
1723221410820 0.2 984000
1723221425029 0.2 988000
1723221438958 0.2 992000
1723221453616 0.2 996000
1723221467793 0.2 1000000
1723221482010 0.2 1004000
1723221496467 0.2 1008000
1723221510553 0.2 1012000
1723221524029 0.2 1016000
1723221538495 0.2 1020000
1723221552769 0.2 1024000
1723221567144 0.2 1028000
1723221581265 0.2 1032000
1723221594939 0.2 1036000
1723221609149 0.2 1040000
1723221623256 0.2 1044000
1723221637158 0.2 1048000
1723221651245 0.2 1052000
1723221665179 0.2 1056000
1723221678985 0.2 1060000
1723221693538 0.2 1064000
1723221707841 0.2 1068000
1723221722191 0.2 1072000
1723221736160 0.2 1076000
1723221750469 0.2 1080000
1723221764028 0.2 1084000
1723221777853 0.2 1088000
1723221791810 0.2 1092000
1723221805745 0.2 1096000
1723221820285 0.2 1100000
1723221834519 0.2 1104000
1723221848857 0.2 1108000
1723221863416 0.2 1112000
1723221877015 0.2 1116000
1723221890168 0.2 1120000
1723221903728 0.2 1124000
1723221917619 0.2 1128000
1723221930919 0.2 1132000
1723221944575 0.2 1136000
1723221958141 0.2 1140000
1723221971628 0.2 1144000
1723221986468 0.2 1148000
1723221999803 0.2 1152000
1723222013439 0.2 1156000
1723222026880 0.2 1160000
1723222040515 0.2 1164000
1723222054926 0.2 1168000
1723222068788 0.2 1172000
1723222082705 0.2 1176000
1723222096586 0.2 1180000
1723222110815 0.2 1184000
1723222123919 0.2 1188000
1723222136913 0.2 1192000
1723222149429 0.2 1196000
1723222162198 0.2 1200000
1723222175301 0.2 1204000
1723222188793 0.2 1208000
1723222202266 0.2 1212000
1723222215266 0.2 1216000
1723222228985 0.2 1220000
1723222242155 0.2 1224000
1723222255181 0.2 1228000
1723222268342 0.2 1232000
1723222281526 0.2 1236000
1723222295280 0.2 1240000
1723222308797 0.2 1244000
1723222322483 0.2 1248000
1723222335236 0.2 1252000
1723222348660 0.2 1256000
1723222361248 0.2 1260000
1723222374123 0.2 1264000
1723222386827 0.2 1268000
1723222399959 0.2 1272000
1723222413318 0.2 1276000
1723222426979 0.2 1280000
1723222440304 0.2 1284000
1723222453872 0.2 1288000
1723222467639 0.2 1292000
1723222480638 0.2 1296000
1723222494017 0.2 1300000
1723222507101 0.2 1304000
1723222520156 0.2 1308000
1723222533943 0.2 1312000
1723222547141 0.2 1316000
1723222560673 0.2 1320000
1723222574225 0.2 1324000
1723222587848 0.2 1328000
1723222601030 0.2 1332000
1723222614083 0.2 1336000
1723222627192 0.2 1340000
1723222639807 0.2 1344000
1723222654030 0.2 1348000
1723222667003 0.2 1352000
1723222680554 0.2 1356000
1723222694098 0.2 1360000
1723222707153 0.2 1364000
1723222720644 0.2 1368000
1723222733938 0.2 1372000
1723222747190 0.2 1376000
1723222760461 0.2 1380000
1723222773972 0.2 1384000
1723222787439 0.2 1388000
1723222800613 0.2 1392000
1723222813812 0.2 1396000
1723222828079 0.2 1400000
1723222841795 0.2 1404000
1723222855111 0.2 1408000
1723222868597 0.2 1412000
1723222882009 0.2 1416000
1723222895777 0.2 1420000
1723222908845 0.2 1424000
1723222922292 0.2 1428000
1723222935949 0.2 1432000
1723222949676 0.2 1436000
1723222963255 0.2 1440000
1723222976448 0.2 1444000
1723222990377 0.2 1448000
1723223003762 0.2 1452000
1723223017030 0.2 1456000
1723223030113 0.2 1460000
1723223042792 0.2 1464000
1723223056179 0.2 1468000
1723223070088 0.2 1472000
1723223083743 0.2 1476000
1723223097256 0.2 1480000
1723223110372 0.2 1484000
1723223124789 0.2 1488000
1723223138687 0.2 1492000
1723223152254 0.2 1496000
1723223166355 0.2 1500000
1723223179632 0.2 1504000
1723223193424 0.2 1508000
1723223206786 0.2 1512000
1723223219853 0.2 1516000
1723223233008 0.2 1520000
1723223246591 0.2 1524000
1723223259835 0.2 1528000
1723223273365 0.2 1532000
1723223286836 0.2 1536000
1723223300838 0.2 1540000
1723223314093 0.2 1544000
1723223327339 0.2 1548000
1723223340666 0.2 1552000
1723223354160 0.2 1556000
1723223367629 0.2 1560000
1723223380788 0.2 1564000
1723223393713 0.2 1568000
1723223407234 0.2 1572000
1723223420662 0.2 1576000
1723223434309 0.2 1580000
1723223447428 0.2 1584000
1723223460620 0.2 1588000
1723223473947 0.2 1592000
1723223487991 0.2 1596000
1723223501134 0.2 1600000
1723223514363 0.2 1604000
1723223527887 0.2 1608000
1723224062003 0.2 1612000
1723224075842 0.2 1616000
1723224088971 0.2 1620000
1723224102269 0.2 1624000
1723224274551 0.2 1628000
1723224291357 0.2 1632000
1723224305070 0.2 1636000
1723224319976 0.2 1640000
1723224333000 0.2 1644000
1723224345825 0.2 1648000
1723224359050 0.2 1652000
1723224372710 0.2 1656000
1723224386782 0.2 1660000
1723224418214 0.2 1664000
1723224438088 0.2 1668000
1723224844399 0.2 1672000
1723224857832 0.2 1676000
1723224870241 0.2 1680000
1723225074269 0.2 1684000
1723225091729 0.2 1688000
1723225104971 0.2 1692000
1723225148469 0.2 1696000
1723225161619 0.2 1700000
1723225174390 0.2 1704000
1723225187295 0.2 1708000
1723225259220 0.2 1712000
1723225271465 0.2 1716000
1723225283911 0.2 1720000
1723225296454 0.2 1724000
1723226306030 0.2 1728000
1723226318439 0.2 1732000
1723226331220 0.2 1736000
1723226344112 0.2 1740000
1723226356755 0.2 1744000
1723226369048 0.2 1748000
1723226382111 0.2 1752000
1723226394378 0.2 1756000
1723226406870 0.2 1760000
1723226419367 0.2 1764000
1723226431789 0.2 1768000
1723226444207 0.2 1772000
1723226456609 0.2 1776000
1723226468912 0.2 1780000
1723226481680 0.2 1784000
1723226493735 0.2 1788000
1723226506065 0.2 1792000
1723226518680 0.2 1796000
1723226530820 0.2 1800000
1723226543136 0.2 1804000
1723226555682 0.2 1808000
1723226568061 0.2 1812000
1723226580431 0.2 1816000
1723226592806 0.2 1820000
1723226604809 0.2 1824000
1723226617048 0.2 1828000
1723226629667 0.2 1832000
1723226642268 0.2 1836000
1723226654405 0.2 1840000
1723226666731 0.2 1844000
1723226678951 0.2 1848000
1723226691367 0.2 1852000
1723226703706 0.2 1856000
1723226715795 0.2 1860000
1723226728460 0.2 1864000
1723226740786 0.2 1868000
1723226753238 0.2 1872000
1723226765496 0.2 1876000
1723226777525 0.2 1880000
1723226789637 0.2 1884000
1723226801847 0.2 1888000
1723226814058 0.2 1892000
1723226826206 0.2 1896000
1723226838934 0.2 1900000
1723226851099 0.2 1904000
1723226863392 0.2 1908000
1723226875622 0.2 1912000
1723226887611 0.2 1916000
1723226899778 0.2 1920000
1723226911439 0.2 1924000
1723226923223 0.2 1928000
1723226935305 0.2 1932000
1723226948549 0.2 1936000
1723226965091 0.2 1940000
1723226981396 0.2 1944000
1723226999839 0.2 1948000
1723227017787 0.2 1952000
1723227035376 0.2 1956000
1723227053288 0.2 1960000
1723227071365 0.2 1964000
1723227089393 0.2 1968000
1723227106761 0.2 1972000
1723227123639 0.2 1976000
1723227139154 0.2 1980000
1723227155068 0.2 1984000
1723227170245 0.2 1988000
1723227185220 0.2 1992000
1723227203109 0.2 1996000
1723227218927 0.2 2000000
