1723217327521 5e-05 4000
1723217342758 5e-05 8000
1723217358104 5e-05 12000
1723217373418 5e-05 16000
1723217388839 5e-05 20000
1723217404243 5e-05 24000
1723217419610 5e-05 28000
1723217434819 5e-05 32000
1723217450187 5e-05 36000
1723217465756 5e-05 40000
1723217481265 5e-05 44000
1723217496619 5e-05 48000
1723217511961 5e-05 52000
1723217527239 5e-05 56000
1723217542544 5e-05 60000
1723217557825 5e-05 64000
1723217573123 5e-05 68000
1723217588737 5e-05 72000
1723217604145 5e-05 76000
1723217621338 5e-05 80000
1723217639456 5e-05 84000
1723217657348 5e-05 88000
1723217674736 5e-05 92000
1723217691887 5e-05 96000
1723217709623 5e-05 100000
1723217727053 5e-05 104000
1723217744524 5e-05 108000
1723217762395 5e-05 112000
1723217780452 5e-05 116000
1723217799521 5e-05 120000
1723217817267 5e-05 124000
1723217834880 5e-05 128000
1723217852460 5e-05 132000
1723217869844 5e-05 136000
1723217887134 5e-05 140000
1723217904139 5e-05 144000
1723217920772 5e-05 148000
1723217937794 5e-05 152000
1723217954848 5e-05 156000
1723217972242 5e-05 160000
1723217989547 5e-05 164000
1723218006879 5e-05 168000
1723218024197 5e-05 172000
1723218041513 5e-05 176000
1723218059804 5e-05 180000
1723218077274 5e-05 184000
1723218094152 5e-05 188000
1723218111936 5e-05 192000
1723218129512 5e-05 196000
1723218147138 5e-05 200000
1723218163958 5e-05 204000
1723218181067 5e-05 208000
1723218197890 5e-05 212000
1723218216435 5e-05 216000
1723218233486 5e-05 220000
1723218250375 5e-05 224000
1723218267465 5e-05 228000
1723218284768 5e-05 232000
1723218301860 5e-05 236000
1723218318817 5e-05 240000
1723218335847 5e-05 244000
1723218352757 5e-05 248000
1723218370070 5e-05 252000
1723218386457 5e-05 256000
1723218403154 5e-05 260000
1723218420253 5e-05 264000
1723218437878 5e-05 268000
1723218455384 5e-05 272000
1723218474256 5e-05 276000
1723218491375 5e-05 280000
1723218508556 5e-05 284000
1723218525564 5e-05 288000
1723218541939 5e-05 292000
1723218559257 5e-05 296000
1723218576467 5e-05 300000
1723218594922 5e-05 304000
1723218611821 5e-05 308000
1723218629074 5e-05 312000
1723218645641 5e-05 316000
1723218662974 5e-05 320000
1723218679957 5e-05 324000
1723218696881 5e-05 328000
1723218821436 5e-05 332000
1723218838801 5e-05 336000
1723218855719 5e-05 340000
1723218872732 5e-05 344000
1723218891822 5e-05 348000
1723218908418 5e-05 352000
1723218924978 5e-05 356000
1723218941341 5e-05 360000
1723218958341 5e-05 364000
1723218975144 5e-05 368000
1723218998653 5e-05 372000
1723219018666 5e-05 376000
1723219035828 5e-05 380000
1723219052679 5e-05 384000
1723219071121 5e-05 388000
1723219088008 5e-05 392000
1723219104651 5e-05 396000
1723219121649 5e-05 400000
1723219138489 5e-05 404000
1723219155858 5e-05 408000
1723219173076 5e-05 412000
1723219190743 5e-05 416000
1723219208218 5e-05 420000
1723219225454 5e-05 424000
1723219241840 5e-05 428000
1723219258144 5e-05 432000
1723219274793 5e-05 436000
1723219290849 5e-05 440000
1723219306997 5e-05 444000
1723219322752 5e-05 448000
1723219339889 5e-05 452000
1723219358111 5e-05 456000
1723219375631 5e-05 460000
1723219392151 5e-05 464000
1723219408694 5e-05 468000
1723219425189 5e-05 472000
1723219442536 5e-05 476000
1723219458909 5e-05 480000
1723219475668 5e-05 484000
1723219492436 5e-05 488000
1723219509050 5e-05 492000
1723219525677 5e-05 496000
1723219541937 5e-05 500000
1723219558335 5e-05 504000
1723219574737 5e-05 508000
1723219591085 5e-05 512000
1723219606496 5e-05 516000
1723219622842 5e-05 520000
1723219640217 5e-05 524000
1723219657002 5e-05 528000
1723219673945 5e-05 532000
1723219690190 5e-05 536000
1723219706392 5e-05 540000
1723219722664 5e-05 544000
1723219739176 5e-05 548000
1723219757187 5e-05 552000
1723219774058 5e-05 556000
1723219791150 5e-05 560000
1723219807893 5e-05 564000
1723219825296 5e-05 568000
1723219842207 5e-05 572000
1723219858681 5e-05 576000
1723219876128 5e-05 580000
1723219891583 5e-05 584000
1723219907220 5e-05 588000
1723219923009 5e-05 592000
1723219939738 5e-05 596000
1723219956203 5e-05 600000
1723219972233 5e-05 604000
1723219988191 5e-05 608000
1723220004905 5e-05 612000
1723220021127 5e-05 616000
1723220037502 5e-05 620000
1723220054735 5e-05 624000
1723220071762 5e-05 628000
1723220088541 5e-05 632000
1723220104851 5e-05 636000
1723220121196 5e-05 640000
1723220137516 5e-05 644000
1723220153502 5e-05 648000
1723220169589 5e-05 652000
1723220186471 5e-05 656000
1723220202857 5e-05 660000
1723220219283 5e-05 664000
1723220235590 5e-05 668000
1723220252319 5e-05 672000
1723220268673 5e-05 676000
1723220285378 5e-05 680000
1723220302166 5e-05 684000
1723220318704 5e-05 688000
1723220335516 5e-05 692000
1723220351630 5e-05 696000
1723220368025 5e-05 700000
1723220383904 5e-05 704000
1723220400018 5e-05 708000
1723220415991 5e-05 712000
1723220432886 5e-05 716000
1723220448585 5e-05 720000
1723220464999 5e-05 724000
1723220481663 5e-05 728000
1723220498768 5e-05 732000
1723220515546 5e-05 736000
1723220532017 5e-05 740000
1723220548702 5e-05 744000
1723220565192 5e-05 748000
1723220581662 5e-05 752000
1723220598503 5e-05 756000
1723220614692 5e-05 760000
1723220629395 5e-05 764000
1723220643168 5e-05 768000
1723220657053 5e-05 772000
1723220671576 5e-05 776000
1723220686022 5e-05 780000
1723220700248 5e-05 784000
1723220714247 5e-05 788000
1723220728671 5e-05 792000
1723220742882 5e-05 796000
1723220756654 5e-05 800000
1723220770440 5e-05 804000
1723220784544 5e-05 808000
1723220798573 5e-05 812000
1723220812449 5e-05 816000
1723220826163 5e-05 820000
1723220839914 5e-05 824000
1723220859497 5e-05 828000
1723220874349 5e-05 832000
1723220888583 5e-05 836000
1723220902291 5e-05 840000
1723220916527 5e-05 844000
1723220930620 5e-05 848000
1723220944143 5e-05 852000
1723220958311 5e-05 856000
1723220972345 5e-05 860000
1723220986706 5e-05 864000
1723221000961 5e-05 868000
1723221014983 5e-05 872000
1723221029219 5e-05 876000
1723221043423 5e-05 880000
1723221057354 5e-05 884000
1723221071213 5e-05 888000
1723221085092 5e-05 892000
1723221099236 5e-05 896000
1723221113334 5e-05 900000
1723221127158 5e-05 904000
1723221141246 5e-05 908000
1723221155971 5e-05 912000
1723221169880 5e-05 916000
1723221184318 5e-05 920000
1723221198406 5e-05 924000
1723221212334 5e-05 928000
1723221226454 5e-05 932000
1723221240280 5e-05 936000
1723221253941 5e-05 940000
1723221268473 5e-05 944000
1723221282623 5e-05 948000
1723221297274 5e-05 952000
1723221311338 5e-05 956000
1723221325983 5e-05 960000
1723221340147 5e-05 964000
1723221354037 5e-05 968000
1723221368465 5e-05 972000
1723221382761 5e-05 976000
1723221396708 5e-05 980000
1723221410798 5e-05 984000
1723221425008 5e-05 988000
1723221438936 5e-05 992000
1723221453595 5e-05 996000
1723221467771 5e-05 1000000
1723221481987 5e-05 1004000
1723221496444 5e-05 1008000
1723221510531 5e-05 1012000
1723221524006 5e-05 1016000
1723221538473 5e-05 1020000
1723221552747 5e-05 1024000
1723221567122 5e-05 1028000
1723221581243 5e-05 1032000
1723221594917 5e-05 1036000
1723221609126 5e-05 1040000
1723221623230 5e-05 1044000
1723221637136 5e-05 1048000
1723221651223 5e-05 1052000
1723221665156 5e-05 1056000
1723221678963 5e-05 1060000
1723221693516 5e-05 1064000
1723221707819 5e-05 1068000
1723221722168 5e-05 1072000
1723221736138 5e-05 1076000
1723221750447 5e-05 1080000
1723221764006 5e-05 1084000
1723221777831 5e-05 1088000
1723221791788 5e-05 1092000
1723221805724 5e-05 1096000
1723221820263 5e-05 1100000
1723221834497 5e-05 1104000
1723221848836 5e-05 1108000
1723221863393 5e-05 1112000
1723221876993 5e-05 1116000
1723221890146 5e-05 1120000
1723221903706 5e-05 1124000
1723221917598 5e-05 1128000
1723221930897 5e-05 1132000
1723221944553 5e-05 1136000
1723221958120 5e-05 1140000
1723221971606 5e-05 1144000
1723221986446 5e-05 1148000
1723221999781 5e-05 1152000
1723222013417 5e-05 1156000
1723222026858 5e-05 1160000
1723222040493 5e-05 1164000
1723222054904 5e-05 1168000
1723222068766 5e-05 1172000
1723222082683 5e-05 1176000
1723222096563 5e-05 1180000
1723222110789 5e-05 1184000
1723222123897 5e-05 1188000
1723222136889 5e-05 1192000
1723222149407 5e-05 1196000
1723222162175 5e-05 1200000
1723222175275 5e-05 1204000
1723222188771 5e-05 1208000
1723222202244 5e-05 1212000
1723222215245 5e-05 1216000
1723222228963 5e-05 1220000
1723222242133 5e-05 1224000
1723222255157 5e-05 1228000
1723222268320 5e-05 1232000
1723222281504 5e-05 1236000
1723222295258 5e-05 1240000
1723222308775 5e-05 1244000
1723222322460 5e-05 1248000
1723222335212 5e-05 1252000
1723222348636 5e-05 1256000
1723222361225 5e-05 1260000
1723222374099 5e-05 1264000
1723222386805 5e-05 1268000
1723222399937 5e-05 1272000
1723222413294 5e-05 1276000
1723222426956 5e-05 1280000
1723222440281 5e-05 1284000
1723222453850 5e-05 1288000
1723222467617 5e-05 1292000
1723222480615 5e-05 1296000
1723222493994 5e-05 1300000
1723222507077 5e-05 1304000
1723222520135 5e-05 1308000
1723222533921 5e-05 1312000
1723222547118 5e-05 1316000
1723222560651 5e-05 1320000
1723222574202 5e-05 1324000
1723222587826 5e-05 1328000
1723222601007 5e-05 1332000
1723222614061 5e-05 1336000
1723222627170 5e-05 1340000
1723222639785 5e-05 1344000
1723222654008 5e-05 1348000
1723222666981 5e-05 1352000
1723222680532 5e-05 1356000
1723222694075 5e-05 1360000
1723222707130 5e-05 1364000
1723222720620 5e-05 1368000
1723222733914 5e-05 1372000
1723222747167 5e-05 1376000
1723222760439 5e-05 1380000
1723222773950 5e-05 1384000
1723222787417 5e-05 1388000
1723222800591 5e-05 1392000
1723222813790 5e-05 1396000
1723222828057 5e-05 1400000
1723222841773 5e-05 1404000
1723222855089 5e-05 1408000
1723222868574 5e-05 1412000
1723222881986 5e-05 1416000
1723222895755 5e-05 1420000
1723222908821 5e-05 1424000
1723222922268 5e-05 1428000
1723222935927 5e-05 1432000
1723222949654 5e-05 1436000
1723222963233 5e-05 1440000
1723222976425 5e-05 1444000
1723222990355 5e-05 1448000
1723223003740 5e-05 1452000
1723223017008 5e-05 1456000
1723223030091 5e-05 1460000
1723223042770 5e-05 1464000
1723223056157 5e-05 1468000
1723223070066 5e-05 1472000
1723223083721 5e-05 1476000
1723223097234 5e-05 1480000
1723223110350 5e-05 1484000
1723223124767 5e-05 1488000
1723223138663 5e-05 1492000
1723223152232 5e-05 1496000
1723223166332 5e-05 1500000
1723223179608 5e-05 1504000
1723223193402 5e-05 1508000
1723223206764 5e-05 1512000
1723223219830 5e-05 1516000
1723223232985 5e-05 1520000
1723223246567 5e-05 1524000
1723223259814 5e-05 1528000
1723223273343 5e-05 1532000
1723223286814 5e-05 1536000
1723223300815 5e-05 1540000
1723223314070 5e-05 1544000
1723223327317 5e-05 1548000
1723223340644 5e-05 1552000
1723223354138 5e-05 1556000
1723223367606 5e-05 1560000
1723223380766 5e-05 1564000
1723223393691 5e-05 1568000
1723223407212 5e-05 1572000
1723223420639 5e-05 1576000
1723223434287 5e-05 1580000
1723223447406 5e-05 1584000
1723223460598 5e-05 1588000
1723223473924 5e-05 1592000
1723223487967 5e-05 1596000
1723223501112 5e-05 1600000
1723223514341 5e-05 1604000
1723223527865 5e-05 1608000
1723224061976 5e-05 1612000
1723224075820 5e-05 1616000
1723224088948 5e-05 1620000
1723224102245 5e-05 1624000
1723224274521 5e-05 1628000
1723224291335 5e-05 1632000
1723224305046 5e-05 1636000
1723224319951 5e-05 1640000
1723224332979 5e-05 1644000
1723224345803 5e-05 1648000
1723224359028 5e-05 1652000
1723224372688 5e-05 1656000
1723224386758 5e-05 1660000
1723224418186 5e-05 1664000
1723224438062 5e-05 1668000
1723224844375 5e-05 1672000
1723224857809 5e-05 1676000
1723224870218 5e-05 1680000
1723225074210 5e-05 1684000
1723225091700 5e-05 1688000
1723225104947 5e-05 1692000
1723225148447 5e-05 1696000
1723225161596 5e-05 1700000
1723225174367 5e-05 1704000
1723225187272 5e-05 1708000
1723225259197 5e-05 1712000
1723225271442 5e-05 1716000
1723225283889 5e-05 1720000
1723225296432 5e-05 1724000
1723226306008 5e-05 1728000
1723226318417 5e-05 1732000
1723226331197 5e-05 1736000
1723226344090 5e-05 1740000
1723226356733 5e-05 1744000
1723226369025 5e-05 1748000
1723226382089 5e-05 1752000
1723226394355 5e-05 1756000
1723226406848 5e-05 1760000
1723226419345 5e-05 1764000
1723226431767 5e-05 1768000
1723226444185 5e-05 1772000
1723226456587 5e-05 1776000
1723226468890 5e-05 1780000
1723226481657 5e-05 1784000
1723226493712 5e-05 1788000
1723226506043 5e-05 1792000
1723226518659 5e-05 1796000
1723226530799 5e-05 1800000
1723226543113 5e-05 1804000
1723226555660 5e-05 1808000
1723226568040 5e-05 1812000
1723226580409 5e-05 1816000
1723226592784 5e-05 1820000
1723226604788 5e-05 1824000
1723226617026 5e-05 1828000
1723226629645 5e-05 1832000
1723226642245 5e-05 1836000
1723226654382 5e-05 1840000
1723226666708 5e-05 1844000
1723226678930 5e-05 1848000
1723226691345 5e-05 1852000
1723226703683 5e-05 1856000
1723226715772 5e-05 1860000
1723226728438 5e-05 1864000
1723226740765 5e-05 1868000
1723226753217 5e-05 1872000
1723226765475 5e-05 1876000
1723226777503 5e-05 1880000
1723226789615 5e-05 1884000
1723226801825 5e-05 1888000
1723226814037 5e-05 1892000
1723226826185 5e-05 1896000
1723226838912 5e-05 1900000
1723226851078 5e-05 1904000
1723226863371 5e-05 1908000
1723226875600 5e-05 1912000
1723226887589 5e-05 1916000
1723226899756 5e-05 1920000
1723226911417 5e-05 1924000
1723226923201 5e-05 1928000
1723226935282 5e-05 1932000
1723226948522 5e-05 1936000
1723226965064 5e-05 1940000
1723226981365 5e-05 1944000
1723226999808 5e-05 1948000
1723227017758 5e-05 1952000
1723227035348 5e-05 1956000
1723227053256 5e-05 1960000
1723227071333 5e-05 1964000
1723227089365 5e-05 1968000
1723227106733 5e-05 1972000
1723227123609 5e-05 1976000
1723227139126 5e-05 1980000
1723227155040 5e-05 1984000
1723227170222 5e-05 1988000
1723227185196 5e-05 1992000
1723227203070 5e-05 1996000
1723227218898 5e-05 2000000
