1723217327537 1000.0 4000
1723217342771 1000.0 8000
1723217358118 1000.0 12000
1723217373431 1000.0 16000
1723217388854 1000.0 20000
1723217404261 1000.0 24000
1723217419626 1000.0 28000
1723217434835 1000.0 32000
1723217450200 1000.0 36000
1723217465773 1000.0 40000
1723217481278 1000.0 44000
1723217496633 1000.0 48000
1723217511976 1000.0 52000
1723217527253 1000.0 56000
1723217542560 1000.0 60000
1723217557839 1000.0 64000
1723217573137 1000.0 68000
1723217588758 1000.0 72000
1723217604158 1000.0 76000
1723217621351 1000.0 80000
1723217639470 1000.0 84000
1723217657367 1000.0 88000
1723217674750 1000.0 92000
1723217691900 1000.0 96000
1723217709636 1000.0 100000
1723217727071 1000.0 104000
1723217744542 1000.0 108000
1723217762410 1000.0 112000
1723217780475 1000.0 116000
1723217799535 1000.0 120000
1723217817282 1000.0 124000
1723217834896 1000.0 128000
1723217852477 1000.0 132000
1723217869858 1000.0 136000
1723217887149 1000.0 140000
1723217904155 1000.0 144000
1723217920787 1000.0 148000
1723217937808 1000.0 152000
1723217954863 1000.0 156000
1723217972255 1000.0 160000
1723217989562 1000.0 164000
1723218006896 1000.0 168000
1723218024213 1000.0 172000
1723218041527 1000.0 176000
1723218059820 1000.0 180000
1723218077289 1000.0 184000
1723218094166 1000.0 188000
1723218111950 1000.0 192000
1723218129528 1000.0 196000
1723218147153 1000.0 200000
1723218163975 1000.0 204000
1723218181081 1000.0 208000
1723218197906 1000.0 212000
1723218216450 1000.0 216000
1723218233500 1000.0 220000
1723218250390 1000.0 224000
1723218267480 1000.0 228000
1723218284782 1000.0 232000
1723218301874 1000.0 236000
1723218318835 1000.0 240000
1723218335863 1000.0 244000
1723218352770 1000.0 248000
1723218370084 1000.0 252000
1723218386470 1000.0 256000
1723218403168 1000.0 260000
1723218420274 1000.0 264000
1723218437896 1000.0 268000
1723218455398 1000.0 272000
1723218474270 1000.0 276000
1723218491390 1000.0 280000
1723218508569 1000.0 284000
1723218525578 1000.0 288000
1723218541952 1000.0 292000
1723218559276 1000.0 296000
1723218576481 1000.0 300000
1723218594937 1000.0 304000
1723218611835 1000.0 308000
1723218629088 1000.0 312000
1723218645656 1000.0 316000
1723218662987 1000.0 320000
1723218679970 1000.0 324000
1723218696895 1000.0 328000
1723218821452 1000.0 332000
1723218838815 1000.0 336000
1723218855732 1000.0 340000
1723218872753 1000.0 344000
1723218891836 1000.0 348000
1723218908432 1000.0 352000
1723218924992 1000.0 356000
1723218941355 1000.0 360000
1723218958361 1000.0 364000
1723218975158 1000.0 368000
1723218998667 1000.0 372000
1723219018680 1000.0 376000
1723219035841 1000.0 380000
1723219052703 1000.0 384000
1723219071135 1000.0 388000
1723219088023 1000.0 392000
1723219104664 1000.0 396000
1723219121662 1000.0 400000
1723219138502 1000.0 404000
1723219155871 1000.0 408000
1723219173090 1000.0 412000
1723219190757 1000.0 416000
1723219208232 1000.0 420000
1723219225468 1000.0 424000
1723219241853 1000.0 428000
1723219258157 1000.0 432000
1723219274807 1000.0 436000
1723219290863 1000.0 440000
1723219307010 1000.0 444000
1723219322766 1000.0 448000
1723219339905 1000.0 452000
1723219358126 1000.0 456000
1723219375644 1000.0 460000
1723219392164 1000.0 464000
1723219408708 1000.0 468000
1723219425203 1000.0 472000
1723219442549 1000.0 476000
1723219458922 1000.0 480000
1723219475682 1000.0 484000
1723219492449 1000.0 488000
1723219509063 1000.0 492000
1723219525691 1000.0 496000
1723219541951 1000.0 500000
1723219558348 1000.0 504000
1723219574751 1000.0 508000
1723219591099 1000.0 512000
1723219606510 1000.0 516000
1723219622856 1000.0 520000
1723219640232 1000.0 524000
1723219657015 1000.0 528000
1723219673958 1000.0 532000
1723219690203 1000.0 536000
1723219706406 1000.0 540000
1723219722678 1000.0 544000
1723219739190 1000.0 548000
1723219757201 1000.0 552000
1723219774071 1000.0 556000
1723219791163 1000.0 560000
1723219807907 1000.0 564000
1723219825310 1000.0 568000
1723219842221 1000.0 572000
1723219858694 1000.0 576000
1723219876141 1000.0 580000
1723219891596 1000.0 584000
1723219907233 1000.0 588000
1723219923022 1000.0 592000
1723219939751 1000.0 596000
1723219956216 1000.0 600000
1723219972246 1000.0 604000
1723219988205 1000.0 608000
1723220004919 1000.0 612000
1723220021141 1000.0 616000
1723220037518 1000.0 620000
1723220054749 1000.0 624000
1723220071776 1000.0 628000
1723220088567 1000.0 632000
1723220104864 1000.0 636000
1723220121210 1000.0 640000
1723220137530 1000.0 644000
1723220153515 1000.0 648000
1723220169603 1000.0 652000
1723220186484 1000.0 656000
1723220202872 1000.0 660000
1723220219296 1000.0 664000
1723220235604 1000.0 668000
1723220252333 1000.0 672000
1723220268694 1000.0 676000
1723220285392 1000.0 680000
1723220302180 1000.0 684000
1723220318718 1000.0 688000
1723220335532 1000.0 692000
1723220351644 1000.0 696000
1723220368038 1000.0 700000
1723220383917 1000.0 704000
1723220400032 1000.0 708000
1723220416004 1000.0 712000
1723220432899 1000.0 716000
1723220448599 1000.0 720000
1723220465013 1000.0 724000
1723220481676 1000.0 728000
1723220498782 1000.0 732000
1723220515560 1000.0 736000
1723220532031 1000.0 740000
1723220548715 1000.0 744000
1723220565205 1000.0 748000
1723220581675 1000.0 752000
1723220598517 1000.0 756000
1723220614705 1000.0 760000
1723220629408 1000.0 764000
1723220643181 1000.0 768000
1723220657067 1000.0 772000
1723220671589 1000.0 776000
1723220686035 1000.0 780000
1723220700261 1000.0 784000
1723220714260 1000.0 788000
1723220728684 1000.0 792000
1723220742895 1000.0 796000
1723220756667 1000.0 800000
1723220770453 1000.0 804000
1723220784559 1000.0 808000
1723220798586 1000.0 812000
1723220812462 1000.0 816000
1723220826177 1000.0 820000
1723220839929 1000.0 824000
1723220859511 1000.0 828000
1723220874362 1000.0 832000
1723220888596 1000.0 836000
1723220902304 1000.0 840000
1723220916541 1000.0 844000
1723220930634 1000.0 848000
1723220944156 1000.0 852000
1723220958325 1000.0 856000
1723220972358 1000.0 860000
1723220986719 1000.0 864000
1723221000974 1000.0 868000
1723221014997 1000.0 872000
1723221029233 1000.0 876000
1723221043437 1000.0 880000
1723221057367 1000.0 884000
1723221071227 1000.0 888000
1723221085105 1000.0 892000
1723221099249 1000.0 896000
1723221113346 1000.0 900000
1723221127171 1000.0 904000
1723221141259 1000.0 908000
1723221155984 1000.0 912000
1723221169898 1000.0 916000
1723221184333 1000.0 920000
1723221198421 1000.0 924000
1723221212349 1000.0 928000
1723221226467 1000.0 932000
1723221240294 1000.0 936000
1723221253954 1000.0 940000
1723221268486 1000.0 944000
1723221282636 1000.0 948000
1723221297287 1000.0 952000
1723221311351 1000.0 956000
1723221325996 1000.0 960000
1723221340160 1000.0 964000
1723221354050 1000.0 968000
1723221368478 1000.0 972000
1723221382776 1000.0 976000
1723221396721 1000.0 980000
1723221410811 1000.0 984000
1723221425021 1000.0 988000
1723221438949 1000.0 992000
1723221453607 1000.0 996000
1723221467784 1000.0 1000000
1723221482000 1000.0 1004000
1723221496458 1000.0 1008000
1723221510544 1000.0 1012000
1723221524020 1000.0 1016000
1723221538486 1000.0 1020000
1723221552760 1000.0 1024000
1723221567135 1000.0 1028000
1723221581256 1000.0 1032000
1723221594929 1000.0 1036000
1723221609140 1000.0 1040000
1723221623244 1000.0 1044000
1723221637149 1000.0 1048000
1723221651237 1000.0 1052000
1723221665170 1000.0 1056000
1723221678977 1000.0 1060000
1723221693529 1000.0 1064000
1723221707833 1000.0 1068000
1723221722182 1000.0 1072000
1723221736151 1000.0 1076000
1723221750460 1000.0 1080000
1723221764019 1000.0 1084000
1723221777844 1000.0 1088000
1723221791801 1000.0 1092000
1723221805737 1000.0 1096000
1723221820276 1000.0 1100000
1723221834510 1000.0 1104000
1723221848849 1000.0 1108000
1723221863407 1000.0 1112000
1723221877006 1000.0 1116000
1723221890159 1000.0 1120000
1723221903719 1000.0 1124000
1723221917611 1000.0 1128000
1723221930910 1000.0 1132000
1723221944566 1000.0 1136000
1723221958132 1000.0 1140000
1723221971619 1000.0 1144000
1723221986459 1000.0 1148000
1723221999794 1000.0 1152000
1723222013430 1000.0 1156000
1723222026871 1000.0 1160000
1723222040505 1000.0 1164000
1723222054917 1000.0 1168000
1723222068779 1000.0 1172000
1723222082696 1000.0 1176000
1723222096577 1000.0 1180000
1723222110806 1000.0 1184000
1723222123910 1000.0 1188000
1723222136904 1000.0 1192000
1723222149420 1000.0 1196000
1723222162189 1000.0 1200000
1723222175291 1000.0 1204000
1723222188785 1000.0 1208000
1723222202257 1000.0 1212000
1723222215258 1000.0 1216000
1723222228976 1000.0 1220000
1723222242146 1000.0 1224000
1723222255171 1000.0 1228000
1723222268333 1000.0 1232000
1723222281517 1000.0 1236000
1723222295272 1000.0 1240000
1723222308788 1000.0 1244000
1723222322474 1000.0 1248000
1723222335226 1000.0 1252000
1723222348650 1000.0 1256000
1723222361238 1000.0 1260000
1723222374114 1000.0 1264000
1723222386818 1000.0 1268000
1723222399950 1000.0 1272000
1723222413308 1000.0 1276000
1723222426970 1000.0 1280000
1723222440295 1000.0 1284000
1723222453863 1000.0 1288000
1723222467630 1000.0 1292000
1723222480629 1000.0 1296000
1723222494008 1000.0 1300000
1723222507092 1000.0 1304000
1723222520148 1000.0 1308000
1723222533935 1000.0 1312000
1723222547132 1000.0 1316000
1723222560664 1000.0 1320000
1723222574216 1000.0 1324000
1723222587839 1000.0 1328000
1723222601020 1000.0 1332000
1723222614074 1000.0 1336000
1723222627184 1000.0 1340000
1723222639798 1000.0 1344000
1723222654021 1000.0 1348000
1723222666994 1000.0 1352000
1723222680545 1000.0 1356000
1723222694088 1000.0 1360000
1723222707144 1000.0 1364000
1723222720634 1000.0 1368000
1723222733928 1000.0 1372000
1723222747181 1000.0 1376000
1723222760452 1000.0 1380000
1723222773963 1000.0 1384000
1723222787430 1000.0 1388000
1723222800604 1000.0 1392000
1723222813804 1000.0 1396000
1723222828070 1000.0 1400000
1723222841786 1000.0 1404000
1723222855102 1000.0 1408000
1723222868588 1000.0 1412000
1723222882000 1000.0 1416000
1723222895768 1000.0 1420000
1723222908835 1000.0 1424000
1723222922282 1000.0 1428000
1723222935940 1000.0 1432000
1723222949667 1000.0 1436000
1723222963246 1000.0 1440000
1723222976439 1000.0 1444000
1723222990368 1000.0 1448000
1723223003753 1000.0 1452000
1723223017021 1000.0 1456000
1723223030104 1000.0 1460000
1723223042783 1000.0 1464000
1723223056170 1000.0 1468000
1723223070079 1000.0 1472000
1723223083734 1000.0 1476000
1723223097248 1000.0 1480000
1723223110363 1000.0 1484000
1723223124780 1000.0 1488000
1723223138678 1000.0 1492000
1723223152245 1000.0 1496000
1723223166346 1000.0 1500000
1723223179622 1000.0 1504000
1723223193415 1000.0 1508000
1723223206777 1000.0 1512000
1723223219843 1000.0 1516000
1723223233000 1000.0 1520000
1723223246581 1000.0 1524000
1723223259827 1000.0 1528000
1723223273356 1000.0 1532000
1723223286828 1000.0 1536000
1723223300829 1000.0 1540000
1723223314084 1000.0 1544000
1723223327330 1000.0 1548000
1723223340657 1000.0 1552000
1723223354151 1000.0 1556000
1723223367620 1000.0 1560000
1723223380779 1000.0 1564000
1723223393704 1000.0 1568000
1723223407225 1000.0 1572000
1723223420653 1000.0 1576000
1723223434300 1000.0 1580000
1723223447419 1000.0 1584000
1723223460611 1000.0 1588000
1723223473938 1000.0 1592000
1723223487982 1000.0 1596000
1723223501125 1000.0 1600000
1723223514354 1000.0 1604000
1723223527879 1000.0 1608000
1723224061991 1000.0 1612000
1723224075833 1000.0 1616000
1723224088962 1000.0 1620000
1723224102259 1000.0 1624000
1723224274540 1000.0 1628000
1723224291348 1000.0 1632000
1723224305060 1000.0 1636000
1723224319966 1000.0 1640000
1723224332992 1000.0 1644000
1723224345816 1000.0 1648000
1723224359041 1000.0 1652000
1723224372701 1000.0 1656000
1723224386773 1000.0 1660000
1723224418201 1000.0 1664000
1723224438076 1000.0 1668000
1723224844389 1000.0 1672000
1723224857823 1000.0 1676000
1723224870232 1000.0 1680000
1723225074252 1000.0 1684000
1723225091719 1000.0 1688000
1723225104961 1000.0 1692000
1723225148460 1000.0 1696000
1723225161609 1000.0 1700000
1723225174381 1000.0 1704000
1723225187286 1000.0 1708000
1723225259211 1000.0 1712000
1723225271456 1000.0 1716000
1723225283902 1000.0 1720000
1723225296445 1000.0 1724000
1723226306021 1000.0 1728000
1723226318430 1000.0 1732000
1723226331211 1000.0 1736000
1723226344103 1000.0 1740000
1723226356746 1000.0 1744000
1723226369039 1000.0 1748000
1723226382102 1000.0 1752000
1723226394369 1000.0 1756000
1723226406861 1000.0 1760000
1723226419358 1000.0 1764000
1723226431780 1000.0 1768000
1723226444198 1000.0 1772000
1723226456600 1000.0 1776000
1723226468903 1000.0 1780000
1723226481671 1000.0 1784000
1723226493725 1000.0 1788000
1723226506056 1000.0 1792000
1723226518672 1000.0 1796000
1723226530812 1000.0 1800000
1723226543127 1000.0 1804000
1723226555673 1000.0 1808000
1723226568052 1000.0 1812000
1723226580422 1000.0 1816000
1723226592797 1000.0 1820000
1723226604801 1000.0 1824000
1723226617039 1000.0 1828000
1723226629658 1000.0 1832000
1723226642259 1000.0 1836000
1723226654396 1000.0 1840000
1723226666721 1000.0 1844000
1723226678943 1000.0 1848000
1723226691358 1000.0 1852000
1723226703697 1000.0 1856000
1723226715786 1000.0 1860000
1723226728451 1000.0 1864000
1723226740778 1000.0 1868000
1723226753230 1000.0 1872000
1723226765488 1000.0 1876000
1723226777516 1000.0 1880000
1723226789629 1000.0 1884000
1723226801838 1000.0 1888000
1723226814050 1000.0 1892000
1723226826197 1000.0 1896000
1723226838925 1000.0 1900000
1723226851091 1000.0 1904000
1723226863383 1000.0 1908000
1723226875613 1000.0 1912000
1723226887602 1000.0 1916000
1723226899769 1000.0 1920000
1723226911430 1000.0 1924000
1723226923214 1000.0 1928000
1723226935296 1000.0 1932000
1723226948538 1000.0 1936000
1723226965080 1000.0 1940000
1723226981383 1000.0 1944000
1723226999826 1000.0 1948000
1723227017775 1000.0 1952000
1723227035365 1000.0 1956000
1723227053274 1000.0 1960000
1723227071352 1000.0 1964000
1723227089381 1000.0 1968000
1723227106749 1000.0 1972000
1723227123627 1000.0 1976000
1723227139143 1000.0 1980000
1723227155056 1000.0 1984000
1723227170236 1000.0 1988000
1723227185210 1000.0 1992000
1723227203093 1000.0 1996000
1723227218915 1000.0 2000000
