1723217327513 1.0 4000
1723217342750 1.0 8000
1723217358097 1.0 12000
1723217373411 1.0 16000
1723217388832 1.0 20000
1723217404234 1.0 24000
1723217419603 1.0 28000
1723217434811 1.0 32000
1723217450179 1.0 36000
1723217465744 1.0 40000
1723217481258 1.0 44000
1723217496612 1.0 48000
1723217511953 1.0 52000
1723217527231 1.0 56000
1723217542534 1.0 60000
1723217557818 1.0 64000
1723217573116 1.0 68000
1723217588730 1.0 72000
1723217604138 1.0 76000
1723217621329 1.0 80000
1723217639449 1.0 84000
1723217657340 1.0 88000
1723217674728 1.0 92000
1723217691879 1.0 96000
1723217709616 1.0 100000
1723217727046 1.0 104000
1723217744515 1.0 108000
1723217762388 1.0 112000
1723217780444 1.0 116000
1723217799514 1.0 120000
1723217817260 1.0 124000
1723217834873 1.0 128000
1723217852450 1.0 132000
1723217869837 1.0 136000
1723217887127 1.0 140000
1723217904132 1.0 144000
1723217920759 1.0 148000
1723217937786 1.0 152000
1723217954836 1.0 156000
1723217972234 1.0 160000
1723217989536 1.0 164000
1723218006872 1.0 168000
1723218024189 1.0 172000
1723218041502 1.0 176000
1723218059797 1.0 180000
1723218077266 1.0 184000
1723218094144 1.0 188000
1723218111928 1.0 192000
1723218129505 1.0 196000
1723218147131 1.0 200000
1723218163951 1.0 204000
1723218181059 1.0 208000
1723218197882 1.0 212000
1723218216428 1.0 216000
1723218233479 1.0 220000
1723218250368 1.0 224000
1723218267457 1.0 228000
1723218284760 1.0 232000
1723218301853 1.0 236000
1723218318809 1.0 240000
1723218335838 1.0 244000
1723218352750 1.0 248000
1723218370061 1.0 252000
1723218386449 1.0 256000
1723218403147 1.0 260000
1723218420245 1.0 264000
1723218437870 1.0 268000
1723218455377 1.0 272000
1723218474249 1.0 276000
1723218491368 1.0 280000
1723218508548 1.0 284000
1723218525557 1.0 288000
1723218541932 1.0 292000
1723218559248 1.0 296000
1723218576459 1.0 300000
1723218594915 1.0 304000
1723218611814 1.0 308000
1723218629067 1.0 312000
1723218645634 1.0 316000
1723218662967 1.0 320000
1723218679948 1.0 324000
1723218696873 1.0 328000
1723218821426 1.0 332000
1723218838794 1.0 336000
1723218855712 1.0 340000
1723218872720 1.0 344000
1723218891814 1.0 348000
1723218908410 1.0 352000
1723218924970 1.0 356000
1723218941334 1.0 360000
1723218958331 1.0 364000
1723218975137 1.0 368000
1723218998645 1.0 372000
1723219018659 1.0 376000
1723219035821 1.0 380000
1723219052669 1.0 384000
1723219071114 1.0 388000
1723219088001 1.0 392000
1723219104644 1.0 396000
1723219121642 1.0 400000
1723219138482 1.0 404000
1723219155851 1.0 408000
1723219173069 1.0 412000
1723219190736 1.0 416000
1723219208212 1.0 420000
1723219225447 1.0 424000
1723219241833 1.0 428000
1723219258137 1.0 432000
1723219274786 1.0 436000
1723219290843 1.0 440000
1723219306990 1.0 444000
1723219322745 1.0 448000
1723219339881 1.0 452000
1723219358104 1.0 456000
1723219375624 1.0 460000
1723219392144 1.0 464000
1723219408687 1.0 468000
1723219425182 1.0 472000
1723219442529 1.0 476000
1723219458902 1.0 480000
1723219475661 1.0 484000
1723219492429 1.0 488000
1723219509043 1.0 492000
1723219525670 1.0 496000
1723219541929 1.0 500000
1723219558328 1.0 504000
1723219574730 1.0 508000
1723219591079 1.0 512000
1723219606488 1.0 516000
1723219622835 1.0 520000
1723219640210 1.0 524000
1723219656995 1.0 528000
1723219673937 1.0 532000
1723219690183 1.0 536000
1723219706386 1.0 540000
1723219722657 1.0 544000
1723219739169 1.0 548000
1723219757180 1.0 552000
1723219774051 1.0 556000
1723219791142 1.0 560000
1723219807887 1.0 564000
1723219825289 1.0 568000
1723219842200 1.0 572000
1723219858674 1.0 576000
1723219876121 1.0 580000
1723219891576 1.0 584000
1723219907212 1.0 588000
1723219923001 1.0 592000
1723219939731 1.0 596000
1723219956195 1.0 600000
1723219972226 1.0 604000
1723219988184 1.0 608000
1723220004898 1.0 612000
1723220021120 1.0 616000
1723220037495 1.0 620000
1723220054727 1.0 624000
1723220071754 1.0 628000
1723220088525 1.0 632000
1723220104844 1.0 636000
1723220121189 1.0 640000
1723220137509 1.0 644000
1723220153495 1.0 648000
1723220169581 1.0 652000
1723220186464 1.0 656000
1723220202849 1.0 660000
1723220219275 1.0 664000
1723220235583 1.0 668000
1723220252313 1.0 672000
1723220268665 1.0 676000
1723220285371 1.0 680000
1723220302159 1.0 684000
1723220318696 1.0 688000
1723220335502 1.0 692000
1723220351623 1.0 696000
1723220368018 1.0 700000
1723220383897 1.0 704000
1723220400011 1.0 708000
1723220415983 1.0 712000
1723220432879 1.0 716000
1723220448578 1.0 720000
1723220464991 1.0 724000
1723220481655 1.0 728000
1723220498761 1.0 732000
1723220515539 1.0 736000
1723220532010 1.0 740000
1723220548694 1.0 744000
1723220565183 1.0 748000
1723220581655 1.0 752000
1723220598496 1.0 756000
1723220614685 1.0 760000
1723220629388 1.0 764000
1723220643160 1.0 768000
1723220657047 1.0 772000
1723220671568 1.0 776000
1723220686015 1.0 780000
1723220700241 1.0 784000
1723220714240 1.0 788000
1723220728664 1.0 792000
1723220742876 1.0 796000
1723220756647 1.0 800000
1723220770433 1.0 804000
1723220784537 1.0 808000
1723220798566 1.0 812000
1723220812441 1.0 816000
1723220826157 1.0 820000
1723220839888 1.0 824000
1723220859491 1.0 828000
1723220874341 1.0 832000
1723220888576 1.0 836000
1723220902283 1.0 840000
1723220916520 1.0 844000
1723220930613 1.0 848000
1723220944136 1.0 852000
1723220958305 1.0 856000
1723220972338 1.0 860000
1723220986699 1.0 864000
1723221000954 1.0 868000
1723221014976 1.0 872000
1723221029212 1.0 876000
1723221043416 1.0 880000
1723221057348 1.0 884000
1723221071207 1.0 888000
1723221085085 1.0 892000
1723221099229 1.0 896000
1723221113327 1.0 900000
1723221127151 1.0 904000
1723221141239 1.0 908000
1723221155964 1.0 912000
1723221169871 1.0 916000
1723221184311 1.0 920000
1723221198396 1.0 924000
1723221212327 1.0 928000
1723221226447 1.0 932000
1723221240273 1.0 936000
1723221253933 1.0 940000
1723221268466 1.0 944000
1723221282617 1.0 948000
1723221297267 1.0 952000
1723221311331 1.0 956000
1723221325976 1.0 960000
1723221340140 1.0 964000
1723221354030 1.0 968000
1723221368458 1.0 972000
1723221382750 1.0 976000
1723221396701 1.0 980000
1723221410791 1.0 984000
1723221425000 1.0 988000
1723221438929 1.0 992000
1723221453588 1.0 996000
1723221467764 1.0 1000000
1723221481980 1.0 1004000
1723221496437 1.0 1008000
1723221510524 1.0 1012000
1723221523999 1.0 1016000
1723221538466 1.0 1020000
1723221552740 1.0 1024000
1723221567108 1.0 1028000
1723221581236 1.0 1032000
1723221594910 1.0 1036000
1723221609119 1.0 1040000
1723221623223 1.0 1044000
1723221637129 1.0 1048000
1723221651216 1.0 1052000
1723221665149 1.0 1056000
1723221678956 1.0 1060000
1723221693509 1.0 1064000
1723221707812 1.0 1068000
1723221722162 1.0 1072000
1723221736131 1.0 1076000
1723221750440 1.0 1080000
1723221763998 1.0 1084000
1723221777824 1.0 1088000
1723221791781 1.0 1092000
1723221805717 1.0 1096000
1723221820256 1.0 1100000
1723221834490 1.0 1104000
1723221848829 1.0 1108000
1723221863386 1.0 1112000
1723221876983 1.0 1116000
1723221890139 1.0 1120000
1723221903699 1.0 1124000
1723221917590 1.0 1128000
1723221930890 1.0 1132000
1723221944546 1.0 1136000
1723221958113 1.0 1140000
1723221971599 1.0 1144000
1723221986439 1.0 1148000
1723221999775 1.0 1152000
1723222013410 1.0 1156000
1723222026851 1.0 1160000
1723222040486 1.0 1164000
1723222054898 1.0 1168000
1723222068760 1.0 1172000
1723222082676 1.0 1176000
1723222096556 1.0 1180000
1723222110782 1.0 1184000
1723222123889 1.0 1188000
1723222136881 1.0 1192000
1723222149400 1.0 1196000
1723222162169 1.0 1200000
1723222175266 1.0 1204000
1723222188765 1.0 1208000
1723222202237 1.0 1212000
1723222215238 1.0 1216000
1723222228957 1.0 1220000
1723222242126 1.0 1224000
1723222255150 1.0 1228000
1723222268313 1.0 1232000
1723222281497 1.0 1236000
1723222295252 1.0 1240000
1723222308768 1.0 1244000
1723222322451 1.0 1248000
1723222335204 1.0 1252000
1723222348629 1.0 1256000
1723222361217 1.0 1260000
1723222374093 1.0 1264000
1723222386798 1.0 1268000
1723222399930 1.0 1272000
1723222413286 1.0 1276000
1723222426949 1.0 1280000
1723222440275 1.0 1284000
1723222453843 1.0 1288000
1723222467610 1.0 1292000
1723222480608 1.0 1296000
1723222493988 1.0 1300000
1723222507070 1.0 1304000
1723222520128 1.0 1308000
1723222533914 1.0 1312000
1723222547111 1.0 1316000
1723222560644 1.0 1320000
1723222574195 1.0 1324000
1723222587819 1.0 1328000
1723222601000 1.0 1332000
1723222614054 1.0 1336000
1723222627163 1.0 1340000
1723222639778 1.0 1344000
1723222654001 1.0 1348000
1723222666974 1.0 1352000
1723222680525 1.0 1356000
1723222694067 1.0 1360000
1723222707122 1.0 1364000
1723222720613 1.0 1368000
1723222733906 1.0 1372000
1723222747160 1.0 1376000
1723222760432 1.0 1380000
1723222773943 1.0 1384000
1723222787410 1.0 1388000
1723222800584 1.0 1392000
1723222813783 1.0 1396000
1723222828050 1.0 1400000
1723222841766 1.0 1404000
1723222855082 1.0 1408000
1723222868567 1.0 1412000
1723222881980 1.0 1416000
1723222895748 1.0 1420000
1723222908815 1.0 1424000
1723222922261 1.0 1428000
1723222935920 1.0 1432000
1723222949647 1.0 1436000
1723222963226 1.0 1440000
1723222976418 1.0 1444000
1723222990348 1.0 1448000
1723223003733 1.0 1452000
1723223017002 1.0 1456000
1723223030083 1.0 1460000
1723223042763 1.0 1464000
1723223056150 1.0 1468000
1723223070060 1.0 1472000
1723223083714 1.0 1476000
1723223097227 1.0 1480000
1723223110343 1.0 1484000
1723223124760 1.0 1488000
1723223138657 1.0 1492000
1723223152224 1.0 1496000
1723223166325 1.0 1500000
1723223179600 1.0 1504000
1723223193395 1.0 1508000
1723223206757 1.0 1512000
1723223219823 1.0 1516000
1723223232979 1.0 1520000
1723223246558 1.0 1524000
1723223259807 1.0 1528000
1723223273336 1.0 1532000
1723223286808 1.0 1536000
1723223300808 1.0 1540000
1723223314063 1.0 1544000
1723223327310 1.0 1548000
1723223340637 1.0 1552000
1723223354131 1.0 1556000
1723223367600 1.0 1560000
1723223380759 1.0 1564000
1723223393684 1.0 1568000
1723223407205 1.0 1572000
1723223420633 1.0 1576000
1723223434280 1.0 1580000
1723223447399 1.0 1584000
1723223460591 1.0 1588000
1723223473917 1.0 1592000
1723223487960 1.0 1596000
1723223501105 1.0 1600000
1723223514334 1.0 1604000
1723223527858 1.0 1608000
1723224061969 1.0 1612000
1723224075812 1.0 1616000
1723224088941 1.0 1620000
1723224102238 1.0 1624000
1723224274514 1.0 1628000
1723224291329 1.0 1632000
1723224305039 1.0 1636000
1723224319944 1.0 1640000
1723224332972 1.0 1644000
1723224345796 1.0 1648000
1723224359021 1.0 1652000
1723224372680 1.0 1656000
1723224386750 1.0 1660000
1723224418178 1.0 1664000
1723224438055 1.0 1668000
1723224844368 1.0 1672000
1723224857802 1.0 1676000
1723224870210 1.0 1680000
1723225074202 1.0 1684000
1723225091693 1.0 1688000
1723225104940 1.0 1692000
1723225148440 1.0 1696000
1723225161588 1.0 1700000
1723225174360 1.0 1704000
1723225187265 1.0 1708000
1723225259189 1.0 1712000
1723225271435 1.0 1716000
1723225283882 1.0 1720000
1723225296424 1.0 1724000
1723226306001 1.0 1728000
1723226318410 1.0 1732000
1723226331190 1.0 1736000
1723226344083 1.0 1740000
1723226356726 1.0 1744000
1723226369018 1.0 1748000
1723226382082 1.0 1752000
1723226394348 1.0 1756000
1723226406842 1.0 1760000
1723226419338 1.0 1764000
1723226431760 1.0 1768000
1723226444178 1.0 1772000
1723226456580 1.0 1776000
1723226468883 1.0 1780000
1723226481650 1.0 1784000
1723226493706 1.0 1788000
1723226506036 1.0 1792000
1723226518652 1.0 1796000
1723226530792 1.0 1800000
1723226543106 1.0 1804000
1723226555653 1.0 1808000
1723226568033 1.0 1812000
1723226580402 1.0 1816000
1723226592777 1.0 1820000
1723226604781 1.0 1824000
1723226617019 1.0 1828000
1723226629638 1.0 1832000
1723226642238 1.0 1836000
1723226654375 1.0 1840000
1723226666701 1.0 1844000
1723226678923 1.0 1848000
1723226691338 1.0 1852000
1723226703676 1.0 1856000
1723226715765 1.0 1860000
1723226728431 1.0 1864000
1723226740758 1.0 1868000
1723226753210 1.0 1872000
1723226765468 1.0 1876000
1723226777496 1.0 1880000
1723226789609 1.0 1884000
1723226801818 1.0 1888000
1723226814030 1.0 1892000
1723226826178 1.0 1896000
1723226838905 1.0 1900000
1723226851071 1.0 1904000
1723226863364 1.0 1908000
1723226875594 1.0 1912000
1723226887582 1.0 1916000
1723226899749 1.0 1920000
1723226911410 1.0 1924000
1723226923194 1.0 1928000
1723226935274 1.0 1932000
1723226948513 1.0 1936000
1723226965056 1.0 1940000
1723226981357 1.0 1944000
1723226999797 1.0 1948000
1723227017749 1.0 1952000
1723227035340 1.0 1956000
1723227053247 1.0 1960000
1723227071323 1.0 1964000
1723227089356 1.0 1968000
1723227106724 1.0 1972000
1723227123601 1.0 1976000
1723227139117 1.0 1980000
1723227155032 1.0 1984000
1723227170215 1.0 1988000
1723227185189 1.0 1992000
1723227203058 1.0 1996000
1723227218888 1.0 2000000
