1723217327526 0.0 4000
1723217342762 0.0 8000
1723217358109 0.0 12000
1723217373423 0.0 16000
1723217388845 0.0 20000
1723217404248 0.0 24000
1723217419614 0.0 28000
1723217434826 0.0 32000
1723217450191 0.0 36000
1723217465763 0.0 40000
1723217481269 0.0 44000
1723217496623 0.0 48000
1723217511965 0.0 52000
1723217527243 0.0 56000
1723217542550 0.0 60000
1723217557830 0.0 64000
1723217573127 0.0 68000
1723217588745 0.0 72000
1723217604149 0.0 76000
1723217621342 0.0 80000
1723217639460 0.0 84000
1723217657352 0.0 88000
1723217674740 0.0 92000
1723217691891 0.0 96000
1723217709627 0.0 100000
1723217727058 0.0 104000
1723217744528 0.0 108000
1723217762400 0.0 112000
1723217780457 0.0 116000
1723217799525 0.0 120000
1723217817271 0.0 124000
1723217834885 0.0 128000
1723217852467 0.0 132000
1723217869848 0.0 136000
1723217887139 0.0 140000
1723217904145 0.0 144000
1723217920776 0.0 148000
1723217937799 0.0 152000
1723217954853 0.0 156000
1723217972246 0.0 160000
1723217989552 0.0 164000
1723218006884 0.0 168000
1723218024201 0.0 172000
1723218041517 0.0 176000
1723218059808 0.0 180000
1723218077278 0.0 184000
1723218094156 0.0 188000
1723218111940 0.0 192000
1723218129517 0.0 196000
1723218147144 0.0 200000
1723218163963 0.0 204000
1723218181072 0.0 208000
1723218197895 0.0 212000
1723218216440 0.0 216000
1723218233490 0.0 220000
1723218250380 0.0 224000
1723218267470 0.0 228000
1723218284773 0.0 232000
1723218301865 0.0 236000
1723218318823 0.0 240000
1723218335853 0.0 244000
1723218352761 0.0 248000
1723218370074 0.0 252000
1723218386461 0.0 256000
1723218403159 0.0 260000
1723218420258 0.0 264000
1723218437883 0.0 268000
1723218455389 0.0 272000
1723218474260 0.0 276000
1723218491380 0.0 280000
1723218508560 0.0 284000
1723218525568 0.0 288000
1723218541943 0.0 292000
1723218559264 0.0 296000
1723218576471 0.0 300000
1723218594927 0.0 304000
1723218611825 0.0 308000
1723218629078 0.0 312000
1723218645646 0.0 316000
1723218662979 0.0 320000
1723218679961 0.0 324000
1723218696885 0.0 328000
1723218821441 0.0 332000
1723218838806 0.0 336000
1723218855723 0.0 340000
1723218872741 0.0 344000
1723218891827 0.0 348000
1723218908422 0.0 352000
1723218924982 0.0 356000
1723218941346 0.0 360000
1723218958350 0.0 364000
1723218975148 0.0 368000
1723218998657 0.0 372000
1723219018670 0.0 376000
1723219035832 0.0 380000
1723219052685 0.0 384000
1723219071126 0.0 388000
1723219088013 0.0 392000
1723219104655 0.0 396000
1723219121653 0.0 400000
1723219138493 0.0 404000
1723219155862 0.0 408000
1723219173080 0.0 412000
1723219190748 0.0 416000
1723219208223 0.0 420000
1723219225458 0.0 424000
1723219241844 0.0 428000
1723219258148 0.0 432000
1723219274798 0.0 436000
1723219290854 0.0 440000
1723219307001 0.0 444000
1723219322757 0.0 448000
1723219339893 0.0 452000
1723219358117 0.0 456000
1723219375635 0.0 460000
1723219392155 0.0 464000
1723219408699 0.0 468000
1723219425194 0.0 472000
1723219442540 0.0 476000
1723219458913 0.0 480000
1723219475673 0.0 484000
1723219492441 0.0 488000
1723219509054 0.0 492000
1723219525681 0.0 496000
1723219541942 0.0 500000
1723219558339 0.0 504000
1723219574742 0.0 508000
1723219591090 0.0 512000
1723219606500 0.0 516000
1723219622846 0.0 520000
1723219640222 0.0 524000
1723219657006 0.0 528000
1723219673949 0.0 532000
1723219690195 0.0 536000
1723219706397 0.0 540000
1723219722668 0.0 544000
1723219739180 0.0 548000
1723219757191 0.0 552000
1723219774062 0.0 556000
1723219791154 0.0 560000
1723219807897 0.0 564000
1723219825300 0.0 568000
1723219842212 0.0 572000
1723219858685 0.0 576000
1723219876133 0.0 580000
1723219891587 0.0 584000
1723219907224 0.0 588000
1723219923013 0.0 592000
1723219939742 0.0 596000
1723219956207 0.0 600000
1723219972237 0.0 604000
1723219988196 0.0 608000
1723220004909 0.0 612000
1723220021132 0.0 616000
1723220037507 0.0 620000
1723220054739 0.0 624000
1723220071766 0.0 628000
1723220088558 0.0 632000
1723220104855 0.0 636000
1723220121201 0.0 640000
1723220137520 0.0 644000
1723220153506 0.0 648000
1723220169593 0.0 652000
1723220186476 0.0 656000
1723220202862 0.0 660000
1723220219287 0.0 664000
1723220235595 0.0 668000
1723220252324 0.0 672000
1723220268679 0.0 676000
1723220285383 0.0 680000
1723220302170 0.0 684000
1723220318708 0.0 688000
1723220335521 0.0 692000
1723220351635 0.0 696000
1723220368029 0.0 700000
1723220383908 0.0 704000
1723220400023 0.0 708000
1723220415995 0.0 712000
1723220432890 0.0 716000
1723220448589 0.0 720000
1723220465003 0.0 724000
1723220481667 0.0 728000
1723220498773 0.0 732000
1723220515551 0.0 736000
1723220532022 0.0 740000
1723220548706 0.0 744000
1723220565196 0.0 748000
1723220581666 0.0 752000
1723220598507 0.0 756000
1723220614696 0.0 760000
1723220629399 0.0 764000
1723220643172 0.0 768000
1723220657058 0.0 772000
1723220671580 0.0 776000
1723220686026 0.0 780000
1723220700252 0.0 784000
1723220714252 0.0 788000
1723220728675 0.0 792000
1723220742887 0.0 796000
1723220756658 0.0 800000
1723220770444 0.0 804000
1723220784549 0.0 808000
1723220798577 0.0 812000
1723220812453 0.0 816000
1723220826168 0.0 820000
1723220839919 0.0 824000
1723220859502 0.0 828000
1723220874353 0.0 832000
1723220888587 0.0 836000
1723220902295 0.0 840000
1723220916531 0.0 844000
1723220930625 0.0 848000
1723220944147 0.0 852000
1723220958316 0.0 856000
1723220972349 0.0 860000
1723220986710 0.0 864000
1723221000965 0.0 868000
1723221014988 0.0 872000
1723221029223 0.0 876000
1723221043427 0.0 880000
1723221057359 0.0 884000
1723221071218 0.0 888000
1723221085096 0.0 892000
1723221099240 0.0 896000
1723221113338 0.0 900000
1723221127162 0.0 904000
1723221141250 0.0 908000
1723221155975 0.0 912000
1723221169886 0.0 916000
1723221184324 0.0 920000
1723221198411 0.0 924000
1723221212339 0.0 928000
1723221226458 0.0 932000
1723221240285 0.0 936000
1723221253945 0.0 940000
1723221268477 0.0 944000
1723221282628 0.0 948000
1723221297278 0.0 952000
1723221311342 0.0 956000
1723221325987 0.0 960000
1723221340151 0.0 964000
1723221354041 0.0 968000
1723221368469 0.0 972000
1723221382767 0.0 976000
1723221396712 0.0 980000
1723221410802 0.0 984000
1723221425012 0.0 988000
1723221438940 0.0 992000
1723221453599 0.0 996000
1723221467775 0.0 1000000
1723221481991 0.0 1004000
1723221496449 0.0 1008000
1723221510535 0.0 1012000
1723221524011 0.0 1016000
1723221538477 0.0 1020000
1723221552751 0.0 1024000
1723221567127 0.0 1028000
1723221581247 0.0 1032000
1723221594921 0.0 1036000
1723221609131 0.0 1040000
1723221623234 0.0 1044000
1723221637140 0.0 1048000
1723221651228 0.0 1052000
1723221665161 0.0 1056000
1723221678967 0.0 1060000
1723221693520 0.0 1064000
1723221707824 0.0 1068000
1723221722173 0.0 1072000
1723221736142 0.0 1076000
1723221750451 0.0 1080000
1723221764010 0.0 1084000
1723221777835 0.0 1088000
1723221791792 0.0 1092000
1723221805728 0.0 1096000
1723221820267 0.0 1100000
1723221834502 0.0 1104000
1723221848840 0.0 1108000
1723221863398 0.0 1112000
1723221876997 0.0 1116000
1723221890150 0.0 1120000
1723221903711 0.0 1124000
1723221917602 0.0 1128000
1723221930901 0.0 1132000
1723221944557 0.0 1136000
1723221958124 0.0 1140000
1723221971611 0.0 1144000
1723221986451 0.0 1148000
1723221999786 0.0 1152000
1723222013421 0.0 1156000
1723222026862 0.0 1160000
1723222040497 0.0 1164000
1723222054909 0.0 1168000
1723222068771 0.0 1172000
1723222082687 0.0 1176000
1723222096568 0.0 1180000
1723222110796 0.0 1184000
1723222123901 0.0 1188000
1723222136894 0.0 1192000
1723222149411 0.0 1196000
1723222162180 0.0 1200000
1723222175280 0.0 1204000
1723222188776 0.0 1208000
1723222202248 0.0 1212000
1723222215249 0.0 1216000
1723222228968 0.0 1220000
1723222242137 0.0 1224000
1723222255162 0.0 1228000
1723222268324 0.0 1232000
1723222281508 0.0 1236000
1723222295263 0.0 1240000
1723222308779 0.0 1244000
1723222322465 0.0 1248000
1723222335216 0.0 1252000
1723222348640 0.0 1256000
1723222361229 0.0 1260000
1723222374104 0.0 1264000
1723222386810 0.0 1268000
1723222399941 0.0 1272000
1723222413299 0.0 1276000
1723222426961 0.0 1280000
1723222440286 0.0 1284000
1723222453854 0.0 1288000
1723222467621 0.0 1292000
1723222480620 0.0 1296000
1723222493999 0.0 1300000
1723222507082 0.0 1304000
1723222520139 0.0 1308000
1723222533926 0.0 1312000
1723222547123 0.0 1316000
1723222560656 0.0 1320000
1723222574207 0.0 1324000
1723222587830 0.0 1328000
1723222601011 0.0 1332000
1723222614065 0.0 1336000
1723222627175 0.0 1340000
1723222639789 0.0 1344000
1723222654013 0.0 1348000
1723222666985 0.0 1352000
1723222680536 0.0 1356000
1723222694079 0.0 1360000
1723222707135 0.0 1364000
1723222720625 0.0 1368000
1723222733919 0.0 1372000
1723222747171 0.0 1376000
1723222760443 0.0 1380000
1723222773954 0.0 1384000
1723222787421 0.0 1388000
1723222800595 0.0 1392000
1723222813795 0.0 1396000
1723222828061 0.0 1400000
1723222841777 0.0 1404000
1723222855094 0.0 1408000
1723222868579 0.0 1412000
1723222881991 0.0 1416000
1723222895759 0.0 1420000
1723222908825 0.0 1424000
1723222922272 0.0 1428000
1723222935931 0.0 1432000
1723222949658 0.0 1436000
1723222963237 0.0 1440000
1723222976430 0.0 1444000
1723222990359 0.0 1448000
1723223003744 0.0 1452000
1723223017013 0.0 1456000
1723223030095 0.0 1460000
1723223042774 0.0 1464000
1723223056161 0.0 1468000
1723223070070 0.0 1472000
1723223083725 0.0 1476000
1723223097238 0.0 1480000
1723223110354 0.0 1484000
1723223124771 0.0 1488000
1723223138668 0.0 1492000
1723223152236 0.0 1496000
1723223166337 0.0 1500000
1723223179612 0.0 1504000
1723223193406 0.0 1508000
1723223206768 0.0 1512000
1723223219834 0.0 1516000
1723223232990 0.0 1520000
1723223246572 0.0 1524000
1723223259818 0.0 1528000
1723223273347 0.0 1532000
1723223286819 0.0 1536000
1723223300820 0.0 1540000
1723223314074 0.0 1544000
1723223327321 0.0 1548000
1723223340648 0.0 1552000
1723223354142 0.0 1556000
1723223367611 0.0 1560000
1723223380770 0.0 1564000
1723223393695 0.0 1568000
1723223407216 0.0 1572000
1723223420644 0.0 1576000
1723223434291 0.0 1580000
1723223447410 0.0 1584000
1723223460602 0.0 1588000
1723223473929 0.0 1592000
1723223487972 0.0 1596000
1723223501116 0.0 1600000
1723223514345 0.0 1604000
1723223527869 0.0 1608000
1723224061981 0.0 1612000
1723224075824 0.0 1616000
1723224088953 0.0 1620000
1723224102250 0.0 1624000
1723224274527 0.0 1628000
1723224291340 0.0 1632000
1723224305050 0.0 1636000
1723224319956 0.0 1640000
1723224332983 0.0 1644000
1723224345807 0.0 1648000
1723224359032 0.0 1652000
1723224372692 0.0 1656000
1723224386763 0.0 1660000
1723224418191 0.0 1664000
1723224438066 0.0 1668000
1723224844380 0.0 1672000
1723224857814 0.0 1676000
1723224870222 0.0 1680000
1723225074218 0.0 1684000
1723225091704 0.0 1688000
1723225104952 0.0 1692000
1723225148451 0.0 1696000
1723225161600 0.0 1700000
1723225174371 0.0 1704000
1723225187276 0.0 1708000
1723225259201 0.0 1712000
1723225271446 0.0 1716000
1723225283893 0.0 1720000
1723225296436 0.0 1724000
1723226306012 0.0 1728000
1723226318421 0.0 1732000
1723226331202 0.0 1736000
1723226344094 0.0 1740000
1723226356737 0.0 1744000
1723226369029 0.0 1748000
1723226382093 0.0 1752000
1723226394359 0.0 1756000
1723226406853 0.0 1760000
1723226419350 0.0 1764000
1723226431771 0.0 1768000
1723226444189 0.0 1772000
1723226456591 0.0 1776000
1723226468894 0.0 1780000
1723226481661 0.0 1784000
1723226493716 0.0 1788000
1723226506047 0.0 1792000
1723226518663 0.0 1796000
1723226530803 0.0 1800000
1723226543117 0.0 1804000
1723226555664 0.0 1808000
1723226568044 0.0 1812000
1723226580413 0.0 1816000
1723226592788 0.0 1820000
1723226604792 0.0 1824000
1723226617030 0.0 1828000
1723226629649 0.0 1832000
1723226642249 0.0 1836000
1723226654386 0.0 1840000
1723226666712 0.0 1844000
1723226678934 0.0 1848000
1723226691349 0.0 1852000
1723226703688 0.0 1856000
1723226715776 0.0 1860000
1723226728443 0.0 1864000
1723226740769 0.0 1868000
1723226753221 0.0 1872000
1723226765479 0.0 1876000
1723226777507 0.0 1880000
1723226789620 0.0 1884000
1723226801830 0.0 1888000
1723226814041 0.0 1892000
1723226826189 0.0 1896000
1723226838917 0.0 1900000
1723226851082 0.0 1904000
1723226863375 0.0 1908000
1723226875605 0.0 1912000
1723226887593 0.0 1916000
1723226899760 0.0 1920000
1723226911421 0.0 1924000
1723226923205 0.0 1928000
1723226935287 0.0 1932000
1723226948527 0.0 1936000
1723226965069 0.0 1940000
1723226981371 0.0 1944000
1723226999813 0.0 1948000
1723227017763 0.0 1952000
1723227035354 0.0 1956000
1723227053262 0.0 1960000
1723227071339 0.0 1964000
1723227089370 0.0 1968000
1723227106739 0.0 1972000
1723227123615 0.0 1976000
1723227139131 0.0 1980000
1723227155045 0.0 1984000
1723227170226 0.0 1988000
1723227185201 0.0 1992000
1723227203078 0.0 1996000
1723227218903 0.0 2000000
