1723217327529 1.0 4000
1723217342764 1.0 8000
1723217358111 1.0 12000
1723217373425 1.0 16000
1723217388847 1.0 20000
1723217404250 1.0 24000
1723217419616 1.0 28000
1723217434828 1.0 32000
1723217450193 1.0 36000
1723217465765 1.0 40000
1723217481271 1.0 44000
1723217496625 1.0 48000
1723217511967 1.0 52000
1723217527245 1.0 56000
1723217542552 1.0 60000
1723217557831 1.0 64000
1723217573129 1.0 68000
1723217588749 1.0 72000
1723217604151 1.0 76000
1723217621344 1.0 80000
1723217639462 1.0 84000
1723217657355 1.0 88000
1723217674742 1.0 92000
1723217691893 1.0 96000
1723217709629 1.0 100000
1723217727061 1.0 104000
1723217744530 1.0 108000
1723217762402 1.0 112000
1723217780461 1.0 116000
1723217799527 1.0 120000
1723217817274 1.0 124000
1723217834888 1.0 128000
1723217852470 1.0 132000
1723217869850 1.0 136000
1723217887141 1.0 140000
1723217904147 1.0 144000
1723217920779 1.0 148000
1723217937801 1.0 152000
1723217954856 1.0 156000
1723217972248 1.0 160000
1723217989554 1.0 164000
1723218006886 1.0 168000
1723218024204 1.0 172000
1723218041519 1.0 176000
1723218059810 1.0 180000
1723218077281 1.0 184000
1723218094159 1.0 188000
1723218111942 1.0 192000
1723218129520 1.0 196000
1723218147146 1.0 200000
1723218163965 1.0 204000
1723218181074 1.0 208000
1723218197897 1.0 212000
1723218216443 1.0 216000
1723218233492 1.0 220000
1723218250382 1.0 224000
1723218267472 1.0 228000
1723218284775 1.0 232000
1723218301867 1.0 236000
1723218318826 1.0 240000
1723218335855 1.0 244000
1723218352763 1.0 248000
1723218370076 1.0 252000
1723218386463 1.0 256000
1723218403161 1.0 260000
1723218420260 1.0 264000
1723218437887 1.0 268000
1723218455390 1.0 272000
1723218474262 1.0 276000
1723218491382 1.0 280000
1723218508562 1.0 284000
1723218525570 1.0 288000
1723218541945 1.0 292000
1723218559267 1.0 296000
1723218576473 1.0 300000
1723218594929 1.0 304000
1723218611827 1.0 308000
1723218629080 1.0 312000
1723218645649 1.0 316000
1723218662980 1.0 320000
1723218679963 1.0 324000
1723218696887 1.0 328000
1723218821443 1.0 332000
1723218838808 1.0 336000
1723218855725 1.0 340000
1723218872744 1.0 344000
1723218891829 1.0 348000
1723218908424 1.0 352000
1723218924984 1.0 356000
1723218941348 1.0 360000
1723218958353 1.0 364000
1723218975150 1.0 368000
1723218998659 1.0 372000
1723219018672 1.0 376000
1723219035834 1.0 380000
1723219052689 1.0 384000
1723219071128 1.0 388000
1723219088015 1.0 392000
1723219104657 1.0 396000
1723219121655 1.0 400000
1723219138495 1.0 404000
1723219155864 1.0 408000
1723219173082 1.0 412000
1723219190750 1.0 416000
1723219208225 1.0 420000
1723219225460 1.0 424000
1723219241846 1.0 428000
1723219258150 1.0 432000
1723219274800 1.0 436000
1723219290855 1.0 440000
1723219307003 1.0 444000
1723219322759 1.0 448000
1723219339896 1.0 452000
1723219358119 1.0 456000
1723219375637 1.0 460000
1723219392157 1.0 464000
1723219408700 1.0 468000
1723219425196 1.0 472000
1723219442542 1.0 476000
1723219458915 1.0 480000
1723219475675 1.0 484000
1723219492443 1.0 488000
1723219509056 1.0 492000
1723219525684 1.0 496000
1723219541944 1.0 500000
1723219558341 1.0 504000
1723219574743 1.0 508000
1723219591092 1.0 512000
1723219606503 1.0 516000
1723219622848 1.0 520000
1723219640225 1.0 524000
1723219657008 1.0 528000
1723219673951 1.0 532000
1723219690196 1.0 536000
1723219706399 1.0 540000
1723219722671 1.0 544000
1723219739182 1.0 548000
1723219757193 1.0 552000
1723219774064 1.0 556000
1723219791156 1.0 560000
1723219807900 1.0 564000
1723219825302 1.0 568000
1723219842214 1.0 572000
1723219858687 1.0 576000
1723219876134 1.0 580000
1723219891589 1.0 584000
1723219907226 1.0 588000
1723219923015 1.0 592000
1723219939744 1.0 596000
1723219956209 1.0 600000
1723219972239 1.0 604000
1723219988198 1.0 608000
1723220004911 1.0 612000
1723220021134 1.0 616000
1723220037509 1.0 620000
1723220054741 1.0 624000
1723220071768 1.0 628000
1723220088560 1.0 632000
1723220104857 1.0 636000
1723220121203 1.0 640000
1723220137522 1.0 644000
1723220153508 1.0 648000
1723220169595 1.0 652000
1723220186477 1.0 656000
1723220202864 1.0 660000
1723220219289 1.0 664000
1723220235597 1.0 668000
1723220252325 1.0 672000
1723220268681 1.0 676000
1723220285384 1.0 680000
1723220302172 1.0 684000
1723220318710 1.0 688000
1723220335523 1.0 692000
1723220351637 1.0 696000
1723220368031 1.0 700000
1723220383910 1.0 704000
1723220400025 1.0 708000
1723220415997 1.0 712000
1723220432892 1.0 716000
1723220448591 1.0 720000
1723220465005 1.0 724000
1723220481669 1.0 728000
1723220498775 1.0 732000
1723220515553 1.0 736000
1723220532024 1.0 740000
1723220548708 1.0 744000
1723220565198 1.0 748000
1723220581668 1.0 752000
1723220598510 1.0 756000
1723220614698 1.0 760000
1723220629401 1.0 764000
1723220643174 1.0 768000
1723220657060 1.0 772000
1723220671582 1.0 776000
1723220686028 1.0 780000
1723220700254 1.0 784000
1723220714254 1.0 788000
1723220728677 1.0 792000
1723220742889 1.0 796000
1723220756660 1.0 800000
1723220770446 1.0 804000
1723220784551 1.0 808000
1723220798579 1.0 812000
1723220812455 1.0 816000
1723220826170 1.0 820000
1723220839921 1.0 824000
1723220859504 1.0 828000
1723220874355 1.0 832000
1723220888589 1.0 836000
1723220902297 1.0 840000
1723220916533 1.0 844000
1723220930627 1.0 848000
1723220944149 1.0 852000
1723220958318 1.0 856000
1723220972351 1.0 860000
1723220986712 1.0 864000
1723221000967 1.0 868000
1723221014990 1.0 872000
1723221029225 1.0 876000
1723221043430 1.0 880000
1723221057361 1.0 884000
1723221071220 1.0 888000
1723221085098 1.0 892000
1723221099242 1.0 896000
1723221113340 1.0 900000
1723221127164 1.0 904000
1723221141252 1.0 908000
1723221155977 1.0 912000
1723221169889 1.0 916000
1723221184326 1.0 920000
1723221198413 1.0 924000
1723221212341 1.0 928000
1723221226460 1.0 932000
1723221240287 1.0 936000
1723221253947 1.0 940000
1723221268479 1.0 944000
1723221282629 1.0 948000
1723221297280 1.0 952000
1723221311344 1.0 956000
1723221325989 1.0 960000
1723221340153 1.0 964000
1723221354043 1.0 968000
1723221368471 1.0 972000
1723221382768 1.0 976000
1723221396714 1.0 980000
1723221410804 1.0 984000
1723221425014 1.0 988000
1723221438942 1.0 992000
1723221453601 1.0 996000
1723221467777 1.0 1000000
1723221481993 1.0 1004000
1723221496451 1.0 1008000
1723221510537 1.0 1012000
1723221524013 1.0 1016000
1723221538479 1.0 1020000
1723221552754 1.0 1024000
1723221567128 1.0 1028000
1723221581249 1.0 1032000
1723221594923 1.0 1036000
1723221609133 1.0 1040000
1723221623236 1.0 1044000
1723221637142 1.0 1048000
1723221651230 1.0 1052000
1723221665163 1.0 1056000
1723221678969 1.0 1060000
1723221693522 1.0 1064000
1723221707826 1.0 1068000
1723221722175 1.0 1072000
1723221736144 1.0 1076000
1723221750453 1.0 1080000
1723221764012 1.0 1084000
1723221777837 1.0 1088000
1723221791794 1.0 1092000
1723221805730 1.0 1096000
1723221820269 1.0 1100000
1723221834503 1.0 1104000
1723221848842 1.0 1108000
1723221863400 1.0 1112000
1723221876999 1.0 1116000
1723221890152 1.0 1120000
1723221903713 1.0 1124000
1723221917604 1.0 1128000
1723221930903 1.0 1132000
1723221944559 1.0 1136000
1723221958126 1.0 1140000
1723221971613 1.0 1144000
1723221986453 1.0 1148000
1723221999788 1.0 1152000
1723222013423 1.0 1156000
1723222026864 1.0 1160000
1723222040499 1.0 1164000
1723222054910 1.0 1168000
1723222068773 1.0 1172000
1723222082689 1.0 1176000
1723222096570 1.0 1180000
1723222110799 1.0 1184000
1723222123903 1.0 1188000
1723222136896 1.0 1192000
1723222149413 1.0 1196000
1723222162182 1.0 1200000
1723222175283 1.0 1204000
1723222188778 1.0 1208000
1723222202250 1.0 1212000
1723222215251 1.0 1216000
1723222228969 1.0 1220000
1723222242139 1.0 1224000
1723222255164 1.0 1228000
1723222268326 1.0 1232000
1723222281510 1.0 1236000
1723222295265 1.0 1240000
1723222308781 1.0 1244000
1723222322467 1.0 1248000
1723222335218 1.0 1252000
1723222348642 1.0 1256000
1723222361231 1.0 1260000
1723222374106 1.0 1264000
1723222386811 1.0 1268000
1723222399943 1.0 1272000
1723222413301 1.0 1276000
1723222426963 1.0 1280000
1723222440288 1.0 1284000
1723222453856 1.0 1288000
1723222467623 1.0 1292000
1723222480622 1.0 1296000
1723222494001 1.0 1300000
1723222507084 1.0 1304000
1723222520141 1.0 1308000
1723222533928 1.0 1312000
1723222547125 1.0 1316000
1723222560658 1.0 1320000
1723222574209 1.0 1324000
1723222587832 1.0 1328000
1723222601013 1.0 1332000
1723222614067 1.0 1336000
1723222627177 1.0 1340000
1723222639791 1.0 1344000
1723222654014 1.0 1348000
1723222666987 1.0 1352000
1723222680539 1.0 1356000
1723222694081 1.0 1360000
1723222707137 1.0 1364000
1723222720627 1.0 1368000
1723222733921 1.0 1372000
1723222747173 1.0 1376000
1723222760445 1.0 1380000
1723222773956 1.0 1384000
1723222787423 1.0 1388000
1723222800597 1.0 1392000
1723222813797 1.0 1396000
1723222828063 1.0 1400000
1723222841779 1.0 1404000
1723222855095 1.0 1408000
1723222868581 1.0 1412000
1723222881993 1.0 1416000
1723222895761 1.0 1420000
1723222908827 1.0 1424000
1723222922274 1.0 1428000
1723222935933 1.0 1432000
1723222949660 1.0 1436000
1723222963239 1.0 1440000
1723222976431 1.0 1444000
1723222990361 1.0 1448000
1723223003746 1.0 1452000
1723223017014 1.0 1456000
1723223030097 1.0 1460000
1723223042776 1.0 1464000
1723223056163 1.0 1468000
1723223070072 1.0 1472000
1723223083727 1.0 1476000
1723223097240 1.0 1480000
1723223110356 1.0 1484000
1723223124773 1.0 1488000
1723223138670 1.0 1492000
1723223152238 1.0 1496000
1723223166339 1.0 1500000
1723223179614 1.0 1504000
1723223193408 1.0 1508000
1723223206770 1.0 1512000
1723223219836 1.0 1516000
1723223232992 1.0 1520000
1723223246574 1.0 1524000
1723223259820 1.0 1528000
1723223273349 1.0 1532000
1723223286821 1.0 1536000
1723223300822 1.0 1540000
1723223314077 1.0 1544000
1723223327323 1.0 1548000
1723223340650 1.0 1552000
1723223354144 1.0 1556000
1723223367613 1.0 1560000
1723223380772 1.0 1564000
1723223393697 1.0 1568000
1723223407218 1.0 1572000
1723223420646 1.0 1576000
1723223434293 1.0 1580000
1723223447412 1.0 1584000
1723223460604 1.0 1588000
1723223473931 1.0 1592000
1723223487974 1.0 1596000
1723223501118 1.0 1600000
1723223514347 1.0 1604000
1723223527871 1.0 1608000
1723224061983 1.0 1612000
1723224075826 1.0 1616000
1723224088955 1.0 1620000
1723224102251 1.0 1624000
1723224274530 1.0 1628000
1723224291342 1.0 1632000
1723224305052 1.0 1636000
1723224319958 1.0 1640000
1723224332985 1.0 1644000
1723224345809 1.0 1648000
1723224359034 1.0 1652000
1723224372694 1.0 1656000
1723224386765 1.0 1660000
1723224418194 1.0 1664000
1723224438068 1.0 1668000
1723224844382 1.0 1672000
1723224857816 1.0 1676000
1723224870224 1.0 1680000
1723225074221 1.0 1684000
1723225091706 1.0 1688000
1723225104954 1.0 1692000
1723225148453 1.0 1696000
1723225161602 1.0 1700000
1723225174373 1.0 1704000
1723225187278 1.0 1708000
1723225259203 1.0 1712000
1723225271448 1.0 1716000
1723225283895 1.0 1720000
1723225296438 1.0 1724000
1723226306014 1.0 1728000
1723226318423 1.0 1732000
1723226331204 1.0 1736000
1723226344096 1.0 1740000
1723226356739 1.0 1744000
1723226369032 1.0 1748000
1723226382095 1.0 1752000
1723226394362 1.0 1756000
1723226406855 1.0 1760000
1723226419351 1.0 1764000
1723226431773 1.0 1768000
1723226444191 1.0 1772000
1723226456593 1.0 1776000
1723226468896 1.0 1780000
1723226481663 1.0 1784000
1723226493718 1.0 1788000
1723226506049 1.0 1792000
1723226518665 1.0 1796000
1723226530805 1.0 1800000
1723226543119 1.0 1804000
1723226555666 1.0 1808000
1723226568046 1.0 1812000
1723226580415 1.0 1816000
1723226592790 1.0 1820000
1723226604794 1.0 1824000
1723226617032 1.0 1828000
1723226629651 1.0 1832000
1723226642251 1.0 1836000
1723226654388 1.0 1840000
1723226666714 1.0 1844000
1723226678936 1.0 1848000
1723226691351 1.0 1852000
1723226703689 1.0 1856000
1723226715778 1.0 1860000
1723226728444 1.0 1864000
1723226740771 1.0 1868000
1723226753223 1.0 1872000
1723226765481 1.0 1876000
1723226777509 1.0 1880000
1723226789622 1.0 1884000
1723226801832 1.0 1888000
1723226814043 1.0 1892000
1723226826191 1.0 1896000
1723226838919 1.0 1900000
1723226851084 1.0 1904000
1723226863377 1.0 1908000
1723226875606 1.0 1912000
1723226887595 1.0 1916000
1723226899762 1.0 1920000
1723226911423 1.0 1924000
1723226923207 1.0 1928000
1723226935289 1.0 1932000
1723226948529 1.0 1936000
1723226965071 1.0 1940000
1723226981374 1.0 1944000
1723226999817 1.0 1948000
1723227017766 1.0 1952000
1723227035356 1.0 1956000
1723227053264 1.0 1960000
1723227071342 1.0 1964000
1723227089372 1.0 1968000
1723227106741 1.0 1972000
1723227123618 1.0 1976000
1723227139134 1.0 1980000
1723227155048 1.0 1984000
1723227170228 1.0 1988000
1723227185203 1.0 1992000
1723227203081 1.0 1996000
1723227218906 1.0 2000000
