1723217327523 100.0 4000
1723217342760 100.0 8000
1723217358106 100.0 12000
1723217373420 100.0 16000
1723217388841 100.0 20000
1723217404244 100.0 24000
1723217419612 100.0 28000
1723217434821 100.0 32000
1723217450189 100.0 36000
1723217465758 100.0 40000
1723217481267 100.0 44000
1723217496621 100.0 48000
1723217511963 100.0 52000
1723217527241 100.0 56000
1723217542547 100.0 60000
1723217557827 100.0 64000
1723217573125 100.0 68000
1723217588741 100.0 72000
1723217604147 100.0 76000
1723217621340 100.0 80000
1723217639458 100.0 84000
1723217657350 100.0 88000
1723217674738 100.0 92000
1723217691889 100.0 96000
1723217709625 100.0 100000
1723217727055 100.0 104000
1723217744526 100.0 108000
1723217762398 100.0 112000
1723217780454 100.0 116000
1723217799523 100.0 120000
1723217817269 100.0 124000
1723217834883 100.0 128000
1723217852462 100.0 132000
1723217869846 100.0 136000
1723217887136 100.0 140000
1723217904142 100.0 144000
1723217920774 100.0 148000
1723217937796 100.0 152000
1723217954850 100.0 156000
1723217972244 100.0 160000
1723217989549 100.0 164000
1723218006881 100.0 168000
1723218024199 100.0 172000
1723218041515 100.0 176000
1723218059806 100.0 180000
1723218077276 100.0 184000
1723218094154 100.0 188000
1723218111938 100.0 192000
1723218129515 100.0 196000
1723218147140 100.0 200000
1723218163960 100.0 204000
1723218181069 100.0 208000
1723218197892 100.0 212000
1723218216438 100.0 216000
1723218233488 100.0 220000
1723218250377 100.0 224000
1723218267468 100.0 228000
1723218284770 100.0 232000
1723218301862 100.0 236000
1723218318820 100.0 240000
1723218335850 100.0 244000
1723218352759 100.0 248000
1723218370072 100.0 252000
1723218386459 100.0 256000
1723218403156 100.0 260000
1723218420255 100.0 264000
1723218437880 100.0 268000
1723218455386 100.0 272000
1723218474258 100.0 276000
1723218491378 100.0 280000
1723218508558 100.0 284000
1723218525566 100.0 288000
1723218541941 100.0 292000
1723218559260 100.0 296000
1723218576469 100.0 300000
1723218594924 100.0 304000
1723218611823 100.0 308000
1723218629076 100.0 312000
1723218645643 100.0 316000
1723218662976 100.0 320000
1723218679959 100.0 324000
1723218696883 100.0 328000
1723218821438 100.0 332000
1723218838804 100.0 336000
1723218855721 100.0 340000
1723218872735 100.0 344000
1723218891824 100.0 348000
1723218908420 100.0 352000
1723218924980 100.0 356000
1723218941343 100.0 360000
1723218958344 100.0 364000
1723218975146 100.0 368000
1723218998655 100.0 372000
1723219018668 100.0 376000
1723219035830 100.0 380000
1723219052681 100.0 384000
1723219071123 100.0 388000
1723219088010 100.0 392000
1723219104653 100.0 396000
1723219121651 100.0 400000
1723219138491 100.0 404000
1723219155860 100.0 408000
1723219173078 100.0 412000
1723219190745 100.0 416000
1723219208220 100.0 420000
1723219225456 100.0 424000
1723219241842 100.0 428000
1723219258146 100.0 432000
1723219274795 100.0 436000
1723219290851 100.0 440000
1723219306999 100.0 444000
1723219322754 100.0 448000
1723219339891 100.0 452000
1723219358113 100.0 456000
1723219375633 100.0 460000
1723219392153 100.0 464000
1723219408696 100.0 468000
1723219425191 100.0 472000
1723219442538 100.0 476000
1723219458911 100.0 480000
1723219475670 100.0 484000
1723219492438 100.0 488000
1723219509052 100.0 492000
1723219525679 100.0 496000
1723219541939 100.0 500000
1723219558337 100.0 504000
1723219574739 100.0 508000
1723219591087 100.0 512000
1723219606498 100.0 516000
1723219622844 100.0 520000
1723219640219 100.0 524000
1723219657004 100.0 528000
1723219673947 100.0 532000
1723219690192 100.0 536000
1723219706394 100.0 540000
1723219722666 100.0 544000
1723219739178 100.0 548000
1723219757189 100.0 552000
1723219774060 100.0 556000
1723219791152 100.0 560000
1723219807895 100.0 564000
1723219825298 100.0 568000
1723219842209 100.0 572000
1723219858683 100.0 576000
1723219876130 100.0 580000
1723219891585 100.0 584000
1723219907221 100.0 588000
1723219923011 100.0 592000
1723219939740 100.0 596000
1723219956205 100.0 600000
1723219972235 100.0 604000
1723219988193 100.0 608000
1723220004907 100.0 612000
1723220021130 100.0 616000
1723220037505 100.0 620000
1723220054737 100.0 624000
1723220071763 100.0 628000
1723220088555 100.0 632000
1723220104853 100.0 636000
1723220121198 100.0 640000
1723220137518 100.0 644000
1723220153504 100.0 648000
1723220169591 100.0 652000
1723220186473 100.0 656000
1723220202859 100.0 660000
1723220219285 100.0 664000
1723220235592 100.0 668000
1723220252321 100.0 672000
1723220268676 100.0 676000
1723220285380 100.0 680000
1723220302168 100.0 684000
1723220318706 100.0 688000
1723220335518 100.0 692000
1723220351633 100.0 696000
1723220368027 100.0 700000
1723220383905 100.0 704000
1723220400020 100.0 708000
1723220415993 100.0 712000
1723220432888 100.0 716000
1723220448587 100.0 720000
1723220465001 100.0 724000
1723220481664 100.0 728000
1723220498770 100.0 732000
1723220515548 100.0 736000
1723220532019 100.0 740000
1723220548704 100.0 744000
1723220565194 100.0 748000
1723220581664 100.0 752000
1723220598505 100.0 756000
1723220614693 100.0 760000
1723220629397 100.0 764000
1723220643170 100.0 768000
1723220657055 100.0 772000
1723220671577 100.0 776000
1723220686024 100.0 780000
1723220700250 100.0 784000
1723220714249 100.0 788000
1723220728673 100.0 792000
1723220742884 100.0 796000
1723220756656 100.0 800000
1723220770442 100.0 804000
1723220784547 100.0 808000
1723220798575 100.0 812000
1723220812451 100.0 816000
1723220826165 100.0 820000
1723220839917 100.0 824000
1723220859499 100.0 828000
1723220874351 100.0 832000
1723220888585 100.0 836000
1723220902293 100.0 840000
1723220916529 100.0 844000
1723220930622 100.0 848000
1723220944145 100.0 852000
1723220958313 100.0 856000
1723220972347 100.0 860000
1723220986708 100.0 864000
1723221000963 100.0 868000
1723221014985 100.0 872000
1723221029221 100.0 876000
1723221043425 100.0 880000
1723221057356 100.0 884000
1723221071216 100.0 888000
1723221085094 100.0 892000
1723221099238 100.0 896000
1723221113335 100.0 900000
1723221127160 100.0 904000
1723221141248 100.0 908000
1723221155973 100.0 912000
1723221169883 100.0 916000
1723221184321 100.0 920000
1723221198408 100.0 924000
1723221212336 100.0 928000
1723221226456 100.0 932000
1723221240282 100.0 936000
1723221253943 100.0 940000
1723221268475 100.0 944000
1723221282625 100.0 948000
1723221297276 100.0 952000
1723221311340 100.0 956000
1723221325985 100.0 960000
1723221340149 100.0 964000
1723221354039 100.0 968000
1723221368467 100.0 972000
1723221382764 100.0 976000
1723221396710 100.0 980000
1723221410800 100.0 984000
1723221425009 100.0 988000
1723221438938 100.0 992000
1723221453597 100.0 996000
1723221467773 100.0 1000000
1723221481989 100.0 1004000
1723221496446 100.0 1008000
1723221510533 100.0 1012000
1723221524008 100.0 1016000
1723221538475 100.0 1020000
1723221552749 100.0 1024000
1723221567124 100.0 1028000
1723221581245 100.0 1032000
1723221594919 100.0 1036000
1723221609128 100.0 1040000
1723221623232 100.0 1044000
1723221637138 100.0 1048000
1723221651225 100.0 1052000
1723221665158 100.0 1056000
1723221678965 100.0 1060000
1723221693518 100.0 1064000
1723221707821 100.0 1068000
1723221722170 100.0 1072000
1723221736140 100.0 1076000
1723221750449 100.0 1080000
1723221764008 100.0 1084000
1723221777833 100.0 1088000
1723221791789 100.0 1092000
1723221805726 100.0 1096000
1723221820265 100.0 1100000
1723221834499 100.0 1104000
1723221848838 100.0 1108000
1723221863395 100.0 1112000
1723221876995 100.0 1116000
1723221890148 100.0 1120000
1723221903708 100.0 1124000
1723221917600 100.0 1128000
1723221930899 100.0 1132000
1723221944555 100.0 1136000
1723221958121 100.0 1140000
1723221971608 100.0 1144000
1723221986448 100.0 1148000
1723221999783 100.0 1152000
1723222013419 100.0 1156000
1723222026860 100.0 1160000
1723222040494 100.0 1164000
1723222054906 100.0 1168000
1723222068768 100.0 1172000
1723222082685 100.0 1176000
1723222096565 100.0 1180000
1723222110792 100.0 1184000
1723222123899 100.0 1188000
1723222136891 100.0 1192000
1723222149409 100.0 1196000
1723222162177 100.0 1200000
1723222175278 100.0 1204000
1723222188773 100.0 1208000
1723222202246 100.0 1212000
1723222215246 100.0 1216000
1723222228965 100.0 1220000
1723222242135 100.0 1224000
1723222255159 100.0 1228000
1723222268322 100.0 1232000
1723222281505 100.0 1236000
1723222295261 100.0 1240000
1723222308777 100.0 1244000
1723222322462 100.0 1248000
1723222335214 100.0 1252000
1723222348638 100.0 1256000
1723222361227 100.0 1260000
1723222374102 100.0 1264000
1723222386807 100.0 1268000
1723222399939 100.0 1272000
1723222413296 100.0 1276000
1723222426958 100.0 1280000
1723222440283 100.0 1284000
1723222453852 100.0 1288000
1723222467619 100.0 1292000
1723222480617 100.0 1296000
1723222493996 100.0 1300000
1723222507079 100.0 1304000
1723222520137 100.0 1308000
1723222533923 100.0 1312000
1723222547121 100.0 1316000
1723222560653 100.0 1320000
1723222574205 100.0 1324000
1723222587828 100.0 1328000
1723222601009 100.0 1332000
1723222614063 100.0 1336000
1723222627172 100.0 1340000
1723222639787 100.0 1344000
1723222654010 100.0 1348000
1723222666983 100.0 1352000
1723222680534 100.0 1356000
1723222694077 100.0 1360000
1723222707132 100.0 1364000
1723222720622 100.0 1368000
1723222733916 100.0 1372000
1723222747169 100.0 1376000
1723222760441 100.0 1380000
1723222773952 100.0 1384000
1723222787419 100.0 1388000
1723222800593 100.0 1392000
1723222813792 100.0 1396000
1723222828059 100.0 1400000
1723222841775 100.0 1404000
1723222855091 100.0 1408000
1723222868576 100.0 1412000
1723222881988 100.0 1416000
1723222895757 100.0 1420000
1723222908823 100.0 1424000
1723222922270 100.0 1428000
1723222935929 100.0 1432000
1723222949656 100.0 1436000
1723222963235 100.0 1440000
1723222976427 100.0 1444000
1723222990357 100.0 1448000
1723223003742 100.0 1452000
1723223017010 100.0 1456000
1723223030093 100.0 1460000
1723223042772 100.0 1464000
1723223056159 100.0 1468000
1723223070068 100.0 1472000
1723223083722 100.0 1476000
1723223097236 100.0 1480000
1723223110352 100.0 1484000
1723223124769 100.0 1488000
1723223138666 100.0 1492000
1723223152234 100.0 1496000
1723223166334 100.0 1500000
1723223179610 100.0 1504000
1723223193404 100.0 1508000
1723223206766 100.0 1512000
1723223219832 100.0 1516000
1723223232987 100.0 1520000
1723223246569 100.0 1524000
1723223259815 100.0 1528000
1723223273345 100.0 1532000
1723223286816 100.0 1536000
1723223300817 100.0 1540000
1723223314072 100.0 1544000
1723223327319 100.0 1548000
1723223340646 100.0 1552000
1723223354140 100.0 1556000
1723223367608 100.0 1560000
1723223380768 100.0 1564000
1723223393693 100.0 1568000
1723223407214 100.0 1572000
1723223420641 100.0 1576000
1723223434289 100.0 1580000
1723223447408 100.0 1584000
1723223460600 100.0 1588000
1723223473926 100.0 1592000
1723223487969 100.0 1596000
1723223501114 100.0 1600000
1723223514343 100.0 1604000
1723223527867 100.0 1608000
1723224061978 100.0 1612000
1723224075822 100.0 1616000
1723224088950 100.0 1620000
1723224102247 100.0 1624000
1723224274523 100.0 1628000
1723224291337 100.0 1632000
1723224305048 100.0 1636000
1723224319953 100.0 1640000
1723224332981 100.0 1644000
1723224345805 100.0 1648000
1723224359030 100.0 1652000
1723224372689 100.0 1656000
1723224386760 100.0 1660000
1723224418188 100.0 1664000
1723224438064 100.0 1668000
1723224844377 100.0 1672000
1723224857811 100.0 1676000
1723224870220 100.0 1680000
1723225074213 100.0 1684000
1723225091702 100.0 1688000
1723225104949 100.0 1692000
1723225148449 100.0 1696000
1723225161598 100.0 1700000
1723225174369 100.0 1704000
1723225187274 100.0 1708000
1723225259199 100.0 1712000
1723225271444 100.0 1716000
1723225283891 100.0 1720000
1723225296433 100.0 1724000
1723226306010 100.0 1728000
1723226318419 100.0 1732000
1723226331200 100.0 1736000
1723226344092 100.0 1740000
1723226356735 100.0 1744000
1723226369027 100.0 1748000
1723226382091 100.0 1752000
1723226394357 100.0 1756000
1723226406850 100.0 1760000
1723226419347 100.0 1764000
1723226431769 100.0 1768000
1723226444187 100.0 1772000
1723226456589 100.0 1776000
1723226468891 100.0 1780000
1723226481659 100.0 1784000
1723226493714 100.0 1788000
1723226506045 100.0 1792000
1723226518661 100.0 1796000
1723226530801 100.0 1800000
1723226543115 100.0 1804000
1723226555662 100.0 1808000
1723226568041 100.0 1812000
1723226580411 100.0 1816000
1723226592786 100.0 1820000
1723226604789 100.0 1824000
1723226617028 100.0 1828000
1723226629647 100.0 1832000
1723226642247 100.0 1836000
1723226654383 100.0 1840000
1723226666710 100.0 1844000
1723226678931 100.0 1848000
1723226691347 100.0 1852000
1723226703685 100.0 1856000
1723226715774 100.0 1860000
1723226728440 100.0 1864000
1723226740767 100.0 1868000
1723226753219 100.0 1872000
1723226765476 100.0 1876000
1723226777505 100.0 1880000
1723226789617 100.0 1884000
1723226801827 100.0 1888000
1723226814038 100.0 1892000
1723226826186 100.0 1896000
1723226838914 100.0 1900000
1723226851080 100.0 1904000
1723226863372 100.0 1908000
1723226875602 100.0 1912000
1723226887591 100.0 1916000
1723226899758 100.0 1920000
1723226911419 100.0 1924000
1723226923203 100.0 1928000
1723226935284 100.0 1932000
1723226948524 100.0 1936000
1723226965066 100.0 1940000
1723226981368 100.0 1944000
1723226999810 100.0 1948000
1723227017760 100.0 1952000
1723227035351 100.0 1956000
1723227053259 100.0 1960000
1723227071336 100.0 1964000
1723227089367 100.0 1968000
1723227106736 100.0 1972000
1723227123612 100.0 1976000
1723227139128 100.0 1980000
1723227155042 100.0 1984000
1723227170224 100.0 1988000
1723227185198 100.0 1992000
1723227203074 100.0 1996000
1723227218900 100.0 2000000
