1723217327538 0.0 4000
1723217342772 0.0 8000
1723217358119 0.0 12000
1723217373432 0.0 16000
1723217388855 0.0 20000
1723217404262 0.0 24000
1723217419628 0.0 28000
1723217434836 0.0 32000
1723217450201 0.0 36000
1723217465774 0.0 40000
1723217481279 0.0 44000
1723217496634 0.0 48000
1723217511977 0.0 52000
1723217527254 0.0 56000
1723217542561 0.0 60000
1723217557839 0.0 64000
1723217573137 0.0 68000
1723217588759 0.0 72000
1723217604159 0.0 76000
1723217621352 0.0 80000
1723217639471 0.0 84000
1723217657369 0.0 88000
1723217674750 0.0 92000
1723217691901 0.0 96000
1723217709637 0.0 100000
1723217727071 0.0 104000
1723217744543 0.0 108000
1723217762411 0.0 112000
1723217780476 0.0 116000
1723217799536 0.0 120000
1723217817282 0.0 124000
1723217834896 0.0 128000
1723217852478 0.0 132000
1723217869858 0.0 136000
1723217887149 0.0 140000
1723217904156 0.0 144000
1723217920788 0.0 148000
1723217937810 0.0 152000
1723217954864 0.0 156000
1723217972256 0.0 160000
1723217989563 0.0 164000
1723218006897 0.0 168000
1723218024214 0.0 172000
1723218041528 0.0 176000
1723218059821 0.0 180000
1723218077290 0.0 184000
1723218094167 0.0 188000
1723218111953 0.0 192000
1723218129529 0.0 196000
1723218147153 0.0 200000
1723218163976 0.0 204000
1723218181083 0.0 208000
1723218197907 0.0 212000
1723218216451 0.0 216000
1723218233501 0.0 220000
1723218250391 0.0 224000
1723218267481 0.0 228000
1723218284783 0.0 232000
1723218301874 0.0 236000
1723218318835 0.0 240000
1723218335864 0.0 244000
1723218352771 0.0 248000
1723218370084 0.0 252000
1723218386471 0.0 256000
1723218403169 0.0 260000
1723218420275 0.0 264000
1723218437898 0.0 268000
1723218455399 0.0 272000
1723218474271 0.0 276000
1723218491391 0.0 280000
1723218508570 0.0 284000
1723218525579 0.0 288000
1723218541953 0.0 292000
1723218559277 0.0 296000
1723218576482 0.0 300000
1723218594937 0.0 304000
1723218611836 0.0 308000
1723218629089 0.0 312000
1723218645657 0.0 316000
1723218662988 0.0 320000
1723218679971 0.0 324000
1723218696895 0.0 328000
1723218821453 0.0 332000
1723218838816 0.0 336000
1723218855733 0.0 340000
1723218872756 0.0 344000
1723218891836 0.0 348000
1723218908433 0.0 352000
1723218924993 0.0 356000
1723218941356 0.0 360000
1723218958362 0.0 364000
1723218975158 0.0 368000
1723218998668 0.0 372000
1723219018680 0.0 376000
1723219035842 0.0 380000
1723219052704 0.0 384000
1723219071136 0.0 388000
1723219088023 0.0 392000
1723219104665 0.0 396000
1723219121663 0.0 400000
1723219138503 0.0 404000
1723219155872 0.0 408000
1723219173090 0.0 412000
1723219190758 0.0 416000
1723219208233 0.0 420000
1723219225469 0.0 424000
1723219241854 0.0 428000
1723219258157 0.0 432000
1723219274807 0.0 436000
1723219290864 0.0 440000
1723219307010 0.0 444000
1723219322766 0.0 448000
1723219339905 0.0 452000
1723219358127 0.0 456000
1723219375644 0.0 460000
1723219392165 0.0 464000
1723219408709 0.0 468000
1723219425204 0.0 472000
1723219442550 0.0 476000
1723219458923 0.0 480000
1723219475683 0.0 484000
1723219492450 0.0 488000
1723219509064 0.0 492000
1723219525692 0.0 496000
1723219541951 0.0 500000
1723219558349 0.0 504000
1723219574752 0.0 508000
1723219591099 0.0 512000
1723219606511 0.0 516000
1723219622857 0.0 520000
1723219640233 0.0 524000
1723219657016 0.0 528000
1723219673959 0.0 532000
1723219690204 0.0 536000
1723219706406 0.0 540000
1723219722679 0.0 544000
1723219739191 0.0 548000
1723219757202 0.0 552000
1723219774072 0.0 556000
1723219791165 0.0 560000
1723219807908 0.0 564000
1723219825311 0.0 568000
1723219842222 0.0 572000
1723219858695 0.0 576000
1723219876142 0.0 580000
1723219891597 0.0 584000
1723219907233 0.0 588000
1723219923023 0.0 592000
1723219939752 0.0 596000
1723219956217 0.0 600000
1723219972247 0.0 604000
1723219988206 0.0 608000
1723220004920 0.0 612000
1723220021142 0.0 616000
1723220037519 0.0 620000
1723220054750 0.0 624000
1723220071777 0.0 628000
1723220088568 0.0 632000
1723220104865 0.0 636000
1723220121211 0.0 640000
1723220137531 0.0 644000
1723220153515 0.0 648000
1723220169604 0.0 652000
1723220186485 0.0 656000
1723220202873 0.0 660000
1723220219297 0.0 664000
1723220235605 0.0 668000
1723220252334 0.0 672000
1723220268695 0.0 676000
1723220285393 0.0 680000
1723220302180 0.0 684000
1723220318718 0.0 688000
1723220335532 0.0 692000
1723220351645 0.0 696000
1723220368039 0.0 700000
1723220383917 0.0 704000
1723220400033 0.0 708000
1723220416005 0.0 712000
1723220432900 0.0 716000
1723220448599 0.0 720000
1723220465014 0.0 724000
1723220481677 0.0 728000
1723220498783 0.0 732000
1723220515561 0.0 736000
1723220532031 0.0 740000
1723220548716 0.0 744000
1723220565206 0.0 748000
1723220581676 0.0 752000
1723220598518 0.0 756000
1723220614706 0.0 760000
1723220629408 0.0 764000
1723220643181 0.0 768000
1723220657067 0.0 772000
1723220671590 0.0 776000
1723220686036 0.0 780000
1723220700262 0.0 784000
1723220714261 0.0 788000
1723220728685 0.0 792000
1723220742896 0.0 796000
1723220756668 0.0 800000
1723220770454 0.0 804000
1723220784560 0.0 808000
1723220798587 0.0 812000
1723220812463 0.0 816000
1723220826177 0.0 820000
1723220839929 0.0 824000
1723220859511 0.0 828000
1723220874363 0.0 832000
1723220888597 0.0 836000
1723220902305 0.0 840000
1723220916541 0.0 844000
1723220930635 0.0 848000
1723220944157 0.0 852000
1723220958325 0.0 856000
1723220972359 0.0 860000
1723220986720 0.0 864000
1723221000975 0.0 868000
1723221014998 0.0 872000
1723221029233 0.0 876000
1723221043437 0.0 880000
1723221057368 0.0 884000
1723221071228 0.0 888000
1723221085106 0.0 892000
1723221099250 0.0 896000
1723221113347 0.0 900000
1723221127172 0.0 904000
1723221141260 0.0 908000
1723221155985 0.0 912000
1723221169900 0.0 916000
1723221184335 0.0 920000
1723221198422 0.0 924000
1723221212349 0.0 928000
1723221226468 0.0 932000
1723221240294 0.0 936000
1723221253955 0.0 940000
1723221268487 0.0 944000
1723221282637 0.0 948000
1723221297288 0.0 952000
1723221311352 0.0 956000
1723221325997 0.0 960000
1723221340161 0.0 964000
1723221354050 0.0 968000
1723221368479 0.0 972000
1723221382776 0.0 976000
1723221396722 0.0 980000
1723221410811 0.0 984000
1723221425021 0.0 988000
1723221438950 0.0 992000
1723221453608 0.0 996000
1723221467785 0.0 1000000
1723221482001 0.0 1004000
1723221496458 0.0 1008000
1723221510544 0.0 1012000
1723221524021 0.0 1016000
1723221538487 0.0 1020000
1723221552761 0.0 1024000
1723221567136 0.0 1028000
1723221581257 0.0 1032000
1723221594930 0.0 1036000
1723221609141 0.0 1040000
1723221623245 0.0 1044000
1723221637150 0.0 1048000
1723221651237 0.0 1052000
1723221665171 0.0 1056000
1723221678977 0.0 1060000
1723221693530 0.0 1064000
1723221707833 0.0 1068000
1723221722182 0.0 1072000
1723221736152 0.0 1076000
1723221750461 0.0 1080000
1723221764020 0.0 1084000
1723221777845 0.0 1088000
1723221791802 0.0 1092000
1723221805737 0.0 1096000
1723221820277 0.0 1100000
1723221834511 0.0 1104000
1723221848850 0.0 1108000
1723221863407 0.0 1112000
1723221877007 0.0 1116000
1723221890160 0.0 1120000
1723221903720 0.0 1124000
1723221917611 0.0 1128000
1723221930911 0.0 1132000
1723221944567 0.0 1136000
1723221958133 0.0 1140000
1723221971620 0.0 1144000
1723221986460 0.0 1148000
1723221999795 0.0 1152000
1723222013431 0.0 1156000
1723222026872 0.0 1160000
1723222040506 0.0 1164000
1723222054918 0.0 1168000
1723222068780 0.0 1172000
1723222082697 0.0 1176000
1723222096578 0.0 1180000
1723222110806 0.0 1184000
1723222123911 0.0 1188000
1723222136904 0.0 1192000
1723222149421 0.0 1196000
1723222162190 0.0 1200000
1723222175292 0.0 1204000
1723222188785 0.0 1208000
1723222202257 0.0 1212000
1723222215259 0.0 1216000
1723222228977 0.0 1220000
1723222242147 0.0 1224000
1723222255173 0.0 1228000
1723222268334 0.0 1232000
1723222281518 0.0 1236000
1723222295272 0.0 1240000
1723222308789 0.0 1244000
1723222322475 0.0 1248000
1723222335227 0.0 1252000
1723222348651 0.0 1256000
1723222361239 0.0 1260000
1723222374114 0.0 1264000
1723222386819 0.0 1268000
1723222399951 0.0 1272000
1723222413309 0.0 1276000
1723222426971 0.0 1280000
1723222440296 0.0 1284000
1723222453864 0.0 1288000
1723222467630 0.0 1292000
1723222480629 0.0 1296000
1723222494009 0.0 1300000
1723222507092 0.0 1304000
1723222520148 0.0 1308000
1723222533935 0.0 1312000
1723222547133 0.0 1316000
1723222560665 0.0 1320000
1723222574217 0.0 1324000
1723222587840 0.0 1328000
1723222601021 0.0 1332000
1723222614075 0.0 1336000
1723222627185 0.0 1340000
1723222639799 0.0 1344000
1723222654022 0.0 1348000
1723222666995 0.0 1352000
1723222680546 0.0 1356000
1723222694089 0.0 1360000
1723222707145 0.0 1364000
1723222720635 0.0 1368000
1723222733929 0.0 1372000
1723222747182 0.0 1376000
1723222760453 0.0 1380000
1723222773964 0.0 1384000
1723222787431 0.0 1388000
1723222800605 0.0 1392000
1723222813804 0.0 1396000
1723222828071 0.0 1400000
1723222841787 0.0 1404000
1723222855103 0.0 1408000
1723222868588 0.0 1412000
1723222882000 0.0 1416000
1723222895769 0.0 1420000
1723222908836 0.0 1424000
1723222922283 0.0 1428000
1723222935941 0.0 1432000
1723222949667 0.0 1436000
1723222963247 0.0 1440000
1723222976440 0.0 1444000
1723222990369 0.0 1448000
1723223003754 0.0 1452000
1723223017022 0.0 1456000
1723223030105 0.0 1460000
1723223042784 0.0 1464000
1723223056171 0.0 1468000
1723223070080 0.0 1472000
1723223083735 0.0 1476000
1723223097248 0.0 1480000
1723223110363 0.0 1484000
1723223124780 0.0 1488000
1723223138679 0.0 1492000
1723223152246 0.0 1496000
1723223166346 0.0 1500000
1723223179623 0.0 1504000
1723223193416 0.0 1508000
1723223206778 0.0 1512000
1723223219844 0.0 1516000
1723223233000 0.0 1520000
1723223246582 0.0 1524000
1723223259827 0.0 1528000
1723223273357 0.0 1532000
1723223286828 0.0 1536000
1723223300830 0.0 1540000
1723223314084 0.0 1544000
1723223327331 0.0 1548000
1723223340658 0.0 1552000
1723223354152 0.0 1556000
1723223367621 0.0 1560000
1723223380780 0.0 1564000
1723223393705 0.0 1568000
1723223407226 0.0 1572000
1723223420654 0.0 1576000
1723223434301 0.0 1580000
1723223447420 0.0 1584000
1723223460612 0.0 1588000
1723223473939 0.0 1592000
1723223487983 0.0 1596000
1723223501126 0.0 1600000
1723223514355 0.0 1604000
1723223527879 0.0 1608000
1723224061992 0.0 1612000
1723224075834 0.0 1616000
1723224088962 0.0 1620000
1723224102260 0.0 1624000
1723224274542 0.0 1628000
1723224291349 0.0 1632000
1723224305060 0.0 1636000
1723224319967 0.0 1640000
1723224332992 0.0 1644000
1723224345817 0.0 1648000
1723224359042 0.0 1652000
1723224372701 0.0 1656000
1723224386774 0.0 1660000
1723224418202 0.0 1664000
1723224438079 0.0 1668000
1723224844390 0.0 1672000
1723224857824 0.0 1676000
1723224870233 0.0 1680000
1723225074253 0.0 1684000
1723225091720 0.0 1688000
1723225104962 0.0 1692000
1723225148461 0.0 1696000
1723225161610 0.0 1700000
1723225174382 0.0 1704000
1723225187286 0.0 1708000
1723225259212 0.0 1712000
1723225271456 0.0 1716000
1723225283903 0.0 1720000
1723225296445 0.0 1724000
1723226306022 0.0 1728000
1723226318431 0.0 1732000
1723226331212 0.0 1736000
1723226344104 0.0 1740000
1723226356747 0.0 1744000
1723226369039 0.0 1748000
1723226382102 0.0 1752000
1723226394370 0.0 1756000
1723226406862 0.0 1760000
1723226419359 0.0 1764000
1723226431781 0.0 1768000
1723226444199 0.0 1772000
1723226456601 0.0 1776000
1723226468904 0.0 1780000
1723226481671 0.0 1784000
1723226493726 0.0 1788000
1723226506057 0.0 1792000
1723226518673 0.0 1796000
1723226530812 0.0 1800000
1723226543127 0.0 1804000
1723226555674 0.0 1808000
1723226568053 0.0 1812000
1723226580423 0.0 1816000
1723226592798 0.0 1820000
1723226604801 0.0 1824000
1723226617040 0.0 1828000
1723226629659 0.0 1832000
1723226642259 0.0 1836000
1723226654397 0.0 1840000
1723226666722 0.0 1844000
1723226678943 0.0 1848000
1723226691359 0.0 1852000
1723226703697 0.0 1856000
1723226715787 0.0 1860000
1723226728452 0.0 1864000
1723226740779 0.0 1868000
1723226753230 0.0 1872000
1723226765488 0.0 1876000
1723226777517 0.0 1880000
1723226789629 0.0 1884000
1723226801839 0.0 1888000
1723226814050 0.0 1892000
1723226826198 0.0 1896000
1723226838926 0.0 1900000
1723226851091 0.0 1904000
1723226863384 0.0 1908000
1723226875614 0.0 1912000
1723226887603 0.0 1916000
1723226899770 0.0 1920000
1723226911431 0.0 1924000
1723226923215 0.0 1928000
1723226935297 0.0 1932000
1723226948538 0.0 1936000
1723226965081 0.0 1940000
1723226981384 0.0 1944000
1723226999828 0.0 1948000
1723227017776 0.0 1952000
1723227035366 0.0 1956000
1723227053275 0.0 1960000
1723227071354 0.0 1964000
1723227089382 0.0 1968000
1723227106750 0.0 1972000
1723227123628 0.0 1976000
1723227139143 0.0 1980000
1723227155057 0.0 1984000
1723227170237 0.0 1988000
1723227185211 0.0 1992000
1723227203094 0.0 1996000
1723227218916 0.0 2000000
