1723217327549 1.0 4000
1723217342782 1.0 8000
1723217358130 1.0 12000
1723217373442 1.0 16000
1723217388865 1.0 20000
1723217404273 1.0 24000
1723217419639 1.0 28000
1723217434848 1.0 32000
1723217450212 1.0 36000
1723217465785 1.0 40000
1723217481289 1.0 44000
1723217496648 1.0 48000
1723217511987 1.0 52000
1723217527266 1.0 56000
1723217542574 1.0 60000
1723217557849 1.0 64000
1723217573147 1.0 68000
1723217588772 1.0 72000
1723217604174 1.0 76000
1723217621362 1.0 80000
1723217639483 1.0 84000
1723217657383 1.0 88000
1723217674761 1.0 92000
1723217691912 1.0 96000
1723217709648 1.0 100000
1723217727081 1.0 104000
1723217744553 1.0 108000
1723217762421 1.0 112000
1723217780488 1.0 116000
1723217799546 1.0 120000
1723217817294 1.0 124000
1723217834911 1.0 128000
1723217852489 1.0 132000
1723217869871 1.0 136000
1723217887163 1.0 140000
1723217904169 1.0 144000
1723217920798 1.0 148000
1723217937821 1.0 152000
1723217954875 1.0 156000
1723217972266 1.0 160000
1723217989573 1.0 164000
1723218006907 1.0 168000
1723218024227 1.0 172000
1723218041538 1.0 176000
1723218059833 1.0 180000
1723218077304 1.0 184000
1723218094180 1.0 188000
1723218111964 1.0 192000
1723218129540 1.0 196000
1723218147167 1.0 200000
1723218163993 1.0 204000
1723218181094 1.0 208000
1723218197919 1.0 212000
1723218216462 1.0 216000
1723218233514 1.0 220000
1723218250401 1.0 224000
1723218267493 1.0 228000
1723218284796 1.0 232000
1723218301890 1.0 236000
1723218318846 1.0 240000
1723218335875 1.0 244000
1723218352781 1.0 248000
1723218370096 1.0 252000
1723218386483 1.0 256000
1723218403179 1.0 260000
1723218420285 1.0 264000
1723218437910 1.0 268000
1723218455410 1.0 272000
1723218474282 1.0 276000
1723218491401 1.0 280000
1723218508581 1.0 284000
1723218525589 1.0 288000
1723218541963 1.0 292000
1723218559290 1.0 296000
1723218576493 1.0 300000
1723218594951 1.0 304000
1723218611846 1.0 308000
1723218629099 1.0 312000
1723218645667 1.0 316000
1723218662998 1.0 320000
1723218679981 1.0 324000
1723218696906 1.0 328000
1723218821466 1.0 332000
1723218838826 1.0 336000
1723218855743 1.0 340000
1723218872775 1.0 344000
1723218891846 1.0 348000
1723218908443 1.0 352000
1723218925002 1.0 356000
1723218941366 1.0 360000
1723218958373 1.0 364000
1723218975169 1.0 368000
1723218998679 1.0 372000
1723219018690 1.0 376000
1723219035852 1.0 380000
1723219052716 1.0 384000
1723219071145 1.0 388000
1723219088033 1.0 392000
1723219104676 1.0 396000
1723219121673 1.0 400000
1723219138513 1.0 404000
1723219155882 1.0 408000
1723219173101 1.0 412000
1723219190768 1.0 416000
1723219208243 1.0 420000
1723219225479 1.0 424000
1723219241864 1.0 428000
1723219258167 1.0 432000
1723219274817 1.0 436000
1723219290874 1.0 440000
1723219307020 1.0 444000
1723219322776 1.0 448000
1723219339916 1.0 452000
1723219358137 1.0 456000
1723219375654 1.0 460000
1723219392175 1.0 464000
1723219408719 1.0 468000
1723219425214 1.0 472000
1723219442560 1.0 476000
1723219458933 1.0 480000
1723219475692 1.0 484000
1723219492460 1.0 488000
1723219509074 1.0 492000
1723219525702 1.0 496000
1723219541962 1.0 500000
1723219558359 1.0 504000
1723219574761 1.0 508000
1723219591109 1.0 512000
1723219606521 1.0 516000
1723219622868 1.0 520000
1723219640243 1.0 524000
1723219657026 1.0 528000
1723219673969 1.0 532000
1723219690214 1.0 536000
1723219706416 1.0 540000
1723219722689 1.0 544000
1723219739201 1.0 548000
1723219757211 1.0 552000
1723219774082 1.0 556000
1723219791174 1.0 560000
1723219807917 1.0 564000
1723219825321 1.0 568000
1723219842231 1.0 572000
1723219858705 1.0 576000
1723219876151 1.0 580000
1723219891607 1.0 584000
1723219907244 1.0 588000
1723219923033 1.0 592000
1723219939762 1.0 596000
1723219956227 1.0 600000
1723219972257 1.0 604000
1723219988215 1.0 608000
1723220004930 1.0 612000
1723220021152 1.0 616000
1723220037532 1.0 620000
1723220054760 1.0 624000
1723220071787 1.0 628000
1723220088577 1.0 632000
1723220104877 1.0 636000
1723220121220 1.0 640000
1723220137543 1.0 644000
1723220153525 1.0 648000
1723220169613 1.0 652000
1723220186495 1.0 656000
1723220202883 1.0 660000
1723220219307 1.0 664000
1723220235614 1.0 668000
1723220252345 1.0 672000
1723220268711 1.0 676000
1723220285406 1.0 680000
1723220302190 1.0 684000
1723220318728 1.0 688000
1723220335542 1.0 692000
1723220351655 1.0 696000
1723220368049 1.0 700000
1723220383927 1.0 704000
1723220400047 1.0 708000
1723220416015 1.0 712000
1723220432910 1.0 716000
1723220448610 1.0 720000
1723220465024 1.0 724000
1723220481687 1.0 728000
1723220498793 1.0 732000
1723220515570 1.0 736000
1723220532041 1.0 740000
1723220548726 1.0 744000
1723220565216 1.0 748000
1723220581685 1.0 752000
1723220598527 1.0 756000
1723220614715 1.0 760000
1723220629418 1.0 764000
1723220643191 1.0 768000
1723220657077 1.0 772000
1723220671600 1.0 776000
1723220686045 1.0 780000
1723220700271 1.0 784000
1723220714271 1.0 788000
1723220728694 1.0 792000
1723220742906 1.0 796000
1723220756677 1.0 800000
1723220770463 1.0 804000
1723220784572 1.0 808000
1723220798596 1.0 812000
1723220812474 1.0 816000
1723220826187 1.0 820000
1723220839940 1.0 824000
1723220859521 1.0 828000
1723220874373 1.0 832000
1723220888606 1.0 836000
1723220902314 1.0 840000
1723220916552 1.0 844000
1723220930645 1.0 848000
1723220944167 1.0 852000
1723220958335 1.0 856000
1723220972368 1.0 860000
1723220986729 1.0 864000
1723221000984 1.0 868000
1723221015008 1.0 872000
1723221029243 1.0 876000
1723221043447 1.0 880000
1723221057378 1.0 884000
1723221071237 1.0 888000
1723221085116 1.0 892000
1723221099259 1.0 896000
1723221113356 1.0 900000
1723221127181 1.0 904000
1723221141269 1.0 908000
1723221155995 1.0 912000
1723221169912 1.0 916000
1723221184345 1.0 920000
1723221198433 1.0 924000
1723221212360 1.0 928000
1723221226477 1.0 932000
1723221240304 1.0 936000
1723221253965 1.0 940000
1723221268496 1.0 944000
1723221282646 1.0 948000
1723221297298 1.0 952000
1723221311362 1.0 956000
1723221326006 1.0 960000
1723221340170 1.0 964000
1723221354060 1.0 968000
1723221368488 1.0 972000
1723221382786 1.0 976000
1723221396731 1.0 980000
1723221410821 1.0 984000
1723221425031 1.0 988000
1723221438959 1.0 992000
1723221453617 1.0 996000
1723221467794 1.0 1000000
1723221482011 1.0 1004000
1723221496469 1.0 1008000
1723221510554 1.0 1012000
1723221524030 1.0 1016000
1723221538496 1.0 1020000
1723221552770 1.0 1024000
1723221567146 1.0 1028000
1723221581266 1.0 1032000
1723221594940 1.0 1036000
1723221609150 1.0 1040000
1723221623258 1.0 1044000
1723221637160 1.0 1048000
1723221651247 1.0 1052000
1723221665180 1.0 1056000
1723221678987 1.0 1060000
1723221693540 1.0 1064000
1723221707843 1.0 1068000
1723221722192 1.0 1072000
1723221736161 1.0 1076000
1723221750470 1.0 1080000
1723221764029 1.0 1084000
1723221777854 1.0 1088000
1723221791812 1.0 1092000
1723221805747 1.0 1096000
1723221820286 1.0 1100000
1723221834521 1.0 1104000
1723221848859 1.0 1108000
1723221863417 1.0 1112000
1723221877017 1.0 1116000
1723221890169 1.0 1120000
1723221903730 1.0 1124000
1723221917621 1.0 1128000
1723221930921 1.0 1132000
1723221944576 1.0 1136000
1723221958142 1.0 1140000
1723221971630 1.0 1144000
1723221986470 1.0 1148000
1723221999805 1.0 1152000
1723222013441 1.0 1156000
1723222026882 1.0 1160000
1723222040516 1.0 1164000
1723222054927 1.0 1168000
1723222068789 1.0 1172000
1723222082707 1.0 1176000
1723222096587 1.0 1180000
1723222110816 1.0 1184000
1723222123920 1.0 1188000
1723222136914 1.0 1192000
1723222149430 1.0 1196000
1723222162199 1.0 1200000
1723222175303 1.0 1204000
1723222188795 1.0 1208000
1723222202267 1.0 1212000
1723222215268 1.0 1216000
1723222228987 1.0 1220000
1723222242157 1.0 1224000
1723222255183 1.0 1228000
1723222268344 1.0 1232000
1723222281527 1.0 1236000
1723222295282 1.0 1240000
1723222308798 1.0 1244000
1723222322485 1.0 1248000
1723222335238 1.0 1252000
1723222348662 1.0 1256000
1723222361249 1.0 1260000
1723222374124 1.0 1264000
1723222386829 1.0 1268000
1723222399961 1.0 1272000
1723222413319 1.0 1276000
1723222426980 1.0 1280000
1723222440305 1.0 1284000
1723222453874 1.0 1288000
1723222467641 1.0 1292000
1723222480639 1.0 1296000
1723222494020 1.0 1300000
1723222507102 1.0 1304000
1723222520158 1.0 1308000
1723222533945 1.0 1312000
1723222547142 1.0 1316000
1723222560675 1.0 1320000
1723222574226 1.0 1324000
1723222587850 1.0 1328000
1723222601032 1.0 1332000
1723222614084 1.0 1336000
1723222627194 1.0 1340000
1723222639808 1.0 1344000
1723222654032 1.0 1348000
1723222667005 1.0 1352000
1723222680556 1.0 1356000
1723222694099 1.0 1360000
1723222707155 1.0 1364000
1723222720646 1.0 1368000
1723222733940 1.0 1372000
1723222747192 1.0 1376000
1723222760462 1.0 1380000
1723222773974 1.0 1384000
1723222787440 1.0 1388000
1723222800614 1.0 1392000
1723222813814 1.0 1396000
1723222828080 1.0 1400000
1723222841796 1.0 1404000
1723222855113 1.0 1408000
1723222868598 1.0 1412000
1723222882010 1.0 1416000
1723222895779 1.0 1420000
1723222908846 1.0 1424000
1723222922294 1.0 1428000
1723222935951 1.0 1432000
1723222949677 1.0 1436000
1723222963257 1.0 1440000
1723222976450 1.0 1444000
1723222990379 1.0 1448000
1723223003764 1.0 1452000
1723223017032 1.0 1456000
1723223030114 1.0 1460000
1723223042794 1.0 1464000
1723223056181 1.0 1468000
1723223070089 1.0 1472000
1723223083745 1.0 1476000
1723223097258 1.0 1480000
1723223110373 1.0 1484000
1723223124790 1.0 1488000
1723223138688 1.0 1492000
1723223152255 1.0 1496000
1723223166356 1.0 1500000
1723223179633 1.0 1504000
1723223193426 1.0 1508000
1723223206788 1.0 1512000
1723223219854 1.0 1516000
1723223233010 1.0 1520000
1723223246592 1.0 1524000
1723223259837 1.0 1528000
1723223273366 1.0 1532000
1723223286838 1.0 1536000
1723223300840 1.0 1540000
1723223314094 1.0 1544000
1723223327341 1.0 1548000
1723223340668 1.0 1552000
1723223354162 1.0 1556000
1723223367630 1.0 1560000
1723223380789 1.0 1564000
1723223393714 1.0 1568000
1723223407235 1.0 1572000
1723223420663 1.0 1576000
1723223434311 1.0 1580000
1723223447429 1.0 1584000
1723223460621 1.0 1588000
1723223473949 1.0 1592000
1723223487993 1.0 1596000
1723223501135 1.0 1600000
1723223514364 1.0 1604000
1723223527889 1.0 1608000
1723224062005 1.0 1612000
1723224075844 1.0 1616000
1723224088973 1.0 1620000
1723224102271 1.0 1624000
1723224274553 1.0 1628000
1723224291359 1.0 1632000
1723224305072 1.0 1636000
1723224319977 1.0 1640000
1723224333002 1.0 1644000
1723224345827 1.0 1648000
1723224359051 1.0 1652000
1723224372711 1.0 1656000
1723224386784 1.0 1660000
1723224418216 1.0 1664000
1723224438090 1.0 1668000
1723224844400 1.0 1672000
1723224857834 1.0 1676000
1723224870243 1.0 1680000
1723225074271 1.0 1684000
1723225091731 1.0 1688000
1723225104973 1.0 1692000
1723225148471 1.0 1696000
1723225161621 1.0 1700000
1723225174392 1.0 1704000
1723225187297 1.0 1708000
1723225259222 1.0 1712000
1723225271466 1.0 1716000
1723225283913 1.0 1720000
1723225296455 1.0 1724000
1723226306032 1.0 1728000
1723226318440 1.0 1732000
1723226331221 1.0 1736000
1723226344114 1.0 1740000
1723226356757 1.0 1744000
1723226369049 1.0 1748000
1723226382112 1.0 1752000
1723226394380 1.0 1756000
1723226406871 1.0 1760000
1723226419369 1.0 1764000
1723226431790 1.0 1768000
1723226444209 1.0 1772000
1723226456611 1.0 1776000
1723226468914 1.0 1780000
1723226481681 1.0 1784000
1723226493737 1.0 1788000
1723226506066 1.0 1792000
1723226518682 1.0 1796000
1723226530822 1.0 1800000
1723226543137 1.0 1804000
1723226555684 1.0 1808000
1723226568063 1.0 1812000
1723226580432 1.0 1816000
1723226592808 1.0 1820000
1723226604811 1.0 1824000
1723226617049 1.0 1828000
1723226629668 1.0 1832000
1723226642269 1.0 1836000
1723226654406 1.0 1840000
1723226666732 1.0 1844000
1723226678953 1.0 1848000
1723226691368 1.0 1852000
1723226703707 1.0 1856000
1723226715797 1.0 1860000
1723226728462 1.0 1864000
1723226740788 1.0 1868000
1723226753240 1.0 1872000
1723226765498 1.0 1876000
1723226777526 1.0 1880000
1723226789639 1.0 1884000
1723226801848 1.0 1888000
1723226814060 1.0 1892000
1723226826208 1.0 1896000
1723226838935 1.0 1900000
1723226851101 1.0 1904000
1723226863394 1.0 1908000
1723226875623 1.0 1912000
1723226887612 1.0 1916000
1723226899779 1.0 1920000
1723226911440 1.0 1924000
1723226923225 1.0 1928000
1723226935306 1.0 1932000
1723226948550 1.0 1936000
1723226965094 1.0 1940000
1723226981398 1.0 1944000
1723226999841 1.0 1948000
1723227017789 1.0 1952000
1723227035378 1.0 1956000
1723227053290 1.0 1960000
1723227071368 1.0 1964000
1723227089395 1.0 1968000
1723227106763 1.0 1972000
1723227123641 1.0 1976000
1723227139156 1.0 1980000
1723227155070 1.0 1984000
1723227170247 1.0 1988000
1723227185221 1.0 1992000
1723227203111 1.0 1996000
1723227218929 1.0 2000000
