1723217327543 -1.0 4000
1723217342776 -1.0 8000
1723217358123 -1.0 12000
1723217373436 -1.0 16000
1723217388859 -1.0 20000
1723217404267 -1.0 24000
1723217419632 -1.0 28000
1723217434840 -1.0 32000
1723217450205 -1.0 36000
1723217465778 -1.0 40000
1723217481283 -1.0 44000
1723217496640 -1.0 48000
1723217511981 -1.0 52000
1723217527259 -1.0 56000
1723217542568 -1.0 60000
1723217557843 -1.0 64000
1723217573141 -1.0 68000
1723217588763 -1.0 72000
1723217604167 -1.0 76000
1723217621356 -1.0 80000
1723217639475 -1.0 84000
1723217657376 -1.0 88000
1723217674754 -1.0 92000
1723217691905 -1.0 96000
1723217709641 -1.0 100000
1723217727075 -1.0 104000
1723217744547 -1.0 108000
1723217762415 -1.0 112000
1723217780480 -1.0 116000
1723217799540 -1.0 120000
1723217817288 -1.0 124000
1723217834901 -1.0 128000
1723217852483 -1.0 132000
1723217869863 -1.0 136000
1723217887153 -1.0 140000
1723217904161 -1.0 144000
1723217920792 -1.0 148000
1723217937815 -1.0 152000
1723217954869 -1.0 156000
1723217972260 -1.0 160000
1723217989567 -1.0 164000
1723218006901 -1.0 168000
1723218024219 -1.0 172000
1723218041532 -1.0 176000
1723218059826 -1.0 180000
1723218077297 -1.0 184000
1723218094171 -1.0 188000
1723218111957 -1.0 192000
1723218129533 -1.0 196000
1723218147158 -1.0 200000
1723218163981 -1.0 204000
1723218181088 -1.0 208000
1723218197912 -1.0 212000
1723218216455 -1.0 216000
1723218233505 -1.0 220000
1723218250394 -1.0 224000
1723218267486 -1.0 228000
1723218284787 -1.0 232000
1723218301880 -1.0 236000
1723218318840 -1.0 240000
1723218335869 -1.0 244000
1723218352775 -1.0 248000
1723218370088 -1.0 252000
1723218386475 -1.0 256000
1723218403173 -1.0 260000
1723218420279 -1.0 264000
1723218437904 -1.0 268000
1723218455403 -1.0 272000
1723218474275 -1.0 276000
1723218491395 -1.0 280000
1723218508575 -1.0 284000
1723218525583 -1.0 288000
1723218541957 -1.0 292000
1723218559282 -1.0 296000
1723218576486 -1.0 300000
1723218594941 -1.0 304000
1723218611840 -1.0 308000
1723218629093 -1.0 312000
1723218645661 -1.0 316000
1723218662992 -1.0 320000
1723218679975 -1.0 324000
1723218696899 -1.0 328000
1723218821459 -1.0 332000
1723218838820 -1.0 336000
1723218855737 -1.0 340000
1723218872765 -1.0 344000
1723218891840 -1.0 348000
1723218908437 -1.0 352000
1723218924996 -1.0 356000
1723218941360 -1.0 360000
1723218958366 -1.0 364000
1723218975163 -1.0 368000
1723218998671 -1.0 372000
1723219018684 -1.0 376000
1723219035846 -1.0 380000
1723219052710 -1.0 384000
1723219071139 -1.0 388000
1723219088028 -1.0 392000
1723219104669 -1.0 396000
1723219121667 -1.0 400000
1723219138507 -1.0 404000
1723219155876 -1.0 408000
1723219173094 -1.0 412000
1723219190762 -1.0 416000
1723219208237 -1.0 420000
1723219225473 -1.0 424000
1723219241858 -1.0 428000
1723219258161 -1.0 432000
1723219274811 -1.0 436000
1723219290867 -1.0 440000
1723219307014 -1.0 444000
1723219322770 -1.0 448000
1723219339910 -1.0 452000
1723219358130 -1.0 456000
1723219375648 -1.0 460000
1723219392169 -1.0 464000
1723219408713 -1.0 468000
1723219425208 -1.0 472000
1723219442554 -1.0 476000
1723219458927 -1.0 480000
1723219475687 -1.0 484000
1723219492454 -1.0 488000
1723219509068 -1.0 492000
1723219525696 -1.0 496000
1723219541955 -1.0 500000
1723219558353 -1.0 504000
1723219574756 -1.0 508000
1723219591103 -1.0 512000
1723219606515 -1.0 516000
1723219622861 -1.0 520000
1723219640237 -1.0 524000
1723219657020 -1.0 528000
1723219673963 -1.0 532000
1723219690208 -1.0 536000
1723219706410 -1.0 540000
1723219722683 -1.0 544000
1723219739195 -1.0 548000
1723219757206 -1.0 552000
1723219774076 -1.0 556000
1723219791169 -1.0 560000
1723219807912 -1.0 564000
1723219825315 -1.0 568000
1723219842225 -1.0 572000
1723219858699 -1.0 576000
1723219876146 -1.0 580000
1723219891601 -1.0 584000
1723219907237 -1.0 588000
1723219923027 -1.0 592000
1723219939756 -1.0 596000
1723219956221 -1.0 600000
1723219972251 -1.0 604000
1723219988209 -1.0 608000
1723220004924 -1.0 612000
1723220021146 -1.0 616000
1723220037524 -1.0 620000
1723220054754 -1.0 624000
1723220071781 -1.0 628000
1723220088571 -1.0 632000
1723220104869 -1.0 636000
1723220121215 -1.0 640000
1723220137537 -1.0 644000
1723220153519 -1.0 648000
1723220169607 -1.0 652000
1723220186489 -1.0 656000
1723220202877 -1.0 660000
1723220219301 -1.0 664000
1723220235608 -1.0 668000
1723220252337 -1.0 672000
1723220268702 -1.0 676000
1723220285397 -1.0 680000
1723220302184 -1.0 684000
1723220318722 -1.0 688000
1723220335536 -1.0 692000
1723220351649 -1.0 696000
1723220368043 -1.0 700000
1723220383921 -1.0 704000
1723220400037 -1.0 708000
1723220416009 -1.0 712000
1723220432904 -1.0 716000
1723220448604 -1.0 720000
1723220465018 -1.0 724000
1723220481681 -1.0 728000
1723220498787 -1.0 732000
1723220515564 -1.0 736000
1723220532035 -1.0 740000
1723220548720 -1.0 744000
1723220565210 -1.0 748000
1723220581680 -1.0 752000
1723220598522 -1.0 756000
1723220614709 -1.0 760000
1723220629412 -1.0 764000
1723220643186 -1.0 768000
1723220657071 -1.0 772000
1723220671594 -1.0 776000
1723220686039 -1.0 780000
1723220700265 -1.0 784000
1723220714265 -1.0 788000
1723220728689 -1.0 792000
1723220742900 -1.0 796000
1723220756672 -1.0 800000
1723220770458 -1.0 804000
1723220784566 -1.0 808000
1723220798590 -1.0 812000
1723220812467 -1.0 816000
1723220826182 -1.0 820000
1723220839934 -1.0 824000
1723220859515 -1.0 828000
1723220874367 -1.0 832000
1723220888601 -1.0 836000
1723220902309 -1.0 840000
1723220916546 -1.0 844000
1723220930639 -1.0 848000
1723220944161 -1.0 852000
1723220958329 -1.0 856000
1723220972362 -1.0 860000
1723220986724 -1.0 864000
1723221000979 -1.0 868000
1723221015002 -1.0 872000
1723221029237 -1.0 876000
1723221043441 -1.0 880000
1723221057372 -1.0 884000
1723221071231 -1.0 888000
1723221085110 -1.0 892000
1723221099253 -1.0 896000
1723221113351 -1.0 900000
1723221127176 -1.0 904000
1723221141264 -1.0 908000
1723221155989 -1.0 912000
1723221169905 -1.0 916000
1723221184339 -1.0 920000
1723221198426 -1.0 924000
1723221212353 -1.0 928000
1723221226471 -1.0 932000
1723221240298 -1.0 936000
1723221253959 -1.0 940000
1723221268491 -1.0 944000
1723221282641 -1.0 948000
1723221297292 -1.0 952000
1723221311356 -1.0 956000
1723221326000 -1.0 960000
1723221340165 -1.0 964000
1723221354054 -1.0 968000
1723221368482 -1.0 972000
1723221382780 -1.0 976000
1723221396726 -1.0 980000
1723221410816 -1.0 984000
1723221425025 -1.0 988000
1723221438954 -1.0 992000
1723221453612 -1.0 996000
1723221467789 -1.0 1000000
1723221482005 -1.0 1004000
1723221496462 -1.0 1008000
1723221510548 -1.0 1012000
1723221524024 -1.0 1016000
1723221538491 -1.0 1020000
1723221552765 -1.0 1024000
1723221567140 -1.0 1028000
1723221581261 -1.0 1032000
1723221594934 -1.0 1036000
1723221609145 -1.0 1040000
1723221623251 -1.0 1044000
1723221637154 -1.0 1048000
1723221651241 -1.0 1052000
1723221665174 -1.0 1056000
1723221678981 -1.0 1060000
1723221693534 -1.0 1064000
1723221707837 -1.0 1068000
1723221722186 -1.0 1072000
1723221736155 -1.0 1076000
1723221750464 -1.0 1080000
1723221764024 -1.0 1084000
1723221777849 -1.0 1088000
1723221791806 -1.0 1092000
1723221805741 -1.0 1096000
1723221820281 -1.0 1100000
1723221834515 -1.0 1104000
1723221848853 -1.0 1108000
1723221863411 -1.0 1112000
1723221877011 -1.0 1116000
1723221890164 -1.0 1120000
1723221903724 -1.0 1124000
1723221917615 -1.0 1128000
1723221930915 -1.0 1132000
1723221944571 -1.0 1136000
1723221958137 -1.0 1140000
1723221971624 -1.0 1144000
1723221986464 -1.0 1148000
1723221999799 -1.0 1152000
1723222013435 -1.0 1156000
1723222026876 -1.0 1160000
1723222040510 -1.0 1164000
1723222054922 -1.0 1168000
1723222068784 -1.0 1172000
1723222082701 -1.0 1176000
1723222096581 -1.0 1180000
1723222110811 -1.0 1184000
1723222123915 -1.0 1188000
1723222136908 -1.0 1192000
1723222149425 -1.0 1196000
1723222162193 -1.0 1200000
1723222175297 -1.0 1204000
1723222188789 -1.0 1208000
1723222202261 -1.0 1212000
1723222215262 -1.0 1216000
1723222228981 -1.0 1220000
1723222242151 -1.0 1224000
1723222255177 -1.0 1228000
1723222268338 -1.0 1232000
1723222281522 -1.0 1236000
1723222295276 -1.0 1240000
1723222308792 -1.0 1244000
1723222322479 -1.0 1248000
1723222335231 -1.0 1252000
1723222348655 -1.0 1256000
1723222361243 -1.0 1260000
1723222374118 -1.0 1264000
1723222386823 -1.0 1268000
1723222399955 -1.0 1272000
1723222413313 -1.0 1276000
1723222426974 -1.0 1280000
1723222440300 -1.0 1284000
1723222453868 -1.0 1288000
1723222467635 -1.0 1292000
1723222480633 -1.0 1296000
1723222494012 -1.0 1300000
1723222507096 -1.0 1304000
1723222520152 -1.0 1308000
1723222533939 -1.0 1312000
1723222547137 -1.0 1316000
1723222560669 -1.0 1320000
1723222574220 -1.0 1324000
1723222587844 -1.0 1328000
1723222601025 -1.0 1332000
1723222614079 -1.0 1336000
1723222627188 -1.0 1340000
1723222639803 -1.0 1344000
1723222654026 -1.0 1348000
1723222666999 -1.0 1352000
1723222680550 -1.0 1356000
1723222694093 -1.0 1360000
1723222707149 -1.0 1364000
1723222720639 -1.0 1368000
1723222733933 -1.0 1372000
1723222747186 -1.0 1376000
1723222760456 -1.0 1380000
1723222773968 -1.0 1384000
1723222787435 -1.0 1388000
1723222800609 -1.0 1392000
1723222813808 -1.0 1396000
1723222828075 -1.0 1400000
1723222841791 -1.0 1404000
1723222855107 -1.0 1408000
1723222868592 -1.0 1412000
1723222882004 -1.0 1416000
1723222895773 -1.0 1420000
1723222908840 -1.0 1424000
1723222922287 -1.0 1428000
1723222935945 -1.0 1432000
1723222949671 -1.0 1436000
1723222963250 -1.0 1440000
1723222976443 -1.0 1444000
1723222990373 -1.0 1448000
1723223003758 -1.0 1452000
1723223017026 -1.0 1456000
1723223030109 -1.0 1460000
1723223042788 -1.0 1464000
1723223056175 -1.0 1468000
1723223070084 -1.0 1472000
1723223083738 -1.0 1476000
1723223097252 -1.0 1480000
1723223110367 -1.0 1484000
1723223124784 -1.0 1488000
1723223138683 -1.0 1492000
1723223152250 -1.0 1496000
1723223166350 -1.0 1500000
1723223179627 -1.0 1504000
1723223193420 -1.0 1508000
1723223206782 -1.0 1512000
1723223219848 -1.0 1516000
1723223233004 -1.0 1520000
1723223246586 -1.0 1524000
1723223259831 -1.0 1528000
1723223273361 -1.0 1532000
1723223286832 -1.0 1536000
1723223300834 -1.0 1540000
1723223314088 -1.0 1544000
1723223327335 -1.0 1548000
1723223340662 -1.0 1552000
1723223354156 -1.0 1556000
1723223367624 -1.0 1560000
1723223380784 -1.0 1564000
1723223393709 -1.0 1568000
1723223407230 -1.0 1572000
1723223420657 -1.0 1576000
1723223434304 -1.0 1580000
1723223447424 -1.0 1584000
1723223460616 -1.0 1588000
1723223473943 -1.0 1592000
1723223487986 -1.0 1596000
1723223501129 -1.0 1600000
1723223514358 -1.0 1604000
1723223527883 -1.0 1608000
1723224061997 -1.0 1612000
1723224075838 -1.0 1616000
1723224088967 -1.0 1620000
1723224102265 -1.0 1624000
1723224274547 -1.0 1628000
1723224291353 -1.0 1632000
1723224305065 -1.0 1636000
1723224319971 -1.0 1640000
1723224332996 -1.0 1644000
1723224345821 -1.0 1648000
1723224359046 -1.0 1652000
1723224372705 -1.0 1656000
1723224386778 -1.0 1660000
1723224418208 -1.0 1664000
1723224438083 -1.0 1668000
1723224844394 -1.0 1672000
1723224857828 -1.0 1676000
1723224870237 -1.0 1680000
1723225074262 -1.0 1684000
1723225091724 -1.0 1688000
1723225104966 -1.0 1692000
1723225148465 -1.0 1696000
1723225161614 -1.0 1700000
1723225174386 -1.0 1704000
1723225187291 -1.0 1708000
1723225259216 -1.0 1712000
1723225271460 -1.0 1716000
1723225283907 -1.0 1720000
1723225296449 -1.0 1724000
1723226306026 -1.0 1728000
1723226318434 -1.0 1732000
1723226331216 -1.0 1736000
1723226344108 -1.0 1740000
1723226356751 -1.0 1744000
1723226369044 -1.0 1748000
1723226382107 -1.0 1752000
1723226394374 -1.0 1756000
1723226406866 -1.0 1760000
1723226419363 -1.0 1764000
1723226431784 -1.0 1768000
1723226444203 -1.0 1772000
1723226456605 -1.0 1776000
1723226468908 -1.0 1780000
1723226481675 -1.0 1784000
1723226493731 -1.0 1788000
1723226506061 -1.0 1792000
1723226518676 -1.0 1796000
1723226530816 -1.0 1800000
1723226543132 -1.0 1804000
1723226555678 -1.0 1808000
1723226568057 -1.0 1812000
1723226580427 -1.0 1816000
1723226592802 -1.0 1820000
1723226604805 -1.0 1824000
1723226617044 -1.0 1828000
1723226629662 -1.0 1832000
1723226642264 -1.0 1836000
1723226654401 -1.0 1840000
1723226666726 -1.0 1844000
1723226678947 -1.0 1848000
1723226691363 -1.0 1852000
1723226703701 -1.0 1856000
1723226715791 -1.0 1860000
1723226728456 -1.0 1864000
1723226740782 -1.0 1868000
1723226753234 -1.0 1872000
1723226765492 -1.0 1876000
1723226777520 -1.0 1880000
1723226789633 -1.0 1884000
1723226801843 -1.0 1888000
1723226814054 -1.0 1892000
1723226826202 -1.0 1896000
1723226838930 -1.0 1900000
1723226851095 -1.0 1904000
1723226863388 -1.0 1908000
1723226875618 -1.0 1912000
1723226887607 -1.0 1916000
1723226899773 -1.0 1920000
1723226911435 -1.0 1924000
1723226923218 -1.0 1928000
1723226935300 -1.0 1932000
1723226948543 -1.0 1936000
1723226965085 -1.0 1940000
1723226981390 -1.0 1944000
1723226999833 -1.0 1948000
1723227017781 -1.0 1952000
1723227035370 -1.0 1956000
1723227053281 -1.0 1960000
1723227071359 -1.0 1964000
1723227089387 -1.0 1968000
1723227106755 -1.0 1972000
1723227123633 -1.0 1976000
1723227139148 -1.0 1980000
1723227155062 -1.0 1984000
1723227170241 -1.0 1988000
1723227185215 -1.0 1992000
1723227203101 -1.0 1996000
1723227218922 -1.0 2000000
