1723171811997 153.0 4000
1723171825392 162.0 8000
1723171838120 162.0 12000
1723171851699 162.0 16000
1723171869863 157.0 20000
1723171886372 158.0 24000
1723171904788 162.0 28000
1723171922351 162.0 32000
1723171940863 157.0 36000
1723171958843 162.0 40000
1723171977141 158.0 44000
1723171994350 162.0 48000
1723172010902 157.0 52000
1723172029571 162.0 56000
1723172044696 162.0 60000
1723172058619 158.0 64000
1723172072250 157.0 68000
1723172086185 162.0 72000
1723172099937 162.0 76000
1723172113365 162.0 80000
1723172125956 153.0 84000
1723172139005 162.0 88000
1723172151494 162.0 92000
1723172163939 162.0 96000
1723172176685 162.0 100000
1723172189560 153.0 104000
1723172201766 162.0 108000
1723172214521 162.0 112000
1723172227378 162.0 116000
1723172240052 157.0 120000
1723172252862 158.0 124000
1723172265439 162.0 128000
1723172278084 162.0 132000
1723172290473 157.0 136000
1723172302964 162.0 140000
1723172315550 158.0 144000
1723172328055 162.0 148000
1723172340393 157.0 152000
1723172352966 162.0 156000
1723172365026 162.0 160000
1723172376879 158.0 164000
1723172389935 157.0 168000
1723172402541 162.0 172000
1723172414538 162.0 176000
1723172426729 162.0 180000
1723172439129 153.0 184000
1723172451783 162.0 188000
1723172465477 162.0 192000
1723172478480 162.0 196000
1723172494347 162.0 200000
1723172507706 153.0 204000
1723172524568 162.0 208000
1723172546638 162.0 212000
1723172563754 162.0 216000
1723172581117 157.0 220000
1723172598028 158.0 224000
1723172613394 162.0 228000
1723172628728 162.0 232000
1723172643957 157.0 236000
1723172659886 162.0 240000
1723172675701 158.0 244000
1723172692072 162.0 248000
1723172707032 157.0 252000
1723172721761 162.0 256000
1723172738239 162.0 260000
1723172756068 158.0 264000
1723172770949 157.0 268000
1723172785936 162.0 272000
1723172800852 162.0 276000
1723172815717 162.0 280000
1723172830382 153.0 284000
1723172844835 162.0 288000
1723172859218 162.0 292000
1723172874417 162.0 296000
1723172889239 162.0 300000
1723172903609 153.0 304000
1723172919743 162.0 308000
1723172934643 162.0 312000
1723172948476 162.0 316000
1723172963129 157.0 320000
1723172977678 158.0 324000
1723172992067 162.0 328000
1723173006881 162.0 332000
1723173022323 157.0 336000
1723173036708 162.0 340000
1723173051246 158.0 344000
1723173065619 162.0 348000
1723173080133 157.0 352000
1723173094668 162.0 356000
1723173109347 162.0 360000
1723173125446 158.0 364000
1723173140433 157.0 368000
1723173155534 162.0 372000
1723173171464 162.0 376000
1723173186341 162.0 380000
1723173201388 153.0 384000
1723173216033 162.0 388000
1723173230907 162.0 392000
1723173245573 162.0 396000
1723173259762 162.0 400000
1723173274564 153.0 404000
1723173289001 162.0 408000
1723173302815 162.0 412000
1723173317002 162.0 416000
1723173330999 157.0 420000
1723173344665 158.0 424000
1723173359293 162.0 428000
1723173374412 162.0 432000
1723173387983 157.0 436000
1723173401006 162.0 440000
1723173417241 158.0 444000
1723173434307 162.0 448000
1723173452230 157.0 452000
1723173472579 162.0 456000
1723173492571 162.0 460000
1723173511504 158.0 464000
1723173529302 157.0 468000
1723173544057 162.0 472000
1723173568029 162.0 476000
1723173585256 162.0 480000
1723173600821 153.0 484000
1723173616316 162.0 488000
1723173631694 162.0 492000
1723173646084 162.0 496000
1723173661899 162.0 500000
1723173679483 153.0 504000
1723173698902 162.0 508000
1723173715788 162.0 512000
1723173729791 162.0 516000
1723173741786 157.0 520000
1723173753948 158.0 524000
1723173766821 162.0 528000
1723173779449 162.0 532000
1723173796058 157.0 536000
1723173814560 162.0 540000
1723173834420 158.0 544000
1723173854987 162.0 548000
1723173868859 157.0 552000
1723173887098 162.0 556000
1723173903122 162.0 560000
1723173916550 158.0 564000
1723173942137 157.0 568000
1723173958424 162.0 572000
1723173972700 162.0 576000
1723173988022 162.0 580000
1723174003667 153.0 584000
1723174019174 162.0 588000
1723174033931 162.0 592000
1723174049905 162.0 596000
1723174064376 162.0 600000
1723174079833 153.0 604000
1723174093291 162.0 608000
1723174108839 162.0 612000
1723174123155 162.0 616000
1723174137158 157.0 620000
1723174150838 158.0 624000
1723174164448 162.0 628000
1723174177954 162.0 632000
1723174191259 157.0 636000
1723174205133 162.0 640000
1723174218518 158.0 644000
1723174231926 162.0 648000
1723174245345 157.0 652000
1723174258624 162.0 656000
1723174272658 162.0 660000
1723174285950 158.0 664000
1723174299322 157.0 668000
1723174312912 162.0 672000
1723174326371 162.0 676000
1723174340000 162.0 680000
1723174353366 153.0 684000
1723174366570 162.0 688000
1723174378981 162.0 692000
1723174392435 162.0 696000
1723174405812 162.0 700000
1723174419127 153.0 704000
1723174432500 162.0 708000
1723174445800 162.0 712000
1723174459069 162.0 716000
1723174471885 157.0 720000
1723174485438 158.0 724000
1723174499119 162.0 728000
1723174512448 162.0 732000
1723174525682 157.0 736000
1723174539711 162.0 740000
1723174553156 158.0 744000
1723174567082 162.0 748000
1723174580313 157.0 752000
1723174594366 162.0 756000
1723174607394 162.0 760000
1723174621177 158.0 764000
1723174634822 157.0 768000
1723174648318 162.0 772000
1723174661967 162.0 776000
1723174675906 162.0 780000
1723174689503 153.0 784000
1723174702836 162.0 788000
1723174716200 162.0 792000
1723174729988 162.0 796000
1723174743947 162.0 800000
1723174757081 153.0 804000
1723174770107 162.0 808000
1723174783175 162.0 812000
1723174796578 162.0 816000
1723174809809 157.0 820000
1723174823335 158.0 824000
1723174836653 162.0 828000
1723174850400 162.0 832000
1723174864098 157.0 836000
1723174877591 162.0 840000
1723174890634 158.0 844000
1723174904328 162.0 848000
1723174917497 157.0 852000
1723174930438 162.0 856000
1723174943626 162.0 860000
1723174957161 158.0 864000
1723174971255 157.0 868000
1723174984760 162.0 872000
1723174998217 162.0 876000
1723175011717 162.0 880000
1723175025584 153.0 884000
1723175038942 162.0 888000
1723175051935 162.0 892000
1723175065299 162.0 896000
1723175078846 162.0 900000
1723175091935 153.0 904000
1723175105017 162.0 908000
1723175118298 162.0 912000
1723175131908 162.0 916000
1723175145181 157.0 920000
1723175158629 158.0 924000
1723175172513 162.0 928000
1723175186525 162.0 932000
1723175200637 157.0 936000
1723175214841 162.0 940000
1723175228575 158.0 944000
1723175242142 162.0 948000
1723175255839 157.0 952000
1723175269307 162.0 956000
1723175283290 162.0 960000
1723175296898 158.0 964000
1723175310685 157.0 968000
1723175324553 162.0 972000
1723175338106 162.0 976000
1723175351456 162.0 980000
1723175364980 153.0 984000
1723175378224 162.0 988000
1723175392419 162.0 992000
1723175405949 162.0 996000
1723175419098 162.0 1000000
1723175432252 153.0 1004000
1723175445675 162.0 1008000
1723175459104 162.0 1012000
1723175472564 162.0 1016000
1723175487586 157.0 1020000
1723175501129 158.0 1024000
1723175514672 162.0 1028000
1723175528010 162.0 1032000
1723175541282 157.0 1036000
1723175555260 162.0 1040000
1723175569929 158.0 1044000
1723175583617 162.0 1048000
1723175597226 157.0 1052000
1723175610990 162.0 1056000
1723175624469 162.0 1060000
1723175637940 158.0 1064000
1723175652487 157.0 1068000
1723175666169 162.0 1072000
1723175679450 162.0 1076000
1723175693168 162.0 1080000
1723175706807 153.0 1084000
1723175720232 162.0 1088000
1723175733565 162.0 1092000
1723175747101 162.0 1096000
1723175760936 162.0 1100000
1723175773019 153.0 1104000
1723175786829 162.0 1108000
1723175800006 162.0 1112000
1723175813525 162.0 1116000
1723175827535 157.0 1120000
1723175841315 158.0 1124000
1723175853602 162.0 1128000
1723175867942 162.0 1132000
1723175881443 157.0 1136000
1723175895117 162.0 1140000
1723175908380 158.0 1144000
1723175922308 162.0 1148000
1723175936411 157.0 1152000
1723175950187 162.0 1156000
1723175963792 162.0 1160000
1723175977036 158.0 1164000
1723175990389 157.0 1168000
1723176003912 162.0 1172000
1723176017027 162.0 1176000
1723176030408 162.0 1180000
1723176044299 153.0 1184000
1723176058739 162.0 1188000
1723176072074 162.0 1192000
1723176085184 162.0 1196000
1723176099006 162.0 1200000
1723176112908 153.0 1204000
1723176126602 162.0 1208000
1723176139910 162.0 1212000
1723176154372 162.0 1216000
1723176168348 157.0 1220000
1723176182083 158.0 1224000
1723176195785 162.0 1228000
1723176208961 162.0 1232000
1723176222120 157.0 1236000
1723176235978 162.0 1240000
1723176249488 158.0 1244000
1723176262272 162.0 1248000
1723176274739 157.0 1252000
1723176287920 162.0 1256000
1723176301033 162.0 1260000
1723176314433 158.0 1264000
1723176327824 157.0 1268000
1723176341093 162.0 1272000
1723176355003 162.0 1276000
1723176368844 162.0 1280000
1723176383249 153.0 1284000
1723176395432 162.0 1288000
1723176408619 162.0 1292000
1723176422018 162.0 1296000
1723176435126 162.0 1300000
1723176448852 153.0 1304000
1723176462085 162.0 1308000
1723176475822 162.0 1312000
1723176489988 162.0 1316000
1723176502679 157.0 1320000
1723176516064 158.0 1324000
1723176530364 162.0 1328000
1723176544798 162.0 1332000
1723176558079 157.0 1336000
1723176572067 162.0 1340000
1723176585588 158.0 1344000
1723176599513 162.0 1348000
1723176613447 157.0 1352000
1723176627170 162.0 1356000
1723176640597 162.0 1360000
1723176654083 158.0 1364000
1723176667804 157.0 1368000
1723176681373 162.0 1372000
1723176694937 162.0 1376000
1723176708545 162.0 1380000
1723176721985 153.0 1384000
1723176735451 162.0 1388000
1723176748816 162.0 1392000
1723176762309 162.0 1396000
1723176776096 162.0 1400000
1723176789907 153.0 1404000
1723176803541 162.0 1408000
1723176816658 162.0 1412000
1723176830303 162.0 1416000
1723176844017 157.0 1420000
1723176857313 158.0 1424000
1723176870992 162.0 1428000
1723176884632 162.0 1432000
1723176898615 157.0 1436000
1723176912401 162.0 1440000
1723176926031 158.0 1444000
1723176939408 162.0 1448000
1723176952955 157.0 1452000
1723176966071 162.0 1456000
1723176979453 162.0 1460000
1723176992882 158.0 1464000
1723177006299 157.0 1468000
1723177019707 162.0 1472000
1723177033143 162.0 1476000
1723177046666 162.0 1480000
1723177060321 153.0 1484000
1723177074186 162.0 1488000
1723177088011 162.0 1492000
1723177101749 162.0 1496000
1723177115399 162.0 1500000
1723177129234 153.0 1504000
1723177143020 162.0 1508000
1723177156321 162.0 1512000
1723177169474 162.0 1516000
1723177183817 157.0 1520000
1723177197237 158.0 1524000
1723177210549 162.0 1528000
1723177223584 162.0 1532000
1723177236832 157.0 1536000
1723177250838 162.0 1540000
1723177264452 158.0 1544000
1723177278820 162.0 1548000
1723177292795 157.0 1552000
1723177306715 162.0 1556000
1723177320479 162.0 1560000
1723177334300 158.0 1564000
1723177347846 157.0 1568000
1723177361705 162.0 1572000
1723177375642 162.0 1576000
1723177389849 162.0 1580000
1723177403432 153.0 1584000
1723177416806 162.0 1588000
1723177430836 162.0 1592000
1723177444862 162.0 1596000
1723177458624 162.0 1600000
1723177472275 153.0 1604000
1723177486171 162.0 1608000
1723177499909 162.0 1612000
1723177513595 162.0 1616000
1723177527837 157.0 1620000
1723177541567 158.0 1624000
1723177555262 162.0 1628000
1723177569588 162.0 1632000
1723177583670 157.0 1636000
1723177597003 162.0 1640000
1723177610699 158.0 1644000
1723177624285 162.0 1648000
1723177637647 157.0 1652000
1723177651361 162.0 1656000
1723177664704 162.0 1660000
1723177678150 158.0 1664000
1723177691806 157.0 1668000
1723177705490 162.0 1672000
1723177718836 162.0 1676000
1723177732887 162.0 1680000
1723177746443 153.0 1684000
1723177759653 162.0 1688000
1723177773493 162.0 1692000
1723177787105 162.0 1696000
1723177800745 162.0 1700000
1723177813869 153.0 1704000
1723177827151 162.0 1708000
1723177840280 162.0 1712000
1723177854592 162.0 1716000
1723177868193 157.0 1720000
1723177881978 158.0 1724000
1723177895271 162.0 1728000
1723177908873 162.0 1732000
1723177921901 157.0 1736000
1723177934740 162.0 1740000
1723177948501 158.0 1744000
1723177962119 162.0 1748000
1723177975787 157.0 1752000
1723177990021 162.0 1756000
1723178003869 162.0 1760000
1723178017696 158.0 1764000
1723178031579 157.0 1768000
1723178045645 162.0 1772000
1723178058932 162.0 1776000
1723178073273 162.0 1780000
1723178087066 153.0 1784000
1723178100745 162.0 1788000
1723178114282 162.0 1792000
1723178127548 162.0 1796000
1723178141321 162.0 1800000
1723178155349 153.0 1804000
1723178170122 162.0 1808000
1723178183731 162.0 1812000
1723178197180 162.0 1816000
1723178210925 157.0 1820000
1723178224761 158.0 1824000
1723178238151 162.0 1828000
1723178251460 162.0 1832000
1723178265398 157.0 1836000
1723178279443 162.0 1840000
1723178293209 158.0 1844000
1723178306797 162.0 1848000
1723178320091 157.0 1852000
1723178334153 162.0 1856000
1723178347700 162.0 1860000
1723178361178 158.0 1864000
1723178374249 157.0 1868000
1723178387660 162.0 1872000
1723178401132 162.0 1876000
1723178414685 162.0 1880000
1723178427812 153.0 1884000
1723178441320 162.0 1888000
1723178454730 162.0 1892000
1723178468747 162.0 1896000
1723178482256 162.0 1900000
1723178495949 153.0 1904000
1723178510303 162.0 1908000
1723178524140 162.0 1912000
1723178537774 162.0 1916000
1723178551604 157.0 1920000
1723178565041 158.0 1924000
1723178578888 162.0 1928000
1723178592863 162.0 1932000
1723178606140 157.0 1936000
1723178619672 162.0 1940000
1723178633978 158.0 1944000
1723178647825 162.0 1948000
1723178661756 157.0 1952000
1723178676673 162.0 1956000
1723178690435 162.0 1960000
1723178704226 158.0 1964000
1723178717806 157.0 1968000
1723178731474 162.0 1972000
1723178744602 162.0 1976000
1723178758517 162.0 1980000
1723178772260 153.0 1984000
1723178786084 162.0 1988000
1723178799491 162.0 1992000
1723178813109 162.0 1996000
1723178826956 162.0 2000000
