1723171811998 80.0 4000
1723171825394 120.0 8000
1723171838121 80.0 12000
1723171851701 97.96520860388199 16000
1723171869865 140.0 20000
1723171886374 140.0 24000
1723171904790 120.0 28000
1723171922352 180.0 32000
1723171940865 99.67368998819401 36000
1723171958844 140.0 40000
1723171977143 160.0 44000
1723171994351 80.0 48000
1723172010903 180.0 52000
1723172029575 200.0 56000
1723172044697 120.0 60000
1723172058621 140.0 64000
1723172072252 220.0 68000
1723172086186 160.0 72000
1723172099939 140.0 76000
1723172113367 140.0 80000
1723172125957 200.0 84000
1723172139007 120.0 88000
1723172151496 140.0 92000
1723172163941 160.0 96000
1723172176686 215.828518194058 100000
1723172189561 180.0 104000
1723172201768 138.8195720060007 108000
1723172214522 140.0 112000
1723172227379 180.0 116000
1723172240054 160.0 120000
1723172252864 240.0 124000
1723172265441 140.0 128000
1723172278086 180.0 132000
1723172290475 180.0 136000
1723172302965 160.0 140000
1723172315551 200.0 144000
1723172328057 160.0 148000
1723172340394 200.0 152000
1723172352968 160.0 156000
1723172365028 140.0 160000
1723172376880 200.0 164000
1723172389936 220.0 168000
1723172402542 220.0 172000
1723172414540 180.0 176000
1723172426731 160.0 180000
1723172439130 197.63881356221344 184000
1723172451785 200.0 188000
1723172465478 160.0 192000
1723172478481 180.0 196000
1723172494348 200.0 200000
1723172507708 140.0 204000
1723172524570 140.0 208000
1723172546640 154.68082923079157 212000
1723172563755 143.63577728340067 216000
1723172581120 180.0 220000
1723172598029 120.0 224000
1723172613396 160.0 228000
1723172628730 180.0 232000
1723172643958 157.227668732454 236000
1723172659888 160.0 240000
1723172675702 200.0 244000
1723172692074 188.16895541162876 248000
1723172707033 118.0532928566741 252000
1723172721762 140.0 256000
1723172738241 140.0 260000
1723172756069 147.65159347022146 264000
1723172770950 156.8946570591982 268000
1723172785937 160.0 272000
1723172800854 160.0 276000
1723172815718 140.0 280000
1723172830383 140.0 284000
1723172844837 160.0 288000
1723172859219 180.0 292000
1723172874419 140.0 296000
1723172889240 120.0 300000
1723172903611 134.729032117268 304000
1723172919744 120.0 308000
1723172934645 180.0 312000
1723172948478 118.13200243134723 316000
1723172963130 99.75168207724411 320000
1723172977680 140.0 324000
1723172992069 120.0 328000
1723173006882 160.0 332000
1723173022325 120.0 336000
1723173036710 95.77789024914662 340000
1723173051248 99.32804692221278 344000
1723173065621 100.0 348000
1723173080134 113.30781393859637 352000
1723173094670 140.0 356000
1723173109348 140.0 360000
1723173125448 150.51863270236555 364000
1723173140435 120.0 368000
1723173155535 154.1793186082486 372000
1723173171466 118.24589359668204 376000
1723173186342 98.47896509008808 380000
1723173201390 140.0 384000
1723173216034 100.0 388000
1723173230909 119.80650296241899 392000
1723173245574 140.0 396000
1723173259763 160.0 400000
1723173274565 119.51782554491994 404000
1723173289003 140.0 408000
1723173302816 159.1450240743763 412000
1723173317004 120.0 416000
1723173331001 110.05928350732265 420000
1723173344666 160.0 424000
1723173359294 117.38321101860703 428000
1723173374414 139.40244645680733 432000
1723173387984 100.0 436000
1723173401007 180.0 440000
1723173417243 179.960958121046 444000
1723173434309 80.0 448000
1723173452231 120.0 452000
1723173472581 159.65686843159148 456000
1723173492573 119.53149184395573 460000
1723173511506 120.0 464000
1723173529303 140.0 468000
1723173544058 140.0 472000
1723173568031 112.18222653543471 476000
1723173585258 140.0 480000
1723173600823 120.0 484000
1723173616318 100.0 488000
1723173631695 138.1651804214768 492000
1723173646086 120.0 496000
1723173661900 119.99867033228205 500000
1723173679485 160.0 504000
1723173698903 203.71893835389935 508000
1723173715796 215.2767055620504 512000
1723173729792 100.0 516000
1723173741788 80.0 520000
1723173753949 140.0 524000
1723173766823 219.9672817931496 528000
1723173779451 85.57712804269808 532000
1723173796060 120.0 536000
1723173814561 180.0 540000
1723173834422 156.23140356068228 544000
1723173854989 80.0 548000
1723173868860 130.64781415658305 552000
1723173887099 151.82364527446714 556000
1723173903124 151.92452064943944 560000
1723173916552 98.7689676398753 564000
1723173942141 80.0 568000
1723173958426 140.0 572000
1723173972702 120.0 576000
1723173988024 100.0 580000
1723174003669 112.05847731550179 584000
1723174019175 100.0 588000
1723174033933 99.04628797084999 592000
1723174049907 114.40603093836862 596000
1723174064378 99.76822761540816 600000
1723174079834 120.0 604000
1723174093293 135.25402096843493 608000
1723174108842 120.0 612000
1723174123156 115.13210190143818 616000
1723174137160 160.0 620000
1723174150839 139.17703845555263 624000
1723174164450 80.0 628000
1723174177955 120.0 632000
1723174191261 100.58166115365036 636000
1723174205134 100.0 640000
1723174218519 159.46920310067262 644000
1723174231928 100.0 648000
1723174245347 117.83324712669757 652000
1723174258625 120.0 656000
1723174272660 100.0 660000
1723174285951 115.95020039209669 664000
1723174299324 120.0 668000
1723174312914 94.00436258636651 672000
1723174326372 140.0 676000
1723174340001 80.0 680000
1723174353367 160.0 684000
1723174366572 100.0 688000
1723174378983 140.0 692000
1723174392436 140.0 696000
1723174405813 140.0 700000
1723174419129 80.0 704000
1723174432501 120.0 708000
1723174445801 196.83392406151924 712000
1723174459071 118.51820950067872 716000
1723174471886 116.85238392344482 720000
1723174485439 110.82960212649154 724000
1723174499121 120.0 728000
1723174512449 172.962409222648 732000
1723174525683 100.0 736000
1723174539713 120.0 740000
1723174553158 80.0 744000
1723174567084 140.0 748000
1723174580315 100.0 752000
1723174594367 120.0 756000
1723174607396 100.0 760000
1723174621178 140.0 764000
1723174634823 160.0 768000
1723174648320 100.0 772000
1723174661969 153.98270444767027 776000
1723174675908 80.0 780000
1723174689505 119.19791916023223 784000
1723174702838 120.0 788000
1723174716202 120.0 792000
1723174729989 120.0 796000
1723174743949 140.0 800000
1723174757083 100.0 804000
1723174770109 120.0 808000
1723174783176 140.0 812000
1723174796579 159.9347005429672 816000
1723174809810 99.62853992196067 820000
1723174823336 160.0 824000
1723174836654 180.0 828000
1723174850403 135.52089377386253 832000
1723174864099 116.97466656738611 836000
1723174877593 99.24429029540235 840000
1723174890635 120.0 844000
1723174904330 120.0 848000
1723174917499 109.36645411157252 852000
1723174930440 120.0 856000
1723174943627 60.0 860000
1723174957163 80.0 864000
1723174971256 140.0 868000
1723174984762 100.0 872000
1723174998219 159.2214846738322 876000
1723175011719 180.0 880000
1723175025585 100.0 884000
1723175038944 140.0 888000
1723175051936 126.2037577598287 892000
1723175065300 119.6052352829602 896000
1723175078847 180.0 900000
1723175091936 98.67329680171125 904000
1723175105019 100.0 908000
1723175118300 140.0 912000
1723175131909 140.0 916000
1723175145183 114.38776550143558 920000
1723175158630 118.79149675742784 924000
1723175172514 140.0 928000
1723175186526 110.65432387858738 932000
1723175200638 140.0 936000
1723175214842 117.05872455100638 940000
1723175228576 160.0 944000
1723175242144 99.32610445899341 948000
1723175255841 139.83780976343215 952000
1723175269309 180.0 956000
1723175283292 100.0 960000
1723175296899 120.0 964000
1723175310687 98.36273704796508 968000
1723175324555 98.82485789348921 972000
1723175338107 92.10602282364951 976000
1723175351458 140.0 980000
1723175364981 180.0 984000
1723175378225 140.0 988000
1723175392420 140.0 992000
1723175405951 100.0 996000
1723175419099 120.0 1000000
1723175432253 118.80476081981675 1004000
1723175445677 120.0 1008000
1723175459105 100.0 1012000
1723175472566 140.0 1016000
1723175487588 120.0 1020000
1723175501130 120.0 1024000
1723175514674 73.54551745426448 1028000
1723175528012 140.0 1032000
1723175541283 100.0 1036000
1723175555262 140.0 1040000
1723175569931 139.2860226357704 1044000
1723175583618 99.95315443557438 1048000
1723175597230 120.0 1052000
1723175610991 120.0 1056000
1723175624471 140.0 1060000
1723175637941 90.90978312799894 1064000
1723175652489 120.0 1068000
1723175666171 150.5605793204291 1072000
1723175679451 140.0 1076000
1723175693171 180.0 1080000
1723175706808 139.54316196531124 1084000
1723175720234 120.0 1088000
1723175733566 100.0 1092000
1723175747103 117.00921406465532 1096000
1723175760938 140.0 1100000
1723175773020 120.0 1104000
1723175786831 120.0 1108000
1723175800008 111.49001362843033 1112000
1723175813527 100.0 1116000
1723175827536 200.0 1120000
1723175841316 98.74051357080846 1124000
1723175853603 140.0 1128000
1723175867944 140.0 1132000
1723175881444 180.0 1136000
1723175895119 120.0 1140000
1723175908382 119.80126090211283 1144000
1723175922310 124.88438956311859 1148000
1723175936412 100.0 1152000
1723175950188 134.94399635832667 1156000
1723175963794 125.61563049578722 1160000
1723175977038 120.0 1164000
1723175990391 120.0 1168000
1723176003914 160.0 1172000
1723176017028 128.98196593651113 1176000
1723176030410 100.0 1180000
1723176044300 100.0 1184000
1723176058741 157.68420115009675 1188000
1723176072078 111.33869438802667 1192000
1723176085186 80.0 1196000
1723176099008 100.0 1200000
1723176112910 120.0 1204000
1723176126604 140.0 1208000
1723176139914 137.63253598791425 1212000
1723176154380 143.56866162903725 1216000
1723176168350 80.0 1220000
1723176182084 120.0 1224000
1723176195787 100.0 1228000
1723176208963 166.9115925762634 1232000
1723176222122 133.29817044418957 1236000
1723176235981 109.59718925787048 1240000
1723176249490 120.0 1244000
1723176262273 140.0 1248000
1723176274740 100.0 1252000
1723176287922 145.9256614241827 1256000
1723176301035 136.37456077653644 1260000
1723176314435 120.0 1264000
1723176327826 140.0 1268000
1723176341095 100.0 1272000
1723176355007 180.0 1276000
1723176368847 132.4038144152113 1280000
1723176383250 117.11595740007135 1284000
1723176395434 120.0 1288000
1723176408620 153.51516164046998 1292000
1723176422020 180.0 1296000
1723176435128 99.64477863537596 1300000
1723176448854 80.0 1304000
1723176462087 150.70076439553827 1308000
1723176475823 160.0 1312000
1723176489991 180.0 1316000
1723176502683 134.2117020343968 1320000
1723176516066 120.0 1324000
1723176530366 140.0 1328000
1723176544800 157.90822337164548 1332000
1723176558086 140.0 1336000
1723176572069 120.0 1340000
1723176585589 140.0 1344000
1723176599515 115.80122766576433 1348000
1723176613448 180.0 1352000
1723176627172 160.0 1356000
1723176640601 100.0 1360000
1723176654086 99.38943926428773 1364000
1723176667806 100.0 1368000
1723176681374 160.0 1372000
1723176694938 100.0 1376000
1723176708547 111.31177199307778 1380000
1723176721987 169.42065526149534 1384000
1723176735453 170.54586207829075 1388000
1723176748817 180.0 1392000
1723176762311 119.15613269318796 1396000
1723176776098 117.56006655461897 1400000
1723176789908 120.0 1404000
1723176803543 113.19446847361735 1408000
1723176816659 100.0 1412000
1723176830304 82.99750854714696 1416000
1723176844019 99.1284390398771 1420000
1723176857314 100.0 1424000
1723176870993 80.0 1428000
1723176884634 100.0 1432000
1723176898617 100.0 1436000
1723176912403 160.0 1440000
1723176926033 157.20437795994417 1444000
1723176939409 109.01075681944378 1448000
1723176952956 104.17236525937523 1452000
1723176966073 150.68427976785722 1456000
1723176979455 120.0 1460000
1723176992884 119.5779336576475 1464000
1723177006301 140.0 1468000
1723177019709 159.5771249325366 1472000
1723177033145 100.0 1476000
1723177046668 160.0 1480000
1723177060322 140.0 1484000
1723177074188 160.0 1488000
1723177088012 117.42497727234444 1492000
1723177101751 160.0 1496000
1723177115400 100.0 1500000
1723177129236 140.0 1504000
1723177143021 100.0 1508000
1723177156323 89.66550933311287 1512000
1723177169476 136.12633719851414 1516000
1723177183819 100.0 1520000
1723177197238 179.82923693821817 1524000
1723177210550 100.0 1528000
1723177223586 120.0 1532000
1723177236834 80.0 1536000
1723177250839 139.66679111788216 1540000
1723177264453 100.0 1544000
1723177278821 139.02605881379446 1548000
1723177292797 100.0 1552000
1723177306716 100.0 1556000
1723177320481 140.0 1560000
1723177334302 115.93344420714402 1564000
1723177347847 120.0 1568000
1723177361707 120.0 1572000
1723177375645 199.76877756425273 1576000
1723177389851 100.0 1580000
1723177403433 101.95036041835893 1584000
1723177416808 100.0 1588000
1723177430838 120.0 1592000
1723177444863 160.0 1596000
1723177458625 140.0 1600000
1723177472277 120.0 1604000
1723177486173 140.0 1608000
1723177499911 100.0 1612000
1723177513597 120.0 1616000
1723177527838 120.0 1620000
1723177541568 98.34548128757223 1624000
1723177555263 80.0 1628000
1723177569589 179.78279047125636 1632000
1723177583671 93.1995881886257 1636000
1723177597005 160.0 1640000
1723177610700 138.0128939881615 1644000
1723177624287 99.6671548297821 1648000
1723177637648 118.91085405880364 1652000
1723177651363 100.0 1656000
1723177664706 100.0 1660000
1723177678152 180.0 1664000
1723177691809 160.0 1668000
1723177705492 159.6317118302297 1672000
1723177718838 100.0 1676000
1723177732889 80.0 1680000
1723177746444 120.0 1684000
1723177759655 120.0 1688000
1723177773494 140.0 1692000
1723177787106 134.96995559694534 1696000
1723177800747 100.0 1700000
1723177813870 140.0 1704000
1723177827153 140.0 1708000
1723177840282 155.62814957690082 1712000
1723177854594 120.0 1716000
1723177868194 160.0 1720000
1723177881979 120.0 1724000
1723177895273 101.19400828209842 1728000
1723177908875 100.0 1732000
1723177921903 140.0 1736000
1723177934742 109.39097860741475 1740000
1723177948502 137.56661207221035 1744000
1723177962120 120.0 1748000
1723177975789 120.0 1752000
1723177990022 154.21775801075165 1756000
1723178003870 129.81945127272053 1760000
1723178017698 155.6805311520809 1764000
1723178031581 100.0 1768000
1723178045646 120.0 1772000
1723178058933 134.62308308610912 1776000
1723178073275 120.0 1780000
1723178087067 100.0 1784000
1723178100747 92.67883965637355 1788000
1723178114283 140.0 1792000
1723178127550 200.0 1796000
1723178141323 100.0 1800000
1723178155351 80.0 1804000
1723178170124 140.0 1808000
1723178183732 120.0 1812000
1723178197182 80.0 1816000
1723178210927 120.0 1820000
1723178224763 200.0 1824000
1723178238153 120.0 1828000
1723178251462 158.7437623265815 1832000
1723178265400 140.0 1836000
1723178279445 80.0 1840000
1723178293210 101.56988913561464 1844000
1723178306799 104.58559111598403 1848000
1723178320092 140.0 1852000
1723178334156 140.0 1856000
1723178347702 112.85337474567918 1860000
1723178361180 140.0 1864000
1723178374250 100.0 1868000
1723178387661 149.83801414954658 1872000
1723178401134 99.91183616875472 1876000
1723178414686 120.0 1880000
1723178427814 240.0 1884000
1723178441322 160.0 1888000
1723178454732 80.0 1892000
1723178468749 120.0 1896000
1723178482258 100.0 1900000
1723178495951 90.26723891170411 1904000
1723178510304 179.7801188331198 1908000
1723178524141 140.0 1912000
1723178537776 120.0 1916000
1723178551606 160.0 1920000
1723178565043 100.0 1924000
1723178578889 115.62136685010441 1928000
1723178592865 180.0 1932000
1723178606142 100.0 1936000
1723178619674 120.0 1940000
1723178633979 120.0 1944000
1723178647827 140.0 1948000
1723178661758 100.0 1952000
1723178676674 160.0 1956000
1723178690437 140.0 1960000
1723178704227 180.0 1964000
1723178717808 100.0 1968000
1723178731476 100.0 1972000
1723178744603 140.0 1976000
1723178758519 120.0 1980000
1723178772262 120.0 1984000
1723178786086 180.0 1988000
1723178799493 119.76540433747272 1992000
1723178813112 140.0 1996000
1723178826958 159.96435256885073 2000000
