1723171811999 -98.20031477100358 4000
1723171825394 -58.24325243588472 8000
1723171838122 -55.87760804818985 12000
1723171851701 -34.492518780711066 16000
1723171869865 -47.27721124026919 20000
1723171886374 -27.90631034042645 24000
1723171904791 -47.02265251429314 28000
1723171922353 -17.860682096643483 32000
1723171940866 -37.24367083214857 36000
1723171958845 -19.609164933960837 40000
1723171977144 -33.45081560918124 44000
1723171994352 -38.45340404471535 48000
1723172010904 -24.346323726419335 52000
1723172029575 -34.29014884529905 56000
1723172044698 -23.262792820445448 60000
1723172058621 -28.23852582617782 64000
1723172072252 -27.628456735025534 68000
1723172086187 -34.98243607458613 72000
1723172099939 -31.554639727337864 76000
1723172113368 -34.495226228042085 80000
1723172125958 -52.292473883381 84000
1723172139007 -32.839055440476876 88000
1723172151496 -34.524119988626474 92000
1723172163941 -26.978319261473537 96000
1723172176687 -38.92345162126754 100000
1723172189562 -23.263729970419668 104000
1723172201768 -40.333176352110875 108000
1723172214522 -27.03427599180441 112000
1723172227379 -32.20052997512532 116000
1723172240054 -36.09818951478601 120000
1723172252864 -34.581378791420235 124000
1723172265441 -32.599577710168866 128000
1723172278086 -27.978462690439184 132000
1723172290475 -19.719955648644742 136000
1723172302966 -33.82989240125566 140000
1723172315552 -26.698549645288814 144000
1723172328057 -26.49862350155695 148000
1723172340394 -20.78875589576125 152000
1723172352968 -18.45584094078424 156000
1723172365028 -34.61928715433354 160000
1723172376881 -30.177893384514434 164000
1723172389937 -39.62155074797144 168000
1723172402543 -29.98231562609567 172000
1723172414540 -39.925713880444825 176000
1723172426731 -38.7728688429062 180000
1723172439131 -18.608645390605826 184000
1723172451785 -34.94556261451529 188000
1723172465479 -53.053039381161504 192000
1723172478481 -26.762400031814078 196000
1723172494349 -43.51210602086069 200000
1723172507708 -44.06508362442868 204000
1723172524570 -37.45854639142372 208000
1723172546640 -31.489370275322578 212000
1723172563755 -21.815464888998854 216000
1723172581120 -51.03946339122543 220000
1723172598030 -33.72138979767551 224000
1723172613396 -32.177910950138305 228000
1723172628730 -41.36629103953515 232000
1723172643958 -67.10191656090653 236000
1723172659888 -60.569402209034166 240000
1723172675703 -34.78792946383652 244000
1723172692074 -23.734515106998366 248000
1723172707034 -30.758875420750634 252000
1723172721763 -24.463070991040453 256000
1723172738241 -27.053800691709924 260000
1723172756070 -38.085811828683966 264000
1723172770951 -39.364612346639106 268000
1723172785938 -27.2157969833078 272000
1723172800854 -29.675628287711184 276000
1723172815719 -31.711831552654367 280000
1723172830383 -35.18757580217958 284000
1723172844837 -35.77673537881045 288000
1723172859220 -44.55221851897631 292000
1723172874419 -31.905644800604627 296000
1723172889241 -29.444996648134758 300000
1723172903611 -35.088101219810575 304000
1723172919744 -49.45278107157214 308000
1723172934645 -55.72830384764891 312000
1723172948478 -26.209377458054256 316000
1723172963130 -76.4818409366336 320000
1723172977680 -21.59760744106047 324000
1723172992069 -38.27783860059383 328000
1723173006883 -26.195117919229997 332000
1723173022325 -36.93690180295024 336000
1723173036710 -45.971039942911716 340000
1723173051248 -26.38844728871767 344000
1723173065621 -35.0276552763186 348000
1723173080135 -24.34892227153504 352000
1723173094670 -22.202849698645768 356000
1723173109349 -24.80468869830091 360000
1723173125448 -32.41363522437719 364000
1723173140435 -27.590965422462098 368000
1723173155536 -21.245694628297077 372000
1723173171466 -38.50263536927178 376000
1723173186343 -33.11867966822551 380000
1723173201390 -18.114179474902464 384000
1723173216035 -26.440441065318705 388000
1723173230909 -23.687052629340286 392000
1723173245575 -53.519175063702406 396000
1723173259764 -23.169656334561633 400000
1723173274566 -20.13041727398924 404000
1723173289003 -24.54631985028086 408000
1723173302817 -22.872496471487477 412000
1723173317004 -35.17076726374546 416000
1723173331001 -27.847704323119846 420000
1723173344667 -29.241573747585047 424000
1723173359294 -22.029104732903427 428000
1723173374414 -27.44591600902348 432000
1723173387984 -24.595668572205955 436000
1723173401007 -29.89892932872604 440000
1723173417243 -28.309493747585723 444000
1723173434309 -22.456285421836963 448000
1723173452232 -34.864910333727515 452000
1723173472581 -20.21585792754356 456000
1723173492573 -38.4618662341857 460000
1723173511506 -37.1151234346731 464000
1723173529304 -26.257270781612903 468000
1723173544059 -32.73643617511889 472000
1723173568032 -21.353327565635983 476000
1723173585258 -30.293636511082017 480000
1723173600823 -19.878550983002214 484000
1723173616318 -40.33947673570894 488000
1723173631696 -22.045632202248296 492000
1723173646086 -18.794681330170366 496000
1723173661901 -15.229675382367311 500000
1723173679485 -35.98437555737971 504000
1723173698904 -25.830747907963456 508000
1723173715798 -28.96179135800434 512000
1723173729793 -29.57061714027435 516000
1723173741788 -24.375040185327098 520000
1723173753949 -21.533751463456877 524000
1723173766823 -17.83979479203215 528000
1723173779451 -26.65706578861649 532000
1723173796060 -33.701105802601084 536000
1723173814562 -37.7217669775174 540000
1723173834422 -25.58577110247264 544000
1723173854989 -31.17594472728908 548000
1723173868861 -33.69925229164884 552000
1723173887100 -18.048617618351003 556000
1723173903124 -30.86318861434456 560000
1723173916552 -30.63830214163594 564000
1723173942142 -29.379422243909858 568000
1723173958426 -23.707456980900563 572000
1723173972702 -19.861073533623163 576000
1723173988024 -22.693767025114173 580000
1723174003669 -29.718152276066288 584000
1723174019176 -34.7481516599551 588000
1723174033934 -24.59999733308619 592000
1723174049907 -27.090590965894425 596000
1723174064378 -22.690131176030228 600000
1723174079834 -32.200347714509746 604000
1723174093294 -25.323703602087058 608000
1723174108843 -25.656943551314846 612000
1723174123157 -33.284893736040786 616000
1723174137161 -30.76030328537882 620000
1723174150840 -34.049073190783425 624000
1723174164450 -33.33195826240964 628000
1723174177955 -24.939948881309427 632000
1723174191261 -24.17824349497092 636000
1723174205135 -20.41656352902102 640000
1723174218520 -40.38754329444717 644000
1723174231928 -53.46994032181841 648000
1723174245347 -28.99454980160074 652000
1723174258626 -27.18496398972755 656000
1723174272660 -16.18902777507446 660000
1723174285952 -19.79291391160655 664000
1723174299324 -23.070808246163327 668000
1723174312914 -30.27704754405432 672000
1723174326373 -31.49661316593647 676000
1723174340002 -32.294091995852256 680000
1723174353368 -17.36486134828606 684000
1723174366572 -18.275161397038183 688000
1723174378983 -22.812460886718576 692000
1723174392437 -38.462236890419746 696000
1723174405814 -29.721337883197094 700000
1723174419129 -20.86717447451123 704000
1723174432502 -42.45021735288966 708000
1723174445802 -18.5301554331704 712000
1723174459071 -14.390969363468816 716000
1723174471886 -49.12844664755653 720000
1723174485440 -19.308690700760323 724000
1723174499121 -33.44891192420328 728000
1723174512450 -16.436612268166176 732000
1723174525684 -28.486111900158363 736000
1723174539713 -13.3892139448291 740000
1723174553158 -24.37141519442513 744000
1723174567084 -44.89752952994475 748000
1723174580315 -25.127891536031125 752000
1723174594367 -37.969218086594346 756000
1723174607396 -48.088800480436724 760000
1723174621178 -23.354747865605837 764000
1723174634824 -26.950931889318824 768000
1723174648320 -29.782715698466607 772000
1723174661969 -45.177191715626634 776000
1723174675908 -40.82096692268227 780000
1723174689505 -49.15386446757233 784000
1723174702838 -73.36305811993817 788000
1723174716202 -36.75654800344396 792000
1723174729990 -22.653438526235078 796000
1723174743949 -24.73451149556163 800000
1723174757083 -24.30574512672033 804000
1723174770109 -32.7384923445994 808000
1723174783177 -48.448365608901874 812000
1723174796580 -33.08706573267165 816000
1723174809811 -31.95116338310431 820000
1723174823337 -43.757888235235974 824000
1723174836655 -22.51535416977874 828000
1723174850403 -20.608540511244026 832000
1723174864100 -28.770022711135155 836000
1723174877593 -30.027260267159132 840000
1723174890635 -25.041306254312495 844000
1723174904331 -31.198642079652373 848000
1723174917499 -37.77035506697334 852000
1723174930440 -29.165400967139618 856000
1723174943628 -44.04164255365319 860000
1723174957163 -32.91480725463766 864000
1723174971257 -26.979311262427224 868000
1723174984762 -31.71011943928042 872000
1723174998219 -16.960049070181267 876000
1723175011719 -23.487775851390975 880000
1723175025586 -37.132667995849324 884000
1723175038944 -27.20624720302234 888000
1723175051937 -16.58151826469876 892000
1723175065300 -38.00086257065735 896000
1723175078848 -38.517246834079565 900000
1723175091937 -26.156413053181545 904000
1723175105019 -15.970506927929936 908000
1723175118300 -26.22615584621669 912000
1723175131910 -29.492664936559827 916000
1723175145183 -20.828109083630604 920000
1723175158631 -27.0969738907125 924000
1723175172514 -29.697771336306328 928000
1723175186527 -23.248506865663494 932000
1723175200639 -39.442704423958595 936000
1723175214843 -53.1938068261572 940000
1723175228577 -23.39847608632045 944000
1723175242144 -28.596732842744068 948000
1723175255842 -43.97390747964214 952000
1723175269309 -21.467957338138145 956000
1723175283292 -25.389687837315332 960000
1723175296899 -19.43505950429753 964000
1723175310687 -30.587888978732618 968000
1723175324556 -31.065055120982493 972000
1723175338108 -17.24292337711251 976000
1723175351458 -32.33445810354309 980000
1723175364982 -17.191663428710534 984000
1723175378225 -27.105845862610895 988000
1723175392421 -40.6462431835129 992000
1723175405952 -27.262174273257024 996000
1723175419100 -18.97808178684329 1000000
1723175432254 -25.003332704593376 1004000
1723175445677 -46.48764147822911 1008000
1723175459106 -28.064033611026744 1012000
1723175472566 -24.706930411094213 1016000
1723175487588 -30.12660632929533 1020000
1723175501131 -22.82021119585592 1024000
1723175514674 -22.451201704122425 1028000
1723175528012 -28.433756736911853 1032000
1723175541284 -24.564912716826935 1036000
1723175555262 -28.51841200934915 1040000
1723175569932 -72.94077222643263 1044000
1723175583619 -86.7660916137558 1048000
1723175597231 -31.383896474584166 1052000
1723175610992 -43.43160114148797 1056000
1723175624471 -31.560102918551852 1060000
1723175637942 -33.68236915377549 1064000
1723175652489 -36.886238228014655 1068000
1723175666171 -16.4804320688856 1072000
1723175679452 -31.18450293304524 1076000
1723175693171 -25.57635916982784 1080000
1723175706809 -36.149539543427295 1084000
1723175720234 -37.05769060097396 1088000
1723175733567 -40.932878340483974 1092000
1723175747103 -32.1747696500962 1096000
1723175760938 -24.27364799608173 1100000
1723175773021 -27.296424444819326 1104000
1723175786832 -21.419461453609348 1108000
1723175800008 -25.180591743012016 1112000
1723175813528 -40.12332420095126 1116000
1723175827537 -37.88317563603174 1120000
1723175841317 -18.220407981164005 1124000
1723175853604 -34.59370333644847 1128000
1723175867944 -25.058210891371708 1132000
1723175881445 -17.14173986551178 1136000
1723175895119 -40.47451640892279 1140000
1723175908382 -34.07439701958681 1144000
1723175922310 -30.319793810008168 1148000
1723175936413 -27.46750266359467 1152000
1723175950189 -21.207705351582135 1156000
1723175963794 -39.07037751875484 1160000
1723175977038 -86.4647267883777 1164000
1723175990391 -29.70548798218673 1168000
1723176003914 -30.818909641143886 1172000
1723176017028 -25.024024542649066 1176000
1723176030410 -34.78774625252575 1180000
1723176044301 -25.379987959734912 1184000
1723176058741 -30.17006560464356 1188000
1723176072078 -24.774555046023586 1192000
1723176085186 -53.2786240964365 1196000
1723176099008 -36.79172998494371 1200000
1723176112910 -21.54802187251023 1204000
1723176126604 -33.59654666906488 1208000
1723176139914 -34.88332798276109 1212000
1723176154381 -35.86103493166461 1216000
1723176168350 -39.57834847561347 1220000
1723176182085 -26.383182086754957 1224000
1723176195787 -44.10566655165349 1228000
1723176208963 -23.352447132934945 1232000
1723176222122 -34.32131937003653 1236000
1723176235981 -33.38888691566073 1240000
1723176249491 -15.646246960299553 1244000
1723176262274 -37.65929645191214 1248000
1723176274741 -19.915170708773047 1252000
1723176287922 -24.705250538245593 1256000
1723176301035 -19.839745682362796 1260000
1723176314436 -22.752374706833493 1264000
1723176327826 -18.08818732596164 1268000
1723176341095 -29.022784857192015 1272000
1723176355008 -27.006100410613662 1276000
1723176368847 -24.65167515188364 1280000
1723176383251 -20.902899016582058 1284000
1723176395435 -26.36480350479861 1288000
1723176408621 -33.66136136261613 1292000
1723176422020 -24.735113502805753 1296000
1723176435128 -43.11981458514945 1300000
1723176448855 -42.92182642924383 1304000
1723176462087 -30.63522944747178 1308000
1723176475824 -25.75549377500328 1312000
1723176489991 -34.64148540735771 1316000
1723176502684 -25.81659411566261 1320000
1723176516066 -21.180002704475147 1324000
1723176530366 -23.722585686176632 1328000
1723176544800 -25.697891846155642 1332000
1723176558086 -52.229545250852084 1336000
1723176572069 -55.09518149055935 1340000
1723176585590 -28.196531203092352 1344000
1723176599515 -35.20687154241871 1348000
1723176613449 -13.291443209184413 1352000
1723176627172 -35.11140212255031 1356000
1723176640601 -44.60231988542006 1360000
1723176654086 -32.488518856409385 1364000
1723176667806 -47.23006878181522 1368000
1723176681375 -26.684603485470628 1372000
1723176694939 -20.793101934353338 1376000
1723176708547 -44.73364229549129 1380000
1723176721987 -31.086445377591915 1384000
1723176735453 -26.37549202774588 1388000
1723176748818 -28.099900939907485 1392000
1723176762311 -52.1320068150994 1396000
1723176776099 -27.56236892035301 1400000
1723176789908 -35.247004910001124 1404000
1723176803543 -27.618866411577713 1408000
1723176816660 -26.92089839046957 1412000
1723176830305 -33.19215157599942 1416000
1723176844019 -27.958904375678937 1420000
1723176857315 -30.784053031065767 1424000
1723176870994 -25.39644748936988 1428000
1723176884634 -41.519802247903456 1432000
1723176898617 -26.79766893101752 1436000
1723176912403 -26.49258399392865 1440000
1723176926033 -35.702296538494785 1444000
1723176939410 -32.167940694630055 1448000
1723176952957 -31.652817765390175 1452000
1723176966073 -42.48902231998479 1456000
1723176979455 -41.070121835433426 1460000
1723176992884 -39.750301475676984 1464000
1723177006301 -27.42907185335048 1468000
1723177019709 -30.644476507881603 1472000
1723177033145 -31.642273751155845 1476000
1723177046668 -37.57878625341536 1480000
1723177060323 -22.637761901534095 1484000
1723177074188 -29.747759951254594 1488000
1723177088012 -27.88349887772847 1492000
1723177101751 -33.891392272875066 1496000
1723177115401 -22.608988048441738 1500000
1723177129236 -25.587596910495737 1504000
1723177143022 -32.33443833211843 1508000
1723177156323 -18.583614507121805 1512000
1723177169476 -20.625131474380897 1516000
1723177183819 -26.04517130915207 1520000
1723177197239 -38.44130847567953 1524000
1723177210551 -19.63121456388368 1528000
1723177223586 -24.006492301377286 1532000
1723177236834 -28.254536560207516 1536000
1723177250839 -55.237361560300315 1540000
1723177264453 -23.326286120029486 1544000
1723177278822 -28.318060756660714 1548000
1723177292797 -38.70289630952209 1552000
1723177306717 -72.58297660755072 1556000
1723177320481 -39.97324969580844 1560000
1723177334302 -18.163276672845267 1564000
1723177347848 -25.938399201994578 1568000
1723177361707 -49.58924618507357 1572000
1723177375645 -26.220305337455244 1576000
1723177389851 -25.448957979722987 1580000
1723177403434 -30.60625990170469 1584000
1723177416809 -25.76779847858784 1588000
1723177430839 -35.08847138707175 1592000
1723177444864 -31.649558524812328 1596000
1723177458625 -41.00018707270598 1600000
1723177472277 -26.692720977642978 1604000
1723177486173 -35.42535285867818 1608000
1723177499911 -34.92806033004116 1612000
1723177513597 -48.710066620279996 1616000
1723177527839 -40.330313205508745 1620000
1723177541569 -70.72512734174114 1624000
1723177555264 -22.256363036874465 1628000
1723177569590 -24.97035440561511 1632000
1723177583672 -21.134364637020894 1636000
1723177597005 -53.443179701853694 1640000
1723177610701 -47.15383502003631 1644000
1723177624287 -21.71852560338862 1648000
1723177637649 -26.508055559491872 1652000
1723177651363 -20.484878461859637 1656000
1723177664706 -33.84393058614424 1660000
1723177678153 -29.696135884255423 1664000
1723177691809 -25.69939598316941 1668000
1723177705493 -35.08786566986197 1672000
1723177718838 -25.13498249430121 1676000
1723177732889 -27.411882989968998 1680000
1723177746445 -23.903494590485018 1684000
1723177759655 -39.08016976746901 1688000
1723177773495 -14.688889336986467 1692000
1723177787107 -37.65627277340827 1696000
1723177800748 -66.9456140473021 1700000
1723177813871 -28.61266741874879 1704000
1723177827153 -56.45552061203688 1708000
1723177840282 -33.875640156206295 1712000
1723177854594 -41.65790194690349 1716000
1723177868194 -30.690770243040802 1720000
1723177881980 -24.877087336988847 1724000
1723177895273 -55.44988022474989 1728000
1723177908875 -32.85284885603967 1732000
1723177921903 -24.1959415745434 1736000
1723177934742 -27.426606548252142 1740000
1723177948503 -29.206189344792133 1744000
1723177962121 -23.76264580672281 1748000
1723177975789 -26.486151759779 1752000
1723177990022 -8.830549477134381 1756000
1723178003870 -40.11806546737312 1760000
1723178017698 -23.97187408398207 1764000
1723178031581 -39.15743386769601 1768000
1723178045647 -37.20046210839869 1772000
1723178058934 -35.50672520829736 1776000
1723178073276 -38.30875009101713 1780000
1723178087068 -18.61570688295206 1784000
1723178100747 -22.638764273698758 1788000
1723178114284 -42.850298598400286 1792000
1723178127551 -23.17004704942611 1796000
1723178141323 -25.409507960841946 1800000
1723178155352 -25.609799639115263 1804000
1723178170124 -43.20811391401605 1808000
1723178183733 -16.146760067405797 1812000
1723178197182 -25.479978802978337 1816000
1723178210927 -21.80409987224786 1820000
1723178224763 -29.278509106299637 1824000
1723178238153 -33.9573945329698 1828000
1723178251462 -27.24462532479036 1832000
1723178265400 -36.88686113662136 1836000
1723178279446 -27.592018959775274 1840000
1723178293211 -29.476023208471247 1844000
1723178306799 -39.38242042752891 1848000
1723178320093 -34.8288580825102 1852000
1723178334156 -24.790487554133673 1856000
1723178347703 -29.47928605755036 1860000
1723178361180 -35.659208855567094 1864000
1723178374251 -37.16954320241718 1868000
1723178387662 -21.220207520133226 1872000
1723178401134 -38.22257434322953 1876000
1723178414687 -29.543553871168225 1880000
1723178427814 -33.330373443778775 1884000
1723178441322 -41.230136317765535 1888000
1723178454733 -21.134806459528647 1892000
1723178468749 -27.28548788585502 1896000
1723178482259 -15.22861120770052 1900000
1723178495951 -42.660629563496826 1904000
1723178510305 -19.085073531209048 1908000
1723178524142 -35.1885091857093 1912000
1723178537776 -23.804981320598714 1916000
1723178551607 -27.73285690504267 1920000
1723178565043 -19.230321795385876 1924000
1723178578890 -55.19981825637341 1928000
1723178592865 -34.74331532580659 1932000
1723178606143 -23.579877515129088 1936000
1723178619674 -28.408508817233653 1940000
1723178633979 -27.551029274649714 1944000
1723178647827 -37.511078431704206 1948000
1723178661758 -37.917181890428836 1952000
1723178676675 -28.371783112858708 1956000
1723178690437 -24.077360883396615 1960000
1723178704227 -25.198424243786185 1964000
1723178717808 -25.0480836550688 1968000
1723178731476 -27.663959425933413 1972000
1723178744604 -22.754405239124942 1976000
1723178758519 -31.798642789536103 1980000
1723178772263 -29.158040034613457 1984000
1723178786086 -26.30738878535147 1988000
1723178799493 -20.52454537870604 1992000
1723178813112 -33.81065684498267 1996000
1723178826958 -26.47115486978714 2000000
