1723171811998 153.0 4000
1723171825394 162.0 8000
1723171838121 162.0 12000
1723171851700 162.0 16000
1723171869864 157.0 20000
1723171886373 158.0 24000
1723171904790 162.0 28000
1723171922352 162.0 32000
1723171940865 157.0 36000
1723171958844 162.0 40000
1723171977143 158.0 44000
1723171994351 162.0 48000
1723172010903 157.0 52000
1723172029573 162.0 56000
1723172044697 162.0 60000
1723172058621 158.0 64000
1723172072251 157.0 68000
1723172086186 162.0 72000
1723172099938 162.0 76000
1723172113367 162.0 80000
1723172125957 153.0 84000
1723172139006 162.0 88000
1723172151495 162.0 92000
1723172163941 162.0 96000
1723172176686 162.0 100000
1723172189561 153.0 104000
1723172201767 162.0 108000
1723172214522 162.0 112000
1723172227379 162.0 116000
1723172240053 157.0 120000
1723172252863 158.0 124000
1723172265440 162.0 128000
1723172278085 162.0 132000
1723172290475 157.0 136000
1723172302965 162.0 140000
1723172315551 158.0 144000
1723172328056 162.0 148000
1723172340394 157.0 152000
1723172352968 162.0 156000
1723172365027 162.0 160000
1723172376880 158.0 164000
1723172389936 157.0 168000
1723172402542 162.0 172000
1723172414539 162.0 176000
1723172426730 162.0 180000
1723172439130 153.0 184000
1723172451784 162.0 188000
1723172465478 162.0 192000
1723172478481 162.0 196000
1723172494348 162.0 200000
1723172507707 153.0 204000
1723172524570 162.0 208000
1723172546639 162.0 212000
1723172563755 162.0 216000
1723172581119 157.0 220000
1723172598029 158.0 224000
1723172613396 162.0 228000
1723172628730 162.0 232000
1723172643958 157.0 236000
1723172659887 162.0 240000
1723172675702 158.0 244000
1723172692073 162.0 248000
1723172707033 157.0 252000
1723172721762 162.0 256000
1723172738240 162.0 260000
1723172756069 158.0 264000
1723172770950 157.0 268000
1723172785937 162.0 272000
1723172800853 162.0 276000
1723172815718 162.0 280000
1723172830383 153.0 284000
1723172844836 162.0 288000
1723172859219 162.0 292000
1723172874419 162.0 296000
1723172889240 162.0 300000
1723172903610 153.0 304000
1723172919744 162.0 308000
1723172934644 162.0 312000
1723172948477 162.0 316000
1723172963130 157.0 320000
1723172977679 158.0 324000
1723172992068 162.0 328000
1723173006882 162.0 332000
1723173022324 157.0 336000
1723173036709 162.0 340000
1723173051247 158.0 344000
1723173065621 162.0 348000
1723173080134 157.0 352000
1723173094669 162.0 356000
1723173109348 162.0 360000
1723173125447 158.0 364000
1723173140435 157.0 368000
1723173155535 162.0 372000
1723173171465 162.0 376000
1723173186342 162.0 380000
1723173201389 153.0 384000
1723173216034 162.0 388000
1723173230908 162.0 392000
1723173245574 162.0 396000
1723173259763 162.0 400000
1723173274565 153.0 404000
1723173289002 162.0 408000
1723173302816 162.0 412000
1723173317004 162.0 416000
1723173331000 157.0 420000
1723173344666 158.0 424000
1723173359294 162.0 428000
1723173374413 162.0 432000
1723173387984 157.0 436000
1723173401007 162.0 440000
1723173417242 158.0 444000
1723173434308 162.0 448000
1723173452231 157.0 452000
1723173472580 162.0 456000
1723173492572 162.0 460000
1723173511506 158.0 464000
1723173529303 157.0 468000
1723173544058 162.0 472000
1723173568031 162.0 476000
1723173585258 162.0 480000
1723173600822 153.0 484000
1723173616317 162.0 488000
1723173631695 162.0 492000
1723173646085 162.0 496000
1723173661900 162.0 500000
1723173679485 153.0 504000
1723173698903 162.0 508000
1723173715795 162.0 512000
1723173729792 162.0 516000
1723173741787 157.0 520000
1723173753949 158.0 524000
1723173766822 162.0 528000
1723173779451 162.0 532000
1723173796060 157.0 536000
1723173814561 162.0 540000
1723173834421 158.0 544000
1723173854989 162.0 548000
1723173868860 157.0 552000
1723173887099 162.0 556000
1723173903123 162.0 560000
1723173916552 158.0 564000
1723173942140 157.0 568000
1723173958425 162.0 572000
1723173972702 162.0 576000
1723173988024 162.0 580000
1723174003668 153.0 584000
1723174019175 162.0 588000
1723174033933 162.0 592000
1723174049907 162.0 596000
1723174064377 162.0 600000
1723174079834 153.0 604000
1723174093293 162.0 608000
1723174108841 162.0 612000
1723174123156 162.0 616000
1723174137160 157.0 620000
1723174150839 158.0 624000
1723174164449 162.0 628000
1723174177955 162.0 632000
1723174191260 157.0 636000
1723174205134 162.0 640000
1723174218519 158.0 644000
1723174231928 162.0 648000
1723174245347 157.0 652000
1723174258625 162.0 656000
1723174272659 162.0 660000
1723174285951 158.0 664000
1723174299323 157.0 668000
1723174312913 162.0 672000
1723174326372 162.0 676000
1723174340001 162.0 680000
1723174353367 153.0 684000
1723174366571 162.0 688000
1723174378983 162.0 692000
1723174392436 162.0 696000
1723174405813 162.0 700000
1723174419128 153.0 704000
1723174432501 162.0 708000
1723174445801 162.0 712000
1723174459071 162.0 716000
1723174471886 157.0 720000
1723174485439 158.0 724000
1723174499120 162.0 728000
1723174512449 162.0 732000
1723174525683 157.0 736000
1723174539712 162.0 740000
1723174553157 158.0 744000
1723174567083 162.0 748000
1723174580314 157.0 752000
1723174594367 162.0 756000
1723174607395 162.0 760000
1723174621178 158.0 764000
1723174634823 157.0 768000
1723174648319 162.0 772000
1723174661968 162.0 776000
1723174675907 162.0 780000
1723174689505 153.0 784000
1723174702837 162.0 788000
1723174716201 162.0 792000
1723174729989 162.0 796000
1723174743948 162.0 800000
1723174757082 153.0 804000
1723174770108 162.0 808000
1723174783176 162.0 812000
1723174796579 162.0 816000
1723174809810 157.0 820000
1723174823336 158.0 824000
1723174836654 162.0 828000
1723174850402 162.0 832000
1723174864099 157.0 836000
1723174877592 162.0 840000
1723174890635 158.0 844000
1723174904330 162.0 848000
1723174917498 157.0 852000
1723174930439 162.0 856000
1723174943627 162.0 860000
1723174957162 158.0 864000
1723174971256 157.0 868000
1723174984761 162.0 872000
1723174998218 162.0 876000
1723175011718 162.0 880000
1723175025585 153.0 884000
1723175038943 162.0 888000
1723175051936 162.0 892000
1723175065300 162.0 896000
1723175078847 162.0 900000
1723175091936 153.0 904000
1723175105018 162.0 908000
1723175118299 162.0 912000
1723175131909 162.0 916000
1723175145182 157.0 920000
1723175158630 158.0 924000
1723175172514 162.0 928000
1723175186526 162.0 932000
1723175200638 157.0 936000
1723175214842 162.0 940000
1723175228576 158.0 944000
1723175242144 162.0 948000
1723175255841 157.0 952000
1723175269308 162.0 956000
1723175283292 162.0 960000
1723175296899 158.0 964000
1723175310687 157.0 968000
1723175324555 162.0 972000
1723175338107 162.0 976000
1723175351457 162.0 980000
1723175364981 153.0 984000
1723175378225 162.0 988000
1723175392420 162.0 992000
1723175405951 162.0 996000
1723175419099 162.0 1000000
1723175432253 153.0 1004000
1723175445676 162.0 1008000
1723175459105 162.0 1012000
1723175472565 162.0 1016000
1723175487587 157.0 1020000
1723175501130 158.0 1024000
1723175514673 162.0 1028000
1723175528012 162.0 1032000
1723175541283 157.0 1036000
1723175555261 162.0 1040000
1723175569931 158.0 1044000
1723175583618 162.0 1048000
1723175597227 157.0 1052000
1723175610991 162.0 1056000
1723175624470 162.0 1060000
1723175637941 158.0 1064000
1723175652489 157.0 1068000
1723175666170 162.0 1072000
1723175679451 162.0 1076000
1723175693170 162.0 1080000
1723175706808 153.0 1084000
1723175720233 162.0 1088000
1723175733566 162.0 1092000
1723175747102 162.0 1096000
1723175760937 162.0 1100000
1723175773020 153.0 1104000
1723175786830 162.0 1108000
1723175800007 162.0 1112000
1723175813526 162.0 1116000
1723175827536 157.0 1120000
1723175841316 158.0 1124000
1723175853603 162.0 1128000
1723175867943 162.0 1132000
1723175881444 157.0 1136000
1723175895118 162.0 1140000
1723175908381 158.0 1144000
1723175922309 162.0 1148000
1723175936412 157.0 1152000
1723175950188 162.0 1156000
1723175963793 162.0 1160000
1723175977037 158.0 1164000
1723175990391 157.0 1168000
1723176003914 162.0 1172000
1723176017028 162.0 1176000
1723176030409 162.0 1180000
1723176044300 153.0 1184000
1723176058741 162.0 1188000
1723176072076 162.0 1192000
1723176085185 162.0 1196000
1723176099007 162.0 1200000
1723176112910 153.0 1204000
1723176126603 162.0 1208000
1723176139913 162.0 1212000
1723176154378 162.0 1216000
1723176168350 157.0 1220000
1723176182084 158.0 1224000
1723176195786 162.0 1228000
1723176208962 162.0 1232000
1723176222121 157.0 1236000
1723176235980 162.0 1240000
1723176249490 158.0 1244000
1723176262273 162.0 1248000
1723176274740 157.0 1252000
1723176287921 162.0 1256000
1723176301035 162.0 1260000
1723176314435 158.0 1264000
1723176327825 157.0 1268000
1723176341094 162.0 1272000
1723176355006 162.0 1276000
1723176368846 162.0 1280000
1723176383250 153.0 1284000
1723176395434 162.0 1288000
1723176408620 162.0 1292000
1723176422019 162.0 1296000
1723176435127 162.0 1300000
1723176448854 153.0 1304000
1723176462087 162.0 1308000
1723176475823 162.0 1312000
1723176489990 162.0 1316000
1723176502683 157.0 1320000
1723176516065 158.0 1324000
1723176530365 162.0 1328000
1723176544799 162.0 1332000
1723176558086 157.0 1336000
1723176572069 162.0 1340000
1723176585589 158.0 1344000
1723176599514 162.0 1348000
1723176613448 157.0 1352000
1723176627172 162.0 1356000
1723176640600 162.0 1360000
1723176654085 158.0 1364000
1723176667806 157.0 1368000
1723176681374 162.0 1372000
1723176694938 162.0 1376000
1723176708546 162.0 1380000
1723176721987 153.0 1384000
1723176735452 162.0 1388000
1723176748817 162.0 1392000
1723176762311 162.0 1396000
1723176776097 162.0 1400000
1723176789908 153.0 1404000
1723176803542 162.0 1408000
1723176816659 162.0 1412000
1723176830304 162.0 1416000
1723176844018 157.0 1420000
1723176857314 158.0 1424000
1723176870993 162.0 1428000
1723176884633 162.0 1432000
1723176898616 157.0 1436000
1723176912402 162.0 1440000
1723176926032 158.0 1444000
1723176939409 162.0 1448000
1723176952956 157.0 1452000
1723176966072 162.0 1456000
1723176979454 162.0 1460000
1723176992884 158.0 1464000
1723177006300 157.0 1468000
1723177019708 162.0 1472000
1723177033145 162.0 1476000
1723177046667 162.0 1480000
1723177060322 153.0 1484000
1723177074187 162.0 1488000
1723177088012 162.0 1492000
1723177101750 162.0 1496000
1723177115400 162.0 1500000
1723177129236 153.0 1504000
1723177143021 162.0 1508000
1723177156323 162.0 1512000
1723177169475 162.0 1516000
1723177183819 157.0 1520000
1723177197238 158.0 1524000
1723177210550 162.0 1528000
1723177223585 162.0 1532000
1723177236833 157.0 1536000
1723177250839 162.0 1540000
1723177264453 158.0 1544000
1723177278821 162.0 1548000
1723177292796 157.0 1552000
1723177306716 162.0 1556000
1723177320480 162.0 1560000
1723177334302 158.0 1564000
1723177347847 157.0 1568000
1723177361706 162.0 1572000
1723177375644 162.0 1576000
1723177389850 162.0 1580000
1723177403433 153.0 1584000
1723177416808 162.0 1588000
1723177430838 162.0 1592000
1723177444863 162.0 1596000
1723177458625 162.0 1600000
1723177472276 153.0 1604000
1723177486172 162.0 1608000
1723177499911 162.0 1612000
1723177513596 162.0 1616000
1723177527838 157.0 1620000
1723177541568 158.0 1624000
1723177555263 162.0 1628000
1723177569589 162.0 1632000
1723177583671 157.0 1636000
1723177597005 162.0 1640000
1723177610700 158.0 1644000
1723177624286 162.0 1648000
1723177637648 157.0 1652000
1723177651363 162.0 1656000
1723177664705 162.0 1660000
1723177678152 158.0 1664000
1723177691808 157.0 1668000
1723177705492 162.0 1672000
1723177718837 162.0 1676000
1723177732888 162.0 1680000
1723177746444 153.0 1684000
1723177759654 162.0 1688000
1723177773494 162.0 1692000
1723177787106 162.0 1696000
1723177800747 162.0 1700000
1723177813870 153.0 1704000
1723177827153 162.0 1708000
1723177840281 162.0 1712000
1723177854593 162.0 1716000
1723177868194 157.0 1720000
1723177881979 158.0 1724000
1723177895272 162.0 1728000
1723177908874 162.0 1732000
1723177921903 157.0 1736000
1723177934741 162.0 1740000
1723177948502 158.0 1744000
1723177962120 162.0 1748000
1723177975788 157.0 1752000
1723177990022 162.0 1756000
1723178003870 162.0 1760000
1723178017697 158.0 1764000
1723178031580 157.0 1768000
1723178045646 162.0 1772000
1723178058933 162.0 1776000
1723178073275 162.0 1780000
1723178087067 153.0 1784000
1723178100746 162.0 1788000
1723178114283 162.0 1792000
1723178127550 162.0 1796000
1723178141322 162.0 1800000
1723178155351 153.0 1804000
1723178170124 162.0 1808000
1723178183732 162.0 1812000
1723178197182 162.0 1816000
1723178210926 157.0 1820000
1723178224762 158.0 1824000
1723178238152 162.0 1828000
1723178251461 162.0 1832000
1723178265399 157.0 1836000
1723178279445 162.0 1840000
1723178293210 158.0 1844000
1723178306798 162.0 1848000
1723178320092 157.0 1852000
1723178334155 162.0 1856000
1723178347702 162.0 1860000
1723178361179 158.0 1864000
1723178374250 157.0 1868000
1723178387661 162.0 1872000
1723178401133 162.0 1876000
1723178414686 162.0 1880000
1723178427813 153.0 1884000
1723178441321 162.0 1888000
1723178454732 162.0 1892000
1723178468748 162.0 1896000
1723178482258 162.0 1900000
1723178495950 153.0 1904000
1723178510304 162.0 1908000
1723178524141 162.0 1912000
1723178537775 162.0 1916000
1723178551606 157.0 1920000
1723178565042 158.0 1924000
1723178578889 162.0 1928000
1723178592864 162.0 1932000
1723178606141 157.0 1936000
1723178619674 162.0 1940000
1723178633979 158.0 1944000
1723178647826 162.0 1948000
1723178661757 157.0 1952000
1723178676674 162.0 1956000
1723178690436 162.0 1960000
1723178704227 158.0 1964000
1723178717807 157.0 1968000
1723178731476 162.0 1972000
1723178744603 162.0 1976000
1723178758518 162.0 1980000
1723178772262 153.0 1984000
1723178786085 162.0 1988000
1723178799493 162.0 1992000
1723178813111 162.0 1996000
1723178826958 162.0 2000000
