1723235371656 8.0 4000
1723235378928 8.0 8000
1723235386257 8.0 12000
1723235393501 8.0 16000
1723235401586 8.0 20000
1723235409718 8.0 24000
1723235417446 8.0 28000
1723235425115 8.0 32000
1723235432811 8.0 36000
1723235440410 8.0 40000
1723235447967 8.0 44000
1723235455378 8.0 48000
1723235463679 8.0 52000
1723235472482 8.0 56000
1723235480509 8.0 60000
1723235488366 8.0 64000
1723235496395 8.0 68000
1723235504181 8.0 72000
1723235511852 8.0 76000
1723235519497 8.0 80000
1723235527146 8.0 84000
1723235535247 8.0 88000
1723235543160 8.0 92000
1723235550875 8.0 96000
1723235558563 8.0 100000
1723235566508 8.0 104000
1723235574137 8.0 108000
1723235581762 8.0 112000
1723235589253 8.0 116000
1723235597028 8.0 120000
1723235604811 8.0 124000
1723235612443 8.0 128000
1723235620023 8.0 132000
1723235627491 8.0 136000
1723235635044 8.0 140000
1723235642602 8.0 144000
1723235649995 8.0 148000
1723235658158 8.0 152000
1723235665657 8.0 156000
1723235673113 8.0 160000
1723235680592 8.0 164000
1723235688328 8.0 168000
1723235696268 8.0 172000
1723235704175 8.0 176000
1723235712328 8.0 180000
1723235720694 8.0 184000
1723235728517 8.0 188000
1723235736323 8.0 192000
1723235745104 8.0 196000
1723235753673 8.0 200000
1723235761916 8.0 204000
1723235770810 8.0 208000
1723235779618 8.0 212000
1723235787725 8.0 216000
1723235795545 8.0 220000
1723235803407 8.0 224000
1723235811878 8.0 228000
1723235819873 8.0 232000
1723235828098 8.0 236000
1723235837190 8.0 240000
1723235846439 8.0 244000
1723235854669 8.0 248000
1723235862687 8.0 252000
1723235871606 8.0 256000
1723235879807 8.0 260000
1723235887675 8.0 264000
1723235895449 8.0 268000
1723235903244 8.0 272000
1723235910875 8.0 276000
1723235918390 8.0 280000
1723235925822 8.0 284000
1723235933347 8.0 288000
1723235940801 8.0 292000
1723235948493 8.0 296000
1723235956701 8.0 300000
1723235964332 8.0 304000
1723235971891 8.0 308000
1723235979266 8.0 312000
1723235986650 8.0 316000
1723235994149 8.0 320000
1723236001697 8.0 324000
1723236009528 8.0 328000
1723236017779 8.0 332000
1723236025221 8.0 336000
1723236032678 8.0 340000
1723236039847 8.0 344000
1723236047285 8.0 348000
1723236054635 8.0 352000
1723236062033 8.0 356000
1723236069576 8.0 360000
1723236077508 8.0 364000
1723236085039 8.0 368000
1723236092471 8.0 372000
1723236099652 8.0 376000
1723236107174 8.0 380000
1723236114616 8.0 384000
1723236122011 8.0 388000
1723236129396 8.0 392000
1723236137543 8.0 396000
1723236145314 8.0 400000
1723236153313 8.0 404000
1723236160696 8.0 408000
1723236168468 8.0 412000
1723236175892 8.0 416000
1723236183220 8.0 420000
1723236190717 8.0 424000
1723236199057 8.0 428000
1723236207014 8.0 432000
1723236214521 8.0 436000
1723236221926 8.0 440000
1723236229337 8.0 444000
1723236237235 8.0 448000
1723236244783 8.0 452000
1723236252160 8.0 456000
1723236259978 8.0 460000
1723236267707 8.0 464000
1723236275127 8.0 468000
1723236282689 8.0 472000
1723236290643 8.0 476000
1723236298115 8.0 480000
1723236305552 8.0 484000
1723236313028 8.0 488000
1723236320560 8.0 492000
1723236328064 8.0 496000
1723236335533 8.0 500000
1723236342864 8.0 504000
1723236350207 8.0 508000
1723236357628 8.0 512000
1723236365115 8.0 516000
1723236372301 8.0 520000
1723236380405 8.0 524000
1723236387833 8.0 528000
1723236395169 8.0 532000
1723236402660 8.0 536000
1723236409893 8.0 540000
1723236417389 8.0 544000
1723236424774 8.0 548000
1723236432168 8.0 552000
1723236440462 8.0 556000
1723236448132 8.0 560000
1723236455534 8.0 564000
1723236462904 8.0 568000
1723236470407 8.0 572000
1723236477764 8.0 576000
1723236485192 8.0 580000
1723236492701 8.0 584000
1723236501159 8.0 588000
1723236509215 8.0 592000
1723236516794 8.0 596000
1723236524804 8.0 600000
1723236532710 8.0 604000
1723236540370 8.0 608000
1723236548005 8.0 612000
1723236555551 8.0 616000
1723236563378 8.0 620000
1723236571087 8.0 624000
1723236579076 8.0 628000
1723236587245 8.0 632000
1723236595899 8.0 636000
1723236606222 8.0 640000
1723236614518 8.0 644000
1723236622848 8.0 648000
1723236631056 8.0 652000
1723236639444 8.0 656000
1723236647316 8.0 660000
1723236654959 8.0 664000
1723236662553 8.0 668000
1723236670118 8.0 672000
1723236677676 8.0 676000
1723236685341 8.0 680000
1723236693006 8.0 684000
1723236700930 8.0 688000
1723236708869 8.0 692000
1723236716406 8.0 696000
1723236724220 8.0 700000
1723236731978 8.0 704000
1723236740019 8.0 708000
1723236748388 8.0 712000
1723236756298 8.0 716000
1723236764565 8.0 720000
1723236773328 8.0 724000
1723236781629 8.0 728000
1723236789999 8.0 732000
1723236798064 8.0 736000
1723236806076 8.0 740000
1723236813748 8.0 744000
1723236821786 8.0 748000
1723236829360 8.0 752000
1723236836756 8.0 756000
1723236844325 8.0 760000
1723236851855 8.0 764000
1723236860143 8.0 768000
1723236867646 8.0 772000
1723236875110 8.0 776000
1723236882504 8.0 780000
1723236890093 8.0 784000
1723236897576 8.0 788000
1723236905137 8.0 792000
1723236912737 8.0 796000
1723236920342 8.0 800000
