1723173953608 0.0 4000
1723173968244 0.0 8000
1723173984086 0.0 12000
1723173999059 0.0 16000
1723174014640 0.0 20000
1723174030067 0.0 24000
1723174046314 0.0 28000
1723174061197 0.0 32000
1723174078151 0.0 36000
1723174093302 0.0 40000
1723174108146 0.0 44000
1723174124653 0.0 48000
1723174139225 0.0 52000
1723174153120 0.0 56000
1723174167291 0.0 60000
1723174181397 0.0 64000
1723174195973 0.0 68000
1723174209782 0.0 72000
1723174224047 0.0 76000
1723174238058 0.0 80000
1723174252286 0.0 84000
1723174266632 0.0 88000
1723174280769 0.0 92000
1723174294658 0.0 96000
1723174308596 0.0 100000
1723174322320 0.0 104000
1723174335962 0.0 108000
1723174350315 0.0 112000
1723174364312 0.0 116000
1723174378720 0.0 120000
1723174394102 0.0 124000
1723174408324 0.0 128000
1723174422222 0.0 132000
1723174436574 0.0 136000
1723174450647 0.0 140000
1723174464511 0.0 144000
1723174478424 0.0 148000
1723174492132 0.0 152000
1723174505734 0.0 156000
1723174519142 0.0 160000
1723174532539 0.0 164000
1723174546860 0.0 168000
1723174560413 0.0 172000
1723174574332 0.0 176000
1723174588838 0.0 180000
1723174602411 0.0 184000
1723174616120 0.0 188000
1723174630044 0.0 192000
1723174643580 0.0 196000
1723174657273 0.0 200000
1723174671268 0.0 204000
1723174684846 0.0 208000
1723174698573 0.0 212000
1723174711776 0.0 216000
1723174725135 0.0 220000
1723174739028 0.0 224000
1723174752343 0.0 228000
1723174765860 0.0 232000
1723174779140 0.0 236000
1723174792736 0.0 240000
1723174806470 0.0 244000
1723174820204 0.0 248000
1723174833645 0.0 252000
1723174846791 0.0 256000
1723174860286 0.0 260000
1723174874131 0.0 264000
1723174887720 0.0 268000
1723174901047 0.0 272000
1723174914684 0.0 276000
1723174927708 0.0 280000
1723174941087 0.0 284000
1723174954248 0.0 288000
1723174967738 0.0 292000
1723174980990 0.0 296000
1723174994283 0.0 300000
1723175007662 0.0 304000
1723175021027 0.0 308000
1723175034385 0.0 312000
1723175047475 0.0 316000
1723175060450 0.0 320000
1723175073936 0.0 324000
1723175087316 0.0 328000
1723175100588 0.0 332000
1723175113742 0.0 336000
1723175127361 0.0 340000
1723175140593 0.0 344000
1723175153949 0.0 348000
1723175167544 0.0 352000
1723175181336 0.0 356000
1723175194525 0.0 360000
1723175208604 0.0 364000
1723175221286 0.0 368000
1723175234233 0.0 372000
1723175248020 0.0 376000
1723175261282 0.0 380000
1723175275190 0.0 384000
1723175288826 0.0 388000
1723175302390 0.0 392000
1723175315693 0.0 396000
1723175329253 0.0 400000
1723175342505 0.0 404000
1723175355761 0.0 408000
1723175369018 0.0 412000
1723175382088 0.0 416000
1723175395843 0.0 420000
1723175409469 0.0 424000
1723175422988 0.0 428000
1723175436299 0.0 432000
1723175449723 0.0 436000
1723175462874 0.0 440000
1723175476047 0.0 444000
1723175490479 0.0 448000
1723175503474 0.0 452000
1723175517113 0.0 456000
1723175530011 0.0 460000
1723175543128 0.0 464000
1723175555084 0.0 468000
1723175567929 0.0 472000
1723175581162 0.0 476000
1723175594531 0.0 480000
1723175608014 0.0 484000
1723175621263 0.0 488000
1723175634920 0.0 492000
1723175648827 0.0 496000
1723175662484 0.0 500000
1723175675863 0.0 504000
1723175689634 0.0 508000
1723175703480 0.0 512000
1723175717467 0.0 516000
1723175731067 0.0 520000
1723175744892 0.0 524000
1723175758881 0.0 528000
1723175773194 0.0 532000
1723175786681 0.0 536000
1723175800450 0.0 540000
1723175813510 0.0 544000
1723175826527 0.0 548000
1723175839792 0.0 552000
1723175853345 0.0 556000
1723175867585 0.0 560000
1723175881411 0.0 564000
1723175894835 0.0 568000
1723175910137 0.0 572000
1723175924095 0.0 576000
1723175937003 0.0 580000
1723175950549 0.0 584000
1723175963550 0.0 588000
1723175976846 0.0 592000
1723175990753 0.0 596000
1723176005478 0.0 600000
1723176019097 0.0 604000
1723176032543 0.0 608000
1723176045653 0.0 612000
1723176058087 0.0 616000
1723176071819 0.0 620000
1723176085557 0.0 624000
1723176099245 0.0 628000
1723176113423 0.0 632000
1723176126564 0.0 636000
1723176140583 0.0 640000
1723176153253 0.0 644000
1723176166494 0.0 648000
1723176180327 0.0 652000
1723176194029 0.0 656000
1723176207528 0.0 660000
1723176220800 0.0 664000
1723176234794 0.0 668000
1723176247843 0.0 672000
1723176261541 0.0 676000
1723176274834 0.0 680000
1723176289174 0.0 684000
1723176302239 0.0 688000
1723176314504 0.0 692000
1723176327925 0.0 696000
1723176341307 0.0 700000
1723176354748 0.0 704000
1723176368462 0.0 708000
1723176382034 0.0 712000
1723176395386 0.0 716000
1723176409338 0.0 720000
1723176423244 0.0 724000
1723176436521 0.0 728000
1723176448908 0.0 732000
1723176462208 0.0 736000
1723176475860 0.0 740000
1723176489177 0.0 744000
1723176502979 0.0 748000
1723176516402 0.0 752000
1723176529958 0.0 756000
1723176543272 0.0 760000
1723176556927 0.0 764000
1723176569945 0.0 768000
1723176583666 0.0 772000
1723176597504 0.0 776000
1723176610768 0.0 780000
1723176624201 0.0 784000
1723176637337 0.0 788000
1723176650658 0.0 792000
1723176663751 0.0 796000
1723176677061 0.0 800000
1723176690988 0.0 804000
1723176704838 0.0 808000
1723176718255 0.0 812000
1723176731521 0.0 816000
1723176744752 0.0 820000
1723176758011 0.0 824000
1723176771621 0.0 828000
1723176785229 0.0 832000
1723176798694 0.0 836000
1723176811997 0.0 840000
1723176825563 0.0 844000
1723176839369 0.0 848000
1723176852786 0.0 852000
1723176866143 0.0 856000
1723176879479 0.0 860000
1723176893276 0.0 864000
1723176907366 0.0 868000
1723176921160 0.0 872000
1723176934689 0.0 876000
1723176948246 0.0 880000
1723176961748 0.0 884000
1723176975513 0.0 888000
1723176989022 0.0 892000
1723177002432 0.0 896000
1723177015770 0.0 900000
1723177029207 0.0 904000
1723177042170 0.0 908000
1723177056291 0.0 912000
1723177069944 0.0 916000
1723177083450 0.0 920000
1723177097229 0.0 924000
1723177110621 0.0 928000
1723177124229 0.0 932000
1723177137955 0.0 936000
1723177151188 0.0 940000
1723177164387 0.0 944000
1723177177885 0.0 948000
1723177192459 0.0 952000
1723177205823 0.0 956000
1723177219440 0.0 960000
1723177232830 0.0 964000
1723177246413 0.0 968000
1723177260050 0.0 972000
1723177274318 0.0 976000
1723177287958 0.0 980000
1723177301945 0.0 984000
1723177315708 0.0 988000
1723177329312 0.0 992000
1723177342438 0.0 996000
1723177355604 0.0 1000000
1723177369161 0.0 1004000
1723177382857 0.0 1008000
1723177396550 0.0 1012000
1723177410286 0.0 1016000
1723177423729 0.0 1020000
1723177437308 0.0 1024000
1723177451073 0.0 1028000
1723177464769 0.0 1032000
1723177478902 0.0 1036000
1723177492944 0.0 1040000
1723177506855 0.0 1044000
1723177520520 0.0 1048000
1723177534403 0.0 1052000
1723177548245 0.0 1056000
1723177561793 0.0 1060000
1723177575942 0.0 1064000
1723177589586 0.0 1068000
1723177602404 0.0 1072000
1723177615572 0.0 1076000
1723177628920 0.0 1080000
1723177641962 0.0 1084000
1723177655390 0.0 1088000
1723177668835 0.0 1092000
1723177682544 0.0 1096000
1723177696048 0.0 1100000
1723177709593 0.0 1104000
1723177723083 0.0 1108000
1723177737034 0.0 1112000
1723177750206 0.0 1116000
1723177763774 0.0 1120000
1723177777147 0.0 1124000
1723177790695 0.0 1128000
1723177803870 0.0 1132000
1723177817022 0.0 1136000
1723177830528 0.0 1140000
1723177844239 0.0 1144000
1723177858357 0.0 1148000
1723177871934 0.0 1152000
1723177885599 0.0 1156000
1723177899115 0.0 1160000
1723177912714 0.0 1164000
1723177925704 0.0 1168000
1723177939316 0.0 1172000
1723177952307 0.0 1176000
1723177965656 0.0 1180000
1723177979123 0.0 1184000
1723177993052 0.0 1188000
1723178006539 0.0 1192000
1723178019760 0.0 1196000
1723178033028 0.0 1200000
1723178045142 0.0 1204000
1723178058659 0.0 1208000
1723178071596 0.0 1212000
1723178084932 0.0 1216000
1723178097798 0.0 1220000
1723178111123 0.0 1224000
1723178124329 0.0 1228000
1723178137661 0.0 1232000
1723178151406 0.0 1236000
1723178165171 0.0 1240000
1723178178606 0.0 1244000
1723178191674 0.0 1248000
1723178205046 0.0 1252000
1723178218949 0.0 1256000
1723178232278 0.0 1260000
1723178245708 0.0 1264000
1723178259210 0.0 1268000
1723178273030 0.0 1272000
1723178286335 0.0 1276000
1723178299534 0.0 1280000
1723178312886 0.0 1284000
1723178326923 0.0 1288000
1723178340869 0.0 1292000
1723178354486 0.0 1296000
1723178367818 0.0 1300000
1723178381113 0.0 1304000
1723178394709 0.0 1308000
1723178407688 0.0 1312000
1723178420892 0.0 1316000
1723178434391 0.0 1320000
1723178447721 0.0 1324000
1723178461215 0.0 1328000
1723178474750 0.0 1332000
1723178488227 0.0 1336000
1723178501675 0.0 1340000
1723178515702 0.0 1344000
1723178529903 0.0 1348000
1723178543407 0.0 1352000
1723178556942 0.0 1356000
1723178570371 0.0 1360000
1723178583513 0.0 1364000
1723178597092 0.0 1368000
1723178610308 0.0 1372000
1723178623464 0.0 1376000
1723178636595 0.0 1380000
1723178649913 0.0 1384000
1723178662618 0.0 1388000
1723178675127 0.0 1392000
1723178688484 0.0 1396000
1723178701591 0.0 1400000
1723178714929 0.0 1404000
1723178728566 0.0 1408000
1723178742354 0.0 1412000
1723178755583 0.0 1416000
1723178769326 0.0 1420000
1723178782850 0.0 1424000
1723178796289 0.0 1428000
1723178809859 0.0 1432000
1723178823215 0.0 1436000
1723178836108 0.0 1440000
1723178847515 0.0 1444000
1723178859314 0.0 1448000
1723178871047 0.0 1452000
1723178883022 0.0 1456000
1723178895027 0.0 1460000
1723178907069 0.0 1464000
1723178918368 0.0 1468000
1723178929938 0.0 1472000
1723178942194 0.0 1476000
1723178953870 0.0 1480000
1723178965779 0.0 1484000
1723178977712 0.0 1488000
1723178989848 0.0 1492000
1723179001724 0.0 1496000
1723179013740 0.0 1500000
1723179025360 0.0 1504000
1723179037280 0.0 1508000
1723179049001 0.0 1512000
1723179060643 0.0 1516000
1723179072615 0.0 1520000
1723179084924 0.0 1524000
1723179096585 0.0 1528000
1723179108094 0.0 1532000
1723179119699 0.0 1536000
1723179131459 0.0 1540000
1723179143243 0.0 1544000
1723179154790 0.0 1548000
1723179166507 0.0 1552000
1723179177964 0.0 1556000
1723179189800 0.0 1560000
1723179201082 0.0 1564000
1723179212720 0.0 1568000
1723179224398 0.0 1572000
1723179236310 0.0 1576000
1723179247927 0.0 1580000
1723179259120 0.0 1584000
1723179270722 0.0 1588000
1723179282416 0.0 1592000
1723179293775 0.0 1596000
1723179305060 0.0 1600000
1723179316169 0.0 1604000
1723179327980 0.0 1608000
1723179339538 0.0 1612000
1723179350934 0.0 1616000
1723179362326 0.0 1620000
1723179373613 0.0 1624000
1723179384964 0.0 1628000
1723179396214 0.0 1632000
1723179407404 0.0 1636000
1723179418890 0.0 1640000
1723179430569 0.0 1644000
1723179441918 0.0 1648000
1723179453267 0.0 1652000
1723179464668 0.0 1656000
1723179475973 0.0 1660000
1723179487792 0.0 1664000
1723179499207 0.0 1668000
1723179510744 0.0 1672000
1723179522283 0.0 1676000
1723179533924 0.0 1680000
1723179544944 0.0 1684000
1723179556205 0.0 1688000
1723179567691 0.0 1692000
1723179579083 0.0 1696000
1723179590461 0.0 1700000
1723179601831 0.0 1704000
1723179613128 0.0 1708000
1723179624273 0.0 1712000
1723179635694 0.0 1716000
1723179646953 0.0 1720000
1723179658455 0.0 1724000
1723179669880 0.0 1728000
1723179681173 0.0 1732000
1723179692526 0.0 1736000
1723179703971 0.0 1740000
1723179715222 0.0 1744000
1723179726675 0.0 1748000
1723179738156 0.0 1752000
1723179749531 0.0 1756000
1723179760729 0.0 1760000
1723179772173 0.0 1764000
1723179784177 0.0 1768000
1723179795971 0.0 1772000
1723179807442 0.0 1776000
1723179818870 0.0 1780000
1723179830395 0.0 1784000
1723179842570 0.0 1788000
1723179853830 0.0 1792000
1723179865354 0.0 1796000
1723179876389 0.0 1800000
1723179888007 0.0 1804000
1723179899460 0.0 1808000
1723179911011 0.0 1812000
1723179922386 0.0 1816000
1723179933820 0.0 1820000
1723179945141 0.0 1824000
1723179956378 0.0 1828000
1723179967955 0.0 1832000
1723179979253 0.0 1836000
1723179990745 0.0 1840000
1723180002128 0.0 1844000
1723180013306 0.0 1848000
1723180024896 0.0 1852000
1723180036537 0.0 1856000
1723180048211 0.0 1860000
1723180059746 0.0 1864000
1723180071090 0.0 1868000
1723180082495 0.0 1872000
1723180093872 0.0 1876000
1723180105044 0.0 1880000
1723180116365 0.0 1884000
1723180127842 0.0 1888000
1723180139371 0.0 1892000
1723180150871 0.0 1896000
1723180162016 0.0 1900000
1723180173263 0.0 1904000
1723180184547 0.0 1908000
1723180196142 0.0 1912000
1723180207602 0.0 1916000
1723180218998 0.0 1920000
1723180230483 0.0 1924000
1723180241748 0.0 1928000
1723180253475 0.0 1932000
1723180264953 0.0 1936000
1723180276081 0.0 1940000
1723180287539 0.0 1944000
1723180298771 0.0 1948000
1723180310126 0.0 1952000
1723180321897 0.0 1956000
1723180333032 0.0 1960000
1723180344512 0.0 1964000
1723180356158 0.0 1968000
1723180367643 0.0 1972000
1723180379148 0.0 1976000
1723180390532 0.0 1980000
1723180401934 0.0 1984000
1723180413604 0.0 1988000
1723180425363 0.0 1992000
1723180436815 0.0 1996000
1723180448662 0.0 2000000
