1723173953573 1.0 4000
1723173968214 1.0 8000
1723173984046 1.0 12000
1723173999035 1.0 16000
1723174014615 1.0 20000
1723174030043 1.0 24000
1723174046290 1.0 28000
1723174061171 1.0 32000
1723174078124 1.0 36000
1723174093274 1.0 40000
1723174108121 1.0 44000
1723174124626 1.0 48000
1723174139198 1.0 52000
1723174153095 1.0 56000
1723174167266 1.0 60000
1723174181374 1.0 64000
1723174195943 1.0 68000
1723174209753 1.0 72000
1723174224023 1.0 76000
1723174238020 1.0 80000
1723174252260 1.0 84000
1723174266603 1.0 88000
1723174280745 1.0 92000
1723174294633 1.0 96000
1723174308570 1.0 100000
1723174322295 1.0 104000
1723174335938 1.0 108000
1723174350291 1.0 112000
1723174364286 1.0 116000
1723174378696 1.0 120000
1723174394077 1.0 124000
1723174408300 1.0 128000
1723174422197 1.0 132000
1723174436549 1.0 136000
1723174450622 1.0 140000
1723174464486 1.0 144000
1723174478400 1.0 148000
1723174492101 1.0 152000
1723174505711 1.0 156000
1723174519117 1.0 160000
1723174532516 1.0 164000
1723174546836 1.0 168000
1723174560388 1.0 172000
1723174574307 1.0 176000
1723174588814 1.0 180000
1723174602385 1.0 184000
1723174616096 1.0 188000
1723174630019 1.0 192000
1723174643555 1.0 196000
1723174657248 1.0 200000
1723174671244 1.0 204000
1723174684822 1.0 208000
1723174698549 1.0 212000
1723174711752 1.0 216000
1723174725109 1.0 220000
1723174739001 1.0 224000
1723174752318 1.0 228000
1723174765833 1.0 232000
1723174779115 1.0 236000
1723174792701 1.0 240000
1723174806447 1.0 244000
1723174820181 1.0 248000
1723174833621 1.0 252000
1723174846762 1.0 256000
1723174860257 1.0 260000
1723174874108 1.0 264000
1723174887688 1.0 268000
1723174901021 1.0 272000
1723174914660 1.0 276000
1723174927683 1.0 280000
1723174941062 1.0 284000
1723174954224 1.0 288000
1723174967715 1.0 292000
1723174980965 1.0 296000
1723174994258 1.0 300000
1723175007637 1.0 304000
1723175021002 1.0 308000
1723175034359 1.0 312000
1723175047450 1.0 316000
1723175060426 1.0 320000
1723175073912 1.0 324000
1723175087293 1.0 328000
1723175100563 1.0 332000
1723175113718 1.0 336000
1723175127336 1.0 340000
1723175140569 1.0 344000
1723175153925 1.0 348000
1723175167519 1.0 352000
1723175181312 1.0 356000
1723175194501 1.0 360000
1723175208578 1.0 364000
1723175221261 1.0 368000
1723175234210 1.0 372000
1723175247997 1.0 376000
1723175261257 1.0 380000
1723175275160 1.0 384000
1723175288801 1.0 388000
1723175302365 1.0 392000
1723175315670 1.0 396000
1723175329229 1.0 400000
1723175342480 1.0 404000
1723175355736 1.0 408000
1723175368994 1.0 412000
1723175382063 1.0 416000
1723175395818 1.0 420000
1723175409445 1.0 424000
1723175422963 1.0 428000
1723175436275 1.0 432000
1723175449696 1.0 436000
1723175462847 1.0 440000
1723175476021 1.0 444000
1723175490455 1.0 448000
1723175503450 1.0 452000
1723175517088 1.0 456000
1723175529984 1.0 460000
1723175543102 1.0 464000
1723175555060 1.0 468000
1723175567905 1.0 472000
1723175581137 1.0 476000
1723175594507 1.0 480000
1723175607990 1.0 484000
1723175621239 1.0 488000
1723175634895 1.0 492000
1723175648802 1.0 496000
1723175662459 1.0 500000
1723175675838 1.0 504000
1723175689610 1.0 508000
1723175703456 1.0 512000
1723175717440 1.0 516000
1723175731043 1.0 520000
1723175744868 1.0 524000
1723175758857 1.0 528000
1723175773147 1.0 532000
1723175786657 1.0 536000
1723175800420 1.0 540000
1723175813485 1.0 544000
1723175826503 1.0 548000
1723175839768 1.0 552000
1723175853319 1.0 556000
1723175867559 1.0 560000
1723175881384 1.0 564000
1723175894807 1.0 568000
1723175910110 1.0 572000
1723175924068 1.0 576000
1723175936973 1.0 580000
1723175950514 1.0 584000
1723175963518 1.0 588000
1723175976822 1.0 592000
1723175990720 1.0 596000
1723176005453 1.0 600000
1723176019074 1.0 604000
1723176032516 1.0 608000
1723176045626 1.0 612000
1723176058063 1.0 616000
1723176071785 1.0 620000
1723176085530 1.0 624000
1723176099220 1.0 628000
1723176113385 1.0 632000
1723176126539 1.0 636000
1723176140557 1.0 640000
1723176153228 1.0 644000
1723176166468 1.0 648000
1723176180301 1.0 652000
1723176194005 1.0 656000
1723176207497 1.0 660000
1723176220774 1.0 664000
1723176234769 1.0 668000
1723176247819 1.0 672000
1723176261515 1.0 676000
1723176274807 1.0 680000
1723176289149 1.0 684000
1723176302202 1.0 688000
1723176314476 1.0 692000
1723176327896 1.0 696000
1723176341260 1.0 700000
1723176354723 1.0 704000
1723176368438 1.0 708000
1723176382009 1.0 712000
1723176395362 1.0 716000
1723176409312 1.0 720000
1723176423218 1.0 724000
1723176436493 1.0 728000
1723176448880 1.0 732000
1723176462182 1.0 736000
1723176475830 1.0 740000
1723176489152 1.0 744000
1723176502950 1.0 748000
1723176516356 1.0 752000
1723176529924 1.0 756000
1723176543248 1.0 760000
1723176556901 1.0 764000
1723176569920 1.0 768000
1723176583640 1.0 772000
1723176597478 1.0 776000
1723176610744 1.0 780000
1723176624175 1.0 784000
1723176637312 1.0 788000
1723176650633 1.0 792000
1723176663725 1.0 796000
1723176677036 1.0 800000
1723176690963 1.0 804000
1723176704813 1.0 808000
1723176718231 1.0 812000
1723176731496 1.0 816000
1723176744727 1.0 820000
1723176757986 1.0 824000
1723176771592 1.0 828000
1723176785204 1.0 832000
1723176798669 1.0 836000
1723176811972 1.0 840000
1723176825539 1.0 844000
1723176839344 1.0 848000
1723176852762 1.0 852000
1723176866117 1.0 856000
1723176879454 1.0 860000
1723176893254 1.0 864000
1723176907340 1.0 868000
1723176921136 1.0 872000
1723176934664 1.0 876000
1723176948221 1.0 880000
1723176961722 1.0 884000
1723176975488 1.0 888000
1723176988996 1.0 892000
1723177002407 1.0 896000
1723177015745 1.0 900000
1723177029182 1.0 904000
1723177042146 1.0 908000
1723177056266 1.0 912000
1723177069916 1.0 916000
1723177083425 1.0 920000
1723177097204 1.0 924000
1723177110597 1.0 928000
1723177124204 1.0 932000
1723177137931 1.0 936000
1723177151165 1.0 940000
1723177164361 1.0 944000
1723177177860 1.0 948000
1723177192433 1.0 952000
1723177205799 1.0 956000
1723177219414 1.0 960000
1723177232804 1.0 964000
1723177246387 1.0 968000
1723177260020 1.0 972000
1723177274293 1.0 976000
1723177287933 1.0 980000
1723177301920 1.0 984000
1723177315684 1.0 988000
1723177329287 1.0 992000
1723177342412 1.0 996000
1723177355580 1.0 1000000
1723177369135 1.0 1004000
1723177382832 1.0 1008000
1723177396523 1.0 1012000
1723177410262 1.0 1016000
1723177423703 1.0 1020000
1723177437284 1.0 1024000
1723177451048 1.0 1028000
1723177464744 1.0 1032000
1723177478873 1.0 1036000
1723177492917 1.0 1040000
1723177506830 1.0 1044000
1723177520495 1.0 1048000
1723177534378 1.0 1052000
1723177548205 1.0 1056000
1723177561768 1.0 1060000
1723177575918 1.0 1064000
1723177589561 1.0 1068000
1723177602379 1.0 1072000
1723177615547 1.0 1076000
1723177628895 1.0 1080000
1723177641936 1.0 1084000
1723177655365 1.0 1088000
1723177668809 1.0 1092000
1723177682519 1.0 1096000
1723177696023 1.0 1100000
1723177709568 1.0 1104000
1723177723059 1.0 1108000
1723177737010 1.0 1112000
1723177750181 1.0 1116000
1723177763749 1.0 1120000
1723177777123 1.0 1124000
1723177790670 1.0 1128000
1723177803844 1.0 1132000
1723177816997 1.0 1136000
1723177830502 1.0 1140000
1723177844213 1.0 1144000
1723177858332 1.0 1148000
1723177871909 1.0 1152000
1723177885572 1.0 1156000
1723177899090 1.0 1160000
1723177912689 1.0 1164000
1723177925679 1.0 1168000
1723177939290 1.0 1172000
1723177952282 1.0 1176000
1723177965632 1.0 1180000
1723177979096 1.0 1184000
1723177993027 1.0 1188000
1723178006514 1.0 1192000
1723178019735 1.0 1196000
1723178033002 1.0 1200000
1723178045118 1.0 1204000
1723178058635 1.0 1208000
1723178071571 1.0 1212000
1723178084907 1.0 1216000
1723178097773 1.0 1220000
1723178111098 1.0 1224000
1723178124305 1.0 1228000
1723178137635 1.0 1232000
1723178151379 1.0 1236000
1723178165137 1.0 1240000
1723178178581 1.0 1244000
1723178191650 1.0 1248000
1723178205020 1.0 1252000
1723178218923 1.0 1256000
1723178232254 1.0 1260000
1723178245674 1.0 1264000
1723178259184 1.0 1268000
1723178273006 1.0 1272000
1723178286312 1.0 1276000
1723178299510 1.0 1280000
1723178312861 1.0 1284000
1723178326899 1.0 1288000
1723178340845 1.0 1292000
1723178354461 1.0 1296000
1723178367793 1.0 1300000
1723178381086 1.0 1304000
1723178394684 1.0 1308000
1723178407663 1.0 1312000
1723178420863 1.0 1316000
1723178434366 1.0 1320000
1723178447697 1.0 1324000
1723178461189 1.0 1328000
1723178474725 1.0 1332000
1723178488201 1.0 1336000
1723178501651 1.0 1340000
1723178515677 1.0 1344000
1723178529877 1.0 1348000
1723178543378 1.0 1352000
1723178556917 1.0 1356000
1723178570344 1.0 1360000
1723178583489 1.0 1364000
1723178597067 1.0 1368000
1723178610283 1.0 1372000
1723178623439 1.0 1376000
1723178636571 1.0 1380000
1723178649888 1.0 1384000
1723178662572 1.0 1388000
1723178675102 1.0 1392000
1723178688459 1.0 1396000
1723178701566 1.0 1400000
1723178714903 1.0 1404000
1723178728540 1.0 1408000
1723178742323 1.0 1412000
1723178755559 1.0 1416000
1723178769300 1.0 1420000
1723178782824 1.0 1424000
1723178796263 1.0 1428000
1723178809834 1.0 1432000
1723178823188 1.0 1436000
1723178836084 1.0 1440000
1723178847492 1.0 1444000
1723178859291 1.0 1448000
1723178871024 1.0 1452000
1723178882998 1.0 1456000
1723178895004 1.0 1460000
1723178907046 1.0 1464000
1723178918345 1.0 1468000
1723178929914 1.0 1472000
1723178942170 1.0 1476000
1723178953846 1.0 1480000
1723178965755 1.0 1484000
1723178977688 1.0 1488000
1723178989825 1.0 1492000
1723179001699 1.0 1496000
1723179013715 1.0 1500000
1723179025333 1.0 1504000
1723179037255 1.0 1508000
1723179048978 1.0 1512000
1723179060619 1.0 1516000
1723179072592 1.0 1520000
1723179084900 1.0 1524000
1723179096561 1.0 1528000
1723179108069 1.0 1532000
1723179119675 1.0 1536000
1723179131436 1.0 1540000
1723179143220 1.0 1544000
1723179154766 1.0 1548000
1723179166482 1.0 1552000
1723179177940 1.0 1556000
1723179189777 1.0 1560000
1723179201059 1.0 1564000
1723179212696 1.0 1568000
1723179224374 1.0 1572000
1723179236287 1.0 1576000
1723179247903 1.0 1580000
1723179259096 1.0 1584000
1723179270699 1.0 1588000
1723179282392 1.0 1592000
1723179293752 1.0 1596000
1723179305036 1.0 1600000
1723179316145 1.0 1604000
1723179327957 1.0 1608000
1723179339515 1.0 1612000
1723179350911 1.0 1616000
1723179362302 1.0 1620000
1723179373589 1.0 1624000
1723179384940 1.0 1628000
1723179396191 1.0 1632000
1723179407381 1.0 1636000
1723179418867 1.0 1640000
1723179430545 1.0 1644000
1723179441895 1.0 1648000
1723179453243 1.0 1652000
1723179464645 1.0 1656000
1723179475950 1.0 1660000
1723179487766 1.0 1664000
1723179499183 1.0 1668000
1723179510719 1.0 1672000
1723179522259 1.0 1676000
1723179533900 1.0 1680000
1723179544921 1.0 1684000
1723179556181 1.0 1688000
1723179567668 1.0 1692000
1723179579059 1.0 1696000
1723179590438 1.0 1700000
1723179601807 1.0 1704000
1723179613104 1.0 1708000
1723179624250 1.0 1712000
1723179635671 1.0 1716000
1723179646929 1.0 1720000
1723179658432 1.0 1724000
1723179669857 1.0 1728000
1723179681150 1.0 1732000
1723179692502 1.0 1736000
1723179703947 1.0 1740000
1723179715199 1.0 1744000
1723179726651 1.0 1748000
1723179738133 1.0 1752000
1723179749508 1.0 1756000
1723179760706 1.0 1760000
1723179772150 1.0 1764000
1723179784153 1.0 1768000
1723179795947 1.0 1772000
1723179807418 1.0 1776000
1723179818847 1.0 1780000
1723179830372 1.0 1784000
1723179842546 1.0 1788000
1723179853807 1.0 1792000
1723179865328 1.0 1796000
1723179876366 1.0 1800000
1723179887981 1.0 1804000
1723179899437 1.0 1808000
1723179910988 1.0 1812000
1723179922362 1.0 1816000
1723179933795 1.0 1820000
1723179945115 1.0 1824000
1723179956355 1.0 1828000
1723179967931 1.0 1832000
1723179979230 1.0 1836000
1723179990722 1.0 1840000
1723180002104 1.0 1844000
1723180013283 1.0 1848000
1723180024873 1.0 1852000
1723180036514 1.0 1856000
1723180048188 1.0 1860000
1723180059722 1.0 1864000
1723180071064 1.0 1868000
1723180082472 1.0 1872000
1723180093849 1.0 1876000
1723180105020 1.0 1880000
1723180116343 1.0 1884000
1723180127819 1.0 1888000
1723180139348 1.0 1892000
1723180150848 1.0 1896000
1723180161993 1.0 1900000
1723180173239 1.0 1904000
1723180184523 1.0 1908000
1723180196118 1.0 1912000
1723180207579 1.0 1916000
1723180218975 1.0 1920000
1723180230460 1.0 1924000
1723180241725 1.0 1928000
1723180253446 1.0 1932000
1723180264929 1.0 1936000
1723180276057 1.0 1940000
1723180287515 1.0 1944000
1723180298747 1.0 1948000
1723180310102 1.0 1952000
1723180321874 1.0 1956000
1723180333007 1.0 1960000
1723180344488 1.0 1964000
1723180356134 1.0 1968000
1723180367619 1.0 1972000
1723180379125 1.0 1976000
1723180390507 1.0 1980000
1723180401911 1.0 1984000
1723180413581 1.0 1988000
1723180425340 1.0 1992000
1723180436791 1.0 1996000
1723180448639 1.0 2000000
