1723173953603 60.0 4000
1723173968240 60.0 8000
1723173984082 60.0 12000
1723173999056 60.0 16000
1723174014637 60.0 20000
1723174030064 60.0 24000
1723174046311 60.0 28000
1723174061194 60.0 32000
1723174078147 60.0 36000
1723174093297 60.0 40000
1723174108143 60.0 44000
1723174124649 60.0 48000
1723174139222 60.0 52000
1723174153117 60.0 56000
1723174167288 60.0 60000
1723174181394 60.0 64000
1723174195969 60.0 68000
1723174209778 60.0 72000
1723174224044 60.0 76000
1723174238054 60.0 80000
1723174252282 60.0 84000
1723174266626 60.0 88000
1723174280766 60.0 92000
1723174294655 60.0 96000
1723174308593 60.0 100000
1723174322316 60.0 104000
1723174335959 60.0 108000
1723174350312 60.0 112000
1723174364308 60.0 116000
1723174378716 60.0 120000
1723174394098 60.0 124000
1723174408321 60.0 128000
1723174422218 60.0 132000
1723174436571 60.0 136000
1723174450644 60.0 140000
1723174464508 60.0 144000
1723174478421 60.0 148000
1723174492129 60.0 152000
1723174505731 60.0 156000
1723174519139 60.0 160000
1723174532536 60.0 164000
1723174546857 60.0 168000
1723174560409 60.0 172000
1723174574329 60.0 176000
1723174588835 60.0 180000
1723174602408 60.0 184000
1723174616117 60.0 188000
1723174630040 60.0 192000
1723174643576 60.0 196000
1723174657270 60.0 200000
1723174671264 60.0 204000
1723174684843 60.0 208000
1723174698569 60.0 212000
1723174711773 60.0 216000
1723174725131 60.0 220000
1723174739024 60.0 224000
1723174752340 60.0 228000
1723174765856 60.0 232000
1723174779136 60.0 236000
1723174792733 60.0 240000
1723174806467 60.0 244000
1723174820201 60.0 248000
1723174833641 60.0 252000
1723174846788 60.0 256000
1723174860281 60.0 260000
1723174874128 60.0 264000
1723174887716 60.0 268000
1723174901043 60.0 272000
1723174914681 60.0 276000
1723174927704 60.0 280000
1723174941083 60.0 284000
1723174954245 60.0 288000
1723174967735 60.0 292000
1723174980987 60.0 296000
1723174994279 60.0 300000
1723175007659 60.0 304000
1723175021024 60.0 308000
1723175034381 60.0 312000
1723175047471 60.0 316000
1723175060447 60.0 320000
1723175073933 60.0 324000
1723175087313 60.0 328000
1723175100585 60.0 332000
1723175113739 60.0 336000
1723175127357 60.0 340000
1723175140590 60.0 344000
1723175153947 60.0 348000
1723175167541 60.0 352000
1723175181332 60.0 356000
1723175194522 60.0 360000
1723175208601 60.0 364000
1723175221283 60.0 368000
1723175234230 60.0 372000
1723175248017 60.0 376000
1723175261279 60.0 380000
1723175275186 60.0 384000
1723175288823 60.0 388000
1723175302387 60.0 392000
1723175315691 60.0 396000
1723175329250 60.0 400000
1723175342502 60.0 404000
1723175355758 60.0 408000
1723175369014 60.0 412000
1723175382084 60.0 416000
1723175395840 60.0 420000
1723175409466 60.0 424000
1723175422984 60.0 428000
1723175436296 60.0 432000
1723175449720 60.0 436000
1723175462871 60.0 440000
1723175476044 60.0 444000
1723175490476 60.0 448000
1723175503471 60.0 452000
1723175517110 60.0 456000
1723175530007 60.0 460000
1723175543124 60.0 464000
1723175555081 60.0 468000
1723175567926 60.0 472000
1723175581159 60.0 476000
1723175594528 60.0 480000
1723175608011 60.0 484000
1723175621260 60.0 488000
1723175634917 60.0 492000
1723175648824 60.0 496000
1723175662481 60.0 500000
1723175675859 60.0 504000
1723175689631 60.0 508000
1723175703477 60.0 512000
1723175717463 60.0 516000
1723175731064 60.0 520000
1723175744889 60.0 524000
1723175758878 60.0 528000
1723175773179 60.0 532000
1723175786678 60.0 536000
1723175800446 60.0 540000
1723175813506 60.0 544000
1723175826523 60.0 548000
1723175839789 60.0 552000
1723175853341 60.0 556000
1723175867581 60.0 560000
1723175881408 60.0 564000
1723175894831 60.0 568000
1723175910134 60.0 572000
1723175924092 60.0 576000
1723175936999 60.0 580000
1723175950544 60.0 584000
1723175963543 60.0 588000
1723175976843 60.0 592000
1723175990749 60.0 596000
1723176005475 60.0 600000
1723176019094 60.0 604000
1723176032540 60.0 608000
1723176045649 60.0 612000
1723176058084 60.0 616000
1723176071815 60.0 620000
1723176085554 60.0 624000
1723176099241 60.0 628000
1723176113415 60.0 632000
1723176126561 60.0 636000
1723176140579 60.0 640000
1723176153250 60.0 644000
1723176166491 60.0 648000
1723176180323 60.0 652000
1723176194026 60.0 656000
1723176207524 60.0 660000
1723176220796 60.0 664000
1723176234791 60.0 668000
1723176247840 60.0 672000
1723176261537 60.0 676000
1723176274831 60.0 680000
1723176289171 60.0 684000
1723176302235 60.0 688000
1723176314501 60.0 692000
1723176327922 60.0 696000
1723176341302 60.0 700000
1723176354745 60.0 704000
1723176368459 60.0 708000
1723176382030 60.0 712000
1723176395383 60.0 716000
1723176409334 60.0 720000
1723176423240 60.0 724000
1723176436518 60.0 728000
1723176448905 60.0 732000
1723176462205 60.0 736000
1723176475856 60.0 740000
1723176489174 60.0 744000
1723176502976 60.0 748000
1723176516393 60.0 752000
1723176529954 60.0 756000
1723176543269 60.0 760000
1723176556924 60.0 764000
1723176569941 60.0 768000
1723176583662 60.0 772000
1723176597500 60.0 776000
1723176610765 60.0 780000
1723176624197 60.0 784000
1723176637334 60.0 788000
1723176650654 60.0 792000
1723176663747 60.0 796000
1723176677058 60.0 800000
1723176690985 60.0 804000
1723176704835 60.0 808000
1723176718251 60.0 812000
1723176731518 60.0 816000
1723176744749 60.0 820000
1723176758008 60.0 824000
1723176771618 60.0 828000
1723176785225 60.0 832000
1723176798691 60.0 836000
1723176811993 60.0 840000
1723176825560 60.0 844000
1723176839366 60.0 848000
1723176852783 60.0 852000
1723176866140 60.0 856000
1723176879476 60.0 860000
1723176893273 60.0 864000
1723176907362 60.0 868000
1723176921157 60.0 872000
1723176934686 60.0 876000
1723176948243 60.0 880000
1723176961745 60.0 884000
1723176975509 60.0 888000
1723176989018 60.0 892000
1723177002429 60.0 896000
1723177015767 60.0 900000
1723177029204 60.0 904000
1723177042167 60.0 908000
1723177056288 60.0 912000
1723177069941 60.0 916000
1723177083447 60.0 920000
1723177097226 60.0 924000
1723177110618 60.0 928000
1723177124225 60.0 932000
1723177137952 60.0 936000
1723177151185 60.0 940000
1723177164384 60.0 944000
1723177177882 60.0 948000
1723177192456 60.0 952000
1723177205820 60.0 956000
1723177219436 60.0 960000
1723177232826 60.0 964000
1723177246410 60.0 968000
1723177260047 60.0 972000
1723177274314 60.0 976000
1723177287955 60.0 980000
1723177301942 60.0 984000
1723177315705 60.0 988000
1723177329309 60.0 992000
1723177342434 60.0 996000
1723177355601 60.0 1000000
1723177369158 60.0 1004000
1723177382854 60.0 1008000
1723177396546 60.0 1012000
1723177410283 60.0 1016000
1723177423726 60.0 1020000
1723177437305 60.0 1024000
1723177451069 60.0 1028000
1723177464765 60.0 1032000
1723177478897 60.0 1036000
1723177492940 60.0 1040000
1723177506852 60.0 1044000
1723177520517 60.0 1048000
1723177534400 60.0 1052000
1723177548241 60.0 1056000
1723177561789 60.0 1060000
1723177575939 60.0 1064000
1723177589582 60.0 1068000
1723177602401 60.0 1072000
1723177615569 60.0 1076000
1723177628917 60.0 1080000
1723177641959 60.0 1084000
1723177655386 60.0 1088000
1723177668831 60.0 1092000
1723177682541 60.0 1096000
1723177696045 60.0 1100000
1723177709590 60.0 1104000
1723177723080 60.0 1108000
1723177737031 60.0 1112000
1723177750203 60.0 1116000
1723177763770 60.0 1120000
1723177777144 60.0 1124000
1723177790692 60.0 1128000
1723177803866 60.0 1132000
1723177817019 60.0 1136000
1723177830524 60.0 1140000
1723177844236 60.0 1144000
1723177858354 60.0 1148000
1723177871931 60.0 1152000
1723177885596 60.0 1156000
1723177899112 60.0 1160000
1723177912711 60.0 1164000
1723177925701 60.0 1168000
1723177939313 60.0 1172000
1723177952304 60.0 1176000
1723177965652 60.0 1180000
1723177979119 60.0 1184000
1723177993049 60.0 1188000
1723178006536 60.0 1192000
1723178019757 60.0 1196000
1723178033025 60.0 1200000
1723178045139 60.0 1204000
1723178058656 60.0 1208000
1723178071593 60.0 1212000
1723178084929 60.0 1216000
1723178097795 60.0 1220000
1723178111120 60.0 1224000
1723178124326 60.0 1228000
1723178137657 60.0 1232000
1723178151403 60.0 1236000
1723178165167 60.0 1240000
1723178178603 60.0 1244000
1723178191671 60.0 1248000
1723178205042 60.0 1252000
1723178218945 60.0 1256000
1723178232275 60.0 1260000
1723178245704 60.0 1264000
1723178259206 60.0 1268000
1723178273027 60.0 1272000
1723178286332 60.0 1276000
1723178299531 60.0 1280000
1723178312883 60.0 1284000
1723178326919 60.0 1288000
1723178340866 60.0 1292000
1723178354483 60.0 1296000
1723178367814 60.0 1300000
1723178381109 60.0 1304000
1723178394706 60.0 1308000
1723178407685 60.0 1312000
1723178420889 60.0 1316000
1723178434387 60.0 1320000
1723178447718 60.0 1324000
1723178461211 60.0 1328000
1723178474747 60.0 1332000
1723178488223 60.0 1336000
1723178501672 60.0 1340000
1723178515699 60.0 1344000
1723178529900 60.0 1348000
1723178543404 60.0 1352000
1723178556938 60.0 1356000
1723178570368 60.0 1360000
1723178583510 60.0 1364000
1723178597089 60.0 1368000
1723178610305 60.0 1372000
1723178623460 60.0 1376000
1723178636592 60.0 1380000
1723178649910 60.0 1384000
1723178662615 60.0 1388000
1723178675123 60.0 1392000
1723178688480 60.0 1396000
1723178701588 60.0 1400000
1723178714925 60.0 1404000
1723178728563 60.0 1408000
1723178742351 60.0 1412000
1723178755580 60.0 1416000
1723178769322 60.0 1420000
1723178782846 60.0 1424000
1723178796286 60.0 1428000
1723178809856 60.0 1432000
1723178823210 60.0 1436000
1723178836105 60.0 1440000
1723178847512 60.0 1444000
1723178859311 60.0 1448000
1723178871044 60.0 1452000
1723178883019 60.0 1456000
1723178895023 60.0 1460000
1723178907066 60.0 1464000
1723178918365 60.0 1468000
1723178929934 60.0 1472000
1723178942190 60.0 1476000
1723178953867 60.0 1480000
1723178965775 60.0 1484000
1723178977708 60.0 1488000
1723178989845 60.0 1492000
1723179001721 60.0 1496000
1723179013737 60.0 1500000
1723179025357 60.0 1504000
1723179037276 60.0 1508000
1723179048998 60.0 1512000
1723179060640 60.0 1516000
1723179072611 60.0 1520000
1723179084921 60.0 1524000
1723179096582 60.0 1528000
1723179108091 60.0 1532000
1723179119696 60.0 1536000
1723179131456 60.0 1540000
1723179143241 60.0 1544000
1723179154786 60.0 1548000
1723179166504 60.0 1552000
1723179177961 60.0 1556000
1723179189797 60.0 1560000
1723179201079 60.0 1564000
1723179212716 60.0 1568000
1723179224395 60.0 1572000
1723179236307 60.0 1576000
1723179247924 60.0 1580000
1723179259117 60.0 1584000
1723179270719 60.0 1588000
1723179282413 60.0 1592000
1723179293772 60.0 1596000
1723179305057 60.0 1600000
1723179316165 60.0 1604000
1723179327977 60.0 1608000
1723179339535 60.0 1612000
1723179350930 60.0 1616000
1723179362322 60.0 1620000
1723179373610 60.0 1624000
1723179384961 60.0 1628000
1723179396211 60.0 1632000
1723179407401 60.0 1636000
1723179418887 60.0 1640000
1723179430565 60.0 1644000
1723179441915 60.0 1648000
1723179453263 60.0 1652000
1723179464665 60.0 1656000
1723179475970 60.0 1660000
1723179487787 60.0 1664000
1723179499203 60.0 1668000
1723179510741 60.0 1672000
1723179522279 60.0 1676000
1723179533921 60.0 1680000
1723179544940 60.0 1684000
1723179556202 60.0 1688000
1723179567688 60.0 1692000
1723179579080 60.0 1696000
1723179590458 60.0 1700000
1723179601828 60.0 1704000
1723179613124 60.0 1708000
1723179624270 60.0 1712000
1723179635691 60.0 1716000
1723179646949 60.0 1720000
1723179658452 60.0 1724000
1723179669877 60.0 1728000
1723179681170 60.0 1732000
1723179692523 60.0 1736000
1723179703967 60.0 1740000
1723179715219 60.0 1744000
1723179726672 60.0 1748000
1723179738153 60.0 1752000
1723179749528 60.0 1756000
1723179760726 60.0 1760000
1723179772170 60.0 1764000
1723179784174 60.0 1768000
1723179795967 60.0 1772000
1723179807439 60.0 1776000
1723179818867 60.0 1780000
1723179830392 60.0 1784000
1723179842567 60.0 1788000
1723179853827 60.0 1792000
1723179865350 60.0 1796000
1723179876386 60.0 1800000
1723179888003 60.0 1804000
1723179899457 60.0 1808000
1723179911008 60.0 1812000
1723179922382 60.0 1816000
1723179933816 60.0 1820000
1723179945137 60.0 1824000
1723179956375 60.0 1828000
1723179967952 60.0 1832000
1723179979250 60.0 1836000
1723179990741 60.0 1840000
1723180002124 60.0 1844000
1723180013303 60.0 1848000
1723180024893 60.0 1852000
1723180036534 60.0 1856000
1723180048208 60.0 1860000
1723180059743 60.0 1864000
1723180071087 60.0 1868000
1723180082492 60.0 1872000
1723180093869 60.0 1876000
1723180105041 60.0 1880000
1723180116362 60.0 1884000
1723180127839 60.0 1888000
1723180139368 60.0 1892000
1723180150868 60.0 1896000
1723180162013 60.0 1900000
1723180173259 60.0 1904000
1723180184544 60.0 1908000
1723180196138 60.0 1912000
1723180207599 60.0 1916000
1723180218995 60.0 1920000
1723180230480 60.0 1924000
1723180241745 60.0 1928000
1723180253471 60.0 1932000
1723180264950 60.0 1936000
1723180276078 60.0 1940000
1723180287535 60.0 1944000
1723180298767 60.0 1948000
1723180310122 60.0 1952000
1723180321894 60.0 1956000
1723180333028 60.0 1960000
1723180344508 60.0 1964000
1723180356155 60.0 1968000
1723180367639 60.0 1972000
1723180379145 60.0 1976000
1723180390529 60.0 1980000
1723180401931 60.0 1984000
1723180413601 60.0 1988000
1723180425360 60.0 1992000
1723180436812 60.0 1996000
1723180448659 60.0 2000000
