1723173953613 -1.0 4000
1723173968248 -1.0 8000
1723173984089 -1.0 12000
1723173999063 -1.0 16000
1723174014644 -1.0 20000
1723174030071 -1.0 24000
1723174046318 -1.0 28000
1723174061203 -1.0 32000
1723174078156 -1.0 36000
1723174093307 -1.0 40000
1723174108150 -1.0 44000
1723174124656 -1.0 48000
1723174139231 -1.0 52000
1723174153124 -1.0 56000
1723174167295 -1.0 60000
1723174181401 -1.0 64000
1723174195977 -1.0 68000
1723174209787 -1.0 72000
1723174224050 -1.0 76000
1723174238062 -1.0 80000
1723174252291 -1.0 84000
1723174266637 -1.0 88000
1723174280773 -1.0 92000
1723174294662 -1.0 96000
1723174308600 -1.0 100000
1723174322323 -1.0 104000
1723174335966 -1.0 108000
1723174350319 -1.0 112000
1723174364315 -1.0 116000
1723174378723 -1.0 120000
1723174394105 -1.0 124000
1723174408327 -1.0 128000
1723174422225 -1.0 132000
1723174436577 -1.0 136000
1723174450651 -1.0 140000
1723174464515 -1.0 144000
1723174478428 -1.0 148000
1723174492136 -1.0 152000
1723174505737 -1.0 156000
1723174519145 -1.0 160000
1723174532543 -1.0 164000
1723174546864 -1.0 168000
1723174560417 -1.0 172000
1723174574335 -1.0 176000
1723174588842 -1.0 180000
1723174602415 -1.0 184000
1723174616124 -1.0 188000
1723174630047 -1.0 192000
1723174643583 -1.0 196000
1723174657277 -1.0 200000
1723174671273 -1.0 204000
1723174684849 -1.0 208000
1723174698577 -1.0 212000
1723174711780 -1.0 216000
1723174725138 -1.0 220000
1723174739034 -1.0 224000
1723174752347 -1.0 228000
1723174765864 -1.0 232000
1723174779144 -1.0 236000
1723174792741 -1.0 240000
1723174806473 -1.0 244000
1723174820208 -1.0 248000
1723174833648 -1.0 252000
1723174846794 -1.0 256000
1723174860291 -1.0 260000
1723174874135 -1.0 264000
1723174887724 -1.0 268000
1723174901050 -1.0 272000
1723174914688 -1.0 276000
1723174927711 -1.0 280000
1723174941090 -1.0 284000
1723174954252 -1.0 288000
1723174967742 -1.0 292000
1723174980994 -1.0 296000
1723174994287 -1.0 300000
1723175007666 -1.0 304000
1723175021031 -1.0 308000
1723175034390 -1.0 312000
1723175047478 -1.0 316000
1723175060454 -1.0 320000
1723175073940 -1.0 324000
1723175087319 -1.0 328000
1723175100592 -1.0 332000
1723175113746 -1.0 336000
1723175127364 -1.0 340000
1723175140597 -1.0 344000
1723175153953 -1.0 348000
1723175167548 -1.0 352000
1723175181339 -1.0 356000
1723175194529 -1.0 360000
1723175208608 -1.0 364000
1723175221290 -1.0 368000
1723175234237 -1.0 372000
1723175248024 -1.0 376000
1723175261285 -1.0 380000
1723175275195 -1.0 384000
1723175288830 -1.0 388000
1723175302394 -1.0 392000
1723175315697 -1.0 396000
1723175329257 -1.0 400000
1723175342508 -1.0 404000
1723175355764 -1.0 408000
1723175369022 -1.0 412000
1723175382091 -1.0 416000
1723175395847 -1.0 420000
1723175409472 -1.0 424000
1723175422991 -1.0 428000
1723175436303 -1.0 432000
1723175449732 -1.0 436000
1723175462878 -1.0 440000
1723175476050 -1.0 444000
1723175490483 -1.0 448000
1723175503477 -1.0 452000
1723175517116 -1.0 456000
1723175530015 -1.0 460000
1723175543132 -1.0 464000
1723175555088 -1.0 468000
1723175567932 -1.0 472000
1723175581165 -1.0 476000
1723175594535 -1.0 480000
1723175608018 -1.0 484000
1723175621267 -1.0 488000
1723175634924 -1.0 492000
1723175648831 -1.0 496000
1723175662488 -1.0 500000
1723175675866 -1.0 504000
1723175689638 -1.0 508000
1723175703483 -1.0 512000
1723175717473 -1.0 516000
1723175731070 -1.0 520000
1723175744896 -1.0 524000
1723175758884 -1.0 528000
1723175773205 -1.0 532000
1723175786684 -1.0 536000
1723175800454 -1.0 540000
1723175813514 -1.0 544000
1723175826530 -1.0 548000
1723175839795 -1.0 552000
1723175853348 -1.0 556000
1723175867593 -1.0 560000
1723175881414 -1.0 564000
1723175894838 -1.0 568000
1723175910141 -1.0 572000
1723175924099 -1.0 576000
1723175937008 -1.0 580000
1723175950553 -1.0 584000
1723175963556 -1.0 588000
1723175976849 -1.0 592000
1723175990757 -1.0 596000
1723176005482 -1.0 600000
1723176019101 -1.0 604000
1723176032547 -1.0 608000
1723176045656 -1.0 612000
1723176058091 -1.0 616000
1723176071823 -1.0 620000
1723176085562 -1.0 624000
1723176099248 -1.0 628000
1723176113429 -1.0 632000
1723176126568 -1.0 636000
1723176140586 -1.0 640000
1723176153257 -1.0 644000
1723176166498 -1.0 648000
1723176180330 -1.0 652000
1723176194033 -1.0 656000
1723176207531 -1.0 660000
1723176220803 -1.0 664000
1723176234798 -1.0 668000
1723176247847 -1.0 672000
1723176261544 -1.0 676000
1723176274839 -1.0 680000
1723176289177 -1.0 684000
1723176302243 -1.0 688000
1723176314508 -1.0 692000
1723176327929 -1.0 696000
1723176341324 -1.0 700000
1723176354752 -1.0 704000
1723176368467 -1.0 708000
1723176382037 -1.0 712000
1723176395389 -1.0 716000
1723176409342 -1.0 720000
1723176423247 -1.0 724000
1723176436525 -1.0 728000
1723176448912 -1.0 732000
1723176462212 -1.0 736000
1723176475865 -1.0 740000
1723176489181 -1.0 744000
1723176502983 -1.0 748000
1723176516406 -1.0 752000
1723176529961 -1.0 756000
1723176543276 -1.0 760000
1723176556930 -1.0 764000
1723176569948 -1.0 768000
1723176583670 -1.0 772000
1723176597507 -1.0 776000
1723176610772 -1.0 780000
1723176624205 -1.0 784000
1723176637341 -1.0 788000
1723176650663 -1.0 792000
1723176663755 -1.0 796000
1723176677065 -1.0 800000
1723176690992 -1.0 804000
1723176704842 -1.0 808000
1723176718259 -1.0 812000
1723176731525 -1.0 816000
1723176744755 -1.0 820000
1723176758015 -1.0 824000
1723176771625 -1.0 828000
1723176785232 -1.0 832000
1723176798698 -1.0 836000
1723176812000 -1.0 840000
1723176825567 -1.0 844000
1723176839373 -1.0 848000
1723176852790 -1.0 852000
1723176866146 -1.0 856000
1723176879483 -1.0 860000
1723176893280 -1.0 864000
1723176907369 -1.0 868000
1723176921163 -1.0 872000
1723176934694 -1.0 876000
1723176948250 -1.0 880000
1723176961752 -1.0 884000
1723176975517 -1.0 888000
1723176989026 -1.0 892000
1723177002436 -1.0 896000
1723177015773 -1.0 900000
1723177029211 -1.0 904000
1723177042174 -1.0 908000
1723177056295 -1.0 912000
1723177069948 -1.0 916000
1723177083454 -1.0 920000
1723177097233 -1.0 924000
1723177110625 -1.0 928000
1723177124233 -1.0 932000
1723177137959 -1.0 936000
1723177151192 -1.0 940000
1723177164391 -1.0 944000
1723177177889 -1.0 948000
1723177192466 -1.0 952000
1723177205827 -1.0 956000
1723177219443 -1.0 960000
1723177232833 -1.0 964000
1723177246417 -1.0 968000
1723177260054 -1.0 972000
1723177274322 -1.0 976000
1723177287962 -1.0 980000
1723177301949 -1.0 984000
1723177315712 -1.0 988000
1723177329315 -1.0 992000
1723177342441 -1.0 996000
1723177355608 -1.0 1000000
1723177369164 -1.0 1004000
1723177382861 -1.0 1008000
1723177396554 -1.0 1012000
1723177410290 -1.0 1016000
1723177423733 -1.0 1020000
1723177437312 -1.0 1024000
1723177451077 -1.0 1028000
1723177464773 -1.0 1032000
1723177478906 -1.0 1036000
1723177492948 -1.0 1040000
1723177506858 -1.0 1044000
1723177520524 -1.0 1048000
1723177534407 -1.0 1052000
1723177548248 -1.0 1056000
1723177561797 -1.0 1060000
1723177575946 -1.0 1064000
1723177589589 -1.0 1068000
1723177602408 -1.0 1072000
1723177615576 -1.0 1076000
1723177628924 -1.0 1080000
1723177641966 -1.0 1084000
1723177655394 -1.0 1088000
1723177668840 -1.0 1092000
1723177682548 -1.0 1096000
1723177696052 -1.0 1100000
1723177709597 -1.0 1104000
1723177723086 -1.0 1108000
1723177737038 -1.0 1112000
1723177750210 -1.0 1116000
1723177763777 -1.0 1120000
1723177777151 -1.0 1124000
1723177790699 -1.0 1128000
1723177803873 -1.0 1132000
1723177817026 -1.0 1136000
1723177830532 -1.0 1140000
1723177844243 -1.0 1144000
1723177858360 -1.0 1148000
1723177871938 -1.0 1152000
1723177885604 -1.0 1156000
1723177899119 -1.0 1160000
1723177912717 -1.0 1164000
1723177925708 -1.0 1168000
1723177939320 -1.0 1172000
1723177952311 -1.0 1176000
1723177965659 -1.0 1180000
1723177979127 -1.0 1184000
1723177993055 -1.0 1188000
1723178006542 -1.0 1192000
1723178019764 -1.0 1196000
1723178033033 -1.0 1200000
1723178045146 -1.0 1204000
1723178058662 -1.0 1208000
1723178071600 -1.0 1212000
1723178084936 -1.0 1216000
1723178097802 -1.0 1220000
1723178111127 -1.0 1224000
1723178124333 -1.0 1228000
1723178137665 -1.0 1232000
1723178151409 -1.0 1236000
1723178165175 -1.0 1240000
1723178178610 -1.0 1244000
1723178191677 -1.0 1248000
1723178205049 -1.0 1252000
1723178218953 -1.0 1256000
1723178232282 -1.0 1260000
1723178245712 -1.0 1264000
1723178259213 -1.0 1268000
1723178273034 -1.0 1272000
1723178286338 -1.0 1276000
1723178299538 -1.0 1280000
1723178312890 -1.0 1284000
1723178326927 -1.0 1288000
1723178340873 -1.0 1292000
1723178354490 -1.0 1296000
1723178367822 -1.0 1300000
1723178381116 -1.0 1304000
1723178394713 -1.0 1308000
1723178407692 -1.0 1312000
1723178420896 -1.0 1316000
1723178434395 -1.0 1320000
1723178447726 -1.0 1324000
1723178461219 -1.0 1328000
1723178474754 -1.0 1332000
1723178488230 -1.0 1336000
1723178501679 -1.0 1340000
1723178515706 -1.0 1344000
1723178529909 -1.0 1348000
1723178543410 -1.0 1352000
1723178556945 -1.0 1356000
1723178570375 -1.0 1360000
1723178583517 -1.0 1364000
1723178597096 -1.0 1368000
1723178610312 -1.0 1372000
1723178623467 -1.0 1376000
1723178636599 -1.0 1380000
1723178649918 -1.0 1384000
1723178662623 -1.0 1388000
1723178675131 -1.0 1392000
1723178688487 -1.0 1396000
1723178701595 -1.0 1400000
1723178714932 -1.0 1404000
1723178728570 -1.0 1408000
1723178742358 -1.0 1412000
1723178755587 -1.0 1416000
1723178769330 -1.0 1420000
1723178782853 -1.0 1424000
1723178796293 -1.0 1428000
1723178809863 -1.0 1432000
1723178823219 -1.0 1436000
1723178836112 -1.0 1440000
1723178847518 -1.0 1444000
1723178859317 -1.0 1448000
1723178871051 -1.0 1452000
1723178883025 -1.0 1456000
1723178895030 -1.0 1460000
1723178907073 -1.0 1464000
1723178918372 -1.0 1468000
1723178929941 -1.0 1472000
1723178942197 -1.0 1476000
1723178953874 -1.0 1480000
1723178965782 -1.0 1484000
1723178977715 -1.0 1488000
1723178989852 -1.0 1492000
1723179001728 -1.0 1496000
1723179013744 -1.0 1500000
1723179025365 -1.0 1504000
1723179037284 -1.0 1508000
1723179049004 -1.0 1512000
1723179060646 -1.0 1516000
1723179072618 -1.0 1520000
1723179084927 -1.0 1524000
1723179096588 -1.0 1528000
1723179108097 -1.0 1532000
1723179119702 -1.0 1536000
1723179131462 -1.0 1540000
1723179143247 -1.0 1544000
1723179154793 -1.0 1548000
1723179166511 -1.0 1552000
1723179177967 -1.0 1556000
1723179189804 -1.0 1560000
1723179201085 -1.0 1564000
1723179212723 -1.0 1568000
1723179224401 -1.0 1572000
1723179236314 -1.0 1576000
1723179247931 -1.0 1580000
1723179259123 -1.0 1584000
1723179270725 -1.0 1588000
1723179282420 -1.0 1592000
1723179293778 -1.0 1596000
1723179305063 -1.0 1600000
1723179316172 -1.0 1604000
1723179327983 -1.0 1608000
1723179339541 -1.0 1612000
1723179350937 -1.0 1616000
1723179362329 -1.0 1620000
1723179373617 -1.0 1624000
1723179384967 -1.0 1628000
1723179396218 -1.0 1632000
1723179407408 -1.0 1636000
1723179418894 -1.0 1640000
1723179430573 -1.0 1644000
1723179441922 -1.0 1648000
1723179453270 -1.0 1652000
1723179464671 -1.0 1656000
1723179475977 -1.0 1660000
1723179487795 -1.0 1664000
1723179499210 -1.0 1668000
1723179510748 -1.0 1672000
1723179522286 -1.0 1676000
1723179533927 -1.0 1680000
1723179544947 -1.0 1684000
1723179556209 -1.0 1688000
1723179567695 -1.0 1692000
1723179579086 -1.0 1696000
1723179590464 -1.0 1700000
1723179601835 -1.0 1704000
1723179613131 -1.0 1708000
1723179624277 -1.0 1712000
1723179635698 -1.0 1716000
1723179646956 -1.0 1720000
1723179658458 -1.0 1724000
1723179669883 -1.0 1728000
1723179681177 -1.0 1732000
1723179692529 -1.0 1736000
1723179703974 -1.0 1740000
1723179715226 -1.0 1744000
1723179726679 -1.0 1748000
1723179738160 -1.0 1752000
1723179749535 -1.0 1756000
1723179760732 -1.0 1760000
1723179772176 -1.0 1764000
1723179784181 -1.0 1768000
1723179795974 -1.0 1772000
1723179807445 -1.0 1776000
1723179818874 -1.0 1780000
1723179830398 -1.0 1784000
1723179842574 -1.0 1788000
1723179853834 -1.0 1792000
1723179865357 -1.0 1796000
1723179876393 -1.0 1800000
1723179888011 -1.0 1804000
1723179899464 -1.0 1808000
1723179911015 -1.0 1812000
1723179922389 -1.0 1816000
1723179933823 -1.0 1820000
1723179945144 -1.0 1824000
1723179956381 -1.0 1828000
1723179967958 -1.0 1832000
1723179979256 -1.0 1836000
1723179990748 -1.0 1840000
1723180002132 -1.0 1844000
1723180013309 -1.0 1848000
1723180024899 -1.0 1852000
1723180036541 -1.0 1856000
1723180048215 -1.0 1860000
1723180059750 -1.0 1864000
1723180071094 -1.0 1868000
1723180082499 -1.0 1872000
1723180093876 -1.0 1876000
1723180105048 -1.0 1880000
1723180116369 -1.0 1884000
1723180127846 -1.0 1888000
1723180139374 -1.0 1892000
1723180150875 -1.0 1896000
1723180162020 -1.0 1900000
1723180173266 -1.0 1904000
1723180184551 -1.0 1908000
1723180196145 -1.0 1912000
1723180207606 -1.0 1916000
1723180219002 -1.0 1920000
1723180230487 -1.0 1924000
1723180241752 -1.0 1928000
1723180253479 -1.0 1932000
1723180264957 -1.0 1936000
1723180276085 -1.0 1940000
1723180287542 -1.0 1944000
1723180298774 -1.0 1948000
1723180310129 -1.0 1952000
1723180321900 -1.0 1956000
1723180333035 -1.0 1960000
1723180344515 -1.0 1964000
1723180356162 -1.0 1968000
1723180367646 -1.0 1972000
1723180379152 -1.0 1976000
1723180390536 -1.0 1980000
1723180401938 -1.0 1984000
1723180413608 -1.0 1988000
1723180425367 -1.0 1992000
1723180436818 -1.0 1996000
1723180448666 -1.0 2000000
