1723173953570 20.0 4000
1723173968211 20.0 8000
1723173984043 20.0 12000
1723173999032 20.0 16000
1723174014612 20.0 20000
1723174030040 20.0 24000
1723174046288 20.0 28000
1723174061169 20.0 32000
1723174078122 20.0 36000
1723174093271 20.0 40000
1723174108119 20.0 44000
1723174124622 20.0 48000
1723174139195 20.0 52000
1723174153092 20.0 56000
1723174167264 20.0 60000
1723174181371 20.0 64000
1723174195940 20.0 68000
1723174209751 20.0 72000
1723174224020 20.0 76000
1723174238017 20.0 80000
1723174252258 20.0 84000
1723174266600 20.0 88000
1723174280742 20.0 92000
1723174294630 20.0 96000
1723174308568 20.0 100000
1723174322292 20.0 104000
1723174335935 20.0 108000
1723174350289 20.0 112000
1723174364284 20.0 116000
1723174378693 20.0 120000
1723174394074 20.0 124000
1723174408298 20.0 128000
1723174422195 20.0 132000
1723174436547 20.0 136000
1723174450619 20.0 140000
1723174464484 20.0 144000
1723174478397 20.0 148000
1723174492099 20.0 152000
1723174505708 20.0 156000
1723174519114 20.0 160000
1723174532514 20.0 164000
1723174546834 20.0 168000
1723174560386 20.0 172000
1723174574305 20.0 176000
1723174588812 20.0 180000
1723174602382 20.0 184000
1723174616094 20.0 188000
1723174630016 20.0 192000
1723174643552 20.0 196000
1723174657245 20.0 200000
1723174671241 20.0 204000
1723174684819 20.0 208000
1723174698546 20.0 212000
1723174711750 20.0 216000
1723174725107 20.0 220000
1723174738998 20.0 224000
1723174752316 20.0 228000
1723174765830 20.0 232000
1723174779112 20.0 236000
1723174792697 20.0 240000
1723174806444 20.0 244000
1723174820178 20.0 248000
1723174833619 20.0 252000
1723174846759 20.0 256000
1723174860255 20.0 260000
1723174874106 20.0 264000
1723174887685 20.0 268000
1723174901019 20.0 272000
1723174914657 20.0 276000
1723174927680 20.0 280000
1723174941060 20.0 284000
1723174954222 20.0 288000
1723174967713 20.0 292000
1723174980962 20.0 296000
1723174994256 20.0 300000
1723175007635 20.0 304000
1723175020999 20.0 308000
1723175034357 20.0 312000
1723175047447 20.0 316000
1723175060423 20.0 320000
1723175073907 20.0 324000
1723175087290 20.0 328000
1723175100561 20.0 332000
1723175113715 20.0 336000
1723175127333 20.0 340000
1723175140566 20.0 344000
1723175153923 20.0 348000
1723175167517 20.0 352000
1723175181309 20.0 356000
1723175194499 20.0 360000
1723175208575 20.0 364000
1723175221259 20.0 368000
1723175234208 20.0 372000
1723175247994 20.0 376000
1723175261255 20.0 380000
1723175275157 20.0 384000
1723175288799 20.0 388000
1723175302362 20.0 392000
1723175315667 20.0 396000
1723175329226 20.0 400000
1723175342478 20.0 404000
1723175355734 20.0 408000
1723175368992 20.0 412000
1723175382060 20.0 416000
1723175395815 20.0 420000
1723175409442 20.0 424000
1723175422960 20.0 428000
1723175436272 20.0 432000
1723175449693 20.0 436000
1723175462845 20.0 440000
1723175476019 20.0 444000
1723175490452 20.0 448000
1723175503448 20.0 452000
1723175517086 20.0 456000
1723175529982 20.0 460000
1723175543100 20.0 464000
1723175555057 20.0 468000
1723175567902 20.0 472000
1723175581134 20.0 476000
1723175594505 20.0 480000
1723175607987 20.0 484000
1723175621236 20.0 488000
1723175634892 20.0 492000
1723175648799 20.0 496000
1723175662456 20.0 500000
1723175675835 20.0 504000
1723175689608 20.0 508000
1723175703453 20.0 512000
1723175717437 20.0 516000
1723175731040 20.0 520000
1723175744866 20.0 524000
1723175758855 20.0 528000
1723175773145 20.0 532000
1723175786654 20.0 536000
1723175800417 20.0 540000
1723175813483 20.0 544000
1723175826501 20.0 548000
1723175839765 20.0 552000
1723175853317 20.0 556000
1723175867556 20.0 560000
1723175881380 20.0 564000
1723175894804 20.0 568000
1723175910106 20.0 572000
1723175924066 20.0 576000
1723175936969 20.0 580000
1723175950511 20.0 584000
1723175963515 20.0 588000
1723175976819 20.0 592000
1723175990717 20.0 596000
1723176005451 20.0 600000
1723176019071 20.0 604000
1723176032512 20.0 608000
1723176045623 20.0 612000
1723176058060 20.0 616000
1723176071782 20.0 620000
1723176085528 20.0 624000
1723176099215 20.0 628000
1723176113383 20.0 632000
1723176126536 20.0 636000
1723176140553 20.0 640000
1723176153225 20.0 644000
1723176166466 20.0 648000
1723176180298 20.0 652000
1723176194003 20.0 656000
1723176207494 20.0 660000
1723176220772 20.0 664000
1723176234766 20.0 668000
1723176247816 20.0 672000
1723176261513 20.0 676000
1723176274804 20.0 680000
1723176289146 20.0 684000
1723176302200 20.0 688000
1723176314473 20.0 692000
1723176327892 20.0 696000
1723176341258 20.0 700000
1723176354720 20.0 704000
1723176368435 20.0 708000
1723176382006 20.0 712000
1723176395359 20.0 716000
1723176409310 20.0 720000
1723176423215 20.0 724000
1723176436490 20.0 728000
1723176448877 20.0 732000
1723176462179 20.0 736000
1723176475828 20.0 740000
1723176489150 20.0 744000
1723176502946 20.0 748000
1723176516353 20.0 752000
1723176529919 20.0 756000
1723176543246 20.0 760000
1723176556899 20.0 764000
1723176569917 20.0 768000
1723176583637 20.0 772000
1723176597476 20.0 776000
1723176610741 20.0 780000
1723176624173 20.0 784000
1723176637310 20.0 788000
1723176650630 20.0 792000
1723176663723 20.0 796000
1723176677034 20.0 800000
1723176690961 20.0 804000
1723176704811 20.0 808000
1723176718228 20.0 812000
1723176731494 20.0 816000
1723176744725 20.0 820000
1723176757984 20.0 824000
1723176771590 20.0 828000
1723176785202 20.0 832000
1723176798666 20.0 836000
1723176811970 20.0 840000
1723176825535 20.0 844000
1723176839341 20.0 848000
1723176852759 20.0 852000
1723176866115 20.0 856000
1723176879451 20.0 860000
1723176893251 20.0 864000
1723176907337 20.0 868000
1723176921133 20.0 872000
1723176934662 20.0 876000
1723176948219 20.0 880000
1723176961719 20.0 884000
1723176975486 20.0 888000
1723176988994 20.0 892000
1723177002405 20.0 896000
1723177015743 20.0 900000
1723177029180 20.0 904000
1723177042143 20.0 908000
1723177056264 20.0 912000
1723177069913 20.0 916000
1723177083423 20.0 920000
1723177097202 20.0 924000
1723177110594 20.0 928000
1723177124202 20.0 932000
1723177137928 20.0 936000
1723177151163 20.0 940000
1723177164359 20.0 944000
1723177177858 20.0 948000
1723177192429 20.0 952000
1723177205796 20.0 956000
1723177219412 20.0 960000
1723177232802 20.0 964000
1723177246385 20.0 968000
1723177260018 20.0 972000
1723177274290 20.0 976000
1723177287930 20.0 980000
1723177301918 20.0 984000
1723177315681 20.0 988000
1723177329285 20.0 992000
1723177342410 20.0 996000
1723177355578 20.0 1000000
1723177369132 20.0 1004000
1723177382830 20.0 1008000
1723177396520 20.0 1012000
1723177410259 20.0 1016000
1723177423699 20.0 1020000
1723177437282 20.0 1024000
1723177451045 20.0 1028000
1723177464741 20.0 1032000
1723177478870 20.0 1036000
1723177492912 20.0 1040000
1723177506828 20.0 1044000
1723177520492 20.0 1048000
1723177534375 20.0 1052000
1723177548203 20.0 1056000
1723177561765 20.0 1060000
1723177575915 20.0 1064000
1723177589558 20.0 1068000
1723177602377 20.0 1072000
1723177615545 20.0 1076000
1723177628893 20.0 1080000
1723177641934 20.0 1084000
1723177655363 20.0 1088000
1723177668805 20.0 1092000
1723177682516 20.0 1096000
1723177696021 20.0 1100000
1723177709565 20.0 1104000
1723177723056 20.0 1108000
1723177737006 20.0 1112000
1723177750177 20.0 1116000
1723177763746 20.0 1120000
1723177777120 20.0 1124000
1723177790668 20.0 1128000
1723177803842 20.0 1132000
1723177816995 20.0 1136000
1723177830499 20.0 1140000
1723177844211 20.0 1144000
1723177858330 20.0 1148000
1723177871906 20.0 1152000
1723177885569 20.0 1156000
1723177899088 20.0 1160000
1723177912686 20.0 1164000
1723177925676 20.0 1168000
1723177939288 20.0 1172000
1723177952280 20.0 1176000
1723177965629 20.0 1180000
1723177979093 20.0 1184000
1723177993025 20.0 1188000
1723178006511 20.0 1192000
1723178019733 20.0 1196000
1723178033000 20.0 1200000
1723178045116 20.0 1204000
1723178058632 20.0 1208000
1723178071568 20.0 1212000
1723178084905 20.0 1216000
1723178097770 20.0 1220000
1723178111096 20.0 1224000
1723178124302 20.0 1228000
1723178137633 20.0 1232000
1723178151377 20.0 1236000
1723178165134 20.0 1240000
1723178178578 20.0 1244000
1723178191647 20.0 1248000
1723178205018 20.0 1252000
1723178218920 20.0 1256000
1723178232251 20.0 1260000
1723178245672 20.0 1264000
1723178259182 20.0 1268000
1723178273003 20.0 1272000
1723178286309 20.0 1276000
1723178299508 20.0 1280000
1723178312859 20.0 1284000
1723178326895 20.0 1288000
1723178340842 20.0 1292000
1723178354458 20.0 1296000
1723178367790 20.0 1300000
1723178381084 20.0 1304000
1723178394681 20.0 1308000
1723178407660 20.0 1312000
1723178420860 20.0 1316000
1723178434363 20.0 1320000
1723178447694 20.0 1324000
1723178461187 20.0 1328000
1723178474723 20.0 1332000
1723178488199 20.0 1336000
1723178501648 20.0 1340000
1723178515675 20.0 1344000
1723178529875 20.0 1348000
1723178543375 20.0 1352000
1723178556915 20.0 1356000
1723178570342 20.0 1360000
1723178583486 20.0 1364000
1723178597065 20.0 1368000
1723178610280 20.0 1372000
1723178623436 20.0 1376000
1723178636568 20.0 1380000
1723178649886 20.0 1384000
1723178662567 20.0 1388000
1723178675099 20.0 1392000
1723178688456 20.0 1396000
1723178701564 20.0 1400000
1723178714901 20.0 1404000
1723178728538 20.0 1408000
1723178742321 20.0 1412000
1723178755557 20.0 1416000
1723178769298 20.0 1420000
1723178782821 20.0 1424000
1723178796260 20.0 1428000
1723178809831 20.0 1432000
1723178823185 20.0 1436000
1723178836082 20.0 1440000
1723178847489 20.0 1444000
1723178859288 20.0 1448000
1723178871022 20.0 1452000
1723178882996 20.0 1456000
1723178895001 20.0 1460000
1723178907044 20.0 1464000
1723178918343 20.0 1468000
1723178929912 20.0 1472000
1723178942168 20.0 1476000
1723178953844 20.0 1480000
1723178965753 20.0 1484000
1723178977685 20.0 1488000
1723178989823 20.0 1492000
1723179001697 20.0 1496000
1723179013713 20.0 1500000
1723179025331 20.0 1504000
1723179037251 20.0 1508000
1723179048975 20.0 1512000
1723179060617 20.0 1516000
1723179072589 20.0 1520000
1723179084898 20.0 1524000
1723179096559 20.0 1528000
1723179108066 20.0 1532000
1723179119673 20.0 1536000
1723179131433 20.0 1540000
1723179143218 20.0 1544000
1723179154764 20.0 1548000
1723179166480 20.0 1552000
1723179177938 20.0 1556000
1723179189775 20.0 1560000
1723179201057 20.0 1564000
1723179212694 20.0 1568000
1723179224372 20.0 1572000
1723179236285 20.0 1576000
1723179247901 20.0 1580000
1723179259094 20.0 1584000
1723179270696 20.0 1588000
1723179282390 20.0 1592000
1723179293749 20.0 1596000
1723179305034 20.0 1600000
1723179316142 20.0 1604000
1723179327954 20.0 1608000
1723179339512 20.0 1612000
1723179350908 20.0 1616000
1723179362300 20.0 1620000
1723179373587 20.0 1624000
1723179384938 20.0 1628000
1723179396189 20.0 1632000
1723179407379 20.0 1636000
1723179418865 20.0 1640000
1723179430543 20.0 1644000
1723179441893 20.0 1648000
1723179453241 20.0 1652000
1723179464642 20.0 1656000
1723179475947 20.0 1660000
1723179487764 20.0 1664000
1723179499180 20.0 1668000
1723179510717 20.0 1672000
1723179522257 20.0 1676000
1723179533898 20.0 1680000
1723179544918 20.0 1684000
1723179556179 20.0 1688000
1723179567665 20.0 1692000
1723179579057 20.0 1696000
1723179590435 20.0 1700000
1723179601804 20.0 1704000
1723179613102 20.0 1708000
1723179624248 20.0 1712000
1723179635668 20.0 1716000
1723179646927 20.0 1720000
1723179658430 20.0 1724000
1723179669854 20.0 1728000
1723179681148 20.0 1732000
1723179692499 20.0 1736000
1723179703945 20.0 1740000
1723179715197 20.0 1744000
1723179726649 20.0 1748000
1723179738127 20.0 1752000
1723179749506 20.0 1756000
1723179760704 20.0 1760000
1723179772148 20.0 1764000
1723179784151 20.0 1768000
1723179795945 20.0 1772000
1723179807416 20.0 1776000
1723179818845 20.0 1780000
1723179830369 20.0 1784000
1723179842544 20.0 1788000
1723179853805 20.0 1792000
1723179865325 20.0 1796000
1723179876364 20.0 1800000
1723179887979 20.0 1804000
1723179899435 20.0 1808000
1723179910986 20.0 1812000
1723179922360 20.0 1816000
1723179933793 20.0 1820000
1723179945113 20.0 1824000
1723179956352 20.0 1828000
1723179967924 20.0 1832000
1723179979227 20.0 1836000
1723179990719 20.0 1840000
1723180002102 20.0 1844000
1723180013281 20.0 1848000
1723180024870 20.0 1852000
1723180036512 20.0 1856000
1723180048185 20.0 1860000
1723180059720 20.0 1864000
1723180071062 20.0 1868000
1723180082469 20.0 1872000
1723180093846 20.0 1876000
1723180105018 20.0 1880000
1723180116340 20.0 1884000
1723180127817 20.0 1888000
1723180139345 20.0 1892000
1723180150846 20.0 1896000
1723180161991 20.0 1900000
1723180173237 20.0 1904000
1723180184521 20.0 1908000
1723180196116 20.0 1912000
1723180207576 20.0 1916000
1723180218973 20.0 1920000
1723180230457 20.0 1924000
1723180241722 20.0 1928000
1723180253444 20.0 1932000
1723180264926 20.0 1936000
1723180276055 20.0 1940000
1723180287513 20.0 1944000
1723180298745 20.0 1948000
1723180310099 20.0 1952000
1723180321872 20.0 1956000
1723180333004 20.0 1960000
1723180344486 20.0 1964000
1723180356131 20.0 1968000
1723180367617 20.0 1972000
1723180379123 20.0 1976000
1723180390504 20.0 1980000
1723180401909 20.0 1984000
1723180413579 20.0 1988000
1723180425338 20.0 1992000
1723180436788 20.0 1996000
1723180448636 20.0 2000000
