1723173953580 1.0 4000
1723173968220 1.0 8000
1723173984054 1.0 12000
1723173999041 1.0 16000
1723174014621 1.0 20000
1723174030048 1.0 24000
1723174046296 1.0 28000
1723174061178 1.0 32000
1723174078129 1.0 36000
1723174093280 1.0 40000
1723174108127 1.0 44000
1723174124633 1.0 48000
1723174139203 1.0 52000
1723174153101 1.0 56000
1723174167272 1.0 60000
1723174181380 1.0 64000
1723174195950 1.0 68000
1723174209759 1.0 72000
1723174224029 1.0 76000
1723174238026 1.0 80000
1723174252266 1.0 84000
1723174266608 1.0 88000
1723174280751 1.0 92000
1723174294639 1.0 96000
1723174308577 1.0 100000
1723174322300 1.0 104000
1723174335943 1.0 108000
1723174350297 1.0 112000
1723174364293 1.0 116000
1723174378701 1.0 120000
1723174394082 1.0 124000
1723174408306 1.0 128000
1723174422203 1.0 132000
1723174436555 1.0 136000
1723174450627 1.0 140000
1723174464492 1.0 144000
1723174478405 1.0 148000
1723174492107 1.0 152000
1723174505716 1.0 156000
1723174519122 1.0 160000
1723174532521 1.0 164000
1723174546842 1.0 168000
1723174560394 1.0 172000
1723174574312 1.0 176000
1723174588820 1.0 180000
1723174602391 1.0 184000
1723174616101 1.0 188000
1723174630024 1.0 192000
1723174643561 1.0 196000
1723174657254 1.0 200000
1723174671249 1.0 204000
1723174684827 1.0 208000
1723174698555 1.0 212000
1723174711757 1.0 216000
1723174725116 1.0 220000
1723174739007 1.0 224000
1723174752324 1.0 228000
1723174765839 1.0 232000
1723174779121 1.0 236000
1723174792709 1.0 240000
1723174806452 1.0 244000
1723174820186 1.0 248000
1723174833627 1.0 252000
1723174846772 1.0 256000
1723174860263 1.0 260000
1723174874114 1.0 264000
1723174887697 1.0 268000
1723174901027 1.0 272000
1723174914665 1.0 276000
1723174927688 1.0 280000
1723174941068 1.0 284000
1723174954230 1.0 288000
1723174967720 1.0 292000
1723174980971 1.0 296000
1723174994264 1.0 300000
1723175007643 1.0 304000
1723175021008 1.0 308000
1723175034365 1.0 312000
1723175047455 1.0 316000
1723175060431 1.0 320000
1723175073918 1.0 324000
1723175087298 1.0 328000
1723175100569 1.0 332000
1723175113724 1.0 336000
1723175127342 1.0 340000
1723175140574 1.0 344000
1723175153931 1.0 348000
1723175167525 1.0 352000
1723175181317 1.0 356000
1723175194507 1.0 360000
1723175208584 1.0 364000
1723175221267 1.0 368000
1723175234215 1.0 372000
1723175248002 1.0 376000
1723175261263 1.0 380000
1723175275166 1.0 384000
1723175288807 1.0 388000
1723175302372 1.0 392000
1723175315675 1.0 396000
1723175329234 1.0 400000
1723175342486 1.0 404000
1723175355742 1.0 408000
1723175368999 1.0 412000
1723175382068 1.0 416000
1723175395824 1.0 420000
1723175409451 1.0 424000
1723175422968 1.0 428000
1723175436281 1.0 432000
1723175449702 1.0 436000
1723175462854 1.0 440000
1723175476027 1.0 444000
1723175490460 1.0 448000
1723175503456 1.0 452000
1723175517094 1.0 456000
1723175529991 1.0 460000
1723175543108 1.0 464000
1723175555065 1.0 468000
1723175567910 1.0 472000
1723175581143 1.0 476000
1723175594513 1.0 480000
1723175607995 1.0 484000
1723175621244 1.0 488000
1723175634901 1.0 492000
1723175648808 1.0 496000
1723175662465 1.0 500000
1723175675843 1.0 504000
1723175689616 1.0 508000
1723175703461 1.0 512000
1723175717447 1.0 516000
1723175731048 1.0 520000
1723175744874 1.0 524000
1723175758863 1.0 528000
1723175773153 1.0 532000
1723175786663 1.0 536000
1723175800426 1.0 540000
1723175813491 1.0 544000
1723175826508 1.0 548000
1723175839773 1.0 552000
1723175853326 1.0 556000
1723175867564 1.0 560000
1723175881389 1.0 564000
1723175894814 1.0 568000
1723175910117 1.0 572000
1723175924076 1.0 576000
1723175936980 1.0 580000
1723175950528 1.0 584000
1723175963524 1.0 588000
1723175976827 1.0 592000
1723175990727 1.0 596000
1723176005459 1.0 600000
1723176019079 1.0 604000
1723176032523 1.0 608000
1723176045632 1.0 612000
1723176058068 1.0 616000
1723176071794 1.0 620000
1723176085537 1.0 624000
1723176099226 1.0 628000
1723176113391 1.0 632000
1723176126545 1.0 636000
1723176140563 1.0 640000
1723176153233 1.0 644000
1723176166474 1.0 648000
1723176180307 1.0 652000
1723176194011 1.0 656000
1723176207505 1.0 660000
1723176220780 1.0 664000
1723176234775 1.0 668000
1723176247824 1.0 672000
1723176261521 1.0 676000
1723176274814 1.0 680000
1723176289154 1.0 684000
1723176302209 1.0 688000
1723176314482 1.0 692000
1723176327905 1.0 696000
1723176341271 1.0 700000
1723176354729 1.0 704000
1723176368443 1.0 708000
1723176382014 1.0 712000
1723176395367 1.0 716000
1723176409318 1.0 720000
1723176423224 1.0 724000
1723176436502 1.0 728000
1723176448886 1.0 732000
1723176462188 1.0 736000
1723176475837 1.0 740000
1723176489158 1.0 744000
1723176502960 1.0 748000
1723176516366 1.0 752000
1723176529932 1.0 756000
1723176543254 1.0 760000
1723176556908 1.0 764000
1723176569926 1.0 768000
1723176583646 1.0 772000
1723176597484 1.0 776000
1723176610749 1.0 780000
1723176624181 1.0 784000
1723176637318 1.0 788000
1723176650638 1.0 792000
1723176663732 1.0 796000
1723176677042 1.0 800000
1723176690969 1.0 804000
1723176704819 1.0 808000
1723176718236 1.0 812000
1723176731502 1.0 816000
1723176744733 1.0 820000
1723176757992 1.0 824000
1723176771598 1.0 828000
1723176785210 1.0 832000
1723176798674 1.0 836000
1723176811978 1.0 840000
1723176825544 1.0 844000
1723176839350 1.0 848000
1723176852768 1.0 852000
1723176866123 1.0 856000
1723176879460 1.0 860000
1723176893259 1.0 864000
1723176907346 1.0 868000
1723176921141 1.0 872000
1723176934670 1.0 876000
1723176948227 1.0 880000
1723176961729 1.0 884000
1723176975494 1.0 888000
1723176989002 1.0 892000
1723177002413 1.0 896000
1723177015751 1.0 900000
1723177029188 1.0 904000
1723177042151 1.0 908000
1723177056272 1.0 912000
1723177069923 1.0 916000
1723177083431 1.0 920000
1723177097210 1.0 924000
1723177110602 1.0 928000
1723177124210 1.0 932000
1723177137936 1.0 936000
1723177151171 1.0 940000
1723177164368 1.0 944000
1723177177866 1.0 948000
1723177192439 1.0 952000
1723177205804 1.0 956000
1723177219420 1.0 960000
1723177232810 1.0 964000
1723177246394 1.0 968000
1723177260026 1.0 972000
1723177274299 1.0 976000
1723177287939 1.0 980000
1723177301926 1.0 984000
1723177315689 1.0 988000
1723177329293 1.0 992000
1723177342418 1.0 996000
1723177355586 1.0 1000000
1723177369142 1.0 1004000
1723177382838 1.0 1008000
1723177396529 1.0 1012000
1723177410268 1.0 1016000
1723177423710 1.0 1020000
1723177437290 1.0 1024000
1723177451054 1.0 1028000
1723177464750 1.0 1032000
1723177478878 1.0 1036000
1723177492924 1.0 1040000
1723177506836 1.0 1044000
1723177520501 1.0 1048000
1723177534384 1.0 1052000
1723177548217 1.0 1056000
1723177561774 1.0 1060000
1723177575924 1.0 1064000
1723177589567 1.0 1068000
1723177602385 1.0 1072000
1723177615553 1.0 1076000
1723177628901 1.0 1080000
1723177641942 1.0 1084000
1723177655370 1.0 1088000
1723177668815 1.0 1092000
1723177682525 1.0 1096000
1723177696029 1.0 1100000
1723177709574 1.0 1104000
1723177723064 1.0 1108000
1723177737015 1.0 1112000
1723177750187 1.0 1116000
1723177763754 1.0 1120000
1723177777128 1.0 1124000
1723177790676 1.0 1128000
1723177803850 1.0 1132000
1723177817004 1.0 1136000
1723177830508 1.0 1140000
1723177844219 1.0 1144000
1723177858337 1.0 1148000
1723177871915 1.0 1152000
1723177885578 1.0 1156000
1723177899096 1.0 1160000
1723177912695 1.0 1164000
1723177925684 1.0 1168000
1723177939297 1.0 1172000
1723177952288 1.0 1176000
1723177965637 1.0 1180000
1723177979103 1.0 1184000
1723177993033 1.0 1188000
1723178006520 1.0 1192000
1723178019741 1.0 1196000
1723178033009 1.0 1200000
1723178045124 1.0 1204000
1723178058640 1.0 1208000
1723178071577 1.0 1212000
1723178084913 1.0 1216000
1723178097779 1.0 1220000
1723178111104 1.0 1224000
1723178124310 1.0 1228000
1723178137642 1.0 1232000
1723178151385 1.0 1236000
1723178165147 1.0 1240000
1723178178587 1.0 1244000
1723178191655 1.0 1248000
1723178205026 1.0 1252000
1723178218929 1.0 1256000
1723178232259 1.0 1260000
1723178245680 1.0 1264000
1723178259190 1.0 1268000
1723178273012 1.0 1272000
1723178286317 1.0 1276000
1723178299515 1.0 1280000
1723178312867 1.0 1284000
1723178326904 1.0 1288000
1723178340850 1.0 1292000
1723178354466 1.0 1296000
1723178367799 1.0 1300000
1723178381093 1.0 1304000
1723178394689 1.0 1308000
1723178407669 1.0 1312000
1723178420869 1.0 1316000
1723178434371 1.0 1320000
1723178447702 1.0 1324000
1723178461195 1.0 1328000
1723178474731 1.0 1332000
1723178488207 1.0 1336000
1723178501656 1.0 1340000
1723178515684 1.0 1344000
1723178529884 1.0 1348000
1723178543385 1.0 1352000
1723178556923 1.0 1356000
1723178570350 1.0 1360000
1723178583495 1.0 1364000
1723178597073 1.0 1368000
1723178610288 1.0 1372000
1723178623445 1.0 1376000
1723178636576 1.0 1380000
1723178649894 1.0 1384000
1723178662588 1.0 1388000
1723178675108 1.0 1392000
1723178688464 1.0 1396000
1723178701572 1.0 1400000
1723178714910 1.0 1404000
1723178728547 1.0 1408000
1723178742329 1.0 1412000
1723178755565 1.0 1416000
1723178769306 1.0 1420000
1723178782830 1.0 1424000
1723178796269 1.0 1428000
1723178809840 1.0 1432000
1723178823194 1.0 1436000
1723178836090 1.0 1440000
1723178847497 1.0 1444000
1723178859296 1.0 1448000
1723178871029 1.0 1452000
1723178883004 1.0 1456000
1723178895009 1.0 1460000
1723178907052 1.0 1464000
1723178918350 1.0 1468000
1723178929920 1.0 1472000
1723178942176 1.0 1476000
1723178953851 1.0 1480000
1723178965760 1.0 1484000
1723178977693 1.0 1488000
1723178989830 1.0 1492000
1723179001705 1.0 1496000
1723179013721 1.0 1500000
1723179025339 1.0 1504000
1723179037261 1.0 1508000
1723179048983 1.0 1512000
1723179060625 1.0 1516000
1723179072597 1.0 1520000
1723179084906 1.0 1524000
1723179096567 1.0 1528000
1723179108075 1.0 1532000
1723179119681 1.0 1536000
1723179131441 1.0 1540000
1723179143226 1.0 1544000
1723179154772 1.0 1548000
1723179166488 1.0 1552000
1723179177946 1.0 1556000
1723179189782 1.0 1560000
1723179201064 1.0 1564000
1723179212702 1.0 1568000
1723179224380 1.0 1572000
1723179236292 1.0 1576000
1723179247909 1.0 1580000
1723179259102 1.0 1584000
1723179270704 1.0 1588000
1723179282398 1.0 1592000
1723179293757 1.0 1596000
1723179305042 1.0 1600000
1723179316150 1.0 1604000
1723179327962 1.0 1608000
1723179339520 1.0 1612000
1723179350916 1.0 1616000
1723179362308 1.0 1620000
1723179373595 1.0 1624000
1723179384945 1.0 1628000
1723179396197 1.0 1632000
1723179407386 1.0 1636000
1723179418872 1.0 1640000
1723179430551 1.0 1644000
1723179441901 1.0 1648000
1723179453249 1.0 1652000
1723179464650 1.0 1656000
1723179475955 1.0 1660000
1723179487772 1.0 1664000
1723179499188 1.0 1668000
1723179510725 1.0 1672000
1723179522265 1.0 1676000
1723179533906 1.0 1680000
1723179544926 1.0 1684000
1723179556187 1.0 1688000
1723179567674 1.0 1692000
1723179579065 1.0 1696000
1723179590443 1.0 1700000
1723179601813 1.0 1704000
1723179613110 1.0 1708000
1723179624255 1.0 1712000
1723179635676 1.0 1716000
1723179646935 1.0 1720000
1723179658437 1.0 1724000
1723179669862 1.0 1728000
1723179681156 1.0 1732000
1723179692507 1.0 1736000
1723179703953 1.0 1740000
1723179715204 1.0 1744000
1723179726657 1.0 1748000
1723179738139 1.0 1752000
1723179749513 1.0 1756000
1723179760711 1.0 1760000
1723179772155 1.0 1764000
1723179784159 1.0 1768000
1723179795953 1.0 1772000
1723179807423 1.0 1776000
1723179818853 1.0 1780000
1723179830377 1.0 1784000
1723179842552 1.0 1788000
1723179853812 1.0 1792000
1723179865335 1.0 1796000
1723179876371 1.0 1800000
1723179887987 1.0 1804000
1723179899443 1.0 1808000
1723179910994 1.0 1812000
1723179922368 1.0 1816000
1723179933801 1.0 1820000
1723179945122 1.0 1824000
1723179956360 1.0 1828000
1723179967937 1.0 1832000
1723179979235 1.0 1836000
1723179990727 1.0 1840000
1723180002110 1.0 1844000
1723180013288 1.0 1848000
1723180024878 1.0 1852000
1723180036520 1.0 1856000
1723180048193 1.0 1860000
1723180059728 1.0 1864000
1723180071069 1.0 1868000
1723180082477 1.0 1872000
1723180093854 1.0 1876000
1723180105026 1.0 1880000
1723180116348 1.0 1884000
1723180127824 1.0 1888000
1723180139353 1.0 1892000
1723180150854 1.0 1896000
1723180161998 1.0 1900000
1723180173245 1.0 1904000
1723180184529 1.0 1908000
1723180196124 1.0 1912000
1723180207584 1.0 1916000
1723180218981 1.0 1920000
1723180230465 1.0 1924000
1723180241731 1.0 1928000
1723180253454 1.0 1932000
1723180264935 1.0 1936000
1723180276063 1.0 1940000
1723180287521 1.0 1944000
1723180298753 1.0 1948000
1723180310107 1.0 1952000
1723180321879 1.0 1956000
1723180333013 1.0 1960000
1723180344494 1.0 1964000
1723180356139 1.0 1968000
1723180367624 1.0 1972000
1723180379131 1.0 1976000
1723180390514 1.0 1980000
1723180401916 1.0 1984000
1723180413586 1.0 1988000
1723180425345 1.0 1992000
1723180436797 1.0 1996000
1723180448644 1.0 2000000
