1723173953572 0.0 4000
1723173968213 0.0 8000
1723173984045 0.0 12000
1723173999034 0.0 16000
1723174014614 0.0 20000
1723174030042 0.0 24000
1723174046289 0.0 28000
1723174061170 0.0 32000
1723174078123 0.0 36000
1723174093273 0.0 40000
1723174108120 0.0 44000
1723174124624 0.0 48000
1723174139197 0.0 52000
1723174153094 0.0 56000
1723174167266 0.0 60000
1723174181373 0.0 64000
1723174195942 0.0 68000
1723174209752 0.0 72000
1723174224022 0.0 76000
1723174238019 0.0 80000
1723174252260 0.0 84000
1723174266602 0.0 88000
1723174280744 0.0 92000
1723174294632 0.0 96000
1723174308569 0.0 100000
1723174322294 0.0 104000
1723174335937 0.0 108000
1723174350290 0.0 112000
1723174364286 0.0 116000
1723174378695 0.0 120000
1723174394076 0.0 124000
1723174408299 0.0 128000
1723174422196 0.0 132000
1723174436548 0.0 136000
1723174450621 0.0 140000
1723174464486 0.0 144000
1723174478399 0.0 148000
1723174492100 0.0 152000
1723174505710 0.0 156000
1723174519116 0.0 160000
1723174532515 0.0 164000
1723174546836 0.0 168000
1723174560388 0.0 172000
1723174574307 0.0 176000
1723174588813 0.0 180000
1723174602384 0.0 184000
1723174616095 0.0 188000
1723174630018 0.0 192000
1723174643554 0.0 196000
1723174657247 0.0 200000
1723174671243 0.0 204000
1723174684821 0.0 208000
1723174698548 0.0 212000
1723174711751 0.0 216000
1723174725109 0.0 220000
1723174739000 0.0 224000
1723174752317 0.0 228000
1723174765832 0.0 232000
1723174779114 0.0 236000
1723174792699 0.0 240000
1723174806446 0.0 244000
1723174820180 0.0 248000
1723174833621 0.0 252000
1723174846761 0.0 256000
1723174860256 0.0 260000
1723174874108 0.0 264000
1723174887687 0.0 268000
1723174901020 0.0 272000
1723174914659 0.0 276000
1723174927682 0.0 280000
1723174941062 0.0 284000
1723174954223 0.0 288000
1723174967714 0.0 292000
1723174980964 0.0 296000
1723174994257 0.0 300000
1723175007637 0.0 304000
1723175021001 0.0 308000
1723175034358 0.0 312000
1723175047449 0.0 316000
1723175060425 0.0 320000
1723175073912 0.0 324000
1723175087292 0.0 328000
1723175100562 0.0 332000
1723175113717 0.0 336000
1723175127335 0.0 340000
1723175140568 0.0 344000
1723175153924 0.0 348000
1723175167518 0.0 352000
1723175181310 0.0 356000
1723175194500 0.0 360000
1723175208577 0.0 364000
1723175221261 0.0 368000
1723175234209 0.0 372000
1723175247996 0.0 376000
1723175261256 0.0 380000
1723175275159 0.0 384000
1723175288801 0.0 388000
1723175302364 0.0 392000
1723175315669 0.0 396000
1723175329228 0.0 400000
1723175342479 0.0 404000
1723175355735 0.0 408000
1723175368993 0.0 412000
1723175382062 0.0 416000
1723175395817 0.0 420000
1723175409444 0.0 424000
1723175422962 0.0 428000
1723175436274 0.0 432000
1723175449695 0.0 436000
1723175462846 0.0 440000
1723175476020 0.0 444000
1723175490454 0.0 448000
1723175503450 0.0 452000
1723175517087 0.0 456000
1723175529983 0.0 460000
1723175543101 0.0 464000
1723175555059 0.0 468000
1723175567904 0.0 472000
1723175581136 0.0 476000
1723175594507 0.0 480000
1723175607989 0.0 484000
1723175621238 0.0 488000
1723175634894 0.0 492000
1723175648801 0.0 496000
1723175662458 0.0 500000
1723175675837 0.0 504000
1723175689609 0.0 508000
1723175703455 0.0 512000
1723175717439 0.0 516000
1723175731042 0.0 520000
1723175744868 0.0 524000
1723175758856 0.0 528000
1723175773146 0.0 532000
1723175786656 0.0 536000
1723175800419 0.0 540000
1723175813484 0.0 544000
1723175826502 0.0 548000
1723175839767 0.0 552000
1723175853319 0.0 556000
1723175867558 0.0 560000
1723175881382 0.0 564000
1723175894807 0.0 568000
1723175910107 0.0 572000
1723175924067 0.0 576000
1723175936972 0.0 580000
1723175950513 0.0 584000
1723175963517 0.0 588000
1723175976821 0.0 592000
1723175990719 0.0 596000
1723176005452 0.0 600000
1723176019073 0.0 604000
1723176032515 0.0 608000
1723176045625 0.0 612000
1723176058062 0.0 616000
1723176071784 0.0 620000
1723176085530 0.0 624000
1723176099219 0.0 628000
1723176113384 0.0 632000
1723176126538 0.0 636000
1723176140554 0.0 640000
1723176153227 0.0 644000
1723176166467 0.0 648000
1723176180300 0.0 652000
1723176194005 0.0 656000
1723176207496 0.0 660000
1723176220773 0.0 664000
1723176234768 0.0 668000
1723176247818 0.0 672000
1723176261514 0.0 676000
1723176274806 0.0 680000
1723176289148 0.0 684000
1723176302201 0.0 688000
1723176314475 0.0 692000
1723176327895 0.0 696000
1723176341260 0.0 700000
1723176354722 0.0 704000
1723176368437 0.0 708000
1723176382008 0.0 712000
1723176395361 0.0 716000
1723176409312 0.0 720000
1723176423217 0.0 724000
1723176436492 0.0 728000
1723176448879 0.0 732000
1723176462181 0.0 736000
1723176475829 0.0 740000
1723176489151 0.0 744000
1723176502948 0.0 748000
1723176516355 0.0 752000
1723176529922 0.0 756000
1723176543248 0.0 760000
1723176556900 0.0 764000
1723176569919 0.0 768000
1723176583639 0.0 772000
1723176597477 0.0 776000
1723176610743 0.0 780000
1723176624174 0.0 784000
1723176637312 0.0 788000
1723176650632 0.0 792000
1723176663725 0.0 796000
1723176677035 0.0 800000
1723176690962 0.0 804000
1723176704812 0.0 808000
1723176718230 0.0 812000
1723176731495 0.0 816000
1723176744727 0.0 820000
1723176757986 0.0 824000
1723176771592 0.0 828000
1723176785203 0.0 832000
1723176798668 0.0 836000
1723176811971 0.0 840000
1723176825538 0.0 844000
1723176839343 0.0 848000
1723176852761 0.0 852000
1723176866117 0.0 856000
1723176879453 0.0 860000
1723176893253 0.0 864000
1723176907339 0.0 868000
1723176921135 0.0 872000
1723176934664 0.0 876000
1723176948221 0.0 880000
1723176961721 0.0 884000
1723176975487 0.0 888000
1723176988996 0.0 892000
1723177002406 0.0 896000
1723177015744 0.0 900000
1723177029181 0.0 904000
1723177042145 0.0 908000
1723177056266 0.0 912000
1723177069915 0.0 916000
1723177083424 0.0 920000
1723177097204 0.0 924000
1723177110596 0.0 928000
1723177124203 0.0 932000
1723177137930 0.0 936000
1723177151164 0.0 940000
1723177164361 0.0 944000
1723177177860 0.0 948000
1723177192432 0.0 952000
1723177205798 0.0 956000
1723177219414 0.0 960000
1723177232803 0.0 964000
1723177246387 0.0 968000
1723177260019 0.0 972000
1723177274292 0.0 976000
1723177287932 0.0 980000
1723177301919 0.0 984000
1723177315683 0.0 988000
1723177329286 0.0 992000
1723177342411 0.0 996000
1723177355579 0.0 1000000
1723177369134 0.0 1004000
1723177382832 0.0 1008000
1723177396522 0.0 1012000
1723177410261 0.0 1016000
1723177423702 0.0 1020000
1723177437283 0.0 1024000
1723177451047 0.0 1028000
1723177464743 0.0 1032000
1723177478872 0.0 1036000
1723177492914 0.0 1040000
1723177506830 0.0 1044000
1723177520494 0.0 1048000
1723177534377 0.0 1052000
1723177548205 0.0 1056000
1723177561767 0.0 1060000
1723177575917 0.0 1064000
1723177589560 0.0 1068000
1723177602379 0.0 1072000
1723177615546 0.0 1076000
1723177628894 0.0 1080000
1723177641936 0.0 1084000
1723177655364 0.0 1088000
1723177668808 0.0 1092000
1723177682518 0.0 1096000
1723177696023 0.0 1100000
1723177709567 0.0 1104000
1723177723058 0.0 1108000
1723177737009 0.0 1112000
1723177750180 0.0 1116000
1723177763748 0.0 1120000
1723177777122 0.0 1124000
1723177790670 0.0 1128000
1723177803844 0.0 1132000
1723177816996 0.0 1136000
1723177830501 0.0 1140000
1723177844212 0.0 1144000
1723177858332 0.0 1148000
1723177871908 0.0 1152000
1723177885571 0.0 1156000
1723177899090 0.0 1160000
1723177912688 0.0 1164000
1723177925678 0.0 1168000
1723177939290 0.0 1172000
1723177952281 0.0 1176000
1723177965631 0.0 1180000
1723177979095 0.0 1184000
1723177993027 0.0 1188000
1723178006513 0.0 1192000
1723178019735 0.0 1196000
1723178033001 0.0 1200000
1723178045117 0.0 1204000
1723178058634 0.0 1208000
1723178071570 0.0 1212000
1723178084906 0.0 1216000
1723178097772 0.0 1220000
1723178111097 0.0 1224000
1723178124304 0.0 1228000
1723178137634 0.0 1232000
1723178151379 0.0 1236000
1723178165136 0.0 1240000
1723178178580 0.0 1244000
1723178191649 0.0 1248000
1723178205020 0.0 1252000
1723178218922 0.0 1256000
1723178232253 0.0 1260000
1723178245674 0.0 1264000
1723178259183 0.0 1268000
1723178273005 0.0 1272000
1723178286311 0.0 1276000
1723178299509 0.0 1280000
1723178312861 0.0 1284000
1723178326898 0.0 1288000
1723178340844 0.0 1292000
1723178354460 0.0 1296000
1723178367792 0.0 1300000
1723178381086 0.0 1304000
1723178394683 0.0 1308000
1723178407662 0.0 1312000
1723178420862 0.0 1316000
1723178434365 0.0 1320000
1723178447696 0.0 1324000
1723178461188 0.0 1328000
1723178474724 0.0 1332000
1723178488200 0.0 1336000
1723178501650 0.0 1340000
1723178515676 0.0 1344000
1723178529876 0.0 1348000
1723178543377 0.0 1352000
1723178556916 0.0 1356000
1723178570343 0.0 1360000
1723178583488 0.0 1364000
1723178597067 0.0 1368000
1723178610282 0.0 1372000
1723178623438 0.0 1376000
1723178636570 0.0 1380000
1723178649887 0.0 1384000
1723178662569 0.0 1388000
1723178675101 0.0 1392000
1723178688458 0.0 1396000
1723178701566 0.0 1400000
1723178714902 0.0 1404000
1723178728540 0.0 1408000
1723178742323 0.0 1412000
1723178755558 0.0 1416000
1723178769300 0.0 1420000
1723178782823 0.0 1424000
1723178796262 0.0 1428000
1723178809833 0.0 1432000
1723178823187 0.0 1436000
1723178836084 0.0 1440000
1723178847491 0.0 1444000
1723178859290 0.0 1448000
1723178871023 0.0 1452000
1723178882997 0.0 1456000
1723178895003 0.0 1460000
1723178907046 0.0 1464000
1723178918344 0.0 1468000
1723178929914 0.0 1472000
1723178942170 0.0 1476000
1723178953845 0.0 1480000
1723178965754 0.0 1484000
1723178977687 0.0 1488000
1723178989824 0.0 1492000
1723179001698 0.0 1496000
1723179013715 0.0 1500000
1723179025332 0.0 1504000
1723179037254 0.0 1508000
1723179048977 0.0 1512000
1723179060618 0.0 1516000
1723179072591 0.0 1520000
1723179084900 0.0 1524000
1723179096561 0.0 1528000
1723179108068 0.0 1532000
1723179119675 0.0 1536000
1723179131435 0.0 1540000
1723179143220 0.0 1544000
1723179154765 0.0 1548000
1723179166481 0.0 1552000
1723179177939 0.0 1556000
1723179189776 0.0 1560000
1723179201058 0.0 1564000
1723179212696 0.0 1568000
1723179224373 0.0 1572000
1723179236286 0.0 1576000
1723179247903 0.0 1580000
1723179259096 0.0 1584000
1723179270698 0.0 1588000
1723179282391 0.0 1592000
1723179293751 0.0 1596000
1723179305035 0.0 1600000
1723179316144 0.0 1604000
1723179327956 0.0 1608000
1723179339514 0.0 1612000
1723179350910 0.0 1616000
1723179362301 0.0 1620000
1723179373588 0.0 1624000
1723179384939 0.0 1628000
1723179396190 0.0 1632000
1723179407380 0.0 1636000
1723179418866 0.0 1640000
1723179430545 0.0 1644000
1723179441895 0.0 1648000
1723179453242 0.0 1652000
1723179464644 0.0 1656000
1723179475949 0.0 1660000
1723179487765 0.0 1664000
1723179499182 0.0 1668000
1723179510719 0.0 1672000
1723179522258 0.0 1676000
1723179533900 0.0 1680000
1723179544920 0.0 1684000
1723179556180 0.0 1688000
1723179567667 0.0 1692000
1723179579059 0.0 1696000
1723179590437 0.0 1700000
1723179601806 0.0 1704000
1723179613103 0.0 1708000
1723179624249 0.0 1712000
1723179635670 0.0 1716000
1723179646928 0.0 1720000
1723179658431 0.0 1724000
1723179669856 0.0 1728000
1723179681150 0.0 1732000
1723179692501 0.0 1736000
1723179703947 0.0 1740000
1723179715198 0.0 1744000
1723179726650 0.0 1748000
1723179738132 0.0 1752000
1723179749507 0.0 1756000
1723179760705 0.0 1760000
1723179772149 0.0 1764000
1723179784153 0.0 1768000
1723179795947 0.0 1772000
1723179807417 0.0 1776000
1723179818846 0.0 1780000
1723179830371 0.0 1784000
1723179842545 0.0 1788000
1723179853806 0.0 1792000
1723179865327 0.0 1796000
1723179876365 0.0 1800000
1723179887981 0.0 1804000
1723179899437 0.0 1808000
1723179910988 0.0 1812000
1723179922362 0.0 1816000
1723179933795 0.0 1820000
1723179945114 0.0 1824000
1723179956354 0.0 1828000
1723179967929 0.0 1832000
1723179979229 0.0 1836000
1723179990721 0.0 1840000
1723180002104 0.0 1844000
1723180013282 0.0 1848000
1723180024872 0.0 1852000
1723180036513 0.0 1856000
1723180048187 0.0 1860000
1723180059722 0.0 1864000
1723180071063 0.0 1868000
1723180082471 0.0 1872000
1723180093848 0.0 1876000
1723180105020 0.0 1880000
1723180116342 0.0 1884000
1723180127818 0.0 1888000
1723180139347 0.0 1892000
1723180150848 0.0 1896000
1723180161992 0.0 1900000
1723180173239 0.0 1904000
1723180184522 0.0 1908000
1723180196118 0.0 1912000
1723180207578 0.0 1916000
1723180218974 0.0 1920000
1723180230459 0.0 1924000
1723180241724 0.0 1928000
1723180253445 0.0 1932000
1723180264928 0.0 1936000
1723180276056 0.0 1940000
1723180287514 0.0 1944000
1723180298747 0.0 1948000
1723180310101 0.0 1952000
1723180321873 0.0 1956000
1723180333006 0.0 1960000
1723180344488 0.0 1964000
1723180356133 0.0 1968000
1723180367618 0.0 1972000
1723180379125 0.0 1976000
1723180390506 0.0 1980000
1723180401910 0.0 1984000
1723180413580 0.0 1988000
1723180425339 0.0 1992000
1723180436790 0.0 1996000
1723180448638 0.0 2000000
