1723173953606 1800.0 4000
1723173968242 1800.0 8000
1723173984084 1800.0 12000
1723173999058 1800.0 16000
1723174014639 1800.0 20000
1723174030066 1800.0 24000
1723174046313 1800.0 28000
1723174061195 1800.0 32000
1723174078149 1800.0 36000
1723174093298 1800.0 40000
1723174108144 1800.0 44000
1723174124651 1800.0 48000
1723174139223 1800.0 52000
1723174153118 1800.0 56000
1723174167289 1800.0 60000
1723174181396 1800.0 64000
1723174195971 1800.0 68000
1723174209780 1800.0 72000
1723174224045 1800.0 76000
1723174238056 1800.0 80000
1723174252284 1800.0 84000
1723174266628 1800.0 88000
1723174280768 1800.0 92000
1723174294656 1800.0 96000
1723174308594 1800.0 100000
1723174322318 1800.0 104000
1723174335960 1800.0 108000
1723174350313 1800.0 112000
1723174364310 1800.0 116000
1723174378718 1800.0 120000
1723174394100 1800.0 124000
1723174408323 1800.0 128000
1723174422220 1800.0 132000
1723174436573 1800.0 136000
1723174450645 1800.0 140000
1723174464510 1800.0 144000
1723174478423 1800.0 148000
1723174492131 1800.0 152000
1723174505733 1800.0 156000
1723174519140 1800.0 160000
1723174532538 1800.0 164000
1723174546859 1800.0 168000
1723174560411 1800.0 172000
1723174574330 1800.0 176000
1723174588837 1800.0 180000
1723174602410 1800.0 184000
1723174616118 1800.0 188000
1723174630042 1800.0 192000
1723174643578 1800.0 196000
1723174657271 1800.0 200000
1723174671266 1800.0 204000
1723174684844 1800.0 208000
1723174698572 1800.0 212000
1723174711775 1800.0 216000
1723174725133 1800.0 220000
1723174739026 1800.0 224000
1723174752341 1800.0 228000
1723174765858 1800.0 232000
1723174779138 1800.0 236000
1723174792734 1800.0 240000
1723174806468 1800.0 244000
1723174820203 1800.0 248000
1723174833643 1800.0 252000
1723174846789 1800.0 256000
1723174860284 1800.0 260000
1723174874130 1800.0 264000
1723174887718 1800.0 268000
1723174901045 1800.0 272000
1723174914683 1800.0 276000
1723174927706 1800.0 280000
1723174941085 1800.0 284000
1723174954246 1800.0 288000
1723174967737 1800.0 292000
1723174980989 1800.0 296000
1723174994281 1800.0 300000
1723175007661 1800.0 304000
1723175021026 1800.0 308000
1723175034383 1800.0 312000
1723175047473 1800.0 316000
1723175060449 1800.0 320000
1723175073935 1800.0 324000
1723175087314 1800.0 328000
1723175100586 1800.0 332000
1723175113741 1800.0 336000
1723175127359 1800.0 340000
1723175140592 1800.0 344000
1723175153948 1800.0 348000
1723175167543 1800.0 352000
1723175181334 1800.0 356000
1723175194524 1800.0 360000
1723175208602 1800.0 364000
1723175221284 1800.0 368000
1723175234232 1800.0 372000
1723175248019 1800.0 376000
1723175261280 1800.0 380000
1723175275188 1800.0 384000
1723175288824 1800.0 388000
1723175302389 1800.0 392000
1723175315692 1800.0 396000
1723175329251 1800.0 400000
1723175342503 1800.0 404000
1723175355760 1800.0 408000
1723175369016 1800.0 412000
1723175382086 1800.0 416000
1723175395841 1800.0 420000
1723175409467 1800.0 424000
1723175422986 1800.0 428000
1723175436298 1800.0 432000
1723175449721 1800.0 436000
1723175462872 1800.0 440000
1723175476045 1800.0 444000
1723175490478 1800.0 448000
1723175503472 1800.0 452000
1723175517111 1800.0 456000
1723175530010 1800.0 460000
1723175543126 1800.0 464000
1723175555082 1800.0 468000
1723175567927 1800.0 472000
1723175581160 1800.0 476000
1723175594530 1800.0 480000
1723175608012 1800.0 484000
1723175621261 1800.0 488000
1723175634919 1800.0 492000
1723175648825 1800.0 496000
1723175662482 1800.0 500000
1723175675861 1800.0 504000
1723175689633 1800.0 508000
1723175703478 1800.0 512000
1723175717465 1800.0 516000
1723175731065 1800.0 520000
1723175744891 1800.0 524000
1723175758879 1800.0 528000
1723175773187 1800.0 532000
1723175786679 1800.0 536000
1723175800448 1800.0 540000
1723175813508 1800.0 544000
1723175826525 1800.0 548000
1723175839790 1800.0 552000
1723175853343 1800.0 556000
1723175867582 1800.0 560000
1723175881409 1800.0 564000
1723175894833 1800.0 568000
1723175910135 1800.0 572000
1723175924093 1800.0 576000
1723175937001 1800.0 580000
1723175950546 1800.0 584000
1723175963548 1800.0 588000
1723175976844 1800.0 592000
1723175990751 1800.0 596000
1723176005477 1800.0 600000
1723176019096 1800.0 604000
1723176032541 1800.0 608000
1723176045651 1800.0 612000
1723176058086 1800.0 616000
1723176071817 1800.0 620000
1723176085556 1800.0 624000
1723176099243 1800.0 628000
1723176113418 1800.0 632000
1723176126562 1800.0 636000
1723176140581 1800.0 640000
1723176153251 1800.0 644000
1723176166492 1800.0 648000
1723176180325 1800.0 652000
1723176194028 1800.0 656000
1723176207526 1800.0 660000
1723176220798 1800.0 664000
1723176234793 1800.0 668000
1723176247842 1800.0 672000
1723176261539 1800.0 676000
1723176274832 1800.0 680000
1723176289172 1800.0 684000
1723176302237 1800.0 688000
1723176314502 1800.0 692000
1723176327924 1800.0 696000
1723176341305 1800.0 700000
1723176354746 1800.0 704000
1723176368460 1800.0 708000
1723176382032 1800.0 712000
1723176395384 1800.0 716000
1723176409336 1800.0 720000
1723176423242 1800.0 724000
1723176436519 1800.0 728000
1723176448906 1800.0 732000
1723176462206 1800.0 736000
1723176475858 1800.0 740000
1723176489175 1800.0 744000
1723176502977 1800.0 748000
1723176516401 1800.0 752000
1723176529956 1800.0 756000
1723176543271 1800.0 760000
1723176556925 1800.0 764000
1723176569943 1800.0 768000
1723176583664 1800.0 772000
1723176597502 1800.0 776000
1723176610766 1800.0 780000
1723176624199 1800.0 784000
1723176637336 1800.0 788000
1723176650655 1800.0 792000
1723176663749 1800.0 796000
1723176677059 1800.0 800000
1723176690986 1800.0 804000
1723176704837 1800.0 808000
1723176718253 1800.0 812000
1723176731520 1800.0 816000
1723176744750 1800.0 820000
1723176758009 1800.0 824000
1723176771620 1800.0 828000
1723176785227 1800.0 832000
1723176798693 1800.0 836000
1723176811995 1800.0 840000
1723176825562 1800.0 844000
1723176839367 1800.0 848000
1723176852784 1800.0 852000
1723176866141 1800.0 856000
1723176879477 1800.0 860000
1723176893275 1800.0 864000
1723176907364 1800.0 868000
1723176921158 1800.0 872000
1723176934687 1800.0 876000
1723176948245 1800.0 880000
1723176961746 1800.0 884000
1723176975511 1800.0 888000
1723176989020 1800.0 892000
1723177002430 1800.0 896000
1723177015768 1800.0 900000
1723177029206 1800.0 904000
1723177042169 1800.0 908000
1723177056290 1800.0 912000
1723177069942 1800.0 916000
1723177083448 1800.0 920000
1723177097228 1800.0 924000
1723177110620 1800.0 928000
1723177124227 1800.0 932000
1723177137954 1800.0 936000
1723177151187 1800.0 940000
1723177164385 1800.0 944000
1723177177884 1800.0 948000
1723177192457 1800.0 952000
1723177205821 1800.0 956000
1723177219438 1800.0 960000
1723177232828 1800.0 964000
1723177246411 1800.0 968000
1723177260048 1800.0 972000
1723177274316 1800.0 976000
1723177287956 1800.0 980000
1723177301943 1800.0 984000
1723177315707 1800.0 988000
1723177329310 1800.0 992000
1723177342436 1800.0 996000
1723177355603 1800.0 1000000
1723177369159 1800.0 1004000
1723177382856 1800.0 1008000
1723177396548 1800.0 1012000
1723177410285 1800.0 1016000
1723177423727 1800.0 1020000
1723177437307 1800.0 1024000
1723177451071 1800.0 1028000
1723177464767 1800.0 1032000
1723177478900 1800.0 1036000
1723177492943 1800.0 1040000
1723177506853 1800.0 1044000
1723177520518 1800.0 1048000
1723177534401 1800.0 1052000
1723177548243 1800.0 1056000
1723177561791 1800.0 1060000
1723177575941 1800.0 1064000
1723177589584 1800.0 1068000
1723177602403 1800.0 1072000
1723177615571 1800.0 1076000
1723177628919 1800.0 1080000
1723177641961 1800.0 1084000
1723177655388 1800.0 1088000
1723177668833 1800.0 1092000
1723177682543 1800.0 1096000
1723177696046 1800.0 1100000
1723177709591 1800.0 1104000
1723177723081 1800.0 1108000
1723177737033 1800.0 1112000
1723177750205 1800.0 1116000
1723177763772 1800.0 1120000
1723177777146 1800.0 1124000
1723177790693 1800.0 1128000
1723177803868 1800.0 1132000
1723177817021 1800.0 1136000
1723177830526 1800.0 1140000
1723177844237 1800.0 1144000
1723177858355 1800.0 1148000
1723177871933 1800.0 1152000
1723177885598 1800.0 1156000
1723177899114 1800.0 1160000
1723177912712 1800.0 1164000
1723177925702 1800.0 1168000
1723177939315 1800.0 1172000
1723177952305 1800.0 1176000
1723177965655 1800.0 1180000
1723177979121 1800.0 1184000
1723177993050 1800.0 1188000
1723178006537 1800.0 1192000
1723178019758 1800.0 1196000
1723178033027 1800.0 1200000
1723178045141 1800.0 1204000
1723178058657 1800.0 1208000
1723178071595 1800.0 1212000
1723178084931 1800.0 1216000
1723178097797 1800.0 1220000
1723178111122 1800.0 1224000
1723178124328 1800.0 1228000
1723178137659 1800.0 1232000
1723178151404 1800.0 1236000
1723178165169 1800.0 1240000
1723178178604 1800.0 1244000
1723178191672 1800.0 1248000
1723178205044 1800.0 1252000
1723178218947 1800.0 1256000
1723178232276 1800.0 1260000
1723178245706 1800.0 1264000
1723178259208 1800.0 1268000
1723178273029 1800.0 1272000
1723178286333 1800.0 1276000
1723178299533 1800.0 1280000
1723178312885 1800.0 1284000
1723178326921 1800.0 1288000
1723178340868 1800.0 1292000
1723178354484 1800.0 1296000
1723178367816 1800.0 1300000
1723178381111 1800.0 1304000
1723178394707 1800.0 1308000
1723178407686 1800.0 1312000
1723178420891 1800.0 1316000
1723178434389 1800.0 1320000
1723178447720 1800.0 1324000
1723178461212 1800.0 1328000
1723178474748 1800.0 1332000
1723178488225 1800.0 1336000
1723178501674 1800.0 1340000
1723178515701 1800.0 1344000
1723178529902 1800.0 1348000
1723178543405 1800.0 1352000
1723178556940 1800.0 1356000
1723178570369 1800.0 1360000
1723178583512 1800.0 1364000
1723178597091 1800.0 1368000
1723178610306 1800.0 1372000
1723178623462 1800.0 1376000
1723178636593 1800.0 1380000
1723178649912 1800.0 1384000
1723178662617 1800.0 1388000
1723178675125 1800.0 1392000
1723178688482 1800.0 1396000
1723178701590 1800.0 1400000
1723178714927 1800.0 1404000
1723178728564 1800.0 1408000
1723178742353 1800.0 1412000
1723178755581 1800.0 1416000
1723178769324 1800.0 1420000
1723178782848 1800.0 1424000
1723178796287 1800.0 1428000
1723178809858 1800.0 1432000
1723178823213 1800.0 1436000
1723178836106 1800.0 1440000
1723178847514 1800.0 1444000
1723178859312 1800.0 1448000
1723178871046 1800.0 1452000
1723178883020 1800.0 1456000
1723178895025 1800.0 1460000
1723178907068 1800.0 1464000
1723178918367 1800.0 1468000
1723178929936 1800.0 1472000
1723178942192 1800.0 1476000
1723178953868 1800.0 1480000
1723178965777 1800.0 1484000
1723178977710 1800.0 1488000
1723178989847 1800.0 1492000
1723179001723 1800.0 1496000
1723179013739 1800.0 1500000
1723179025359 1800.0 1504000
1723179037279 1800.0 1508000
1723179048999 1800.0 1512000
1723179060641 1800.0 1516000
1723179072613 1800.0 1520000
1723179084922 1800.0 1524000
1723179096583 1800.0 1528000
1723179108092 1800.0 1532000
1723179119697 1800.0 1536000
1723179131457 1800.0 1540000
1723179143242 1800.0 1544000
1723179154788 1800.0 1548000
1723179166506 1800.0 1552000
1723179177963 1800.0 1556000
1723179189799 1800.0 1560000
1723179201080 1800.0 1564000
1723179212718 1800.0 1568000
1723179224397 1800.0 1572000
1723179236309 1800.0 1576000
1723179247926 1800.0 1580000
1723179259118 1800.0 1584000
1723179270720 1800.0 1588000
1723179282415 1800.0 1592000
1723179293774 1800.0 1596000
1723179305058 1800.0 1600000
1723179316167 1800.0 1604000
1723179327978 1800.0 1608000
1723179339536 1800.0 1612000
1723179350932 1800.0 1616000
1723179362324 1800.0 1620000
1723179373611 1800.0 1624000
1723179384962 1800.0 1628000
1723179396213 1800.0 1632000
1723179407403 1800.0 1636000
1723179418889 1800.0 1640000
1723179430567 1800.0 1644000
1723179441917 1800.0 1648000
1723179453265 1800.0 1652000
1723179464666 1800.0 1656000
1723179475972 1800.0 1660000
1723179487790 1800.0 1664000
1723179499205 1800.0 1668000
1723179510743 1800.0 1672000
1723179522281 1800.0 1676000
1723179533922 1800.0 1680000
1723179544942 1800.0 1684000
1723179556204 1800.0 1688000
1723179567690 1800.0 1692000
1723179579081 1800.0 1696000
1723179590459 1800.0 1700000
1723179601830 1800.0 1704000
1723179613126 1800.0 1708000
1723179624272 1800.0 1712000
1723179635693 1800.0 1716000
1723179646951 1800.0 1720000
1723179658453 1800.0 1724000
1723179669878 1800.0 1728000
1723179681172 1800.0 1732000
1723179692524 1800.0 1736000
1723179703969 1800.0 1740000
1723179715221 1800.0 1744000
1723179726673 1800.0 1748000
1723179738155 1800.0 1752000
1723179749529 1800.0 1756000
1723179760727 1800.0 1760000
1723179772171 1800.0 1764000
1723179784175 1800.0 1768000
1723179795969 1800.0 1772000
1723179807440 1800.0 1776000
1723179818869 1800.0 1780000
1723179830393 1800.0 1784000
1723179842569 1800.0 1788000
1723179853829 1800.0 1792000
1723179865352 1800.0 1796000
1723179876388 1800.0 1800000
1723179888005 1800.0 1804000
1723179899459 1800.0 1808000
1723179911010 1800.0 1812000
1723179922384 1800.0 1816000
1723179933818 1800.0 1820000
1723179945139 1800.0 1824000
1723179956376 1800.0 1828000
1723179967953 1800.0 1832000
1723179979251 1800.0 1836000
1723179990743 1800.0 1840000
1723180002126 1800.0 1844000
1723180013304 1800.0 1848000
1723180024894 1800.0 1852000
1723180036536 1800.0 1856000
1723180048210 1800.0 1860000
1723180059745 1800.0 1864000
1723180071089 1800.0 1868000
1723180082494 1800.0 1872000
1723180093871 1800.0 1876000
1723180105043 1800.0 1880000
1723180116364 1800.0 1884000
1723180127840 1800.0 1888000
1723180139369 1800.0 1892000
1723180150870 1800.0 1896000
1723180162015 1800.0 1900000
1723180173261 1800.0 1904000
1723180184545 1800.0 1908000
1723180196140 1800.0 1912000
1723180207601 1800.0 1916000
1723180218997 1800.0 1920000
1723180230482 1800.0 1924000
1723180241747 1800.0 1928000
1723180253473 1800.0 1932000
1723180264952 1800.0 1936000
1723180276080 1800.0 1940000
1723180287537 1800.0 1944000
1723180298769 1800.0 1948000
1723180310124 1800.0 1952000
1723180321895 1800.0 1956000
1723180333030 1800.0 1960000
1723180344510 1800.0 1964000
1723180356156 1800.0 1968000
1723180367641 1800.0 1972000
1723180379147 1800.0 1976000
1723180390531 1800.0 1980000
1723180401933 1800.0 1984000
1723180413603 1800.0 1988000
1723180425362 1800.0 1992000
1723180436813 1800.0 1996000
1723180448661 1800.0 2000000
