1723173953583 1.0 4000
1723173968224 1.0 8000
1723173984058 1.0 12000
1723173999043 1.0 16000
1723174014624 1.0 20000
1723174030051 1.0 24000
1723174046299 1.0 28000
1723174061181 1.0 32000
1723174078132 1.0 36000
1723174093283 1.0 40000
1723174108130 1.0 44000
1723174124636 1.0 48000
1723174139206 1.0 52000
1723174153104 1.0 56000
1723174167275 1.0 60000
1723174181382 1.0 64000
1723174195953 1.0 68000
1723174209762 1.0 72000
1723174224032 1.0 76000
1723174238034 1.0 80000
1723174252268 1.0 84000
1723174266612 1.0 88000
1723174280754 1.0 92000
1723174294642 1.0 96000
1723174308580 1.0 100000
1723174322303 1.0 104000
1723174335946 1.0 108000
1723174350299 1.0 112000
1723174364296 1.0 116000
1723174378704 1.0 120000
1723174394085 1.0 124000
1723174408308 1.0 128000
1723174422206 1.0 132000
1723174436558 1.0 136000
1723174450631 1.0 140000
1723174464495 1.0 144000
1723174478409 1.0 148000
1723174492110 1.0 152000
1723174505719 1.0 156000
1723174519125 1.0 160000
1723174532525 1.0 164000
1723174546845 1.0 168000
1723174560397 1.0 172000
1723174574316 1.0 176000
1723174588822 1.0 180000
1723174602394 1.0 184000
1723174616104 1.0 188000
1723174630027 1.0 192000
1723174643564 1.0 196000
1723174657256 1.0 200000
1723174671252 1.0 204000
1723174684830 1.0 208000
1723174698557 1.0 212000
1723174711760 1.0 216000
1723174725119 1.0 220000
1723174739010 1.0 224000
1723174752327 1.0 228000
1723174765842 1.0 232000
1723174779124 1.0 236000
1723174792712 1.0 240000
1723174806455 1.0 244000
1723174820189 1.0 248000
1723174833629 1.0 252000
1723174846775 1.0 256000
1723174860266 1.0 260000
1723174874116 1.0 264000
1723174887701 1.0 268000
1723174901030 1.0 272000
1723174914668 1.0 276000
1723174927691 1.0 280000
1723174941071 1.0 284000
1723174954233 1.0 288000
1723174967723 1.0 292000
1723174980974 1.0 296000
1723174994267 1.0 300000
1723175007646 1.0 304000
1723175021011 1.0 308000
1723175034368 1.0 312000
1723175047458 1.0 316000
1723175060434 1.0 320000
1723175073921 1.0 324000
1723175087301 1.0 328000
1723175100572 1.0 332000
1723175113727 1.0 336000
1723175127344 1.0 340000
1723175140577 1.0 344000
1723175153934 1.0 348000
1723175167527 1.0 352000
1723175181320 1.0 356000
1723175194509 1.0 360000
1723175208587 1.0 364000
1723175221270 1.0 368000
1723175234218 1.0 372000
1723175248005 1.0 376000
1723175261266 1.0 380000
1723175275170 1.0 384000
1723175288810 1.0 388000
1723175302374 1.0 392000
1723175315678 1.0 396000
1723175329237 1.0 400000
1723175342489 1.0 404000
1723175355745 1.0 408000
1723175369002 1.0 412000
1723175382071 1.0 416000
1723175395827 1.0 420000
1723175409453 1.0 424000
1723175422971 1.0 428000
1723175436284 1.0 432000
1723175449705 1.0 436000
1723175462857 1.0 440000
1723175476030 1.0 444000
1723175490463 1.0 448000
1723175503459 1.0 452000
1723175517097 1.0 456000
1723175529995 1.0 460000
1723175543111 1.0 464000
1723175555068 1.0 468000
1723175567913 1.0 472000
1723175581145 1.0 476000
1723175594516 1.0 480000
1723175607998 1.0 484000
1723175621247 1.0 488000
1723175634904 1.0 492000
1723175648811 1.0 496000
1723175662468 1.0 500000
1723175675846 1.0 504000
1723175689619 1.0 508000
1723175703464 1.0 512000
1723175717450 1.0 516000
1723175731051 1.0 520000
1723175744877 1.0 524000
1723175758865 1.0 528000
1723175773156 1.0 532000
1723175786665 1.0 536000
1723175800429 1.0 540000
1723175813494 1.0 544000
1723175826511 1.0 548000
1723175839776 1.0 552000
1723175853329 1.0 556000
1723175867567 1.0 560000
1723175881392 1.0 564000
1723175894817 1.0 568000
1723175910120 1.0 572000
1723175924079 1.0 576000
1723175936983 1.0 580000
1723175950531 1.0 584000
1723175963527 1.0 588000
1723175976830 1.0 592000
1723175990730 1.0 596000
1723176005462 1.0 600000
1723176019082 1.0 604000
1723176032526 1.0 608000
1723176045635 1.0 612000
1723176058071 1.0 616000
1723176071799 1.0 620000
1723176085540 1.0 624000
1723176099228 1.0 628000
1723176113394 1.0 632000
1723176126547 1.0 636000
1723176140566 1.0 640000
1723176153236 1.0 644000
1723176166477 1.0 648000
1723176180310 1.0 652000
1723176194014 1.0 656000
1723176207509 1.0 660000
1723176220783 1.0 664000
1723176234778 1.0 668000
1723176247827 1.0 672000
1723176261525 1.0 676000
1723176274817 1.0 680000
1723176289158 1.0 684000
1723176302212 1.0 688000
1723176314485 1.0 692000
1723176327908 1.0 696000
1723176341275 1.0 700000
1723176354732 1.0 704000
1723176368446 1.0 708000
1723176382017 1.0 712000
1723176395370 1.0 716000
1723176409321 1.0 720000
1723176423227 1.0 724000
1723176436505 1.0 728000
1723176448889 1.0 732000
1723176462191 1.0 736000
1723176475841 1.0 740000
1723176489161 1.0 744000
1723176502963 1.0 748000
1723176516373 1.0 752000
1723176529937 1.0 756000
1723176543257 1.0 760000
1723176556911 1.0 764000
1723176569929 1.0 768000
1723176583649 1.0 772000
1723176597487 1.0 776000
1723176610752 1.0 780000
1723176624184 1.0 784000
1723176637321 1.0 788000
1723176650641 1.0 792000
1723176663735 1.0 796000
1723176677045 1.0 800000
1723176690972 1.0 804000
1723176704822 1.0 808000
1723176718239 1.0 812000
1723176731505 1.0 816000
1723176744736 1.0 820000
1723176757995 1.0 824000
1723176771601 1.0 828000
1723176785213 1.0 832000
1723176798678 1.0 836000
1723176811981 1.0 840000
1723176825547 1.0 844000
1723176839353 1.0 848000
1723176852770 1.0 852000
1723176866126 1.0 856000
1723176879463 1.0 860000
1723176893262 1.0 864000
1723176907349 1.0 868000
1723176921144 1.0 872000
1723176934673 1.0 876000
1723176948230 1.0 880000
1723176961732 1.0 884000
1723176975496 1.0 888000
1723176989006 1.0 892000
1723177002416 1.0 896000
1723177015754 1.0 900000
1723177029191 1.0 904000
1723177042154 1.0 908000
1723177056275 1.0 912000
1723177069927 1.0 916000
1723177083434 1.0 920000
1723177097213 1.0 924000
1723177110605 1.0 928000
1723177124213 1.0 932000
1723177137939 1.0 936000
1723177151173 1.0 940000
1723177164371 1.0 944000
1723177177869 1.0 948000
1723177192441 1.0 952000
1723177205807 1.0 956000
1723177219423 1.0 960000
1723177232813 1.0 964000
1723177246397 1.0 968000
1723177260030 1.0 972000
1723177274302 1.0 976000
1723177287942 1.0 980000
1723177301929 1.0 984000
1723177315692 1.0 988000
1723177329295 1.0 992000
1723177342421 1.0 996000
1723177355588 1.0 1000000
1723177369145 1.0 1004000
1723177382841 1.0 1008000
1723177396532 1.0 1012000
1723177410271 1.0 1016000
1723177423713 1.0 1020000
1723177437292 1.0 1024000
1723177451057 1.0 1028000
1723177464753 1.0 1032000
1723177478881 1.0 1036000
1723177492927 1.0 1040000
1723177506839 1.0 1044000
1723177520504 1.0 1048000
1723177534387 1.0 1052000
1723177548226 1.0 1056000
1723177561777 1.0 1060000
1723177575926 1.0 1064000
1723177589570 1.0 1068000
1723177602388 1.0 1072000
1723177615556 1.0 1076000
1723177628904 1.0 1080000
1723177641946 1.0 1084000
1723177655373 1.0 1088000
1723177668818 1.0 1092000
1723177682528 1.0 1096000
1723177696032 1.0 1100000
1723177709577 1.0 1104000
1723177723067 1.0 1108000
1723177737018 1.0 1112000
1723177750190 1.0 1116000
1723177763757 1.0 1120000
1723177777131 1.0 1124000
1723177790679 1.0 1128000
1723177803853 1.0 1132000
1723177817006 1.0 1136000
1723177830511 1.0 1140000
1723177844222 1.0 1144000
1723177858341 1.0 1148000
1723177871918 1.0 1152000
1723177885581 1.0 1156000
1723177899099 1.0 1160000
1723177912697 1.0 1164000
1723177925688 1.0 1168000
1723177939300 1.0 1172000
1723177952291 1.0 1176000
1723177965640 1.0 1180000
1723177979106 1.0 1184000
1723177993036 1.0 1188000
1723178006522 1.0 1192000
1723178019744 1.0 1196000
1723178033011 1.0 1200000
1723178045127 1.0 1204000
1723178058644 1.0 1208000
1723178071580 1.0 1212000
1723178084916 1.0 1216000
1723178097782 1.0 1220000
1723178111107 1.0 1224000
1723178124313 1.0 1228000
1723178137644 1.0 1232000
1723178151389 1.0 1236000
1723178165150 1.0 1240000
1723178178590 1.0 1244000
1723178191658 1.0 1248000
1723178205029 1.0 1252000
1723178218932 1.0 1256000
1723178232262 1.0 1260000
1723178245684 1.0 1264000
1723178259193 1.0 1268000
1723178273015 1.0 1272000
1723178286320 1.0 1276000
1723178299518 1.0 1280000
1723178312870 1.0 1284000
1723178326907 1.0 1288000
1723178340853 1.0 1292000
1723178354470 1.0 1296000
1723178367801 1.0 1300000
1723178381096 1.0 1304000
1723178394692 1.0 1308000
1723178407672 1.0 1312000
1723178420874 1.0 1316000
1723178434374 1.0 1320000
1723178447706 1.0 1324000
1723178461198 1.0 1328000
1723178474734 1.0 1332000
1723178488210 1.0 1336000
1723178501659 1.0 1340000
1723178515686 1.0 1344000
1723178529887 1.0 1348000
1723178543388 1.0 1352000
1723178556926 1.0 1356000
1723178570353 1.0 1360000
1723178583497 1.0 1364000
1723178597076 1.0 1368000
1723178610291 1.0 1372000
1723178623448 1.0 1376000
1723178636579 1.0 1380000
1723178649897 1.0 1384000
1723178662591 1.0 1388000
1723178675111 1.0 1392000
1723178688467 1.0 1396000
1723178701575 1.0 1400000
1723178714912 1.0 1404000
1723178728550 1.0 1408000
1723178742333 1.0 1412000
1723178755567 1.0 1416000
1723178769309 1.0 1420000
1723178782833 1.0 1424000
1723178796272 1.0 1428000
1723178809842 1.0 1432000
1723178823197 1.0 1436000
1723178836092 1.0 1440000
1723178847500 1.0 1444000
1723178859299 1.0 1448000
1723178871032 1.0 1452000
1723178883007 1.0 1456000
1723178895012 1.0 1460000
1723178907055 1.0 1464000
1723178918353 1.0 1468000
1723178929923 1.0 1472000
1723178942178 1.0 1476000
1723178953854 1.0 1480000
1723178965763 1.0 1484000
1723178977696 1.0 1488000
1723178989833 1.0 1492000
1723179001708 1.0 1496000
1723179013724 1.0 1500000
1723179025343 1.0 1504000
1723179037264 1.0 1508000
1723179048986 1.0 1512000
1723179060628 1.0 1516000
1723179072600 1.0 1520000
1723179084908 1.0 1524000
1723179096570 1.0 1528000
1723179108078 1.0 1532000
1723179119684 1.0 1536000
1723179131444 1.0 1540000
1723179143229 1.0 1544000
1723179154774 1.0 1548000
1723179166491 1.0 1552000
1723179177949 1.0 1556000
1723179189785 1.0 1560000
1723179201067 1.0 1564000
1723179212704 1.0 1568000
1723179224382 1.0 1572000
1723179236295 1.0 1576000
1723179247912 1.0 1580000
1723179259105 1.0 1584000
1723179270707 1.0 1588000
1723179282400 1.0 1592000
1723179293760 1.0 1596000
1723179305044 1.0 1600000
1723179316153 1.0 1604000
1723179327965 1.0 1608000
1723179339523 1.0 1612000
1723179350918 1.0 1616000
1723179362310 1.0 1620000
1723179373598 1.0 1624000
1723179384948 1.0 1628000
1723179396199 1.0 1632000
1723179407389 1.0 1636000
1723179418875 1.0 1640000
1723179430554 1.0 1644000
1723179441904 1.0 1648000
1723179453251 1.0 1652000
1723179464653 1.0 1656000
1723179475958 1.0 1660000
1723179487774 1.0 1664000
1723179499191 1.0 1668000
1723179510728 1.0 1672000
1723179522267 1.0 1676000
1723179533909 1.0 1680000
1723179544929 1.0 1684000
1723179556190 1.0 1688000
1723179567676 1.0 1692000
1723179579068 1.0 1696000
1723179590446 1.0 1700000
1723179601816 1.0 1704000
1723179613113 1.0 1708000
1723179624258 1.0 1712000
1723179635679 1.0 1716000
1723179646937 1.0 1720000
1723179658440 1.0 1724000
1723179669865 1.0 1728000
1723179681158 1.0 1732000
1723179692510 1.0 1736000
1723179703955 1.0 1740000
1723179715207 1.0 1744000
1723179726660 1.0 1748000
1723179738142 1.0 1752000
1723179749516 1.0 1756000
1723179760714 1.0 1760000
1723179772158 1.0 1764000
1723179784162 1.0 1768000
1723179795955 1.0 1772000
1723179807426 1.0 1776000
1723179818855 1.0 1780000
1723179830380 1.0 1784000
1723179842555 1.0 1788000
1723179853815 1.0 1792000
1723179865338 1.0 1796000
1723179876374 1.0 1800000
1723179887990 1.0 1804000
1723179899445 1.0 1808000
1723179910997 1.0 1812000
1723179922370 1.0 1816000
1723179933804 1.0 1820000
1723179945125 1.0 1824000
1723179956363 1.0 1828000
1723179967940 1.0 1832000
1723179979238 1.0 1836000
1723179990730 1.0 1840000
1723180002112 1.0 1844000
1723180013291 1.0 1848000
1723180024881 1.0 1852000
1723180036522 1.0 1856000
1723180048196 1.0 1860000
1723180059731 1.0 1864000
1723180071072 1.0 1868000
1723180082480 1.0 1872000
1723180093857 1.0 1876000
1723180105029 1.0 1880000
1723180116351 1.0 1884000
1723180127827 1.0 1888000
1723180139356 1.0 1892000
1723180150856 1.0 1896000
1723180162001 1.0 1900000
1723180173247 1.0 1904000
1723180184532 1.0 1908000
1723180196126 1.0 1912000
1723180207587 1.0 1916000
1723180218983 1.0 1920000
1723180230468 1.0 1924000
1723180241733 1.0 1928000
1723180253458 1.0 1932000
1723180264937 1.0 1936000
1723180276066 1.0 1940000
1723180287524 1.0 1944000
1723180298755 1.0 1948000
1723180310109 1.0 1952000
1723180321882 1.0 1956000
1723180333016 1.0 1960000
1723180344496 1.0 1964000
1723180356143 1.0 1968000
1723180367627 1.0 1972000
1723180379133 1.0 1976000
1723180390517 1.0 1980000
1723180401919 1.0 1984000
1723180413589 1.0 1988000
1723180425348 1.0 1992000
1723180436799 1.0 1996000
1723180448647 1.0 2000000
