1723173953599 0.0 4000
1723173968238 0.0 8000
1723173984080 0.0 12000
1723173999054 0.0 16000
1723174014635 0.0 20000
1723174030062 0.0 24000
1723174046309 0.0 28000
1723174061192 0.0 32000
1723174078145 0.0 36000
1723174093294 0.0 40000
1723174108140 0.0 44000
1723174124647 0.0 48000
1723174139219 0.0 52000
1723174153114 0.0 56000
1723174167285 0.0 60000
1723174181392 0.0 64000
1723174195965 0.0 68000
1723174209774 0.0 72000
1723174224041 0.0 76000
1723174238050 0.0 80000
1723174252279 0.0 84000
1723174266623 0.0 88000
1723174280764 0.0 92000
1723174294652 0.0 96000
1723174308590 0.0 100000
1723174322313 0.0 104000
1723174335956 0.0 108000
1723174350309 0.0 112000
1723174364306 0.0 116000
1723174378714 0.0 120000
1723174394096 0.0 124000
1723174408318 0.0 128000
1723174422216 0.0 132000
1723174436568 0.0 136000
1723174450641 0.0 140000
1723174464505 0.0 144000
1723174478419 0.0 148000
1723174492127 0.0 152000
1723174505729 0.0 156000
1723174519136 0.0 160000
1723174532534 0.0 164000
1723174546855 0.0 168000
1723174560407 0.0 172000
1723174574326 0.0 176000
1723174588833 0.0 180000
1723174602405 0.0 184000
1723174616114 0.0 188000
1723174630038 0.0 192000
1723174643574 0.0 196000
1723174657267 0.0 200000
1723174671261 0.0 204000
1723174684840 0.0 208000
1723174698567 0.0 212000
1723174711771 0.0 216000
1723174725129 0.0 220000
1723174739020 0.0 224000
1723174752337 0.0 228000
1723174765854 0.0 232000
1723174779134 0.0 236000
1723174792730 0.0 240000
1723174806464 0.0 244000
1723174820199 0.0 248000
1723174833639 0.0 252000
1723174846785 0.0 256000
1723174860277 0.0 260000
1723174874126 0.0 264000
1723174887714 0.0 268000
1723174901040 0.0 272000
1723174914679 0.0 276000
1723174927702 0.0 280000
1723174941081 0.0 284000
1723174954242 0.0 288000
1723174967733 0.0 292000
1723174980985 0.0 296000
1723174994276 0.0 300000
1723175007656 0.0 304000
1723175021022 0.0 308000
1723175034379 0.0 312000
1723175047469 0.0 316000
1723175060445 0.0 320000
1723175073931 0.0 324000
1723175087311 0.0 328000
1723175100582 0.0 332000
1723175113737 0.0 336000
1723175127355 0.0 340000
1723175140587 0.0 344000
1723175153944 0.0 348000
1723175167538 0.0 352000
1723175181330 0.0 356000
1723175194520 0.0 360000
1723175208598 0.0 364000
1723175221280 0.0 368000
1723175234228 0.0 372000
1723175248014 0.0 376000
1723175261276 0.0 380000
1723175275183 0.0 384000
1723175288821 0.0 388000
1723175302385 0.0 392000
1723175315688 0.0 396000
1723175329248 0.0 400000
1723175342500 0.0 404000
1723175355755 0.0 408000
1723175369012 0.0 412000
1723175382082 0.0 416000
1723175395837 0.0 420000
1723175409463 0.0 424000
1723175422981 0.0 428000
1723175436293 0.0 432000
1723175449717 0.0 436000
1723175462868 0.0 440000
1723175476041 0.0 444000
1723175490473 0.0 448000
1723175503469 0.0 452000
1723175517108 0.0 456000
1723175530005 0.0 460000
1723175543122 0.0 464000
1723175555078 0.0 468000
1723175567923 0.0 472000
1723175581156 0.0 476000
1723175594526 0.0 480000
1723175608008 0.0 484000
1723175621257 0.0 488000
1723175634915 0.0 492000
1723175648821 0.0 496000
1723175662478 0.0 500000
1723175675857 0.0 504000
1723175689629 0.0 508000
1723175703474 0.0 512000
1723175717461 0.0 516000
1723175731061 0.0 520000
1723175744887 0.0 524000
1723175758875 0.0 528000
1723175773176 0.0 532000
1723175786675 0.0 536000
1723175800442 0.0 540000
1723175813503 0.0 544000
1723175826521 0.0 548000
1723175839786 0.0 552000
1723175853339 0.0 556000
1723175867578 0.0 560000
1723175881405 0.0 564000
1723175894829 0.0 568000
1723175910131 0.0 572000
1723175924089 0.0 576000
1723175936996 0.0 580000
1723175950541 0.0 584000
1723175963540 0.0 588000
1723175976840 0.0 592000
1723175990742 0.0 596000
1723176005472 0.0 600000
1723176019091 0.0 604000
1723176032537 0.0 608000
1723176045647 0.0 612000
1723176058081 0.0 616000
1723176071812 0.0 620000
1723176085551 0.0 624000
1723176099239 0.0 628000
1723176113412 0.0 632000
1723176126558 0.0 636000
1723176140577 0.0 640000
1723176153247 0.0 644000
1723176166488 0.0 648000
1723176180321 0.0 652000
1723176194024 0.0 656000
1723176207521 0.0 660000
1723176220794 0.0 664000
1723176234788 0.0 668000
1723176247838 0.0 672000
1723176261535 0.0 676000
1723176274828 0.0 680000
1723176289168 0.0 684000
1723176302233 0.0 688000
1723176314498 0.0 692000
1723176327919 0.0 696000
1723176341299 0.0 700000
1723176354742 0.0 704000
1723176368456 0.0 708000
1723176382028 0.0 712000
1723176395380 0.0 716000
1723176409332 0.0 720000
1723176423238 0.0 724000
1723176436515 0.0 728000
1723176448902 0.0 732000
1723176462202 0.0 736000
1723176475853 0.0 740000
1723176489171 0.0 744000
1723176502973 0.0 748000
1723176516390 0.0 752000
1723176529951 0.0 756000
1723176543267 0.0 760000
1723176556921 0.0 764000
1723176569939 0.0 768000
1723176583660 0.0 772000
1723176597498 0.0 776000
1723176610762 0.0 780000
1723176624195 0.0 784000
1723176637331 0.0 788000
1723176650651 0.0 792000
1723176663745 0.0 796000
1723176677055 0.0 800000
1723176690982 0.0 804000
1723176704832 0.0 808000
1723176718249 0.0 812000
1723176731515 0.0 816000
1723176744746 0.0 820000
1723176758005 0.0 824000
1723176771616 0.0 828000
1723176785223 0.0 832000
1723176798688 0.0 836000
1723176811991 0.0 840000
1723176825558 0.0 844000
1723176839363 0.0 848000
1723176852780 0.0 852000
1723176866137 0.0 856000
1723176879473 0.0 860000
1723176893271 0.0 864000
1723176907359 0.0 868000
1723176921154 0.0 872000
1723176934684 0.0 876000
1723176948240 0.0 880000
1723176961742 0.0 884000
1723176975507 0.0 888000
1723176989016 0.0 892000
1723177002426 0.0 896000
1723177015764 0.0 900000
1723177029202 0.0 904000
1723177042165 0.0 908000
1723177056286 0.0 912000
1723177069938 0.0 916000
1723177083444 0.0 920000
1723177097224 0.0 924000
1723177110616 0.0 928000
1723177124222 0.0 932000
1723177137950 0.0 936000
1723177151183 0.0 940000
1723177164381 0.0 944000
1723177177879 0.0 948000
1723177192452 0.0 952000
1723177205817 0.0 956000
1723177219434 0.0 960000
1723177232824 0.0 964000
1723177246407 0.0 968000
1723177260044 0.0 972000
1723177274312 0.0 976000
1723177287952 0.0 980000
1723177301939 0.0 984000
1723177315702 0.0 988000
1723177329306 0.0 992000
1723177342432 0.0 996000
1723177355599 0.0 1000000
1723177369155 0.0 1004000
1723177382851 0.0 1008000
1723177396542 0.0 1012000
1723177410281 0.0 1016000
1723177423723 0.0 1020000
1723177437303 0.0 1024000
1723177451067 0.0 1028000
1723177464763 0.0 1032000
1723177478894 0.0 1036000
1723177492938 0.0 1040000
1723177506849 0.0 1044000
1723177520514 0.0 1048000
1723177534397 0.0 1052000
1723177548239 0.0 1056000
1723177561787 0.0 1060000
1723177575936 0.0 1064000
1723177589580 0.0 1068000
1723177602399 0.0 1072000
1723177615566 0.0 1076000
1723177628914 0.0 1080000
1723177641956 0.0 1084000
1723177655384 0.0 1088000
1723177668829 0.0 1092000
1723177682539 0.0 1096000
1723177696043 0.0 1100000
1723177709588 0.0 1104000
1723177723077 0.0 1108000
1723177737028 0.0 1112000
1723177750201 0.0 1116000
1723177763767 0.0 1120000
1723177777142 0.0 1124000
1723177790689 0.0 1128000
1723177803864 0.0 1132000
1723177817017 0.0 1136000
1723177830521 0.0 1140000
1723177844233 0.0 1144000
1723177858351 0.0 1148000
1723177871928 0.0 1152000
1723177885593 0.0 1156000
1723177899110 0.0 1160000
1723177912708 0.0 1164000
1723177925698 0.0 1168000
1723177939310 0.0 1172000
1723177952301 0.0 1176000
1723177965650 0.0 1180000
1723177979117 0.0 1184000
1723177993046 0.0 1188000
1723178006532 0.0 1192000
1723178019754 0.0 1196000
1723178033022 0.0 1200000
1723178045137 0.0 1204000
1723178058654 0.0 1208000
1723178071590 0.0 1212000
1723178084926 0.0 1216000
1723178097792 0.0 1220000
1723178111117 0.0 1224000
1723178124324 0.0 1228000
1723178137655 0.0 1232000
1723178151400 0.0 1236000
1723178165165 0.0 1240000
1723178178600 0.0 1244000
1723178191668 0.0 1248000
1723178205040 0.0 1252000
1723178218943 0.0 1256000
1723178232273 0.0 1260000
1723178245701 0.0 1264000
1723178259204 0.0 1268000
1723178273025 0.0 1272000
1723178286330 0.0 1276000
1723178299528 0.0 1280000
1723178312880 0.0 1284000
1723178326917 0.0 1288000
1723178340864 0.0 1292000
1723178354480 0.0 1296000
1723178367812 0.0 1300000
1723178381107 0.0 1304000
1723178394703 0.0 1308000
1723178407682 0.0 1312000
1723178420887 0.0 1316000
1723178434385 0.0 1320000
1723178447716 0.0 1324000
1723178461208 0.0 1328000
1723178474745 0.0 1332000
1723178488221 0.0 1336000
1723178501669 0.0 1340000
1723178515697 0.0 1344000
1723178529897 0.0 1348000
1723178543400 0.0 1352000
1723178556936 0.0 1356000
1723178570365 0.0 1360000
1723178583508 0.0 1364000
1723178597086 0.0 1368000
1723178610302 0.0 1372000
1723178623458 0.0 1376000
1723178636589 0.0 1380000
1723178649907 0.0 1384000
1723178662612 0.0 1388000
1723178675121 0.0 1392000
1723178688477 0.0 1396000
1723178701586 0.0 1400000
1723178714923 0.0 1404000
1723178728560 0.0 1408000
1723178742349 0.0 1412000
1723178755577 0.0 1416000
1723178769320 0.0 1420000
1723178782844 0.0 1424000
1723178796283 0.0 1428000
1723178809853 0.0 1432000
1723178823208 0.0 1436000
1723178836102 0.0 1440000
1723178847509 0.0 1444000
1723178859308 0.0 1448000
1723178871042 0.0 1452000
1723178883016 0.0 1456000
1723178895021 0.0 1460000
1723178907064 0.0 1464000
1723178918363 0.0 1468000
1723178929932 0.0 1472000
1723178942188 0.0 1476000
1723178953864 0.0 1480000
1723178965773 0.0 1484000
1723178977706 0.0 1488000
1723178989843 0.0 1492000
1723179001719 0.0 1496000
1723179013735 0.0 1500000
1723179025354 0.0 1504000
1723179037274 0.0 1508000
1723179048995 0.0 1512000
1723179060637 0.0 1516000
1723179072609 0.0 1520000
1723179084918 0.0 1524000
1723179096579 0.0 1528000
1723179108088 0.0 1532000
1723179119693 0.0 1536000
1723179131454 0.0 1540000
1723179143238 0.0 1544000
1723179154784 0.0 1548000
1723179166502 0.0 1552000
1723179177959 0.0 1556000
1723179189795 0.0 1560000
1723179201076 0.0 1564000
1723179212714 0.0 1568000
1723179224393 0.0 1572000
1723179236304 0.0 1576000
1723179247922 0.0 1580000
1723179259114 0.0 1584000
1723179270716 0.0 1588000
1723179282411 0.0 1592000
1723179293770 0.0 1596000
1723179305054 0.0 1600000
1723179316163 0.0 1604000
1723179327974 0.0 1608000
1723179339533 0.0 1612000
1723179350928 0.0 1616000
1723179362320 0.0 1620000
1723179373607 0.0 1624000
1723179384958 0.0 1628000
1723179396209 0.0 1632000
1723179407399 0.0 1636000
1723179418885 0.0 1640000
1723179430563 0.0 1644000
1723179441913 0.0 1648000
1723179453261 0.0 1652000
1723179464663 0.0 1656000
1723179475968 0.0 1660000
1723179487784 0.0 1664000
1723179499201 0.0 1668000
1723179510739 0.0 1672000
1723179522277 0.0 1676000
1723179533919 0.0 1680000
1723179544938 0.0 1684000
1723179556200 0.0 1688000
1723179567686 0.0 1692000
1723179579077 0.0 1696000
1723179590455 0.0 1700000
1723179601826 0.0 1704000
1723179613122 0.0 1708000
1723179624268 0.0 1712000
1723179635689 0.0 1716000
1723179646947 0.0 1720000
1723179658449 0.0 1724000
1723179669874 0.0 1728000
1723179681168 0.0 1732000
1723179692520 0.0 1736000
1723179703965 0.0 1740000
1723179715217 0.0 1744000
1723179726669 0.0 1748000
1723179738151 0.0 1752000
1723179749526 0.0 1756000
1723179760723 0.0 1760000
1723179772167 0.0 1764000
1723179784171 0.0 1768000
1723179795965 0.0 1772000
1723179807436 0.0 1776000
1723179818865 0.0 1780000
1723179830389 0.0 1784000
1723179842565 0.0 1788000
1723179853825 0.0 1792000
1723179865348 0.0 1796000
1723179876384 0.0 1800000
1723179888000 0.0 1804000
1723179899455 0.0 1808000
1723179911006 0.0 1812000
1723179922380 0.0 1816000
1723179933814 0.0 1820000
1723179945135 0.0 1824000
1723179956373 0.0 1828000
1723179967949 0.0 1832000
1723179979247 0.0 1836000
1723179990739 0.0 1840000
1723180002122 0.0 1844000
1723180013301 0.0 1848000
1723180024890 0.0 1852000
1723180036532 0.0 1856000
1723180048206 0.0 1860000
1723180059741 0.0 1864000
1723180071085 0.0 1868000
1723180082490 0.0 1872000
1723180093867 0.0 1876000
1723180105038 0.0 1880000
1723180116360 0.0 1884000
1723180127837 0.0 1888000
1723180139366 0.0 1892000
1723180150866 0.0 1896000
1723180162011 0.0 1900000
1723180173257 0.0 1904000
1723180184541 0.0 1908000
1723180196136 0.0 1912000
1723180207597 0.0 1916000
1723180218993 0.0 1920000
1723180230478 0.0 1924000
1723180241743 0.0 1928000
1723180253469 0.0 1932000
1723180264948 0.0 1936000
1723180276075 0.0 1940000
1723180287533 0.0 1944000
1723180298765 0.0 1948000
1723180310120 0.0 1952000
1723180321891 0.0 1956000
1723180333026 0.0 1960000
1723180344506 0.0 1964000
1723180356152 0.0 1968000
1723180367637 0.0 1972000
1723180379143 0.0 1976000
1723180390527 0.0 1980000
1723180401929 0.0 1984000
1723180413599 0.0 1988000
1723180425358 0.0 1992000
1723180436809 0.0 1996000
1723180448657 0.0 2000000
