1723173953581 0.99 4000
1723173968221 0.99 8000
1723173984056 0.99 12000
1723173999041 0.99 16000
1723174014622 0.99 20000
1723174030049 0.99 24000
1723174046297 0.99 28000
1723174061179 0.99 32000
1723174078130 0.99 36000
1723174093280 0.99 40000
1723174108127 0.99 44000
1723174124634 0.99 48000
1723174139204 0.99 52000
1723174153101 0.99 56000
1723174167273 0.99 60000
1723174181380 0.99 64000
1723174195951 0.99 68000
1723174209760 0.99 72000
1723174224029 0.99 76000
1723174238027 0.99 80000
1723174252266 0.99 84000
1723174266609 0.99 88000
1723174280751 0.99 92000
1723174294640 0.99 96000
1723174308578 0.99 100000
1723174322301 0.99 104000
1723174335944 0.99 108000
1723174350297 0.99 112000
1723174364294 0.99 116000
1723174378702 0.99 120000
1723174394083 0.99 124000
1723174408306 0.99 128000
1723174422204 0.99 132000
1723174436556 0.99 136000
1723174450628 0.99 140000
1723174464493 0.99 144000
1723174478406 0.99 148000
1723174492108 0.99 152000
1723174505717 0.99 156000
1723174519123 0.99 160000
1723174532522 0.99 164000
1723174546843 0.99 168000
1723174560395 0.99 172000
1723174574313 0.99 176000
1723174588820 0.99 180000
1723174602392 0.99 184000
1723174616102 0.99 188000
1723174630025 0.99 192000
1723174643562 0.99 196000
1723174657254 0.99 200000
1723174671250 0.99 204000
1723174684828 0.99 208000
1723174698555 0.99 212000
1723174711758 0.99 216000
1723174725117 0.99 220000
1723174739008 0.99 224000
1723174752325 0.99 228000
1723174765840 0.99 232000
1723174779122 0.99 236000
1723174792710 0.99 240000
1723174806453 0.99 244000
1723174820187 0.99 248000
1723174833627 0.99 252000
1723174846772 0.99 256000
1723174860263 0.99 260000
1723174874114 0.99 264000
1723174887698 0.99 268000
1723174901028 0.99 272000
1723174914666 0.99 276000
1723174927689 0.99 280000
1723174941069 0.99 284000
1723174954231 0.99 288000
1723174967721 0.99 292000
1723174980971 0.99 296000
1723174994264 0.99 300000
1723175007644 0.99 304000
1723175021009 0.99 308000
1723175034366 0.99 312000
1723175047456 0.99 316000
1723175060432 0.99 320000
1723175073918 0.99 324000
1723175087299 0.99 328000
1723175100570 0.99 332000
1723175113724 0.99 336000
1723175127342 0.99 340000
1723175140575 0.99 344000
1723175153931 0.99 348000
1723175167525 0.99 352000
1723175181318 0.99 356000
1723175194507 0.99 360000
1723175208585 0.99 364000
1723175221268 0.99 368000
1723175234216 0.99 372000
1723175248003 0.99 376000
1723175261263 0.99 380000
1723175275167 0.99 384000
1723175288808 0.99 388000
1723175302372 0.99 392000
1723175315676 0.99 396000
1723175329235 0.99 400000
1723175342487 0.99 404000
1723175355743 0.99 408000
1723175369000 0.99 412000
1723175382069 0.99 416000
1723175395824 0.99 420000
1723175409451 0.99 424000
1723175422969 0.99 428000
1723175436281 0.99 432000
1723175449703 0.99 436000
1723175462855 0.99 440000
1723175476028 0.99 444000
1723175490461 0.99 448000
1723175503457 0.99 452000
1723175517095 0.99 456000
1723175529992 0.99 460000
1723175543109 0.99 464000
1723175555066 0.99 468000
1723175567911 0.99 472000
1723175581144 0.99 476000
1723175594514 0.99 480000
1723175607996 0.99 484000
1723175621245 0.99 488000
1723175634902 0.99 492000
1723175648809 0.99 496000
1723175662465 0.99 500000
1723175675844 0.99 504000
1723175689616 0.99 508000
1723175703462 0.99 512000
1723175717448 0.99 516000
1723175731049 0.99 520000
1723175744875 0.99 524000
1723175758863 0.99 528000
1723175773154 0.99 532000
1723175786663 0.99 536000
1723175800427 0.99 540000
1723175813492 0.99 544000
1723175826509 0.99 548000
1723175839774 0.99 552000
1723175853327 0.99 556000
1723175867565 0.99 560000
1723175881390 0.99 564000
1723175894815 0.99 568000
1723175910118 0.99 572000
1723175924077 0.99 576000
1723175936981 0.99 580000
1723175950529 0.99 584000
1723175963525 0.99 588000
1723175976828 0.99 592000
1723175990728 0.99 596000
1723176005460 0.99 600000
1723176019080 0.99 604000
1723176032524 0.99 608000
1723176045633 0.99 612000
1723176058069 0.99 616000
1723176071795 0.99 620000
1723176085538 0.99 624000
1723176099226 0.99 628000
1723176113392 0.99 632000
1723176126545 0.99 636000
1723176140564 0.99 640000
1723176153234 0.99 644000
1723176166475 0.99 648000
1723176180308 0.99 652000
1723176194012 0.99 656000
1723176207506 0.99 660000
1723176220781 0.99 664000
1723176234775 0.99 668000
1723176247825 0.99 672000
1723176261522 0.99 676000
1723176274815 0.99 680000
1723176289155 0.99 684000
1723176302210 0.99 688000
1723176314483 0.99 692000
1723176327906 0.99 696000
1723176341273 0.99 700000
1723176354730 0.99 704000
1723176368444 0.99 708000
1723176382015 0.99 712000
1723176395368 0.99 716000
1723176409319 0.99 720000
1723176423225 0.99 724000
1723176436503 0.99 728000
1723176448887 0.99 732000
1723176462189 0.99 736000
1723176475838 0.99 740000
1723176489159 0.99 744000
1723176502961 0.99 748000
1723176516367 0.99 752000
1723176529933 0.99 756000
1723176543255 0.99 760000
1723176556909 0.99 764000
1723176569926 0.99 768000
1723176583647 0.99 772000
1723176597485 0.99 776000
1723176610750 0.99 780000
1723176624182 0.99 784000
1723176637319 0.99 788000
1723176650639 0.99 792000
1723176663733 0.99 796000
1723176677043 0.99 800000
1723176690970 0.99 804000
1723176704820 0.99 808000
1723176718237 0.99 812000
1723176731503 0.99 816000
1723176744734 0.99 820000
1723176757993 0.99 824000
1723176771599 0.99 828000
1723176785211 0.99 832000
1723176798675 0.99 836000
1723176811979 0.99 840000
1723176825545 0.99 844000
1723176839350 0.99 848000
1723176852768 0.99 852000
1723176866124 0.99 856000
1723176879461 0.99 860000
1723176893260 0.99 864000
1723176907347 0.99 868000
1723176921142 0.99 872000
1723176934671 0.99 876000
1723176948228 0.99 880000
1723176961730 0.99 884000
1723176975494 0.99 888000
1723176989003 0.99 892000
1723177002414 0.99 896000
1723177015752 0.99 900000
1723177029189 0.99 904000
1723177042152 0.99 908000
1723177056273 0.99 912000
1723177069924 0.99 916000
1723177083432 0.99 920000
1723177097211 0.99 924000
1723177110603 0.99 928000
1723177124211 0.99 932000
1723177137937 0.99 936000
1723177151171 0.99 940000
1723177164368 0.99 944000
1723177177867 0.99 948000
1723177192439 0.99 952000
1723177205805 0.99 956000
1723177219421 0.99 960000
1723177232811 0.99 964000
1723177246395 0.99 968000
1723177260027 0.99 972000
1723177274300 0.99 976000
1723177287939 0.99 980000
1723177301927 0.99 984000
1723177315690 0.99 988000
1723177329293 0.99 992000
1723177342419 0.99 996000
1723177355586 0.99 1000000
1723177369143 0.99 1004000
1723177382839 0.99 1008000
1723177396529 0.99 1012000
1723177410269 0.99 1016000
1723177423711 0.99 1020000
1723177437290 0.99 1024000
1723177451054 0.99 1028000
1723177464751 0.99 1032000
1723177478879 0.99 1036000
1723177492925 0.99 1040000
1723177506837 0.99 1044000
1723177520501 0.99 1048000
1723177534385 0.99 1052000
1723177548218 0.99 1056000
1723177561775 0.99 1060000
1723177575924 0.99 1064000
1723177589568 0.99 1068000
1723177602386 0.99 1072000
1723177615554 0.99 1076000
1723177628902 0.99 1080000
1723177641944 0.99 1084000
1723177655371 0.99 1088000
1723177668816 0.99 1092000
1723177682525 0.99 1096000
1723177696030 0.99 1100000
1723177709575 0.99 1104000
1723177723065 0.99 1108000
1723177737016 0.99 1112000
1723177750188 0.99 1116000
1723177763755 0.99 1120000
1723177777129 0.99 1124000
1723177790677 0.99 1128000
1723177803851 0.99 1132000
1723177817004 0.99 1136000
1723177830508 0.99 1140000
1723177844220 0.99 1144000
1723177858339 0.99 1148000
1723177871915 0.99 1152000
1723177885578 0.99 1156000
1723177899097 0.99 1160000
1723177912695 0.99 1164000
1723177925685 0.99 1168000
1723177939298 0.99 1172000
1723177952289 0.99 1176000
1723177965638 0.99 1180000
1723177979103 0.99 1184000
1723177993034 0.99 1188000
1723178006520 0.99 1192000
1723178019741 0.99 1196000
1723178033009 0.99 1200000
1723178045124 0.99 1204000
1723178058641 0.99 1208000
1723178071577 0.99 1212000
1723178084913 0.99 1216000
1723178097780 0.99 1220000
1723178111105 0.99 1224000
1723178124311 0.99 1228000
1723178137642 0.99 1232000
1723178151386 0.99 1236000
1723178165147 0.99 1240000
1723178178588 0.99 1244000
1723178191656 0.99 1248000
1723178205027 0.99 1252000
1723178218929 0.99 1256000
1723178232260 0.99 1260000
1723178245681 0.99 1264000
1723178259191 0.99 1268000
1723178273013 0.99 1272000
1723178286318 0.99 1276000
1723178299516 0.99 1280000
1723178312868 0.99 1284000
1723178326905 0.99 1288000
1723178340851 0.99 1292000
1723178354467 0.99 1296000
1723178367799 0.99 1300000
1723178381094 0.99 1304000
1723178394690 0.99 1308000
1723178407669 0.99 1312000
1723178420871 0.99 1316000
1723178434372 0.99 1320000
1723178447703 0.99 1324000
1723178461196 0.99 1328000
1723178474732 0.99 1332000
1723178488208 0.99 1336000
1723178501657 0.99 1340000
1723178515684 0.99 1344000
1723178529884 0.99 1348000
1723178543385 0.99 1352000
1723178556924 0.99 1356000
1723178570351 0.99 1360000
1723178583495 0.99 1364000
1723178597074 0.99 1368000
1723178610289 0.99 1372000
1723178623446 0.99 1376000
1723178636577 0.99 1380000
1723178649895 0.99 1384000
1723178662589 0.99 1388000
1723178675108 0.99 1392000
1723178688465 0.99 1396000
1723178701573 0.99 1400000
1723178714910 0.99 1404000
1723178728547 0.99 1408000
1723178742330 0.99 1412000
1723178755565 0.99 1416000
1723178769307 0.99 1420000
1723178782831 0.99 1424000
1723178796269 0.99 1428000
1723178809840 0.99 1432000
1723178823195 0.99 1436000
1723178836091 0.99 1440000
1723178847498 0.99 1444000
1723178859297 0.99 1448000
1723178871030 0.99 1452000
1723178883004 0.99 1456000
1723178895010 0.99 1460000
1723178907053 0.99 1464000
1723178918351 0.99 1468000
1723178929921 0.99 1472000
1723178942176 0.99 1476000
1723178953852 0.99 1480000
1723178965761 0.99 1484000
1723178977694 0.99 1488000
1723178989831 0.99 1492000
1723179001706 0.99 1496000
1723179013722 0.99 1500000
1723179025340 0.99 1504000
1723179037262 0.99 1508000
1723179048984 0.99 1512000
1723179060626 0.99 1516000
1723179072598 0.99 1520000
1723179084906 0.99 1524000
1723179096567 0.99 1528000
1723179108076 0.99 1532000
1723179119682 0.99 1536000
1723179131442 0.99 1540000
1723179143227 0.99 1544000
1723179154772 0.99 1548000
1723179166489 0.99 1552000
1723179177947 0.99 1556000
1723179189783 0.99 1560000
1723179201065 0.99 1564000
1723179212703 0.99 1568000
1723179224380 0.99 1572000
1723179236293 0.99 1576000
1723179247910 0.99 1580000
1723179259102 0.99 1584000
1723179270705 0.99 1588000
1723179282398 0.99 1592000
1723179293758 0.99 1596000
1723179305042 0.99 1600000
1723179316151 0.99 1604000
1723179327963 0.99 1608000
1723179339521 0.99 1612000
1723179350917 0.99 1616000
1723179362308 0.99 1620000
1723179373596 0.99 1624000
1723179384946 0.99 1628000
1723179396197 0.99 1632000
1723179407387 0.99 1636000
1723179418873 0.99 1640000
1723179430552 0.99 1644000
1723179441901 0.99 1648000
1723179453249 0.99 1652000
1723179464651 0.99 1656000
1723179475956 0.99 1660000
1723179487772 0.99 1664000
1723179499189 0.99 1668000
1723179510726 0.99 1672000
1723179522265 0.99 1676000
1723179533907 0.99 1680000
1723179544927 0.99 1684000
1723179556188 0.99 1688000
1723179567674 0.99 1692000
1723179579065 0.99 1696000
1723179590444 0.99 1700000
1723179601814 0.99 1704000
1723179613111 0.99 1708000
1723179624256 0.99 1712000
1723179635677 0.99 1716000
1723179646935 0.99 1720000
1723179658438 0.99 1724000
1723179669863 0.99 1728000
1723179681157 0.99 1732000
1723179692508 0.99 1736000
1723179703953 0.99 1740000
1723179715205 0.99 1744000
1723179726658 0.99 1748000
1723179738139 0.99 1752000
1723179749514 0.99 1756000
1723179760712 0.99 1760000
1723179772156 0.99 1764000
1723179784160 0.99 1768000
1723179795953 0.99 1772000
1723179807424 0.99 1776000
1723179818853 0.99 1780000
1723179830378 0.99 1784000
1723179842552 0.99 1788000
1723179853813 0.99 1792000
1723179865336 0.99 1796000
1723179876372 0.99 1800000
1723179887988 0.99 1804000
1723179899443 0.99 1808000
1723179910995 0.99 1812000
1723179922368 0.99 1816000
1723179933802 0.99 1820000
1723179945123 0.99 1824000
1723179956361 0.99 1828000
1723179967938 0.99 1832000
1723179979236 0.99 1836000
1723179990728 0.99 1840000
1723180002110 0.99 1844000
1723180013289 0.99 1848000
1723180024879 0.99 1852000
1723180036520 0.99 1856000
1723180048194 0.99 1860000
1723180059728 0.99 1864000
1723180071070 0.99 1868000
1723180082478 0.99 1872000
1723180093855 0.99 1876000
1723180105027 0.99 1880000
1723180116349 0.99 1884000
1723180127825 0.99 1888000
1723180139354 0.99 1892000
1723180150854 0.99 1896000
1723180161999 0.99 1900000
1723180173245 0.99 1904000
1723180184529 0.99 1908000
1723180196124 0.99 1912000
1723180207585 0.99 1916000
1723180218981 0.99 1920000
1723180230466 0.99 1924000
1723180241731 0.99 1928000
1723180253455 0.99 1932000
1723180264935 0.99 1936000
1723180276063 0.99 1940000
1723180287522 0.99 1944000
1723180298753 0.99 1948000
1723180310107 0.99 1952000
1723180321880 0.99 1956000
1723180333014 0.99 1960000
1723180344494 0.99 1964000
1723180356140 0.99 1968000
1723180367625 0.99 1972000
1723180379131 0.99 1976000
1723180390514 0.99 1980000
1723180401917 0.99 1984000
1723180413587 0.99 1988000
1723180425346 0.99 1992000
1723180436797 0.99 1996000
1723180448645 0.99 2000000
