1723173953580 0.0 4000
1723173968220 0.0 8000
1723173984055 0.0 12000
1723173999041 0.0 16000
1723174014621 0.0 20000
1723174030048 0.0 24000
1723174046296 0.0 28000
1723174061178 0.0 32000
1723174078130 0.0 36000
1723174093280 0.0 40000
1723174108127 0.0 44000
1723174124634 0.0 48000
1723174139204 0.0 52000
1723174153101 0.0 56000
1723174167273 0.0 60000
1723174181380 0.0 64000
1723174195950 0.0 68000
1723174209759 0.0 72000
1723174224029 0.0 76000
1723174238026 0.0 80000
1723174252266 0.0 84000
1723174266609 0.0 88000
1723174280751 0.0 92000
1723174294639 0.0 96000
1723174308577 0.0 100000
1723174322301 0.0 104000
1723174335943 0.0 108000
1723174350297 0.0 112000
1723174364293 0.0 116000
1723174378702 0.0 120000
1723174394083 0.0 124000
1723174408306 0.0 128000
1723174422203 0.0 132000
1723174436556 0.0 136000
1723174450628 0.0 140000
1723174464493 0.0 144000
1723174478406 0.0 148000
1723174492107 0.0 152000
1723174505717 0.0 156000
1723174519122 0.0 160000
1723174532522 0.0 164000
1723174546842 0.0 168000
1723174560394 0.0 172000
1723174574313 0.0 176000
1723174588820 0.0 180000
1723174602392 0.0 184000
1723174616102 0.0 188000
1723174630025 0.0 192000
1723174643561 0.0 196000
1723174657254 0.0 200000
1723174671249 0.0 204000
1723174684828 0.0 208000
1723174698555 0.0 212000
1723174711758 0.0 216000
1723174725116 0.0 220000
1723174739007 0.0 224000
1723174752324 0.0 228000
1723174765840 0.0 232000
1723174779121 0.0 236000
1723174792709 0.0 240000
1723174806452 0.0 244000
1723174820187 0.0 248000
1723174833627 0.0 252000
1723174846772 0.0 256000
1723174860263 0.0 260000
1723174874114 0.0 264000
1723174887697 0.0 268000
1723174901027 0.0 272000
1723174914666 0.0 276000
1723174927689 0.0 280000
1723174941068 0.0 284000
1723174954230 0.0 288000
1723174967721 0.0 292000
1723174980971 0.0 296000
1723174994264 0.0 300000
1723175007643 0.0 304000
1723175021009 0.0 308000
1723175034366 0.0 312000
1723175047456 0.0 316000
1723175060432 0.0 320000
1723175073918 0.0 324000
1723175087299 0.0 328000
1723175100569 0.0 332000
1723175113724 0.0 336000
1723175127342 0.0 340000
1723175140574 0.0 344000
1723175153931 0.0 348000
1723175167525 0.0 352000
1723175181318 0.0 356000
1723175194507 0.0 360000
1723175208584 0.0 364000
1723175221267 0.0 368000
1723175234216 0.0 372000
1723175248002 0.0 376000
1723175261263 0.0 380000
1723175275167 0.0 384000
1723175288808 0.0 388000
1723175302372 0.0 392000
1723175315676 0.0 396000
1723175329234 0.0 400000
1723175342487 0.0 404000
1723175355742 0.0 408000
1723175369000 0.0 412000
1723175382069 0.0 416000
1723175395824 0.0 420000
1723175409451 0.0 424000
1723175422969 0.0 428000
1723175436281 0.0 432000
1723175449703 0.0 436000
1723175462855 0.0 440000
1723175476028 0.0 444000
1723175490461 0.0 448000
1723175503456 0.0 452000
1723175517095 0.0 456000
1723175529992 0.0 460000
1723175543108 0.0 464000
1723175555066 0.0 468000
1723175567911 0.0 472000
1723175581143 0.0 476000
1723175594514 0.0 480000
1723175607996 0.0 484000
1723175621245 0.0 488000
1723175634901 0.0 492000
1723175648808 0.0 496000
1723175662465 0.0 500000
1723175675843 0.0 504000
1723175689616 0.0 508000
1723175703462 0.0 512000
1723175717447 0.0 516000
1723175731049 0.0 520000
1723175744874 0.0 524000
1723175758863 0.0 528000
1723175773154 0.0 532000
1723175786663 0.0 536000
1723175800427 0.0 540000
1723175813491 0.0 544000
1723175826509 0.0 548000
1723175839774 0.0 552000
1723175853326 0.0 556000
1723175867565 0.0 560000
1723175881390 0.0 564000
1723175894814 0.0 568000
1723175910117 0.0 572000
1723175924076 0.0 576000
1723175936981 0.0 580000
1723175950528 0.0 584000
1723175963525 0.0 588000
1723175976828 0.0 592000
1723175990728 0.0 596000
1723176005459 0.0 600000
1723176019080 0.0 604000
1723176032523 0.0 608000
1723176045633 0.0 612000
1723176058069 0.0 616000
1723176071794 0.0 620000
1723176085538 0.0 624000
1723176099226 0.0 628000
1723176113392 0.0 632000
1723176126545 0.0 636000
1723176140564 0.0 640000
1723176153234 0.0 644000
1723176166475 0.0 648000
1723176180307 0.0 652000
1723176194011 0.0 656000
1723176207506 0.0 660000
1723176220780 0.0 664000
1723176234775 0.0 668000
1723176247825 0.0 672000
1723176261522 0.0 676000
1723176274814 0.0 680000
1723176289155 0.0 684000
1723176302209 0.0 688000
1723176314483 0.0 692000
1723176327905 0.0 696000
1723176341272 0.0 700000
1723176354729 0.0 704000
1723176368443 0.0 708000
1723176382015 0.0 712000
1723176395367 0.0 716000
1723176409319 0.0 720000
1723176423224 0.0 724000
1723176436503 0.0 728000
1723176448886 0.0 732000
1723176462189 0.0 736000
1723176475838 0.0 740000
1723176489158 0.0 744000
1723176502960 0.0 748000
1723176516366 0.0 752000
1723176529933 0.0 756000
1723176543254 0.0 760000
1723176556908 0.0 764000
1723176569926 0.0 768000
1723176583647 0.0 772000
1723176597485 0.0 776000
1723176610750 0.0 780000
1723176624181 0.0 784000
1723176637318 0.0 788000
1723176650639 0.0 792000
1723176663732 0.0 796000
1723176677042 0.0 800000
1723176690969 0.0 804000
1723176704819 0.0 808000
1723176718237 0.0 812000
1723176731502 0.0 816000
1723176744733 0.0 820000
1723176757993 0.0 824000
1723176771599 0.0 828000
1723176785210 0.0 832000
1723176798675 0.0 836000
1723176811978 0.0 840000
1723176825545 0.0 844000
1723176839350 0.0 848000
1723176852768 0.0 852000
1723176866124 0.0 856000
1723176879460 0.0 860000
1723176893259 0.0 864000
1723176907347 0.0 868000
1723176921141 0.0 872000
1723176934671 0.0 876000
1723176948228 0.0 880000
1723176961729 0.0 884000
1723176975494 0.0 888000
1723176989003 0.0 892000
1723177002413 0.0 896000
1723177015752 0.0 900000
1723177029189 0.0 904000
1723177042152 0.0 908000
1723177056273 0.0 912000
1723177069923 0.0 916000
1723177083431 0.0 920000
1723177097211 0.0 924000
1723177110602 0.0 928000
1723177124210 0.0 932000
1723177137937 0.0 936000
1723177151171 0.0 940000
1723177164368 0.0 944000
1723177177866 0.0 948000
1723177192439 0.0 952000
1723177205805 0.0 956000
1723177219421 0.0 960000
1723177232810 0.0 964000
1723177246395 0.0 968000
1723177260026 0.0 972000
1723177274299 0.0 976000
1723177287939 0.0 980000
1723177301926 0.0 984000
1723177315690 0.0 988000
1723177329293 0.0 992000
1723177342418 0.0 996000
1723177355586 0.0 1000000
1723177369142 0.0 1004000
1723177382839 0.0 1008000
1723177396529 0.0 1012000
1723177410268 0.0 1016000
1723177423710 0.0 1020000
1723177437290 0.0 1024000
1723177451054 0.0 1028000
1723177464750 0.0 1032000
1723177478879 0.0 1036000
1723177492924 0.0 1040000
1723177506836 0.0 1044000
1723177520501 0.0 1048000
1723177534384 0.0 1052000
1723177548217 0.0 1056000
1723177561774 0.0 1060000
1723177575924 0.0 1064000
1723177589567 0.0 1068000
1723177602385 0.0 1072000
1723177615553 0.0 1076000
1723177628901 0.0 1080000
1723177641942 0.0 1084000
1723177655371 0.0 1088000
1723177668815 0.0 1092000
1723177682525 0.0 1096000
1723177696030 0.0 1100000
1723177709574 0.0 1104000
1723177723065 0.0 1108000
1723177737016 0.0 1112000
1723177750188 0.0 1116000
1723177763755 0.0 1120000
1723177777129 0.0 1124000
1723177790676 0.0 1128000
1723177803851 0.0 1132000
1723177817004 0.0 1136000
1723177830508 0.0 1140000
1723177844220 0.0 1144000
1723177858338 0.0 1148000
1723177871915 0.0 1152000
1723177885578 0.0 1156000
1723177899097 0.0 1160000
1723177912695 0.0 1164000
1723177925685 0.0 1168000
1723177939297 0.0 1172000
1723177952288 0.0 1176000
1723177965637 0.0 1180000
1723177979103 0.0 1184000
1723177993033 0.0 1188000
1723178006520 0.0 1192000
1723178019741 0.0 1196000
1723178033009 0.0 1200000
1723178045124 0.0 1204000
1723178058641 0.0 1208000
1723178071577 0.0 1212000
1723178084913 0.0 1216000
1723178097780 0.0 1220000
1723178111104 0.0 1224000
1723178124311 0.0 1228000
1723178137642 0.0 1232000
1723178151386 0.0 1236000
1723178165147 0.0 1240000
1723178178587 0.0 1244000
1723178191656 0.0 1248000
1723178205027 0.0 1252000
1723178218929 0.0 1256000
1723178232259 0.0 1260000
1723178245681 0.0 1264000
1723178259190 0.0 1268000
1723178273012 0.0 1272000
1723178286318 0.0 1276000
1723178299516 0.0 1280000
1723178312867 0.0 1284000
1723178326905 0.0 1288000
1723178340850 0.0 1292000
1723178354466 0.0 1296000
1723178367799 0.0 1300000
1723178381093 0.0 1304000
1723178394690 0.0 1308000
1723178407669 0.0 1312000
1723178420870 0.0 1316000
1723178434371 0.0 1320000
1723178447703 0.0 1324000
1723178461195 0.0 1328000
1723178474731 0.0 1332000
1723178488208 0.0 1336000
1723178501657 0.0 1340000
1723178515684 0.0 1344000
1723178529884 0.0 1348000
1723178543385 0.0 1352000
1723178556923 0.0 1356000
1723178570350 0.0 1360000
1723178583495 0.0 1364000
1723178597073 0.0 1368000
1723178610289 0.0 1372000
1723178623445 0.0 1376000
1723178636577 0.0 1380000
1723178649894 0.0 1384000
1723178662588 0.0 1388000
1723178675108 0.0 1392000
1723178688465 0.0 1396000
1723178701573 0.0 1400000
1723178714910 0.0 1404000
1723178728547 0.0 1408000
1723178742330 0.0 1412000
1723178755565 0.0 1416000
1723178769307 0.0 1420000
1723178782831 0.0 1424000
1723178796269 0.0 1428000
1723178809840 0.0 1432000
1723178823195 0.0 1436000
1723178836090 0.0 1440000
1723178847497 0.0 1444000
1723178859296 0.0 1448000
1723178871030 0.0 1452000
1723178883004 0.0 1456000
1723178895009 0.0 1460000
1723178907052 0.0 1464000
1723178918351 0.0 1468000
1723178929920 0.0 1472000
1723178942176 0.0 1476000
1723178953852 0.0 1480000
1723178965761 0.0 1484000
1723178977693 0.0 1488000
1723178989831 0.0 1492000
1723179001705 0.0 1496000
1723179013721 0.0 1500000
1723179025339 0.0 1504000
1723179037261 0.0 1508000
1723179048983 0.0 1512000
1723179060625 0.0 1516000
1723179072597 0.0 1520000
1723179084906 0.0 1524000
1723179096567 0.0 1528000
1723179108075 0.0 1532000
1723179119681 0.0 1536000
1723179131442 0.0 1540000
1723179143226 0.0 1544000
1723179154772 0.0 1548000
1723179166488 0.0 1552000
1723179177946 0.0 1556000
1723179189783 0.0 1560000
1723179201065 0.0 1564000
1723179212702 0.0 1568000
1723179224380 0.0 1572000
1723179236293 0.0 1576000
1723179247909 0.0 1580000
1723179259102 0.0 1584000
1723179270705 0.0 1588000
1723179282398 0.0 1592000
1723179293757 0.0 1596000
1723179305042 0.0 1600000
1723179316150 0.0 1604000
1723179327962 0.0 1608000
1723179339521 0.0 1612000
1723179350916 0.0 1616000
1723179362308 0.0 1620000
1723179373595 0.0 1624000
1723179384946 0.0 1628000
1723179396197 0.0 1632000
1723179407387 0.0 1636000
1723179418873 0.0 1640000
1723179430551 0.0 1644000
1723179441901 0.0 1648000
1723179453249 0.0 1652000
1723179464651 0.0 1656000
1723179475955 0.0 1660000
1723179487772 0.0 1664000
1723179499189 0.0 1668000
1723179510726 0.0 1672000
1723179522265 0.0 1676000
1723179533906 0.0 1680000
1723179544926 0.0 1684000
1723179556187 0.0 1688000
1723179567674 0.0 1692000
1723179579065 0.0 1696000
1723179590443 0.0 1700000
1723179601813 0.0 1704000
1723179613110 0.0 1708000
1723179624256 0.0 1712000
1723179635676 0.0 1716000
1723179646935 0.0 1720000
1723179658438 0.0 1724000
1723179669862 0.0 1728000
1723179681156 0.0 1732000
1723179692507 0.0 1736000
1723179703953 0.0 1740000
1723179715205 0.0 1744000
1723179726657 0.0 1748000
1723179738139 0.0 1752000
1723179749514 0.0 1756000
1723179760712 0.0 1760000
1723179772156 0.0 1764000
1723179784159 0.0 1768000
1723179795953 0.0 1772000
1723179807423 0.0 1776000
1723179818853 0.0 1780000
1723179830377 0.0 1784000
1723179842552 0.0 1788000
1723179853813 0.0 1792000
1723179865335 0.0 1796000
1723179876372 0.0 1800000
1723179887988 0.0 1804000
1723179899443 0.0 1808000
1723179910994 0.0 1812000
1723179922368 0.0 1816000
1723179933801 0.0 1820000
1723179945122 0.0 1824000
1723179956360 0.0 1828000
1723179967937 0.0 1832000
1723179979235 0.0 1836000
1723179990727 0.0 1840000
1723180002110 0.0 1844000
1723180013289 0.0 1848000
1723180024878 0.0 1852000
1723180036520 0.0 1856000
1723180048194 0.0 1860000
1723180059728 0.0 1864000
1723180071070 0.0 1868000
1723180082477 0.0 1872000
1723180093854 0.0 1876000
1723180105026 0.0 1880000
1723180116348 0.0 1884000
1723180127825 0.0 1888000
1723180139353 0.0 1892000
1723180150854 0.0 1896000
1723180161999 0.0 1900000
1723180173245 0.0 1904000
1723180184529 0.0 1908000
1723180196124 0.0 1912000
1723180207585 0.0 1916000
1723180218981 0.0 1920000
1723180230466 0.0 1924000
1723180241731 0.0 1928000
1723180253455 0.0 1932000
1723180264935 0.0 1936000
1723180276063 0.0 1940000
1723180287521 0.0 1944000
1723180298753 0.0 1948000
1723180310107 0.0 1952000
1723180321879 0.0 1956000
1723180333013 0.0 1960000
1723180344494 0.0 1964000
1723180356140 0.0 1968000
1723180367625 0.0 1972000
1723180379131 0.0 1976000
1723180390514 0.0 1980000
1723180401917 0.0 1984000
1723180413587 0.0 1988000
1723180425346 0.0 1992000
1723180436797 0.0 1996000
1723180448644 0.0 2000000
