1723173953599 1.0 4000
1723173968237 1.0 8000
1723173984079 1.0 12000
1723173999053 1.0 16000
1723174014634 1.0 20000
1723174030061 1.0 24000
1723174046308 1.0 28000
1723174061191 1.0 32000
1723174078144 1.0 36000
1723174093293 1.0 40000
1723174108140 1.0 44000
1723174124647 1.0 48000
1723174139219 1.0 52000
1723174153114 1.0 56000
1723174167285 1.0 60000
1723174181392 1.0 64000
1723174195965 1.0 68000
1723174209774 1.0 72000
1723174224041 1.0 76000
1723174238049 1.0 80000
1723174252278 1.0 84000
1723174266622 1.0 88000
1723174280763 1.0 92000
1723174294652 1.0 96000
1723174308590 1.0 100000
1723174322313 1.0 104000
1723174335956 1.0 108000
1723174350309 1.0 112000
1723174364305 1.0 116000
1723174378713 1.0 120000
1723174394095 1.0 124000
1723174408318 1.0 128000
1723174422215 1.0 132000
1723174436568 1.0 136000
1723174450641 1.0 140000
1723174464505 1.0 144000
1723174478418 1.0 148000
1723174492126 1.0 152000
1723174505728 1.0 156000
1723174519135 1.0 160000
1723174532534 1.0 164000
1723174546854 1.0 168000
1723174560406 1.0 172000
1723174574326 1.0 176000
1723174588832 1.0 180000
1723174602404 1.0 184000
1723174616114 1.0 188000
1723174630037 1.0 192000
1723174643574 1.0 196000
1723174657267 1.0 200000
1723174671261 1.0 204000
1723174684840 1.0 208000
1723174698567 1.0 212000
1723174711770 1.0 216000
1723174725129 1.0 220000
1723174739020 1.0 224000
1723174752337 1.0 228000
1723174765853 1.0 232000
1723174779133 1.0 236000
1723174792730 1.0 240000
1723174806464 1.0 244000
1723174820198 1.0 248000
1723174833639 1.0 252000
1723174846784 1.0 256000
1723174860276 1.0 260000
1723174874125 1.0 264000
1723174887713 1.0 268000
1723174901040 1.0 272000
1723174914678 1.0 276000
1723174927701 1.0 280000
1723174941080 1.0 284000
1723174954242 1.0 288000
1723174967732 1.0 292000
1723174980984 1.0 296000
1723174994276 1.0 300000
1723175007656 1.0 304000
1723175021021 1.0 308000
1723175034378 1.0 312000
1723175047468 1.0 316000
1723175060444 1.0 320000
1723175073930 1.0 324000
1723175087310 1.0 328000
1723175100582 1.0 332000
1723175113736 1.0 336000
1723175127354 1.0 340000
1723175140587 1.0 344000
1723175153944 1.0 348000
1723175167538 1.0 352000
1723175181330 1.0 356000
1723175194519 1.0 360000
1723175208598 1.0 364000
1723175221280 1.0 368000
1723175234227 1.0 372000
1723175248014 1.0 376000
1723175261275 1.0 380000
1723175275183 1.0 384000
1723175288820 1.0 388000
1723175302385 1.0 392000
1723175315688 1.0 396000
1723175329247 1.0 400000
1723175342499 1.0 404000
1723175355755 1.0 408000
1723175369011 1.0 412000
1723175382081 1.0 416000
1723175395837 1.0 420000
1723175409463 1.0 424000
1723175422981 1.0 428000
1723175436293 1.0 432000
1723175449716 1.0 436000
1723175462868 1.0 440000
1723175476041 1.0 444000
1723175490473 1.0 448000
1723175503468 1.0 452000
1723175517107 1.0 456000
1723175530005 1.0 460000
1723175543121 1.0 464000
1723175555078 1.0 468000
1723175567923 1.0 472000
1723175581156 1.0 476000
1723175594526 1.0 480000
1723175608008 1.0 484000
1723175621257 1.0 488000
1723175634914 1.0 492000
1723175648821 1.0 496000
1723175662478 1.0 500000
1723175675856 1.0 504000
1723175689628 1.0 508000
1723175703474 1.0 512000
1723175717460 1.0 516000
1723175731061 1.0 520000
1723175744886 1.0 524000
1723175758875 1.0 528000
1723175773175 1.0 532000
1723175786675 1.0 536000
1723175800441 1.0 540000
1723175813503 1.0 544000
1723175826521 1.0 548000
1723175839786 1.0 552000
1723175853339 1.0 556000
1723175867577 1.0 560000
1723175881405 1.0 564000
1723175894828 1.0 568000
1723175910131 1.0 572000
1723175924089 1.0 576000
1723175936996 1.0 580000
1723175950541 1.0 584000
1723175963539 1.0 588000
1723175976840 1.0 592000
1723175990740 1.0 596000
1723176005472 1.0 600000
1723176019091 1.0 604000
1723176032536 1.0 608000
1723176045646 1.0 612000
1723176058081 1.0 616000
1723176071812 1.0 620000
1723176085551 1.0 624000
1723176099238 1.0 628000
1723176113412 1.0 632000
1723176126558 1.0 636000
1723176140576 1.0 640000
1723176153246 1.0 644000
1723176166488 1.0 648000
1723176180320 1.0 652000
1723176194023 1.0 656000
1723176207521 1.0 660000
1723176220793 1.0 664000
1723176234788 1.0 668000
1723176247837 1.0 672000
1723176261534 1.0 676000
1723176274828 1.0 680000
1723176289167 1.0 684000
1723176302232 1.0 688000
1723176314497 1.0 692000
1723176327919 1.0 696000
1723176341299 1.0 700000
1723176354742 1.0 704000
1723176368455 1.0 708000
1723176382027 1.0 712000
1723176395380 1.0 716000
1723176409332 1.0 720000
1723176423238 1.0 724000
1723176436515 1.0 728000
1723176448901 1.0 732000
1723176462201 1.0 736000
1723176475853 1.0 740000
1723176489171 1.0 744000
1723176502973 1.0 748000
1723176516390 1.0 752000
1723176529950 1.0 756000
1723176543266 1.0 760000
1723176556921 1.0 764000
1723176569938 1.0 768000
1723176583660 1.0 772000
1723176597497 1.0 776000
1723176610762 1.0 780000
1723176624194 1.0 784000
1723176637331 1.0 788000
1723176650651 1.0 792000
1723176663744 1.0 796000
1723176677055 1.0 800000
1723176690982 1.0 804000
1723176704832 1.0 808000
1723176718249 1.0 812000
1723176731515 1.0 816000
1723176744746 1.0 820000
1723176758005 1.0 824000
1723176771616 1.0 828000
1723176785222 1.0 832000
1723176798688 1.0 836000
1723176811990 1.0 840000
1723176825557 1.0 844000
1723176839363 1.0 848000
1723176852780 1.0 852000
1723176866137 1.0 856000
1723176879473 1.0 860000
1723176893271 1.0 864000
1723176907359 1.0 868000
1723176921154 1.0 872000
1723176934683 1.0 876000
1723176948240 1.0 880000
1723176961742 1.0 884000
1723176975506 1.0 888000
1723176989015 1.0 892000
1723177002426 1.0 896000
1723177015764 1.0 900000
1723177029201 1.0 904000
1723177042164 1.0 908000
1723177056285 1.0 912000
1723177069938 1.0 916000
1723177083444 1.0 920000
1723177097223 1.0 924000
1723177110615 1.0 928000
1723177124222 1.0 932000
1723177137949 1.0 936000
1723177151182 1.0 940000
1723177164381 1.0 944000
1723177177879 1.0 948000
1723177192452 1.0 952000
1723177205817 1.0 956000
1723177219433 1.0 960000
1723177232823 1.0 964000
1723177246407 1.0 968000
1723177260044 1.0 972000
1723177274311 1.0 976000
1723177287951 1.0 980000
1723177301939 1.0 984000
1723177315702 1.0 988000
1723177329306 1.0 992000
1723177342431 1.0 996000
1723177355598 1.0 1000000
1723177369154 1.0 1004000
1723177382851 1.0 1008000
1723177396541 1.0 1012000
1723177410280 1.0 1016000
1723177423723 1.0 1020000
1723177437302 1.0 1024000
1723177451067 1.0 1028000
1723177464763 1.0 1032000
1723177478893 1.0 1036000
1723177492938 1.0 1040000
1723177506849 1.0 1044000
1723177520514 1.0 1048000
1723177534397 1.0 1052000
1723177548238 1.0 1056000
1723177561787 1.0 1060000
1723177575936 1.0 1064000
1723177589579 1.0 1068000
1723177602398 1.0 1072000
1723177615566 1.0 1076000
1723177628914 1.0 1080000
1723177641956 1.0 1084000
1723177655384 1.0 1088000
1723177668828 1.0 1092000
1723177682538 1.0 1096000
1723177696042 1.0 1100000
1723177709587 1.0 1104000
1723177723077 1.0 1108000
1723177737028 1.0 1112000
1723177750200 1.0 1116000
1723177763767 1.0 1120000
1723177777141 1.0 1124000
1723177790689 1.0 1128000
1723177803863 1.0 1132000
1723177817016 1.0 1136000
1723177830521 1.0 1140000
1723177844232 1.0 1144000
1723177858351 1.0 1148000
1723177871928 1.0 1152000
1723177885593 1.0 1156000
1723177899109 1.0 1160000
1723177912708 1.0 1164000
1723177925698 1.0 1168000
1723177939310 1.0 1172000
1723177952300 1.0 1176000
1723177965650 1.0 1180000
1723177979116 1.0 1184000
1723177993046 1.0 1188000
1723178006532 1.0 1192000
1723178019754 1.0 1196000
1723178033022 1.0 1200000
1723178045136 1.0 1204000
1723178058653 1.0 1208000
1723178071590 1.0 1212000
1723178084925 1.0 1216000
1723178097792 1.0 1220000
1723178111117 1.0 1224000
1723178124323 1.0 1228000
1723178137655 1.0 1232000
1723178151399 1.0 1236000
1723178165164 1.0 1240000
1723178178600 1.0 1244000
1723178191668 1.0 1248000
1723178205039 1.0 1252000
1723178218942 1.0 1256000
1723178232272 1.0 1260000
1723178245701 1.0 1264000
1723178259203 1.0 1268000
1723178273024 1.0 1272000
1723178286329 1.0 1276000
1723178299528 1.0 1280000
1723178312880 1.0 1284000
1723178326917 1.0 1288000
1723178340863 1.0 1292000
1723178354480 1.0 1296000
1723178367812 1.0 1300000
1723178381106 1.0 1304000
1723178394703 1.0 1308000
1723178407682 1.0 1312000
1723178420886 1.0 1316000
1723178434384 1.0 1320000
1723178447716 1.0 1324000
1723178461208 1.0 1328000
1723178474744 1.0 1332000
1723178488220 1.0 1336000
1723178501669 1.0 1340000
1723178515696 1.0 1344000
1723178529897 1.0 1348000
1723178543400 1.0 1352000
1723178556935 1.0 1356000
1723178570365 1.0 1360000
1723178583507 1.0 1364000
1723178597086 1.0 1368000
1723178610301 1.0 1372000
1723178623458 1.0 1376000
1723178636589 1.0 1380000
1723178649907 1.0 1384000
1723178662612 1.0 1388000
1723178675120 1.0 1392000
1723178688477 1.0 1396000
1723178701585 1.0 1400000
1723178714922 1.0 1404000
1723178728560 1.0 1408000
1723178742348 1.0 1412000
1723178755577 1.0 1416000
1723178769320 1.0 1420000
1723178782843 1.0 1424000
1723178796283 1.0 1428000
1723178809853 1.0 1432000
1723178823207 1.0 1436000
1723178836102 1.0 1440000
1723178847509 1.0 1444000
1723178859308 1.0 1448000
1723178871041 1.0 1452000
1723178883016 1.0 1456000
1723178895021 1.0 1460000
1723178907064 1.0 1464000
1723178918362 1.0 1468000
1723178929932 1.0 1472000
1723178942188 1.0 1476000
1723178953864 1.0 1480000
1723178965773 1.0 1484000
1723178977706 1.0 1488000
1723178989842 1.0 1492000
1723179001718 1.0 1496000
1723179013734 1.0 1500000
1723179025354 1.0 1504000
1723179037274 1.0 1508000
1723179048995 1.0 1512000
1723179060637 1.0 1516000
1723179072609 1.0 1520000
1723179084918 1.0 1524000
1723179096579 1.0 1528000
1723179108088 1.0 1532000
1723179119693 1.0 1536000
1723179131453 1.0 1540000
1723179143238 1.0 1544000
1723179154784 1.0 1548000
1723179166501 1.0 1552000
1723179177958 1.0 1556000
1723179189794 1.0 1560000
1723179201076 1.0 1564000
1723179212714 1.0 1568000
1723179224392 1.0 1572000
1723179236304 1.0 1576000
1723179247921 1.0 1580000
1723179259114 1.0 1584000
1723179270716 1.0 1588000
1723179282410 1.0 1592000
1723179293769 1.0 1596000
1723179305053 1.0 1600000
1723179316163 1.0 1604000
1723179327974 1.0 1608000
1723179339532 1.0 1612000
1723179350928 1.0 1616000
1723179362320 1.0 1620000
1723179373607 1.0 1624000
1723179384958 1.0 1628000
1723179396208 1.0 1632000
1723179407398 1.0 1636000
1723179418884 1.0 1640000
1723179430563 1.0 1644000
1723179441913 1.0 1648000
1723179453261 1.0 1652000
1723179464662 1.0 1656000
1723179475967 1.0 1660000
1723179487784 1.0 1664000
1723179499201 1.0 1668000
1723179510738 1.0 1672000
1723179522277 1.0 1676000
1723179533918 1.0 1680000
1723179544938 1.0 1684000
1723179556199 1.0 1688000
1723179567685 1.0 1692000
1723179579077 1.0 1696000
1723179590455 1.0 1700000
1723179601825 1.0 1704000
1723179613122 1.0 1708000
1723179624267 1.0 1712000
1723179635688 1.0 1716000
1723179646947 1.0 1720000
1723179658449 1.0 1724000
1723179669874 1.0 1728000
1723179681168 1.0 1732000
1723179692520 1.0 1736000
1723179703965 1.0 1740000
1723179715216 1.0 1744000
1723179726669 1.0 1748000
1723179738151 1.0 1752000
1723179749525 1.0 1756000
1723179760723 1.0 1760000
1723179772167 1.0 1764000
1723179784171 1.0 1768000
1723179795965 1.0 1772000
1723179807436 1.0 1776000
1723179818864 1.0 1780000
1723179830389 1.0 1784000
1723179842564 1.0 1788000
1723179853824 1.0 1792000
1723179865347 1.0 1796000
1723179876383 1.0 1800000
1723179888000 1.0 1804000
1723179899454 1.0 1808000
1723179911006 1.0 1812000
1723179922380 1.0 1816000
1723179933813 1.0 1820000
1723179945135 1.0 1824000
1723179956372 1.0 1828000
1723179967949 1.0 1832000
1723179979247 1.0 1836000
1723179990739 1.0 1840000
1723180002122 1.0 1844000
1723180013300 1.0 1848000
1723180024890 1.0 1852000
1723180036531 1.0 1856000
1723180048205 1.0 1860000
1723180059740 1.0 1864000
1723180071084 1.0 1868000
1723180082489 1.0 1872000
1723180093866 1.0 1876000
1723180105038 1.0 1880000
1723180116360 1.0 1884000
1723180127836 1.0 1888000
1723180139365 1.0 1892000
1723180150866 1.0 1896000
1723180162011 1.0 1900000
1723180173257 1.0 1904000
1723180184541 1.0 1908000
1723180196135 1.0 1912000
1723180207597 1.0 1916000
1723180218993 1.0 1920000
1723180230477 1.0 1924000
1723180241743 1.0 1928000
1723180253468 1.0 1932000
1723180264947 1.0 1936000
1723180276075 1.0 1940000
1723180287533 1.0 1944000
1723180298765 1.0 1948000
1723180310120 1.0 1952000
1723180321891 1.0 1956000
1723180333026 1.0 1960000
1723180344506 1.0 1964000
1723180356152 1.0 1968000
1723180367637 1.0 1972000
1723180379143 1.0 1976000
1723180390526 1.0 1980000
1723180401929 1.0 1984000
1723180413599 1.0 1988000
1723180425357 1.0 1992000
1723180436809 1.0 1996000
1723180448656 1.0 2000000
