1723173953603 1000.0 4000
1723173968239 1000.0 8000
1723173984082 1000.0 12000
1723173999056 1000.0 16000
1723174014637 1000.0 20000
1723174030064 1000.0 24000
1723174046311 1000.0 28000
1723174061193 1000.0 32000
1723174078147 1000.0 36000
1723174093296 1000.0 40000
1723174108142 1000.0 44000
1723174124649 1000.0 48000
1723174139221 1000.0 52000
1723174153116 1000.0 56000
1723174167287 1000.0 60000
1723174181394 1000.0 64000
1723174195969 1000.0 68000
1723174209777 1000.0 72000
1723174224043 1000.0 76000
1723174238053 1000.0 80000
1723174252282 1000.0 84000
1723174266625 1000.0 88000
1723174280766 1000.0 92000
1723174294654 1000.0 96000
1723174308592 1000.0 100000
1723174322316 1000.0 104000
1723174335958 1000.0 108000
1723174350312 1000.0 112000
1723174364308 1000.0 116000
1723174378716 1000.0 120000
1723174394098 1000.0 124000
1723174408321 1000.0 128000
1723174422218 1000.0 132000
1723174436570 1000.0 136000
1723174450643 1000.0 140000
1723174464507 1000.0 144000
1723174478421 1000.0 148000
1723174492129 1000.0 152000
1723174505731 1000.0 156000
1723174519138 1000.0 160000
1723174532536 1000.0 164000
1723174546857 1000.0 168000
1723174560409 1000.0 172000
1723174574328 1000.0 176000
1723174588835 1000.0 180000
1723174602407 1000.0 184000
1723174616116 1000.0 188000
1723174630040 1000.0 192000
1723174643576 1000.0 196000
1723174657269 1000.0 200000
1723174671263 1000.0 204000
1723174684842 1000.0 208000
1723174698569 1000.0 212000
1723174711773 1000.0 216000
1723174725131 1000.0 220000
1723174739024 1000.0 224000
1723174752339 1000.0 228000
1723174765856 1000.0 232000
1723174779136 1000.0 236000
1723174792732 1000.0 240000
1723174806466 1000.0 244000
1723174820201 1000.0 248000
1723174833641 1000.0 252000
1723174846787 1000.0 256000
1723174860280 1000.0 260000
1723174874128 1000.0 264000
1723174887716 1000.0 268000
1723174901043 1000.0 272000
1723174914681 1000.0 276000
1723174927704 1000.0 280000
1723174941083 1000.0 284000
1723174954244 1000.0 288000
1723174967735 1000.0 292000
1723174980987 1000.0 296000
1723174994278 1000.0 300000
1723175007658 1000.0 304000
1723175021024 1000.0 308000
1723175034381 1000.0 312000
1723175047471 1000.0 316000
1723175060447 1000.0 320000
1723175073933 1000.0 324000
1723175087313 1000.0 328000
1723175100584 1000.0 332000
1723175113739 1000.0 336000
1723175127357 1000.0 340000
1723175140589 1000.0 344000
1723175153946 1000.0 348000
1723175167540 1000.0 352000
1723175181332 1000.0 356000
1723175194522 1000.0 360000
1723175208600 1000.0 364000
1723175221282 1000.0 368000
1723175234230 1000.0 372000
1723175248016 1000.0 376000
1723175261278 1000.0 380000
1723175275185 1000.0 384000
1723175288823 1000.0 388000
1723175302387 1000.0 392000
1723175315690 1000.0 396000
1723175329249 1000.0 400000
1723175342502 1000.0 404000
1723175355758 1000.0 408000
1723175369014 1000.0 412000
1723175382084 1000.0 416000
1723175395839 1000.0 420000
1723175409465 1000.0 424000
1723175422983 1000.0 428000
1723175436295 1000.0 432000
1723175449719 1000.0 436000
1723175462870 1000.0 440000
1723175476043 1000.0 444000
1723175490475 1000.0 448000
1723175503471 1000.0 452000
1723175517109 1000.0 456000
1723175530007 1000.0 460000
1723175543124 1000.0 464000
1723175555080 1000.0 468000
1723175567925 1000.0 472000
1723175581158 1000.0 476000
1723175594528 1000.0 480000
1723175608010 1000.0 484000
1723175621259 1000.0 488000
1723175634917 1000.0 492000
1723175648823 1000.0 496000
1723175662480 1000.0 500000
1723175675859 1000.0 504000
1723175689631 1000.0 508000
1723175703476 1000.0 512000
1723175717463 1000.0 516000
1723175731063 1000.0 520000
1723175744889 1000.0 524000
1723175758877 1000.0 528000
1723175773178 1000.0 532000
1723175786677 1000.0 536000
1723175800445 1000.0 540000
1723175813506 1000.0 544000
1723175826523 1000.0 548000
1723175839788 1000.0 552000
1723175853341 1000.0 556000
1723175867580 1000.0 560000
1723175881407 1000.0 564000
1723175894831 1000.0 568000
1723175910133 1000.0 572000
1723175924091 1000.0 576000
1723175936999 1000.0 580000
1723175950543 1000.0 584000
1723175963543 1000.0 588000
1723175976842 1000.0 592000
1723175990749 1000.0 596000
1723176005474 1000.0 600000
1723176019094 1000.0 604000
1723176032539 1000.0 608000
1723176045649 1000.0 612000
1723176058084 1000.0 616000
1723176071815 1000.0 620000
1723176085553 1000.0 624000
1723176099241 1000.0 628000
1723176113414 1000.0 632000
1723176126560 1000.0 636000
1723176140579 1000.0 640000
1723176153249 1000.0 644000
1723176166490 1000.0 648000
1723176180323 1000.0 652000
1723176194026 1000.0 656000
1723176207523 1000.0 660000
1723176220796 1000.0 664000
1723176234790 1000.0 668000
1723176247840 1000.0 672000
1723176261537 1000.0 676000
1723176274830 1000.0 680000
1723176289170 1000.0 684000
1723176302235 1000.0 688000
1723176314500 1000.0 692000
1723176327921 1000.0 696000
1723176341302 1000.0 700000
1723176354744 1000.0 704000
1723176368458 1000.0 708000
1723176382030 1000.0 712000
1723176395382 1000.0 716000
1723176409334 1000.0 720000
1723176423240 1000.0 724000
1723176436517 1000.0 728000
1723176448904 1000.0 732000
1723176462204 1000.0 736000
1723176475855 1000.0 740000
1723176489173 1000.0 744000
1723176502975 1000.0 748000
1723176516392 1000.0 752000
1723176529953 1000.0 756000
1723176543269 1000.0 760000
1723176556923 1000.0 764000
1723176569941 1000.0 768000
1723176583662 1000.0 772000
1723176597500 1000.0 776000
1723176610764 1000.0 780000
1723176624197 1000.0 784000
1723176637334 1000.0 788000
1723176650653 1000.0 792000
1723176663747 1000.0 796000
1723176677057 1000.0 800000
1723176690984 1000.0 804000
1723176704834 1000.0 808000
1723176718251 1000.0 812000
1723176731518 1000.0 816000
1723176744748 1000.0 820000
1723176758007 1000.0 824000
1723176771618 1000.0 828000
1723176785225 1000.0 832000
1723176798691 1000.0 836000
1723176811993 1000.0 840000
1723176825560 1000.0 844000
1723176839365 1000.0 848000
1723176852782 1000.0 852000
1723176866139 1000.0 856000
1723176879475 1000.0 860000
1723176893273 1000.0 864000
1723176907362 1000.0 868000
1723176921156 1000.0 872000
1723176934686 1000.0 876000
1723176948243 1000.0 880000
1723176961744 1000.0 884000
1723176975509 1000.0 888000
1723176989018 1000.0 892000
1723177002428 1000.0 896000
1723177015766 1000.0 900000
1723177029204 1000.0 904000
1723177042167 1000.0 908000
1723177056288 1000.0 912000
1723177069940 1000.0 916000
1723177083446 1000.0 920000
1723177097226 1000.0 924000
1723177110618 1000.0 928000
1723177124225 1000.0 932000
1723177137952 1000.0 936000
1723177151185 1000.0 940000
1723177164383 1000.0 944000
1723177177881 1000.0 948000
1723177192455 1000.0 952000
1723177205819 1000.0 956000
1723177219436 1000.0 960000
1723177232826 1000.0 964000
1723177246409 1000.0 968000
1723177260046 1000.0 972000
1723177274314 1000.0 976000
1723177287954 1000.0 980000
1723177301941 1000.0 984000
1723177315705 1000.0 988000
1723177329308 1000.0 992000
1723177342434 1000.0 996000
1723177355601 1000.0 1000000
1723177369157 1000.0 1004000
1723177382854 1000.0 1008000
1723177396544 1000.0 1012000
1723177410283 1000.0 1016000
1723177423725 1000.0 1020000
1723177437305 1000.0 1024000
1723177451069 1000.0 1028000
1723177464765 1000.0 1032000
1723177478897 1000.0 1036000
1723177492940 1000.0 1040000
1723177506851 1000.0 1044000
1723177520516 1000.0 1048000
1723177534399 1000.0 1052000
1723177548241 1000.0 1056000
1723177561789 1000.0 1060000
1723177575938 1000.0 1064000
1723177589582 1000.0 1068000
1723177602401 1000.0 1072000
1723177615568 1000.0 1076000
1723177628916 1000.0 1080000
1723177641959 1000.0 1084000
1723177655386 1000.0 1088000
1723177668831 1000.0 1092000
1723177682541 1000.0 1096000
1723177696044 1000.0 1100000
1723177709590 1000.0 1104000
1723177723079 1000.0 1108000
1723177737030 1000.0 1112000
1723177750203 1000.0 1116000
1723177763770 1000.0 1120000
1723177777144 1000.0 1124000
1723177790691 1000.0 1128000
1723177803866 1000.0 1132000
1723177817018 1000.0 1136000
1723177830523 1000.0 1140000
1723177844235 1000.0 1144000
1723177858353 1000.0 1148000
1723177871930 1000.0 1152000
1723177885596 1000.0 1156000
1723177899112 1000.0 1160000
1723177912710 1000.0 1164000
1723177925700 1000.0 1168000
1723177939312 1000.0 1172000
1723177952303 1000.0 1176000
1723177965652 1000.0 1180000
1723177979119 1000.0 1184000
1723177993048 1000.0 1188000
1723178006535 1000.0 1192000
1723178019756 1000.0 1196000
1723178033024 1000.0 1200000
1723178045139 1000.0 1204000
1723178058656 1000.0 1208000
1723178071593 1000.0 1212000
1723178084928 1000.0 1216000
1723178097794 1000.0 1220000
1723178111119 1000.0 1224000
1723178124326 1000.0 1228000
1723178137657 1000.0 1232000
1723178151402 1000.0 1236000
1723178165167 1000.0 1240000
1723178178602 1000.0 1244000
1723178191670 1000.0 1248000
1723178205042 1000.0 1252000
1723178218945 1000.0 1256000
1723178232275 1000.0 1260000
1723178245704 1000.0 1264000
1723178259206 1000.0 1268000
1723178273027 1000.0 1272000
1723178286332 1000.0 1276000
1723178299530 1000.0 1280000
1723178312882 1000.0 1284000
1723178326919 1000.0 1288000
1723178340866 1000.0 1292000
1723178354482 1000.0 1296000
1723178367814 1000.0 1300000
1723178381109 1000.0 1304000
1723178394705 1000.0 1308000
1723178407684 1000.0 1312000
1723178420889 1000.0 1316000
1723178434387 1000.0 1320000
1723178447718 1000.0 1324000
1723178461210 1000.0 1328000
1723178474746 1000.0 1332000
1723178488223 1000.0 1336000
1723178501672 1000.0 1340000
1723178515698 1000.0 1344000
1723178529900 1000.0 1348000
1723178543403 1000.0 1352000
1723178556938 1000.0 1356000
1723178570367 1000.0 1360000
1723178583510 1000.0 1364000
1723178597088 1000.0 1368000
1723178610304 1000.0 1372000
1723178623460 1000.0 1376000
1723178636591 1000.0 1380000
1723178649909 1000.0 1384000
1723178662614 1000.0 1388000
1723178675123 1000.0 1392000
1723178688480 1000.0 1396000
1723178701588 1000.0 1400000
1723178714925 1000.0 1404000
1723178728562 1000.0 1408000
1723178742351 1000.0 1412000
1723178755579 1000.0 1416000
1723178769322 1000.0 1420000
1723178782845 1000.0 1424000
1723178796285 1000.0 1428000
1723178809855 1000.0 1432000
1723178823210 1000.0 1436000
1723178836104 1000.0 1440000
1723178847512 1000.0 1444000
1723178859310 1000.0 1448000
1723178871044 1000.0 1452000
1723178883018 1000.0 1456000
1723178895023 1000.0 1460000
1723178907066 1000.0 1464000
1723178918365 1000.0 1468000
1723178929934 1000.0 1472000
1723178942190 1000.0 1476000
1723178953866 1000.0 1480000
1723178965775 1000.0 1484000
1723178977708 1000.0 1488000
1723178989845 1000.0 1492000
1723179001721 1000.0 1496000
1723179013736 1000.0 1500000
1723179025356 1000.0 1504000
1723179037276 1000.0 1508000
1723179048997 1000.0 1512000
1723179060639 1000.0 1516000
1723179072611 1000.0 1520000
1723179084920 1000.0 1524000
1723179096581 1000.0 1528000
1723179108090 1000.0 1532000
1723179119695 1000.0 1536000
1723179131456 1000.0 1540000
1723179143240 1000.0 1544000
1723179154786 1000.0 1548000
1723179166504 1000.0 1552000
1723179177961 1000.0 1556000
1723179189797 1000.0 1560000
1723179201078 1000.0 1564000
1723179212716 1000.0 1568000
1723179224394 1000.0 1572000
1723179236307 1000.0 1576000
1723179247924 1000.0 1580000
1723179259116 1000.0 1584000
1723179270718 1000.0 1588000
1723179282413 1000.0 1592000
1723179293771 1000.0 1596000
1723179305056 1000.0 1600000
1723179316165 1000.0 1604000
1723179327976 1000.0 1608000
1723179339535 1000.0 1612000
1723179350930 1000.0 1616000
1723179362322 1000.0 1620000
1723179373609 1000.0 1624000
1723179384960 1000.0 1628000
1723179396211 1000.0 1632000
1723179407401 1000.0 1636000
1723179418887 1000.0 1640000
1723179430565 1000.0 1644000
1723179441915 1000.0 1648000
1723179453263 1000.0 1652000
1723179464664 1000.0 1656000
1723179475970 1000.0 1660000
1723179487787 1000.0 1664000
1723179499203 1000.0 1668000
1723179510741 1000.0 1672000
1723179522279 1000.0 1676000
1723179533921 1000.0 1680000
1723179544940 1000.0 1684000
1723179556202 1000.0 1688000
1723179567688 1000.0 1692000
1723179579079 1000.0 1696000
1723179590457 1000.0 1700000
1723179601828 1000.0 1704000
1723179613124 1000.0 1708000
1723179624270 1000.0 1712000
1723179635691 1000.0 1716000
1723179646949 1000.0 1720000
1723179658451 1000.0 1724000
1723179669876 1000.0 1728000
1723179681170 1000.0 1732000
1723179692522 1000.0 1736000
1723179703967 1000.0 1740000
1723179715219 1000.0 1744000
1723179726671 1000.0 1748000
1723179738153 1000.0 1752000
1723179749528 1000.0 1756000
1723179760725 1000.0 1760000
1723179772169 1000.0 1764000
1723179784173 1000.0 1768000
1723179795967 1000.0 1772000
1723179807438 1000.0 1776000
1723179818867 1000.0 1780000
1723179830391 1000.0 1784000
1723179842567 1000.0 1788000
1723179853827 1000.0 1792000
1723179865350 1000.0 1796000
1723179876386 1000.0 1800000
1723179888002 1000.0 1804000
1723179899457 1000.0 1808000
1723179911008 1000.0 1812000
1723179922382 1000.0 1816000
1723179933816 1000.0 1820000
1723179945137 1000.0 1824000
1723179956374 1000.0 1828000
1723179967951 1000.0 1832000
1723179979249 1000.0 1836000
1723179990741 1000.0 1840000
1723180002124 1000.0 1844000
1723180013303 1000.0 1848000
1723180024892 1000.0 1852000
1723180036534 1000.0 1856000
1723180048208 1000.0 1860000
1723180059742 1000.0 1864000
1723180071086 1000.0 1868000
1723180082492 1000.0 1872000
1723180093869 1000.0 1876000
1723180105041 1000.0 1880000
1723180116362 1000.0 1884000
1723180127838 1000.0 1888000
1723180139368 1000.0 1892000
1723180150868 1000.0 1896000
1723180162013 1000.0 1900000
1723180173259 1000.0 1904000
1723180184543 1000.0 1908000
1723180196138 1000.0 1912000
1723180207599 1000.0 1916000
1723180218995 1000.0 1920000
1723180230480 1000.0 1924000
1723180241745 1000.0 1928000
1723180253471 1000.0 1932000
1723180264950 1000.0 1936000
1723180276078 1000.0 1940000
1723180287535 1000.0 1944000
1723180298767 1000.0 1948000
1723180310122 1000.0 1952000
1723180321893 1000.0 1956000
1723180333028 1000.0 1960000
1723180344508 1000.0 1964000
1723180356154 1000.0 1968000
1723180367639 1000.0 1972000
1723180379145 1000.0 1976000
1723180390529 1000.0 1980000
1723180401931 1000.0 1984000
1723180413601 1000.0 1988000
1723180425360 1000.0 1992000
1723180436811 1000.0 1996000
1723180448659 1000.0 2000000
