1723173953583 2.0 4000
1723173968224 2.0 8000
1723173984058 2.0 12000
1723173999043 2.0 16000
1723174014623 2.0 20000
1723174030051 2.0 24000
1723174046298 2.0 28000
1723174061180 2.0 32000
1723174078132 2.0 36000
1723174093282 2.0 40000
1723174108130 2.0 44000
1723174124636 2.0 48000
1723174139206 2.0 52000
1723174153104 2.0 56000
1723174167275 2.0 60000
1723174181382 2.0 64000
1723174195953 2.0 68000
1723174209762 2.0 72000
1723174224031 2.0 76000
1723174238029 2.0 80000
1723174252268 2.0 84000
1723174266611 2.0 88000
1723174280753 2.0 92000
1723174294642 2.0 96000
1723174308579 2.0 100000
1723174322303 2.0 104000
1723174335946 2.0 108000
1723174350299 2.0 112000
1723174364295 2.0 116000
1723174378704 2.0 120000
1723174394085 2.0 124000
1723174408308 2.0 128000
1723174422205 2.0 132000
1723174436558 2.0 136000
1723174450630 2.0 140000
1723174464495 2.0 144000
1723174478408 2.0 148000
1723174492109 2.0 152000
1723174505719 2.0 156000
1723174519124 2.0 160000
1723174532524 2.0 164000
1723174546844 2.0 168000
1723174560396 2.0 172000
1723174574315 2.0 176000
1723174588822 2.0 180000
1723174602394 2.0 184000
1723174616104 2.0 188000
1723174630027 2.0 192000
1723174643563 2.0 196000
1723174657256 2.0 200000
1723174671251 2.0 204000
1723174684830 2.0 208000
1723174698557 2.0 212000
1723174711760 2.0 216000
1723174725118 2.0 220000
1723174739009 2.0 224000
1723174752326 2.0 228000
1723174765842 2.0 232000
1723174779123 2.0 236000
1723174792712 2.0 240000
1723174806454 2.0 244000
1723174820189 2.0 248000
1723174833629 2.0 252000
1723174846774 2.0 256000
1723174860265 2.0 260000
1723174874116 2.0 264000
1723174887700 2.0 268000
1723174901029 2.0 272000
1723174914668 2.0 276000
1723174927691 2.0 280000
1723174941070 2.0 284000
1723174954232 2.0 288000
1723174967723 2.0 292000
1723174980973 2.0 296000
1723174994266 2.0 300000
1723175007645 2.0 304000
1723175021011 2.0 308000
1723175034368 2.0 312000
1723175047458 2.0 316000
1723175060434 2.0 320000
1723175073920 2.0 324000
1723175087301 2.0 328000
1723175100571 2.0 332000
1723175113726 2.0 336000
1723175127344 2.0 340000
1723175140577 2.0 344000
1723175153933 2.0 348000
1723175167527 2.0 352000
1723175181320 2.0 356000
1723175194509 2.0 360000
1723175208587 2.0 364000
1723175221270 2.0 368000
1723175234218 2.0 372000
1723175248004 2.0 376000
1723175261265 2.0 380000
1723175275169 2.0 384000
1723175288810 2.0 388000
1723175302374 2.0 392000
1723175315678 2.0 396000
1723175329236 2.0 400000
1723175342489 2.0 404000
1723175355744 2.0 408000
1723175369002 2.0 412000
1723175382071 2.0 416000
1723175395826 2.0 420000
1723175409453 2.0 424000
1723175422971 2.0 428000
1723175436283 2.0 432000
1723175449705 2.0 436000
1723175462857 2.0 440000
1723175476030 2.0 444000
1723175490463 2.0 448000
1723175503459 2.0 452000
1723175517097 2.0 456000
1723175529994 2.0 460000
1723175543110 2.0 464000
1723175555068 2.0 468000
1723175567913 2.0 472000
1723175581145 2.0 476000
1723175594516 2.0 480000
1723175607998 2.0 484000
1723175621247 2.0 488000
1723175634904 2.0 492000
1723175648810 2.0 496000
1723175662467 2.0 500000
1723175675846 2.0 504000
1723175689618 2.0 508000
1723175703464 2.0 512000
1723175717449 2.0 516000
1723175731051 2.0 520000
1723175744876 2.0 524000
1723175758865 2.0 528000
1723175773156 2.0 532000
1723175786665 2.0 536000
1723175800429 2.0 540000
1723175813493 2.0 544000
1723175826511 2.0 548000
1723175839776 2.0 552000
1723175853328 2.0 556000
1723175867567 2.0 560000
1723175881392 2.0 564000
1723175894817 2.0 568000
1723175910120 2.0 572000
1723175924078 2.0 576000
1723175936983 2.0 580000
1723175950530 2.0 584000
1723175963527 2.0 588000
1723175976830 2.0 592000
1723175990730 2.0 596000
1723176005461 2.0 600000
1723176019082 2.0 604000
1723176032526 2.0 608000
1723176045635 2.0 612000
1723176058071 2.0 616000
1723176071799 2.0 620000
1723176085540 2.0 624000
1723176099228 2.0 628000
1723176113394 2.0 632000
1723176126547 2.0 636000
1723176140566 2.0 640000
1723176153236 2.0 644000
1723176166477 2.0 648000
1723176180309 2.0 652000
1723176194013 2.0 656000
1723176207508 2.0 660000
1723176220782 2.0 664000
1723176234777 2.0 668000
1723176247827 2.0 672000
1723176261524 2.0 676000
1723176274817 2.0 680000
1723176289157 2.0 684000
1723176302212 2.0 688000
1723176314485 2.0 692000
1723176327907 2.0 696000
1723176341275 2.0 700000
1723176354731 2.0 704000
1723176368445 2.0 708000
1723176382017 2.0 712000
1723176395369 2.0 716000
1723176409321 2.0 720000
1723176423226 2.0 724000
1723176436505 2.0 728000
1723176448888 2.0 732000
1723176462191 2.0 736000
1723176475840 2.0 740000
1723176489161 2.0 744000
1723176502962 2.0 748000
1723176516372 2.0 752000
1723176529936 2.0 756000
1723176543256 2.0 760000
1723176556910 2.0 764000
1723176569928 2.0 768000
1723176583649 2.0 772000
1723176597487 2.0 776000
1723176610752 2.0 780000
1723176624184 2.0 784000
1723176637321 2.0 788000
1723176650641 2.0 792000
1723176663734 2.0 796000
1723176677045 2.0 800000
1723176690971 2.0 804000
1723176704822 2.0 808000
1723176718239 2.0 812000
1723176731505 2.0 816000
1723176744735 2.0 820000
1723176757995 2.0 824000
1723176771601 2.0 828000
1723176785212 2.0 832000
1723176798677 2.0 836000
1723176811980 2.0 840000
1723176825547 2.0 844000
1723176839352 2.0 848000
1723176852770 2.0 852000
1723176866126 2.0 856000
1723176879462 2.0 860000
1723176893261 2.0 864000
1723176907349 2.0 868000
1723176921144 2.0 872000
1723176934673 2.0 876000
1723176948230 2.0 880000
1723176961731 2.0 884000
1723176975496 2.0 888000
1723176989005 2.0 892000
1723177002416 2.0 896000
1723177015754 2.0 900000
1723177029191 2.0 904000
1723177042154 2.0 908000
1723177056275 2.0 912000
1723177069926 2.0 916000
1723177083433 2.0 920000
1723177097213 2.0 924000
1723177110605 2.0 928000
1723177124212 2.0 932000
1723177137938 2.0 936000
1723177151173 2.0 940000
1723177164370 2.0 944000
1723177177868 2.0 948000
1723177192441 2.0 952000
1723177205807 2.0 956000
1723177219423 2.0 960000
1723177232813 2.0 964000
1723177246397 2.0 968000
1723177260029 2.0 972000
1723177274301 2.0 976000
1723177287941 2.0 980000
1723177301928 2.0 984000
1723177315692 2.0 988000
1723177329295 2.0 992000
1723177342420 2.0 996000
1723177355588 2.0 1000000
1723177369144 2.0 1004000
1723177382841 2.0 1008000
1723177396531 2.0 1012000
1723177410270 2.0 1016000
1723177423712 2.0 1020000
1723177437292 2.0 1024000
1723177451056 2.0 1028000
1723177464752 2.0 1032000
1723177478881 2.0 1036000
1723177492926 2.0 1040000
1723177506839 2.0 1044000
1723177520503 2.0 1048000
1723177534387 2.0 1052000
1723177548226 2.0 1056000
1723177561776 2.0 1060000
1723177575926 2.0 1064000
1723177589569 2.0 1068000
1723177602387 2.0 1072000
1723177615556 2.0 1076000
1723177628904 2.0 1080000
1723177641946 2.0 1084000
1723177655373 2.0 1088000
1723177668817 2.0 1092000
1723177682527 2.0 1096000
1723177696032 2.0 1100000
1723177709576 2.0 1104000
1723177723067 2.0 1108000
1723177737018 2.0 1112000
1723177750190 2.0 1116000
1723177763757 2.0 1120000
1723177777131 2.0 1124000
1723177790678 2.0 1128000
1723177803853 2.0 1132000
1723177817006 2.0 1136000
1723177830510 2.0 1140000
1723177844222 2.0 1144000
1723177858341 2.0 1148000
1723177871917 2.0 1152000
1723177885580 2.0 1156000
1723177899099 2.0 1160000
1723177912697 2.0 1164000
1723177925687 2.0 1168000
1723177939300 2.0 1172000
1723177952290 2.0 1176000
1723177965639 2.0 1180000
1723177979105 2.0 1184000
1723177993036 2.0 1188000
1723178006522 2.0 1192000
1723178019744 2.0 1196000
1723178033011 2.0 1200000
1723178045126 2.0 1204000
1723178058643 2.0 1208000
1723178071579 2.0 1212000
1723178084915 2.0 1216000
1723178097782 2.0 1220000
1723178111107 2.0 1224000
1723178124313 2.0 1228000
1723178137644 2.0 1232000
1723178151388 2.0 1236000
1723178165149 2.0 1240000
1723178178589 2.0 1244000
1723178191658 2.0 1248000
1723178205029 2.0 1252000
1723178218931 2.0 1256000
1723178232262 2.0 1260000
1723178245683 2.0 1264000
1723178259193 2.0 1268000
1723178273014 2.0 1272000
1723178286320 2.0 1276000
1723178299518 2.0 1280000
1723178312870 2.0 1284000
1723178326907 2.0 1288000
1723178340852 2.0 1292000
1723178354469 2.0 1296000
1723178367801 2.0 1300000
1723178381095 2.0 1304000
1723178394692 2.0 1308000
1723178407671 2.0 1312000
1723178420873 2.0 1316000
1723178434373 2.0 1320000
1723178447705 2.0 1324000
1723178461197 2.0 1328000
1723178474734 2.0 1332000
1723178488210 2.0 1336000
1723178501659 2.0 1340000
1723178515686 2.0 1344000
1723178529886 2.0 1348000
1723178543387 2.0 1352000
1723178556925 2.0 1356000
1723178570353 2.0 1360000
1723178583497 2.0 1364000
1723178597076 2.0 1368000
1723178610291 2.0 1372000
1723178623447 2.0 1376000
1723178636579 2.0 1380000
1723178649896 2.0 1384000
1723178662590 2.0 1388000
1723178675110 2.0 1392000
1723178688467 2.0 1396000
1723178701575 2.0 1400000
1723178714912 2.0 1404000
1723178728549 2.0 1408000
1723178742332 2.0 1412000
1723178755567 2.0 1416000
1723178769308 2.0 1420000
1723178782833 2.0 1424000
1723178796271 2.0 1428000
1723178809842 2.0 1432000
1723178823197 2.0 1436000
1723178836092 2.0 1440000
1723178847499 2.0 1444000
1723178859298 2.0 1448000
1723178871032 2.0 1452000
1723178883006 2.0 1456000
1723178895011 2.0 1460000
1723178907054 2.0 1464000
1723178918353 2.0 1468000
1723178929922 2.0 1472000
1723178942178 2.0 1476000
1723178953854 2.0 1480000
1723178965763 2.0 1484000
1723178977696 2.0 1488000
1723178989833 2.0 1492000
1723179001708 2.0 1496000
1723179013724 2.0 1500000
1723179025342 2.0 1504000
1723179037264 2.0 1508000
1723179048985 2.0 1512000
1723179060627 2.0 1516000
1723179072599 2.0 1520000
1723179084908 2.0 1524000
1723179096569 2.0 1528000
1723179108078 2.0 1532000
1723179119683 2.0 1536000
1723179131444 2.0 1540000
1723179143228 2.0 1544000
1723179154774 2.0 1548000
1723179166491 2.0 1552000
1723179177948 2.0 1556000
1723179189785 2.0 1560000
1723179201067 2.0 1564000
1723179212704 2.0 1568000
1723179224382 2.0 1572000
1723179236295 2.0 1576000
1723179247911 2.0 1580000
1723179259104 2.0 1584000
1723179270706 2.0 1588000
1723179282400 2.0 1592000
1723179293759 2.0 1596000
1723179305044 2.0 1600000
1723179316152 2.0 1604000
1723179327964 2.0 1608000
1723179339523 2.0 1612000
1723179350918 2.0 1616000
1723179362310 2.0 1620000
1723179373597 2.0 1624000
1723179384948 2.0 1628000
1723179396199 2.0 1632000
1723179407388 2.0 1636000
1723179418875 2.0 1640000
1723179430553 2.0 1644000
1723179441903 2.0 1648000
1723179453251 2.0 1652000
1723179464652 2.0 1656000
1723179475957 2.0 1660000
1723179487774 2.0 1664000
1723179499191 2.0 1668000
1723179510728 2.0 1672000
1723179522267 2.0 1676000
1723179533909 2.0 1680000
1723179544928 2.0 1684000
1723179556189 2.0 1688000
1723179567676 2.0 1692000
1723179579067 2.0 1696000
1723179590445 2.0 1700000
1723179601815 2.0 1704000
1723179613112 2.0 1708000
1723179624258 2.0 1712000
1723179635678 2.0 1716000
1723179646937 2.0 1720000
1723179658440 2.0 1724000
1723179669864 2.0 1728000
1723179681158 2.0 1732000
1723179692509 2.0 1736000
1723179703955 2.0 1740000
1723179715207 2.0 1744000
1723179726659 2.0 1748000
1723179738141 2.0 1752000
1723179749515 2.0 1756000
1723179760714 2.0 1760000
1723179772158 2.0 1764000
1723179784161 2.0 1768000
1723179795955 2.0 1772000
1723179807425 2.0 1776000
1723179818855 2.0 1780000
1723179830379 2.0 1784000
1723179842554 2.0 1788000
1723179853815 2.0 1792000
1723179865338 2.0 1796000
1723179876374 2.0 1800000
1723179887990 2.0 1804000
1723179899445 2.0 1808000
1723179910996 2.0 1812000
1723179922370 2.0 1816000
1723179933803 2.0 1820000
1723179945124 2.0 1824000
1723179956362 2.0 1828000
1723179967939 2.0 1832000
1723179979237 2.0 1836000
1723179990729 2.0 1840000
1723180002112 2.0 1844000
1723180013291 2.0 1848000
1723180024880 2.0 1852000
1723180036522 2.0 1856000
1723180048196 2.0 1860000
1723180059730 2.0 1864000
1723180071072 2.0 1868000
1723180082479 2.0 1872000
1723180093856 2.0 1876000
1723180105028 2.0 1880000
1723180116350 2.0 1884000
1723180127827 2.0 1888000
1723180139355 2.0 1892000
1723180150856 2.0 1896000
1723180162001 2.0 1900000
1723180173247 2.0 1904000
1723180184531 2.0 1908000
1723180196126 2.0 1912000
1723180207587 2.0 1916000
1723180218983 2.0 1920000
1723180230468 2.0 1924000
1723180241733 2.0 1928000
1723180253457 2.0 1932000
1723180264937 2.0 1936000
1723180276065 2.0 1940000
1723180287523 2.0 1944000
1723180298755 2.0 1948000
1723180310109 2.0 1952000
1723180321882 2.0 1956000
1723180333015 2.0 1960000
1723180344496 2.0 1964000
1723180356142 2.0 1968000
1723180367627 2.0 1972000
1723180379133 2.0 1976000
1723180390516 2.0 1980000
1723180401919 2.0 1984000
1723180413589 2.0 1988000
1723180425348 2.0 1992000
1723180436799 2.0 1996000
1723180448647 2.0 2000000
