1723173953597 0.0 4000
1723173968235 0.0 8000
1723173984069 0.0 12000
1723173999052 0.0 16000
1723174014632 0.0 20000
1723174030060 0.0 24000
1723174046307 0.0 28000
1723174061190 0.0 32000
1723174078143 0.0 36000
1723174093291 0.0 40000
1723174108137 0.0 44000
1723174124645 0.0 48000
1723174139215 0.0 52000
1723174153112 0.0 56000
1723174167283 0.0 60000
1723174181390 0.0 64000
1723174195963 0.0 68000
1723174209771 0.0 72000
1723174224039 0.0 76000
1723174238047 0.0 80000
1723174252276 0.0 84000
1723174266620 0.0 88000
1723174280762 0.0 92000
1723174294650 0.0 96000
1723174308588 0.0 100000
1723174322311 0.0 104000
1723174335954 0.0 108000
1723174350307 0.0 112000
1723174364304 0.0 116000
1723174378712 0.0 120000
1723174394094 0.0 124000
1723174408317 0.0 128000
1723174422213 0.0 132000
1723174436566 0.0 136000
1723174450639 0.0 140000
1723174464503 0.0 144000
1723174478416 0.0 148000
1723174492125 0.0 152000
1723174505727 0.0 156000
1723174519134 0.0 160000
1723174532532 0.0 164000
1723174546853 0.0 168000
1723174560405 0.0 172000
1723174574324 0.0 176000
1723174588830 0.0 180000
1723174602403 0.0 184000
1723174616112 0.0 188000
1723174630035 0.0 192000
1723174643572 0.0 196000
1723174657265 0.0 200000
1723174671259 0.0 204000
1723174684838 0.0 208000
1723174698565 0.0 212000
1723174711768 0.0 216000
1723174725127 0.0 220000
1723174739018 0.0 224000
1723174752335 0.0 228000
1723174765851 0.0 232000
1723174779131 0.0 236000
1723174792728 0.0 240000
1723174806462 0.0 244000
1723174820197 0.0 248000
1723174833637 0.0 252000
1723174846783 0.0 256000
1723174860275 0.0 260000
1723174874124 0.0 264000
1723174887712 0.0 268000
1723174901038 0.0 272000
1723174914677 0.0 276000
1723174927700 0.0 280000
1723174941079 0.0 284000
1723174954240 0.0 288000
1723174967731 0.0 292000
1723174980982 0.0 296000
1723174994274 0.0 300000
1723175007654 0.0 304000
1723175021020 0.0 308000
1723175034377 0.0 312000
1723175047467 0.0 316000
1723175060442 0.0 320000
1723175073929 0.0 324000
1723175087309 0.0 328000
1723175100580 0.0 332000
1723175113735 0.0 336000
1723175127353 0.0 340000
1723175140585 0.0 344000
1723175153942 0.0 348000
1723175167536 0.0 352000
1723175181328 0.0 356000
1723175194517 0.0 360000
1723175208596 0.0 364000
1723175221278 0.0 368000
1723175234226 0.0 372000
1723175248012 0.0 376000
1723175261274 0.0 380000
1723175275180 0.0 384000
1723175288818 0.0 388000
1723175302383 0.0 392000
1723175315686 0.0 396000
1723175329246 0.0 400000
1723175342497 0.0 404000
1723175355753 0.0 408000
1723175369010 0.0 412000
1723175382080 0.0 416000
1723175395835 0.0 420000
1723175409461 0.0 424000
1723175422980 0.0 428000
1723175436291 0.0 432000
1723175449715 0.0 436000
1723175462866 0.0 440000
1723175476039 0.0 444000
1723175490471 0.0 448000
1723175503467 0.0 452000
1723175517106 0.0 456000
1723175530003 0.0 460000
1723175543120 0.0 464000
1723175555076 0.0 468000
1723175567921 0.0 472000
1723175581154 0.0 476000
1723175594524 0.0 480000
1723175608006 0.0 484000
1723175621255 0.0 488000
1723175634913 0.0 492000
1723175648819 0.0 496000
1723175662476 0.0 500000
1723175675855 0.0 504000
1723175689627 0.0 508000
1723175703472 0.0 512000
1723175717459 0.0 516000
1723175731059 0.0 520000
1723175744885 0.0 524000
1723175758873 0.0 528000
1723175773168 0.0 532000
1723175786673 0.0 536000
1723175800440 0.0 540000
1723175813502 0.0 544000
1723175826519 0.0 548000
1723175839784 0.0 552000
1723175853337 0.0 556000
1723175867575 0.0 560000
1723175881403 0.0 564000
1723175894827 0.0 568000
1723175910129 0.0 572000
1723175924087 0.0 576000
1723175936994 0.0 580000
1723175950539 0.0 584000
1723175963537 0.0 588000
1723175976838 0.0 592000
1723175990739 0.0 596000
1723176005470 0.0 600000
1723176019089 0.0 604000
1723176032535 0.0 608000
1723176045644 0.0 612000
1723176058079 0.0 616000
1723176071810 0.0 620000
1723176085549 0.0 624000
1723176099237 0.0 628000
1723176113409 0.0 632000
1723176126556 0.0 636000
1723176140575 0.0 640000
1723176153244 0.0 644000
1723176166485 0.0 648000
1723176180319 0.0 652000
1723176194022 0.0 656000
1723176207519 0.0 660000
1723176220791 0.0 664000
1723176234786 0.0 668000
1723176247835 0.0 672000
1723176261533 0.0 676000
1723176274826 0.0 680000
1723176289166 0.0 684000
1723176302230 0.0 688000
1723176314495 0.0 692000
1723176327917 0.0 696000
1723176341293 0.0 700000
1723176354740 0.0 704000
1723176368454 0.0 708000
1723176382026 0.0 712000
1723176395378 0.0 716000
1723176409330 0.0 720000
1723176423236 0.0 724000
1723176436513 0.0 728000
1723176448899 0.0 732000
1723176462200 0.0 736000
1723176475851 0.0 740000
1723176489169 0.0 744000
1723176502971 0.0 748000
1723176516388 0.0 752000
1723176529947 0.0 756000
1723176543265 0.0 760000
1723176556919 0.0 764000
1723176569937 0.0 768000
1723176583658 0.0 772000
1723176597496 0.0 776000
1723176610760 0.0 780000
1723176624193 0.0 784000
1723176637329 0.0 788000
1723176650649 0.0 792000
1723176663743 0.0 796000
1723176677053 0.0 800000
1723176690980 0.0 804000
1723176704830 0.0 808000
1723176718247 0.0 812000
1723176731513 0.0 816000
1723176744744 0.0 820000
1723176758003 0.0 824000
1723176771614 0.0 828000
1723176785221 0.0 832000
1723176798686 0.0 836000
1723176811989 0.0 840000
1723176825556 0.0 844000
1723176839361 0.0 848000
1723176852778 0.0 852000
1723176866135 0.0 856000
1723176879471 0.0 860000
1723176893269 0.0 864000
1723176907357 0.0 868000
1723176921152 0.0 872000
1723176934681 0.0 876000
1723176948238 0.0 880000
1723176961740 0.0 884000
1723176975505 0.0 888000
1723176989014 0.0 892000
1723177002424 0.0 896000
1723177015763 0.0 900000
1723177029199 0.0 904000
1723177042162 0.0 908000
1723177056284 0.0 912000
1723177069936 0.0 916000
1723177083442 0.0 920000
1723177097222 0.0 924000
1723177110614 0.0 928000
1723177124221 0.0 932000
1723177137947 0.0 936000
1723177151181 0.0 940000
1723177164379 0.0 944000
1723177177877 0.0 948000
1723177192450 0.0 952000
1723177205815 0.0 956000
1723177219432 0.0 960000
1723177232821 0.0 964000
1723177246405 0.0 968000
1723177260042 0.0 972000
1723177274310 0.0 976000
1723177287949 0.0 980000
1723177301937 0.0 984000
1723177315700 0.0 988000
1723177329304 0.0 992000
1723177342430 0.0 996000
1723177355597 0.0 1000000
1723177369153 0.0 1004000
1723177382849 0.0 1008000
1723177396540 0.0 1012000
1723177410279 0.0 1016000
1723177423721 0.0 1020000
1723177437301 0.0 1024000
1723177451065 0.0 1028000
1723177464761 0.0 1032000
1723177478891 0.0 1036000
1723177492936 0.0 1040000
1723177506847 0.0 1044000
1723177520512 0.0 1048000
1723177534395 0.0 1052000
1723177548237 0.0 1056000
1723177561785 0.0 1060000
1723177575935 0.0 1064000
1723177589578 0.0 1068000
1723177602396 0.0 1072000
1723177615564 0.0 1076000
1723177628912 0.0 1080000
1723177641955 0.0 1084000
1723177655382 0.0 1088000
1723177668826 0.0 1092000
1723177682536 0.0 1096000
1723177696040 0.0 1100000
1723177709586 0.0 1104000
1723177723075 0.0 1108000
1723177737026 0.0 1112000
1723177750198 0.0 1116000
1723177763765 0.0 1120000
1723177777140 0.0 1124000
1723177790687 0.0 1128000
1723177803862 0.0 1132000
1723177817015 0.0 1136000
1723177830519 0.0 1140000
1723177844231 0.0 1144000
1723177858349 0.0 1148000
1723177871926 0.0 1152000
1723177885591 0.0 1156000
1723177899108 0.0 1160000
1723177912706 0.0 1164000
1723177925696 0.0 1168000
1723177939308 0.0 1172000
1723177952298 0.0 1176000
1723177965648 0.0 1180000
1723177979115 0.0 1184000
1723177993044 0.0 1188000
1723178006531 0.0 1192000
1723178019752 0.0 1196000
1723178033020 0.0 1200000
1723178045134 0.0 1204000
1723178058651 0.0 1208000
1723178071588 0.0 1212000
1723178084924 0.0 1216000
1723178097790 0.0 1220000
1723178111115 0.0 1224000
1723178124322 0.0 1228000
1723178137653 0.0 1232000
1723178151397 0.0 1236000
1723178165160 0.0 1240000
1723178178598 0.0 1244000
1723178191666 0.0 1248000
1723178205038 0.0 1252000
1723178218941 0.0 1256000
1723178232271 0.0 1260000
1723178245697 0.0 1264000
1723178259202 0.0 1268000
1723178273023 0.0 1272000
1723178286328 0.0 1276000
1723178299526 0.0 1280000
1723178312878 0.0 1284000
1723178326915 0.0 1288000
1723178340862 0.0 1292000
1723178354478 0.0 1296000
1723178367810 0.0 1300000
1723178381105 0.0 1304000
1723178394701 0.0 1308000
1723178407680 0.0 1312000
1723178420884 0.0 1316000
1723178434382 0.0 1320000
1723178447714 0.0 1324000
1723178461206 0.0 1328000
1723178474743 0.0 1332000
1723178488219 0.0 1336000
1723178501667 0.0 1340000
1723178515695 0.0 1344000
1723178529895 0.0 1348000
1723178543398 0.0 1352000
1723178556934 0.0 1356000
1723178570363 0.0 1360000
1723178583506 0.0 1364000
1723178597084 0.0 1368000
1723178610300 0.0 1372000
1723178623456 0.0 1376000
1723178636587 0.0 1380000
1723178649905 0.0 1384000
1723178662610 0.0 1388000
1723178675119 0.0 1392000
1723178688475 0.0 1396000
1723178701584 0.0 1400000
1723178714921 0.0 1404000
1723178728558 0.0 1408000
1723178742347 0.0 1412000
1723178755575 0.0 1416000
1723178769318 0.0 1420000
1723178782842 0.0 1424000
1723178796280 0.0 1428000
1723178809851 0.0 1432000
1723178823206 0.0 1436000
1723178836100 0.0 1440000
1723178847508 0.0 1444000
1723178859306 0.0 1448000
1723178871040 0.0 1452000
1723178883014 0.0 1456000
1723178895019 0.0 1460000
1723178907062 0.0 1464000
1723178918361 0.0 1468000
1723178929930 0.0 1472000
1723178942186 0.0 1476000
1723178953862 0.0 1480000
1723178965771 0.0 1484000
1723178977704 0.0 1488000
1723178989841 0.0 1492000
1723179001716 0.0 1496000
1723179013732 0.0 1500000
1723179025352 0.0 1504000
1723179037272 0.0 1508000
1723179048993 0.0 1512000
1723179060635 0.0 1516000
1723179072607 0.0 1520000
1723179084916 0.0 1524000
1723179096578 0.0 1528000
1723179108086 0.0 1532000
1723179119691 0.0 1536000
1723179131452 0.0 1540000
1723179143236 0.0 1544000
1723179154782 0.0 1548000
1723179166499 0.0 1552000
1723179177957 0.0 1556000
1723179189793 0.0 1560000
1723179201075 0.0 1564000
1723179212712 0.0 1568000
1723179224391 0.0 1572000
1723179236302 0.0 1576000
1723179247920 0.0 1580000
1723179259112 0.0 1584000
1723179270715 0.0 1588000
1723179282409 0.0 1592000
1723179293767 0.0 1596000
1723179305052 0.0 1600000
1723179316161 0.0 1604000
1723179327973 0.0 1608000
1723179339531 0.0 1612000
1723179350926 0.0 1616000
1723179362318 0.0 1620000
1723179373605 0.0 1624000
1723179384956 0.0 1628000
1723179396207 0.0 1632000
1723179407397 0.0 1636000
1723179418883 0.0 1640000
1723179430561 0.0 1644000
1723179441911 0.0 1648000
1723179453259 0.0 1652000
1723179464661 0.0 1656000
1723179475966 0.0 1660000
1723179487783 0.0 1664000
1723179499199 0.0 1668000
1723179510737 0.0 1672000
1723179522275 0.0 1676000
1723179533917 0.0 1680000
1723179544936 0.0 1684000
1723179556198 0.0 1688000
1723179567684 0.0 1692000
1723179579075 0.0 1696000
1723179590453 0.0 1700000
1723179601824 0.0 1704000
1723179613120 0.0 1708000
1723179624266 0.0 1712000
1723179635687 0.0 1716000
1723179646945 0.0 1720000
1723179658448 0.0 1724000
1723179669872 0.0 1728000
1723179681166 0.0 1732000
1723179692518 0.0 1736000
1723179703963 0.0 1740000
1723179715215 0.0 1744000
1723179726667 0.0 1748000
1723179738149 0.0 1752000
1723179749524 0.0 1756000
1723179760722 0.0 1760000
1723179772166 0.0 1764000
1723179784169 0.0 1768000
1723179795963 0.0 1772000
1723179807434 0.0 1776000
1723179818863 0.0 1780000
1723179830388 0.0 1784000
1723179842562 0.0 1788000
1723179853823 0.0 1792000
1723179865346 0.0 1796000
1723179876382 0.0 1800000
1723179887998 0.0 1804000
1723179899453 0.0 1808000
1723179911004 0.0 1812000
1723179922378 0.0 1816000
1723179933812 0.0 1820000
1723179945133 0.0 1824000
1723179956371 0.0 1828000
1723179967948 0.0 1832000
1723179979245 0.0 1836000
1723179990737 0.0 1840000
1723180002120 0.0 1844000
1723180013299 0.0 1848000
1723180024888 0.0 1852000
1723180036530 0.0 1856000
1723180048204 0.0 1860000
1723180059738 0.0 1864000
1723180071080 0.0 1868000
1723180082488 0.0 1872000
1723180093865 0.0 1876000
1723180105036 0.0 1880000
1723180116358 0.0 1884000
1723180127835 0.0 1888000
1723180139364 0.0 1892000
1723180150864 0.0 1896000
1723180162009 0.0 1900000
1723180173255 0.0 1904000
1723180184539 0.0 1908000
1723180196134 0.0 1912000
1723180207595 0.0 1916000
1723180218991 0.0 1920000
1723180230476 0.0 1924000
1723180241741 0.0 1928000
1723180253466 0.0 1932000
1723180264946 0.0 1936000
1723180276073 0.0 1940000
1723180287531 0.0 1944000
1723180298763 0.0 1948000
1723180310118 0.0 1952000
1723180321890 0.0 1956000
1723180333024 0.0 1960000
1723180344504 0.0 1964000
1723180356150 0.0 1968000
1723180367635 0.0 1972000
1723180379141 0.0 1976000
1723180390525 0.0 1980000
1723180401927 0.0 1984000
1723180413597 0.0 1988000
1723180425356 0.0 1992000
1723180436807 0.0 1996000
1723180448655 0.0 2000000
