1723173953623 0.0 4000
1723173968257 0.0 8000
1723173984101 0.0 12000
1723173999075 0.0 16000
1723174014652 0.0 20000
1723174030083 0.0 24000
1723174046328 0.0 28000
1723174061213 0.0 32000
1723174078165 0.0 36000
1723174093320 0.0 40000
1723174108158 0.0 44000
1723174124665 0.0 48000
1723174139239 0.0 52000
1723174153134 0.0 56000
1723174167303 0.0 60000
1723174181411 0.0 64000
1723174195989 0.0 68000
1723174209796 0.0 72000
1723174224059 0.0 76000
1723174238071 0.0 80000
1723174252300 0.0 84000
1723174266648 0.0 88000
1723174280782 0.0 92000
1723174294672 0.0 96000
1723174308609 0.0 100000
1723174322333 0.0 104000
1723174335974 0.0 108000
1723174350328 0.0 112000
1723174364324 0.0 116000
1723174378732 0.0 120000
1723174394115 0.0 124000
1723174408337 0.0 128000
1723174422234 0.0 132000
1723174436586 0.0 136000
1723174450660 0.0 140000
1723174464524 0.0 144000
1723174478437 0.0 148000
1723174492145 0.0 152000
1723174505745 0.0 156000
1723174519154 0.0 160000
1723174532551 0.0 164000
1723174546873 0.0 168000
1723174560425 0.0 172000
1723174574344 0.0 176000
1723174588851 0.0 180000
1723174602425 0.0 184000
1723174616133 0.0 188000
1723174630056 0.0 192000
1723174643592 0.0 196000
1723174657286 0.0 200000
1723174671286 0.0 204000
1723174684858 0.0 208000
1723174698586 0.0 212000
1723174711791 0.0 216000
1723174725148 0.0 220000
1723174739043 0.0 224000
1723174752356 0.0 228000
1723174765873 0.0 232000
1723174779153 0.0 236000
1723174792750 0.0 240000
1723174806482 0.0 244000
1723174820216 0.0 248000
1723174833657 0.0 252000
1723174846803 0.0 256000
1723174860305 0.0 260000
1723174874144 0.0 264000
1723174887733 0.0 268000
1723174901060 0.0 272000
1723174914696 0.0 276000
1723174927721 0.0 280000
1723174941099 0.0 284000
1723174954260 0.0 288000
1723174967750 0.0 292000
1723174981004 0.0 296000
1723174994296 0.0 300000
1723175007675 0.0 304000
1723175021039 0.0 308000
1723175034400 0.0 312000
1723175047487 0.0 316000
1723175060463 0.0 320000
1723175073949 0.0 324000
1723175087328 0.0 328000
1723175100603 0.0 332000
1723175113756 0.0 336000
1723175127373 0.0 340000
1723175140606 0.0 344000
1723175153962 0.0 348000
1723175167557 0.0 352000
1723175181348 0.0 356000
1723175194538 0.0 360000
1723175208616 0.0 364000
1723175221299 0.0 368000
1723175234246 0.0 372000
1723175248032 0.0 376000
1723175261294 0.0 380000
1723175275205 0.0 384000
1723175288839 0.0 388000
1723175302402 0.0 392000
1723175315705 0.0 396000
1723175329266 0.0 400000
1723175342517 0.0 404000
1723175355774 0.0 408000
1723175369030 0.0 412000
1723175382101 0.0 416000
1723175395857 0.0 420000
1723175409481 0.0 424000
1723175423000 0.0 428000
1723175436312 0.0 432000
1723175449742 0.0 436000
1723175462891 0.0 440000
1723175476060 0.0 444000
1723175490492 0.0 448000
1723175503486 0.0 452000
1723175517126 0.0 456000
1723175530025 0.0 460000
1723175543141 0.0 464000
1723175555096 0.0 468000
1723175567941 0.0 472000
1723175581175 0.0 476000
1723175594543 0.0 480000
1723175608027 0.0 484000
1723175621275 0.0 488000
1723175634932 0.0 492000
1723175648840 0.0 496000
1723175662496 0.0 500000
1723175675875 0.0 504000
1723175689646 0.0 508000
1723175703492 0.0 512000
1723175717483 0.0 516000
1723175731079 0.0 520000
1723175744905 0.0 524000
1723175758893 0.0 528000
1723175773220 0.0 532000
1723175786693 0.0 536000
1723175800464 0.0 540000
1723175813527 0.0 544000
1723175826538 0.0 548000
1723175839804 0.0 552000
1723175853357 0.0 556000
1723175867607 0.0 560000
1723175881423 0.0 564000
1723175894847 0.0 568000
1723175910150 0.0 572000
1723175924112 0.0 576000
1723175937017 0.0 580000
1723175950562 0.0 584000
1723175963566 0.0 588000
1723175976858 0.0 592000
1723175990766 0.0 596000
1723176005493 0.0 600000
1723176019111 0.0 604000
1723176032557 0.0 608000
1723176045666 0.0 612000
1723176058099 0.0 616000
1723176071831 0.0 620000
1723176085571 0.0 624000
1723176099257 0.0 628000
1723176113442 0.0 632000
1723176126579 0.0 636000
1723176140595 0.0 640000
1723176153265 0.0 644000
1723176166508 0.0 648000
1723176180339 0.0 652000
1723176194042 0.0 656000
1723176207541 0.0 660000
1723176220813 0.0 664000
1723176234807 0.0 668000
1723176247856 0.0 672000
1723176261553 0.0 676000
1723176274852 0.0 680000
1723176289186 0.0 684000
1723176302251 0.0 688000
1723176314518 0.0 692000
1723176327944 0.0 696000
1723176341336 0.0 700000
1723176354760 0.0 704000
1723176368478 0.0 708000
1723176382046 0.0 712000
1723176395399 0.0 716000
1723176409350 0.0 720000
1723176423259 0.0 724000
1723176436536 0.0 728000
1723176448922 0.0 732000
1723176462223 0.0 736000
1723176475876 0.0 740000
1723176489189 0.0 744000
1723176502992 0.0 748000
1723176516417 0.0 752000
1723176529970 0.0 756000
1723176543284 0.0 760000
1723176556939 0.0 764000
1723176569957 0.0 768000
1723176583680 0.0 772000
1723176597516 0.0 776000
1723176610781 0.0 780000
1723176624214 0.0 784000
1723176637350 0.0 788000
1723176650675 0.0 792000
1723176663764 0.0 796000
1723176677074 0.0 800000
1723176691000 0.0 804000
1723176704851 0.0 808000
1723176718267 0.0 812000
1723176731534 0.0 816000
1723176744764 0.0 820000
1723176758024 0.0 824000
1723176771634 0.0 828000
1723176785242 0.0 832000
1723176798708 0.0 836000
1723176812009 0.0 840000
1723176825577 0.0 844000
1723176839382 0.0 848000
1723176852799 0.0 852000
1723176866154 0.0 856000
1723176879491 0.0 860000
1723176893289 0.0 864000
1723176907379 0.0 868000
1723176921172 0.0 872000
1723176934703 0.0 876000
1723176948259 0.0 880000
1723176961760 0.0 884000
1723176975526 0.0 888000
1723176989035 0.0 892000
1723177002444 0.0 896000
1723177015782 0.0 900000
1723177029220 0.0 904000
1723177042183 0.0 908000
1723177056304 0.0 912000
1723177069957 0.0 916000
1723177083463 0.0 920000
1723177097242 0.0 924000
1723177110633 0.0 928000
1723177124242 0.0 932000
1723177137968 0.0 936000
1723177151200 0.0 940000
1723177164401 0.0 944000
1723177177899 0.0 948000
1723177192474 0.0 952000
1723177205836 0.0 956000
1723177219452 0.0 960000
1723177232842 0.0 964000
1723177246426 0.0 968000
1723177260063 0.0 972000
1723177274332 0.0 976000
1723177287970 0.0 980000
1723177301959 0.0 984000
1723177315722 0.0 988000
1723177329324 0.0 992000
1723177342450 0.0 996000
1723177355617 0.0 1000000
1723177369173 0.0 1004000
1723177382870 0.0 1008000
1723177396563 0.0 1012000
1723177410299 0.0 1016000
1723177423742 0.0 1020000
1723177437321 0.0 1024000
1723177451086 0.0 1028000
1723177464782 0.0 1032000
1723177478916 0.0 1036000
1723177492958 0.0 1040000
1723177506867 0.0 1044000
1723177520537 0.0 1048000
1723177534416 0.0 1052000
1723177548257 0.0 1056000
1723177561806 0.0 1060000
1723177575956 0.0 1064000
1723177589598 0.0 1068000
1723177602417 0.0 1072000
1723177615585 0.0 1076000
1723177628933 0.0 1080000
1723177641975 0.0 1084000
1723177655404 0.0 1088000
1723177668849 0.0 1092000
1723177682557 0.0 1096000
1723177696061 0.0 1100000
1723177709605 0.0 1104000
1723177723098 0.0 1108000
1723177737047 0.0 1112000
1723177750218 0.0 1116000
1723177763787 0.0 1120000
1723177777160 0.0 1124000
1723177790715 0.0 1128000
1723177803882 0.0 1132000
1723177817035 0.0 1136000
1723177830541 0.0 1140000
1723177844252 0.0 1144000
1723177858369 0.0 1148000
1723177871947 0.0 1152000
1723177885613 0.0 1156000
1723177899128 0.0 1160000
1723177912727 0.0 1164000
1723177925717 0.0 1168000
1723177939330 0.0 1172000
1723177952320 0.0 1176000
1723177965668 0.0 1180000
1723177979136 0.0 1184000
1723177993065 0.0 1188000
1723178006551 0.0 1192000
1723178019773 0.0 1196000
1723178033044 0.0 1200000
1723178045155 0.0 1204000
1723178058671 0.0 1208000
1723178071609 0.0 1212000
1723178084945 0.0 1216000
1723178097810 0.0 1220000
1723178111136 0.0 1224000
1723178124342 0.0 1228000
1723178137674 0.0 1232000
1723178151419 0.0 1236000
1723178165184 0.0 1240000
1723178178618 0.0 1244000
1723178191685 0.0 1248000
1723178205058 0.0 1252000
1723178218963 0.0 1256000
1723178232291 0.0 1260000
1723178245720 0.0 1264000
1723178259222 0.0 1268000
1723178273043 0.0 1272000
1723178286350 0.0 1276000
1723178299547 0.0 1280000
1723178312899 0.0 1284000
1723178326936 0.0 1288000
1723178340882 0.0 1292000
1723178354499 0.0 1296000
1723178367831 0.0 1300000
1723178381127 0.0 1304000
1723178394722 0.0 1308000
1723178407701 0.0 1312000
1723178420905 0.0 1316000
1723178434404 0.0 1320000
1723178447734 0.0 1324000
1723178461228 0.0 1328000
1723178474763 0.0 1332000
1723178488240 0.0 1336000
1723178501688 0.0 1340000
1723178515715 0.0 1344000
1723178529925 0.0 1348000
1723178543419 0.0 1352000
1723178556954 0.0 1356000
1723178570384 0.0 1360000
1723178583526 0.0 1364000
1723178597105 0.0 1368000
1723178610321 0.0 1372000
1723178623476 0.0 1376000
1723178636608 0.0 1380000
1723178649927 0.0 1384000
1723178662635 0.0 1388000
1723178675140 0.0 1392000
1723178688496 0.0 1396000
1723178701604 0.0 1400000
1723178714941 0.0 1404000
1723178728579 0.0 1408000
1723178742367 0.0 1412000
1723178755596 0.0 1416000
1723178769338 0.0 1420000
1723178782862 0.0 1424000
1723178796302 0.0 1428000
1723178809872 0.0 1432000
1723178823229 0.0 1436000
1723178836120 0.0 1440000
1723178847527 0.0 1444000
1723178859325 0.0 1448000
1723178871059 0.0 1452000
1723178883033 0.0 1456000
1723178895038 0.0 1460000
1723178907082 0.0 1464000
1723178918380 0.0 1468000
1723178929950 0.0 1472000
1723178942206 0.0 1476000
1723178953882 0.0 1480000
1723178965791 0.0 1484000
1723178977724 0.0 1488000
1723178989860 0.0 1492000
1723179001738 0.0 1496000
1723179013753 0.0 1500000
1723179025373 0.0 1504000
1723179037293 0.0 1508000
1723179049012 0.0 1512000
1723179060655 0.0 1516000
1723179072626 0.0 1520000
1723179084936 0.0 1524000
1723179096596 0.0 1528000
1723179108106 0.0 1532000
1723179119710 0.0 1536000
1723179131471 0.0 1540000
1723179143255 0.0 1544000
1723179154801 0.0 1548000
1723179166520 0.0 1552000
1723179177976 0.0 1556000
1723179189811 0.0 1560000
1723179201093 0.0 1564000
1723179212732 0.0 1568000
1723179224411 0.0 1572000
1723179236322 0.0 1576000
1723179247939 0.0 1580000
1723179259132 0.0 1584000
1723179270734 0.0 1588000
1723179282428 0.0 1592000
1723179293786 0.0 1596000
1723179305071 0.0 1600000
1723179316181 0.0 1604000
1723179327992 0.0 1608000
1723179339550 0.0 1612000
1723179350945 0.0 1616000
1723179362338 0.0 1620000
1723179373625 0.0 1624000
1723179384975 0.0 1628000
1723179396226 0.0 1632000
1723179407416 0.0 1636000
1723179418902 0.0 1640000
1723179430582 0.0 1644000
1723179441930 0.0 1648000
1723179453278 0.0 1652000
1723179464680 0.0 1656000
1723179475986 0.0 1660000
1723179487804 0.0 1664000
1723179499219 0.0 1668000
1723179510759 0.0 1672000
1723179522295 0.0 1676000
1723179533936 0.0 1680000
1723179544955 0.0 1684000
1723179556217 0.0 1688000
1723179567703 0.0 1692000
1723179579094 0.0 1696000
1723179590473 0.0 1700000
1723179601844 0.0 1704000
1723179613139 0.0 1708000
1723179624285 0.0 1712000
1723179635706 0.0 1716000
1723179646964 0.0 1720000
1723179658467 0.0 1724000
1723179669891 0.0 1728000
1723179681185 0.0 1732000
1723179692537 0.0 1736000
1723179703982 0.0 1740000
1723179715234 0.0 1744000
1723179726687 0.0 1748000
1723179738168 0.0 1752000
1723179749543 0.0 1756000
1723179760740 0.0 1760000
1723179772184 0.0 1764000
1723179784189 0.0 1768000
1723179795982 0.0 1772000
1723179807453 0.0 1776000
1723179818882 0.0 1780000
1723179830407 0.0 1784000
1723179842583 0.0 1788000
1723179853843 0.0 1792000
1723179865366 0.0 1796000
1723179876401 0.0 1800000
1723179888020 0.0 1804000
1723179899472 0.0 1808000
1723179911023 0.0 1812000
1723179922397 0.0 1816000
1723179933832 0.0 1820000
1723179945152 0.0 1824000
1723179956390 0.0 1828000
1723179967967 0.0 1832000
1723179979264 0.0 1836000
1723179990756 0.0 1840000
1723180002140 0.0 1844000
1723180013318 0.0 1848000
1723180024909 0.0 1852000
1723180036550 0.0 1856000
1723180048223 0.0 1860000
1723180059758 0.0 1864000
1723180071102 0.0 1868000
1723180082507 0.0 1872000
1723180093884 0.0 1876000
1723180105056 0.0 1880000
1723180116378 0.0 1884000
1723180127854 0.0 1888000
1723180139383 0.0 1892000
1723180150883 0.0 1896000
1723180162028 0.0 1900000
1723180173274 0.0 1904000
1723180184559 0.0 1908000
1723180196154 0.0 1912000
1723180207614 0.0 1916000
1723180219010 0.0 1920000
1723180230495 0.0 1924000
1723180241760 0.0 1928000
1723180253487 0.0 1932000
1723180264968 0.0 1936000
1723180276093 0.0 1940000
1723180287550 0.0 1944000
1723180298782 0.0 1948000
1723180310138 0.0 1952000
1723180321909 0.0 1956000
1723180333045 0.0 1960000
1723180344523 0.0 1964000
1723180356170 0.0 1968000
1723180367654 0.0 1972000
1723180379160 0.0 1976000
1723180390544 0.0 1980000
1723180401946 0.0 1984000
1723180413616 0.0 1988000
1723180425375 0.0 1992000
1723180436827 0.0 1996000
1723180448674 0.0 2000000
