1723173953569 0.0 4000
1723173968210 0.0 8000
1723173984041 0.0 12000
1723173999031 0.0 16000
1723174014611 0.0 20000
1723174030039 0.0 24000
1723174046286 0.0 28000
1723174061168 0.0 32000
1723174078120 0.0 36000
1723174093270 0.0 40000
1723174108118 0.0 44000
1723174124621 0.0 48000
1723174139193 0.0 52000
1723174153091 0.0 56000
1723174167263 0.0 60000
1723174181370 0.0 64000
1723174195939 0.0 68000
1723174209749 0.0 72000
1723174224019 0.0 76000
1723174238016 0.0 80000
1723174252257 0.0 84000
1723174266599 0.0 88000
1723174280741 0.0 92000
1723174294629 0.0 96000
1723174308566 0.0 100000
1723174322290 0.0 104000
1723174335934 0.0 108000
1723174350287 0.0 112000
1723174364283 0.0 116000
1723174378692 0.0 120000
1723174394073 0.0 124000
1723174408296 0.0 128000
1723174422194 0.0 132000
1723174436546 0.0 136000
1723174450618 0.0 140000
1723174464483 0.0 144000
1723174478396 0.0 148000
1723174492097 0.0 152000
1723174505707 0.0 156000
1723174519113 0.0 160000
1723174532512 0.0 164000
1723174546833 0.0 168000
1723174560384 0.0 172000
1723174574304 0.0 176000
1723174588810 0.0 180000
1723174602381 0.0 184000
1723174616092 0.0 188000
1723174630015 0.0 192000
1723174643551 0.0 196000
1723174657244 0.0 200000
1723174671240 0.0 204000
1723174684818 0.0 208000
1723174698545 0.0 212000
1723174711748 0.0 216000
1723174725106 0.0 220000
1723174738994 0.0 224000
1723174752314 0.0 228000
1723174765829 0.0 232000
1723174779111 0.0 236000
1723174792696 0.0 240000
1723174806443 0.0 244000
1723174820177 0.0 248000
1723174833618 0.0 252000
1723174846758 0.0 256000
1723174860253 0.0 260000
1723174874105 0.0 264000
1723174887684 0.0 268000
1723174901017 0.0 272000
1723174914656 0.0 276000
1723174927679 0.0 280000
1723174941059 0.0 284000
1723174954221 0.0 288000
1723174967712 0.0 292000
1723174980961 0.0 296000
1723174994254 0.0 300000
1723175007634 0.0 304000
1723175020998 0.0 308000
1723175034355 0.0 312000
1723175047446 0.0 316000
1723175060422 0.0 320000
1723175073906 0.0 324000
1723175087289 0.0 328000
1723175100560 0.0 332000
1723175113713 0.0 336000
1723175127332 0.0 340000
1723175140565 0.0 344000
1723175153922 0.0 348000
1723175167516 0.0 352000
1723175181308 0.0 356000
1723175194497 0.0 360000
1723175208574 0.0 364000
1723175221257 0.0 368000
1723175234206 0.0 372000
1723175247993 0.0 376000
1723175261253 0.0 380000
1723175275156 0.0 384000
1723175288798 0.0 388000
1723175302361 0.0 392000
1723175315666 0.0 396000
1723175329225 0.0 400000
1723175342476 0.0 404000
1723175355733 0.0 408000
1723175368991 0.0 412000
1723175382059 0.0 416000
1723175395814 0.0 420000
1723175409441 0.0 424000
1723175422959 0.0 428000
1723175436271 0.0 432000
1723175449692 0.0 436000
1723175462844 0.0 440000
1723175476017 0.0 444000
1723175490451 0.0 448000
1723175503447 0.0 452000
1723175517085 0.0 456000
1723175529980 0.0 460000
1723175543098 0.0 464000
1723175555056 0.0 468000
1723175567901 0.0 472000
1723175581133 0.0 476000
1723175594503 0.0 480000
1723175607984 0.0 484000
1723175621235 0.0 488000
1723175634891 0.0 492000
1723175648798 0.0 496000
1723175662455 0.0 500000
1723175675834 0.0 504000
1723175689606 0.0 508000
1723175703452 0.0 512000
1723175717436 0.0 516000
1723175731039 0.0 520000
1723175744865 0.0 524000
1723175758853 0.0 528000
1723175773144 0.0 532000
1723175786653 0.0 536000
1723175800415 0.0 540000
1723175813482 0.0 544000
1723175826500 0.0 548000
1723175839764 0.0 552000
1723175853315 0.0 556000
1723175867555 0.0 560000
1723175881379 0.0 564000
1723175894803 0.0 568000
1723175910104 0.0 572000
1723175924065 0.0 576000
1723175936968 0.0 580000
1723175950510 0.0 584000
1723175963514 0.0 588000
1723175976818 0.0 592000
1723175990715 0.0 596000
1723176005449 0.0 600000
1723176019070 0.0 604000
1723176032511 0.0 608000
1723176045622 0.0 612000
1723176058059 0.0 616000
1723176071780 0.0 620000
1723176085527 0.0 624000
1723176099211 0.0 628000
1723176113381 0.0 632000
1723176126535 0.0 636000
1723176140551 0.0 640000
1723176153224 0.0 644000
1723176166464 0.0 648000
1723176180297 0.0 652000
1723176194001 0.0 656000
1723176207492 0.0 660000
1723176220770 0.0 664000
1723176234764 0.0 668000
1723176247815 0.0 672000
1723176261511 0.0 676000
1723176274802 0.0 680000
1723176289144 0.0 684000
1723176302198 0.0 688000
1723176314471 0.0 692000
1723176327891 0.0 696000
1723176341253 0.0 700000
1723176354719 0.0 704000
1723176368434 0.0 708000
1723176382005 0.0 712000
1723176395358 0.0 716000
1723176409309 0.0 720000
1723176423213 0.0 724000
1723176436488 0.0 728000
1723176448876 0.0 732000
1723176462178 0.0 736000
1723176475826 0.0 740000
1723176489148 0.0 744000
1723176502945 0.0 748000
1723176516352 0.0 752000
1723176529918 0.0 756000
1723176543244 0.0 760000
1723176556898 0.0 764000
1723176569916 0.0 768000
1723176583635 0.0 772000
1723176597474 0.0 776000
1723176610740 0.0 780000
1723176624171 0.0 784000
1723176637309 0.0 788000
1723176650629 0.0 792000
1723176663722 0.0 796000
1723176677033 0.0 800000
1723176690959 0.0 804000
1723176704810 0.0 808000
1723176718227 0.0 812000
1723176731492 0.0 816000
1723176744724 0.0 820000
1723176757983 0.0 824000
1723176771589 0.0 828000
1723176785200 0.0 832000
1723176798665 0.0 836000
1723176811969 0.0 840000
1723176825534 0.0 844000
1723176839340 0.0 848000
1723176852758 0.0 852000
1723176866113 0.0 856000
1723176879450 0.0 860000
1723176893250 0.0 864000
1723176907336 0.0 868000
1723176921132 0.0 872000
1723176934661 0.0 876000
1723176948218 0.0 880000
1723176961718 0.0 884000
1723176975484 0.0 888000
1723176988993 0.0 892000
1723177002404 0.0 896000
1723177015742 0.0 900000
1723177029178 0.0 904000
1723177042141 0.0 908000
1723177056263 0.0 912000
1723177069912 0.0 916000
1723177083421 0.0 920000
1723177097201 0.0 924000
1723177110593 0.0 928000
1723177124201 0.0 932000
1723177137927 0.0 936000
1723177151161 0.0 940000
1723177164358 0.0 944000
1723177177857 0.0 948000
1723177192427 0.0 952000
1723177205795 0.0 956000
1723177219411 0.0 960000
1723177232798 0.0 964000
1723177246384 0.0 968000
1723177260016 0.0 972000
1723177274289 0.0 976000
1723177287928 0.0 980000
1723177301916 0.0 984000
1723177315680 0.0 988000
1723177329284 0.0 992000
1723177342409 0.0 996000
1723177355576 0.0 1000000
1723177369131 0.0 1004000
1723177382829 0.0 1008000
1723177396519 0.0 1012000
1723177410258 0.0 1016000
1723177423697 0.0 1020000
1723177437281 0.0 1024000
1723177451044 0.0 1028000
1723177464740 0.0 1032000
1723177478869 0.0 1036000
1723177492909 0.0 1040000
1723177506827 0.0 1044000
1723177520491 0.0 1048000
1723177534374 0.0 1052000
1723177548201 0.0 1056000
1723177561764 0.0 1060000
1723177575914 0.0 1064000
1723177589557 0.0 1068000
1723177602376 0.0 1072000
1723177615543 0.0 1076000
1723177628891 0.0 1080000
1723177641932 0.0 1084000
1723177655361 0.0 1088000
1723177668804 0.0 1092000
1723177682515 0.0 1096000
1723177696020 0.0 1100000
1723177709564 0.0 1104000
1723177723055 0.0 1108000
1723177737005 0.0 1112000
1723177750176 0.0 1116000
1723177763745 0.0 1120000
1723177777119 0.0 1124000
1723177790666 0.0 1128000
1723177803841 0.0 1132000
1723177816994 0.0 1136000
1723177830498 0.0 1140000
1723177844209 0.0 1144000
1723177858329 0.0 1148000
1723177871904 0.0 1152000
1723177885568 0.0 1156000
1723177899087 0.0 1160000
1723177912685 0.0 1164000
1723177925675 0.0 1168000
1723177939287 0.0 1172000
1723177952278 0.0 1176000
1723177965628 0.0 1180000
1723177979092 0.0 1184000
1723177993024 0.0 1188000
1723178006510 0.0 1192000
1723178019731 0.0 1196000
1723178032998 0.0 1200000
1723178045115 0.0 1204000
1723178058631 0.0 1208000
1723178071567 0.0 1212000
1723178084903 0.0 1216000
1723178097769 0.0 1220000
1723178111094 0.0 1224000
1723178124301 0.0 1228000
1723178137632 0.0 1232000
1723178151375 0.0 1236000
1723178165133 0.0 1240000
1723178178577 0.0 1244000
1723178191646 0.0 1248000
1723178205017 0.0 1252000
1723178218919 0.0 1256000
1723178232250 0.0 1260000
1723178245671 0.0 1264000
1723178259180 0.0 1268000
1723178273002 0.0 1272000
1723178286308 0.0 1276000
1723178299506 0.0 1280000
1723178312858 0.0 1284000
1723178326894 0.0 1288000
1723178340841 0.0 1292000
1723178354457 0.0 1296000
1723178367789 0.0 1300000
1723178381082 0.0 1304000
1723178394679 0.0 1308000
1723178407659 0.0 1312000
1723178420859 0.0 1316000
1723178434362 0.0 1320000
1723178447693 0.0 1324000
1723178461185 0.0 1328000
1723178474721 0.0 1332000
1723178488197 0.0 1336000
1723178501647 0.0 1340000
1723178515673 0.0 1344000
1723178529873 0.0 1348000
1723178543373 0.0 1352000
1723178556913 0.0 1356000
1723178570340 0.0 1360000
1723178583485 0.0 1364000
1723178597064 0.0 1368000
1723178610279 0.0 1372000
1723178623434 0.0 1376000
1723178636567 0.0 1380000
1723178649884 0.0 1384000
1723178662565 0.0 1388000
1723178675098 0.0 1392000
1723178688455 0.0 1396000
1723178701563 0.0 1400000
1723178714900 0.0 1404000
1723178728537 0.0 1408000
1723178742320 0.0 1412000
1723178755555 0.0 1416000
1723178769297 0.0 1420000
1723178782819 0.0 1424000
1723178796259 0.0 1428000
1723178809830 0.0 1432000
1723178823184 0.0 1436000
1723178836081 0.0 1440000
1723178847488 0.0 1444000
1723178859287 0.0 1448000
1723178871021 0.0 1452000
1723178882995 0.0 1456000
1723178895000 0.0 1460000
1723178907043 0.0 1464000
1723178918341 0.0 1468000
1723178929911 0.0 1472000
1723178942167 0.0 1476000
1723178953843 0.0 1480000
1723178965751 0.0 1484000
1723178977684 0.0 1488000
1723178989821 0.0 1492000
1723179001695 0.0 1496000
1723179013711 0.0 1500000
1723179025329 0.0 1504000
1723179037250 0.0 1508000
1723179048974 0.0 1512000
1723179060616 0.0 1516000
1723179072588 0.0 1520000
1723179084897 0.0 1524000
1723179096558 0.0 1528000
1723179108065 0.0 1532000
1723179119672 0.0 1536000
1723179131432 0.0 1540000
1723179143217 0.0 1544000
1723179154763 0.0 1548000
1723179166479 0.0 1552000
1723179177937 0.0 1556000
1723179189773 0.0 1560000
1723179201055 0.0 1564000
1723179212692 0.0 1568000
1723179224370 0.0 1572000
1723179236283 0.0 1576000
1723179247900 0.0 1580000
1723179259093 0.0 1584000
1723179270695 0.0 1588000
1723179282388 0.0 1592000
1723179293748 0.0 1596000
1723179305033 0.0 1600000
1723179316141 0.0 1604000
1723179327953 0.0 1608000
1723179339511 0.0 1612000
1723179350907 0.0 1616000
1723179362298 0.0 1620000
1723179373585 0.0 1624000
1723179384937 0.0 1628000
1723179396188 0.0 1632000
1723179407377 0.0 1636000
1723179418863 0.0 1640000
1723179430542 0.0 1644000
1723179441892 0.0 1648000
1723179453240 0.0 1652000
1723179464641 0.0 1656000
1723179475946 0.0 1660000
1723179487763 0.0 1664000
1723179499179 0.0 1668000
1723179510716 0.0 1672000
1723179522256 0.0 1676000
1723179533897 0.0 1680000
1723179544917 0.0 1684000
1723179556177 0.0 1688000
1723179567664 0.0 1692000
1723179579056 0.0 1696000
1723179590434 0.0 1700000
1723179601803 0.0 1704000
1723179613101 0.0 1708000
1723179624247 0.0 1712000
1723179635667 0.0 1716000
1723179646926 0.0 1720000
1723179658428 0.0 1724000
1723179669853 0.0 1728000
1723179681147 0.0 1732000
1723179692498 0.0 1736000
1723179703944 0.0 1740000
1723179715195 0.0 1744000
1723179726648 0.0 1748000
1723179738105 0.0 1752000
1723179749504 0.0 1756000
1723179760702 0.0 1760000
1723179772146 0.0 1764000
1723179784150 0.0 1768000
1723179795944 0.0 1772000
1723179807414 0.0 1776000
1723179818844 0.0 1780000
1723179830368 0.0 1784000
1723179842543 0.0 1788000
1723179853803 0.0 1792000
1723179865324 0.0 1796000
1723179876363 0.0 1800000
1723179887978 0.0 1804000
1723179899434 0.0 1808000
1723179910985 0.0 1812000
1723179922359 0.0 1816000
1723179933792 0.0 1820000
1723179945112 0.0 1824000
1723179956351 0.0 1828000
1723179967923 0.0 1832000
1723179979226 0.0 1836000
1723179990718 0.0 1840000
1723180002101 0.0 1844000
1723180013280 0.0 1848000
1723180024869 0.0 1852000
1723180036511 0.0 1856000
1723180048184 0.0 1860000
1723180059719 0.0 1864000
1723180071060 0.0 1868000
1723180082468 0.0 1872000
1723180093845 0.0 1876000
1723180105017 0.0 1880000
1723180116339 0.0 1884000
1723180127815 0.0 1888000
1723180139344 0.0 1892000
1723180150845 0.0 1896000
1723180161990 0.0 1900000
1723180173236 0.0 1904000
1723180184519 0.0 1908000
1723180196114 0.0 1912000
1723180207575 0.0 1916000
1723180218972 0.0 1920000
1723180230456 0.0 1924000
1723180241721 0.0 1928000
1723180253442 0.0 1932000
1723180264925 0.0 1936000
1723180276054 0.0 1940000
1723180287512 0.0 1944000
1723180298744 0.0 1948000
1723180310097 0.0 1952000
1723180321870 0.0 1956000
1723180333003 0.0 1960000
1723180344485 0.0 1964000
1723180356130 0.0 1968000
1723180367616 0.0 1972000
1723180379122 0.0 1976000
1723180390503 0.0 1980000
1723180401907 0.0 1984000
1723180413577 0.0 1988000
1723180425337 0.0 1992000
1723180436787 0.0 1996000
1723180448635 0.0 2000000
