1723173953586 67108864.0 4000
1723173968228 67108864.0 8000
1723173984061 67108864.0 12000
1723173999046 67108864.0 16000
1723174014626 67108864.0 20000
1723174030054 67108864.0 24000
1723174046301 67108864.0 28000
1723174061184 67108864.0 32000
1723174078135 67108864.0 36000
1723174093285 67108864.0 40000
1723174108132 67108864.0 44000
1723174124639 67108864.0 48000
1723174139208 67108864.0 52000
1723174153107 67108864.0 56000
1723174167278 67108864.0 60000
1723174181385 67108864.0 64000
1723174195956 67108864.0 68000
1723174209765 67108864.0 72000
1723174224034 67108864.0 76000
1723174238039 67108864.0 80000
1723174252270 67108864.0 84000
1723174266614 67108864.0 88000
1723174280756 67108864.0 92000
1723174294644 67108864.0 96000
1723174308582 67108864.0 100000
1723174322306 67108864.0 104000
1723174335949 67108864.0 108000
1723174350302 67108864.0 112000
1723174364298 67108864.0 116000
1723174378706 67108864.0 120000
1723174394088 67108864.0 124000
1723174408311 67108864.0 128000
1723174422208 67108864.0 132000
1723174436561 67108864.0 136000
1723174450633 67108864.0 140000
1723174464498 67108864.0 144000
1723174478411 67108864.0 148000
1723174492112 67108864.0 152000
1723174505721 67108864.0 156000
1723174519128 67108864.0 160000
1723174532527 67108864.0 164000
1723174546847 67108864.0 168000
1723174560399 67108864.0 172000
1723174574318 67108864.0 176000
1723174588825 67108864.0 180000
1723174602397 67108864.0 184000
1723174616107 67108864.0 188000
1723174630030 67108864.0 192000
1723174643566 67108864.0 196000
1723174657259 67108864.0 200000
1723174671254 67108864.0 204000
1723174684833 67108864.0 208000
1723174698560 67108864.0 212000
1723174711763 67108864.0 216000
1723174725121 67108864.0 220000
1723174739012 67108864.0 224000
1723174752329 67108864.0 228000
1723174765845 67108864.0 232000
1723174779126 67108864.0 236000
1723174792715 67108864.0 240000
1723174806457 67108864.0 244000
1723174820192 67108864.0 248000
1723174833632 67108864.0 252000
1723174846777 67108864.0 256000
1723174860269 67108864.0 260000
1723174874119 67108864.0 264000
1723174887703 67108864.0 268000
1723174901033 67108864.0 272000
1723174914671 67108864.0 276000
1723174927694 67108864.0 280000
1723174941074 67108864.0 284000
1723174954235 67108864.0 288000
1723174967725 67108864.0 292000
1723174980976 67108864.0 296000
1723174994269 67108864.0 300000
1723175007649 67108864.0 304000
1723175021014 67108864.0 308000
1723175034371 67108864.0 312000
1723175047461 67108864.0 316000
1723175060437 67108864.0 320000
1723175073923 67108864.0 324000
1723175087303 67108864.0 328000
1723175100574 67108864.0 332000
1723175113729 67108864.0 336000
1723175127347 67108864.0 340000
1723175140580 67108864.0 344000
1723175153936 67108864.0 348000
1723175167530 67108864.0 352000
1723175181323 67108864.0 356000
1723175194511 67108864.0 360000
1723175208590 67108864.0 364000
1723175221272 67108864.0 368000
1723175234221 67108864.0 372000
1723175248007 67108864.0 376000
1723175261268 67108864.0 380000
1723175275173 67108864.0 384000
1723175288813 67108864.0 388000
1723175302377 67108864.0 392000
1723175315681 67108864.0 396000
1723175329240 67108864.0 400000
1723175342492 67108864.0 404000
1723175355748 67108864.0 408000
1723175369004 67108864.0 412000
1723175382074 67108864.0 416000
1723175395829 67108864.0 420000
1723175409456 67108864.0 424000
1723175422974 67108864.0 428000
1723175436286 67108864.0 432000
1723175449709 67108864.0 436000
1723175462860 67108864.0 440000
1723175476033 67108864.0 444000
1723175490466 67108864.0 448000
1723175503462 67108864.0 452000
1723175517100 67108864.0 456000
1723175529997 67108864.0 460000
1723175543113 67108864.0 464000
1723175555071 67108864.0 468000
1723175567916 67108864.0 472000
1723175581148 67108864.0 476000
1723175594519 67108864.0 480000
1723175608000 67108864.0 484000
1723175621250 67108864.0 488000
1723175634907 67108864.0 492000
1723175648813 67108864.0 496000
1723175662471 67108864.0 500000
1723175675849 67108864.0 504000
1723175689621 67108864.0 508000
1723175703466 67108864.0 512000
1723175717452 67108864.0 516000
1723175731054 67108864.0 520000
1723175744879 67108864.0 524000
1723175758868 67108864.0 528000
1723175773159 67108864.0 532000
1723175786668 67108864.0 536000
1723175800432 67108864.0 540000
1723175813496 67108864.0 544000
1723175826513 67108864.0 548000
1723175839779 67108864.0 552000
1723175853332 67108864.0 556000
1723175867569 67108864.0 560000
1723175881397 67108864.0 564000
1723175894820 67108864.0 568000
1723175910123 67108864.0 572000
1723175924081 67108864.0 576000
1723175936986 67108864.0 580000
1723175950533 67108864.0 584000
1723175963530 67108864.0 588000
1723175976833 67108864.0 592000
1723175990733 67108864.0 596000
1723176005464 67108864.0 600000
1723176019084 67108864.0 604000
1723176032529 67108864.0 608000
1723176045638 67108864.0 612000
1723176058074 67108864.0 616000
1723176071802 67108864.0 620000
1723176085543 67108864.0 624000
1723176099231 67108864.0 628000
1723176113400 67108864.0 632000
1723176126550 67108864.0 636000
1723176140569 67108864.0 640000
1723176153239 67108864.0 644000
1723176166480 67108864.0 648000
1723176180312 67108864.0 652000
1723176194016 67108864.0 656000
1723176207512 67108864.0 660000
1723176220786 67108864.0 664000
1723176234780 67108864.0 668000
1723176247830 67108864.0 672000
1723176261527 67108864.0 676000
1723176274820 67108864.0 680000
1723176289160 67108864.0 684000
1723176302216 67108864.0 688000
1723176314488 67108864.0 692000
1723176327911 67108864.0 696000
1723176341278 67108864.0 700000
1723176354734 67108864.0 704000
1723176368448 67108864.0 708000
1723176382020 67108864.0 712000
1723176395372 67108864.0 716000
1723176409324 67108864.0 720000
1723176423230 67108864.0 724000
1723176436507 67108864.0 728000
1723176448892 67108864.0 732000
1723176462194 67108864.0 736000
1723176475844 67108864.0 740000
1723176489164 67108864.0 744000
1723176502965 67108864.0 748000
1723176516379 67108864.0 752000
1723176529941 67108864.0 756000
1723176543259 67108864.0 760000
1723176556913 67108864.0 764000
1723176569931 67108864.0 768000
1723176583651 67108864.0 772000
1723176597490 67108864.0 776000
1723176610755 67108864.0 780000
1723176624186 67108864.0 784000
1723176637324 67108864.0 788000
1723176650644 67108864.0 792000
1723176663737 67108864.0 796000
1723176677047 67108864.0 800000
1723176690974 67108864.0 804000
1723176704824 67108864.0 808000
1723176718242 67108864.0 812000
1723176731507 67108864.0 816000
1723176744738 67108864.0 820000
1723176757997 67108864.0 824000
1723176771604 67108864.0 828000
1723176785215 67108864.0 832000
1723176798680 67108864.0 836000
1723176811983 67108864.0 840000
1723176825550 67108864.0 844000
1723176839355 67108864.0 848000
1723176852773 67108864.0 852000
1723176866129 67108864.0 856000
1723176879465 67108864.0 860000
1723176893264 67108864.0 864000
1723176907352 67108864.0 868000
1723176921147 67108864.0 872000
1723176934676 67108864.0 876000
1723176948232 67108864.0 880000
1723176961734 67108864.0 884000
1723176975499 67108864.0 888000
1723176989008 67108864.0 892000
1723177002419 67108864.0 896000
1723177015757 67108864.0 900000
1723177029193 67108864.0 904000
1723177042157 67108864.0 908000
1723177056278 67108864.0 912000
1723177069929 67108864.0 916000
1723177083437 67108864.0 920000
1723177097215 67108864.0 924000
1723177110608 67108864.0 928000
1723177124215 67108864.0 932000
1723177137942 67108864.0 936000
1723177151176 67108864.0 940000
1723177164373 67108864.0 944000
1723177177871 67108864.0 948000
1723177192444 67108864.0 952000
1723177205810 67108864.0 956000
1723177219426 67108864.0 960000
1723177232815 67108864.0 964000
1723177246400 67108864.0 968000
1723177260033 67108864.0 972000
1723177274304 67108864.0 976000
1723177287944 67108864.0 980000
1723177301931 67108864.0 984000
1723177315695 67108864.0 988000
1723177329297 67108864.0 992000
1723177342423 67108864.0 996000
1723177355591 67108864.0 1000000
1723177369147 67108864.0 1004000
1723177382844 67108864.0 1008000
1723177396534 67108864.0 1012000
1723177410273 67108864.0 1016000
1723177423715 67108864.0 1020000
1723177437295 67108864.0 1024000
1723177451060 67108864.0 1028000
1723177464755 67108864.0 1032000
1723177478884 67108864.0 1036000
1723177492929 67108864.0 1040000
1723177506841 67108864.0 1044000
1723177520507 67108864.0 1048000
1723177534390 67108864.0 1052000
1723177548231 67108864.0 1056000
1723177561779 67108864.0 1060000
1723177575929 67108864.0 1064000
1723177589572 67108864.0 1068000
1723177602390 67108864.0 1072000
1723177615559 67108864.0 1076000
1723177628906 67108864.0 1080000
1723177641949 67108864.0 1084000
1723177655375 67108864.0 1088000
1723177668821 67108864.0 1092000
1723177682530 67108864.0 1096000
1723177696035 67108864.0 1100000
1723177709579 67108864.0 1104000
1723177723070 67108864.0 1108000
1723177737021 67108864.0 1112000
1723177750193 67108864.0 1116000
1723177763759 67108864.0 1120000
1723177777134 67108864.0 1124000
1723177790681 67108864.0 1128000
1723177803856 67108864.0 1132000
1723177817009 67108864.0 1136000
1723177830513 67108864.0 1140000
1723177844225 67108864.0 1144000
1723177858344 67108864.0 1148000
1723177871920 67108864.0 1152000
1723177885584 67108864.0 1156000
1723177899102 67108864.0 1160000
1723177912700 67108864.0 1164000
1723177925690 67108864.0 1168000
1723177939302 67108864.0 1172000
1723177952293 67108864.0 1176000
1723177965642 67108864.0 1180000
1723177979108 67108864.0 1184000
1723177993038 67108864.0 1188000
1723178006525 67108864.0 1192000
1723178019746 67108864.0 1196000
1723178033014 67108864.0 1200000
1723178045129 67108864.0 1204000
1723178058646 67108864.0 1208000
1723178071582 67108864.0 1212000
1723178084918 67108864.0 1216000
1723178097785 67108864.0 1220000
1723178111110 67108864.0 1224000
1723178124316 67108864.0 1228000
1723178137647 67108864.0 1232000
1723178151391 67108864.0 1236000
1723178165153 67108864.0 1240000
1723178178592 67108864.0 1244000
1723178191661 67108864.0 1248000
1723178205032 67108864.0 1252000
1723178218934 67108864.0 1256000
1723178232265 67108864.0 1260000
1723178245688 67108864.0 1264000
1723178259196 67108864.0 1268000
1723178273017 67108864.0 1272000
1723178286322 67108864.0 1276000
1723178299521 67108864.0 1280000
1723178312872 67108864.0 1284000
1723178326909 67108864.0 1288000
1723178340856 67108864.0 1292000
1723178354472 67108864.0 1296000
1723178367804 67108864.0 1300000
1723178381099 67108864.0 1304000
1723178394695 67108864.0 1308000
1723178407674 67108864.0 1312000
1723178420877 67108864.0 1316000
1723178434377 67108864.0 1320000
1723178447708 67108864.0 1324000
1723178461200 67108864.0 1328000
1723178474736 67108864.0 1332000
1723178488213 67108864.0 1336000
1723178501662 67108864.0 1340000
1723178515689 67108864.0 1344000
1723178529889 67108864.0 1348000
1723178543391 67108864.0 1352000
1723178556928 67108864.0 1356000
1723178570356 67108864.0 1360000
1723178583500 67108864.0 1364000
1723178597079 67108864.0 1368000
1723178610294 67108864.0 1372000
1723178623450 67108864.0 1376000
1723178636582 67108864.0 1380000
1723178649899 67108864.0 1384000
1723178662597 67108864.0 1388000
1723178675113 67108864.0 1392000
1723178688470 67108864.0 1396000
1723178701578 67108864.0 1400000
1723178714915 67108864.0 1404000
1723178728552 67108864.0 1408000
1723178742339 67108864.0 1412000
1723178755570 67108864.0 1416000
1723178769312 67108864.0 1420000
1723178782836 67108864.0 1424000
1723178796274 67108864.0 1428000
1723178809845 67108864.0 1432000
1723178823199 67108864.0 1436000
1723178836095 67108864.0 1440000
1723178847502 67108864.0 1444000
1723178859301 67108864.0 1448000
1723178871035 67108864.0 1452000
1723178883009 67108864.0 1456000
1723178895014 67108864.0 1460000
1723178907057 67108864.0 1464000
1723178918355 67108864.0 1468000
1723178929925 67108864.0 1472000
1723178942181 67108864.0 1476000
1723178953857 67108864.0 1480000
1723178965765 67108864.0 1484000
1723178977698 67108864.0 1488000
1723178989836 67108864.0 1492000
1723179001710 67108864.0 1496000
1723179013727 67108864.0 1500000
1723179025345 67108864.0 1504000
1723179037266 67108864.0 1508000
1723179048988 67108864.0 1512000
1723179060630 67108864.0 1516000
1723179072602 67108864.0 1520000
1723179084911 67108864.0 1524000
1723179096572 67108864.0 1528000
1723179108080 67108864.0 1532000
1723179119686 67108864.0 1536000
1723179131446 67108864.0 1540000
1723179143231 67108864.0 1544000
1723179154777 67108864.0 1548000
1723179166493 67108864.0 1552000
1723179177951 67108864.0 1556000
1723179189788 67108864.0 1560000
1723179201069 67108864.0 1564000
1723179212707 67108864.0 1568000
1723179224385 67108864.0 1572000
1723179236297 67108864.0 1576000
1723179247914 67108864.0 1580000
1723179259107 67108864.0 1584000
1723179270709 67108864.0 1588000
1723179282403 67108864.0 1592000
1723179293762 67108864.0 1596000
1723179305047 67108864.0 1600000
1723179316155 67108864.0 1604000
1723179327967 67108864.0 1608000
1723179339525 67108864.0 1612000
1723179350921 67108864.0 1616000
1723179362313 67108864.0 1620000
1723179373600 67108864.0 1624000
1723179384951 67108864.0 1628000
1723179396202 67108864.0 1632000
1723179407391 67108864.0 1636000
1723179418878 67108864.0 1640000
1723179430556 67108864.0 1644000
1723179441906 67108864.0 1648000
1723179453254 67108864.0 1652000
1723179464655 67108864.0 1656000
1723179475960 67108864.0 1660000
1723179487777 67108864.0 1664000
1723179499193 67108864.0 1668000
1723179510731 67108864.0 1672000
1723179522270 67108864.0 1676000
1723179533911 67108864.0 1680000
1723179544931 67108864.0 1684000
1723179556192 67108864.0 1688000
1723179567679 67108864.0 1692000
1723179579070 67108864.0 1696000
1723179590448 67108864.0 1700000
1723179601818 67108864.0 1704000
1723179613115 67108864.0 1708000
1723179624260 67108864.0 1712000
1723179635681 67108864.0 1716000
1723179646940 67108864.0 1720000
1723179658442 67108864.0 1724000
1723179669867 67108864.0 1728000
1723179681161 67108864.0 1732000
1723179692512 67108864.0 1736000
1723179703958 67108864.0 1740000
1723179715209 67108864.0 1744000
1723179726662 67108864.0 1748000
1723179738144 67108864.0 1752000
1723179749518 67108864.0 1756000
1723179760716 67108864.0 1760000
1723179772160 67108864.0 1764000
1723179784164 67108864.0 1768000
1723179795958 67108864.0 1772000
1723179807428 67108864.0 1776000
1723179818858 67108864.0 1780000
1723179830382 67108864.0 1784000
1723179842557 67108864.0 1788000
1723179853817 67108864.0 1792000
1723179865340 67108864.0 1796000
1723179876376 67108864.0 1800000
1723179887993 67108864.0 1804000
1723179899448 67108864.0 1808000
1723179910999 67108864.0 1812000
1723179922373 67108864.0 1816000
1723179933806 67108864.0 1820000
1723179945127 67108864.0 1824000
1723179956365 67108864.0 1828000
1723179967942 67108864.0 1832000
1723179979240 67108864.0 1836000
1723179990732 67108864.0 1840000
1723180002115 67108864.0 1844000
1723180013293 67108864.0 1848000
1723180024883 67108864.0 1852000
1723180036525 67108864.0 1856000
1723180048199 67108864.0 1860000
1723180059733 67108864.0 1864000
1723180071075 67108864.0 1868000
1723180082482 67108864.0 1872000
1723180093860 67108864.0 1876000
1723180105031 67108864.0 1880000
1723180116353 67108864.0 1884000
1723180127829 67108864.0 1888000
1723180139358 67108864.0 1892000
1723180150859 67108864.0 1896000
1723180162004 67108864.0 1900000
1723180173250 67108864.0 1904000
1723180184534 67108864.0 1908000
1723180196129 67108864.0 1912000
1723180207589 67108864.0 1916000
1723180218986 67108864.0 1920000
1723180230470 67108864.0 1924000
1723180241736 67108864.0 1928000
1723180253460 67108864.0 1932000
1723180264940 67108864.0 1936000
1723180276068 67108864.0 1940000
1723180287526 67108864.0 1944000
1723180298758 67108864.0 1948000
1723180310112 67108864.0 1952000
1723180321884 67108864.0 1956000
1723180333018 67108864.0 1960000
1723180344499 67108864.0 1964000
1723180356145 67108864.0 1968000
1723180367630 67108864.0 1972000
1723180379136 67108864.0 1976000
1723180390519 67108864.0 1980000
1723180401921 67108864.0 1984000
1723180413592 67108864.0 1988000
1723180425351 67108864.0 1992000
1723180436802 67108864.0 1996000
1723180448650 67108864.0 2000000
