1723173953584 0.0 4000
1723173968225 0.0 8000
1723173984059 0.0 12000
1723173999044 0.0 16000
1723174014625 0.0 20000
1723174030052 0.0 24000
1723174046299 0.0 28000
1723174061182 0.0 32000
1723174078133 0.0 36000
1723174093283 0.0 40000
1723174108131 0.0 44000
1723174124637 0.0 48000
1723174139207 0.0 52000
1723174153105 0.0 56000
1723174167276 0.0 60000
1723174181383 0.0 64000
1723174195954 0.0 68000
1723174209763 0.0 72000
1723174224032 0.0 76000
1723174238036 0.0 80000
1723174252269 0.0 84000
1723174266612 0.0 88000
1723174280754 0.0 92000
1723174294643 0.0 96000
1723174308581 0.0 100000
1723174322304 0.0 104000
1723174335947 0.0 108000
1723174350300 0.0 112000
1723174364297 0.0 116000
1723174378705 0.0 120000
1723174394086 0.0 124000
1723174408309 0.0 128000
1723174422207 0.0 132000
1723174436559 0.0 136000
1723174450632 0.0 140000
1723174464496 0.0 144000
1723174478409 0.0 148000
1723174492111 0.0 152000
1723174505720 0.0 156000
1723174519126 0.0 160000
1723174532525 0.0 164000
1723174546846 0.0 168000
1723174560398 0.0 172000
1723174574317 0.0 176000
1723174588823 0.0 180000
1723174602395 0.0 184000
1723174616105 0.0 188000
1723174630028 0.0 192000
1723174643564 0.0 196000
1723174657257 0.0 200000
1723174671252 0.0 204000
1723174684831 0.0 208000
1723174698558 0.0 212000
1723174711761 0.0 216000
1723174725120 0.0 220000
1723174739011 0.0 224000
1723174752328 0.0 228000
1723174765843 0.0 232000
1723174779125 0.0 236000
1723174792713 0.0 240000
1723174806455 0.0 244000
1723174820190 0.0 248000
1723174833630 0.0 252000
1723174846775 0.0 256000
1723174860267 0.0 260000
1723174874117 0.0 264000
1723174887702 0.0 268000
1723174901031 0.0 272000
1723174914669 0.0 276000
1723174927692 0.0 280000
1723174941072 0.0 284000
1723174954233 0.0 288000
1723174967724 0.0 292000
1723174980975 0.0 296000
1723174994267 0.0 300000
1723175007647 0.0 304000
1723175021012 0.0 308000
1723175034369 0.0 312000
1723175047459 0.0 316000
1723175060435 0.0 320000
1723175073921 0.0 324000
1723175087302 0.0 328000
1723175100573 0.0 332000
1723175113727 0.0 336000
1723175127345 0.0 340000
1723175140578 0.0 344000
1723175153935 0.0 348000
1723175167528 0.0 352000
1723175181321 0.0 356000
1723175194510 0.0 360000
1723175208588 0.0 364000
1723175221271 0.0 368000
1723175234219 0.0 372000
1723175248005 0.0 376000
1723175261266 0.0 380000
1723175275171 0.0 384000
1723175288811 0.0 388000
1723175302375 0.0 392000
1723175315679 0.0 396000
1723175329238 0.0 400000
1723175342490 0.0 404000
1723175355746 0.0 408000
1723175369003 0.0 412000
1723175382072 0.0 416000
1723175395827 0.0 420000
1723175409454 0.0 424000
1723175422972 0.0 428000
1723175436284 0.0 432000
1723175449706 0.0 436000
1723175462858 0.0 440000
1723175476031 0.0 444000
1723175490464 0.0 448000
1723175503460 0.0 452000
1723175517098 0.0 456000
1723175529995 0.0 460000
1723175543112 0.0 464000
1723175555069 0.0 468000
1723175567914 0.0 472000
1723175581146 0.0 476000
1723175594517 0.0 480000
1723175607999 0.0 484000
1723175621248 0.0 488000
1723175634905 0.0 492000
1723175648812 0.0 496000
1723175662469 0.0 500000
1723175675847 0.0 504000
1723175689619 0.0 508000
1723175703465 0.0 512000
1723175717451 0.0 516000
1723175731052 0.0 520000
1723175744877 0.0 524000
1723175758866 0.0 528000
1723175773157 0.0 532000
1723175786666 0.0 536000
1723175800430 0.0 540000
1723175813494 0.0 544000
1723175826512 0.0 548000
1723175839777 0.0 552000
1723175853330 0.0 556000
1723175867568 0.0 560000
1723175881393 0.0 564000
1723175894818 0.0 568000
1723175910121 0.0 572000
1723175924079 0.0 576000
1723175936984 0.0 580000
1723175950531 0.0 584000
1723175963528 0.0 588000
1723175976831 0.0 592000
1723175990731 0.0 596000
1723176005463 0.0 600000
1723176019083 0.0 604000
1723176032527 0.0 608000
1723176045636 0.0 612000
1723176058072 0.0 616000
1723176071800 0.0 620000
1723176085541 0.0 624000
1723176099229 0.0 628000
1723176113395 0.0 632000
1723176126548 0.0 636000
1723176140567 0.0 640000
1723176153237 0.0 644000
1723176166478 0.0 648000
1723176180311 0.0 652000
1723176194015 0.0 656000
1723176207510 0.0 660000
1723176220783 0.0 664000
1723176234779 0.0 668000
1723176247828 0.0 672000
1723176261525 0.0 676000
1723176274818 0.0 680000
1723176289158 0.0 684000
1723176302213 0.0 688000
1723176314486 0.0 692000
1723176327909 0.0 696000
1723176341276 0.0 700000
1723176354733 0.0 704000
1723176368447 0.0 708000
1723176382018 0.0 712000
1723176395371 0.0 716000
1723176409322 0.0 720000
1723176423228 0.0 724000
1723176436506 0.0 728000
1723176448890 0.0 732000
1723176462192 0.0 736000
1723176475842 0.0 740000
1723176489162 0.0 744000
1723176502963 0.0 748000
1723176516377 0.0 752000
1723176529938 0.0 756000
1723176543258 0.0 760000
1723176556912 0.0 764000
1723176569929 0.0 768000
1723176583650 0.0 772000
1723176597488 0.0 776000
1723176610753 0.0 780000
1723176624185 0.0 784000
1723176637322 0.0 788000
1723176650642 0.0 792000
1723176663735 0.0 796000
1723176677046 0.0 800000
1723176690973 0.0 804000
1723176704823 0.0 808000
1723176718240 0.0 812000
1723176731506 0.0 816000
1723176744736 0.0 820000
1723176757996 0.0 824000
1723176771602 0.0 828000
1723176785213 0.0 832000
1723176798678 0.0 836000
1723176811982 0.0 840000
1723176825548 0.0 844000
1723176839354 0.0 848000
1723176852771 0.0 852000
1723176866127 0.0 856000
1723176879464 0.0 860000
1723176893262 0.0 864000
1723176907350 0.0 868000
1723176921145 0.0 872000
1723176934674 0.0 876000
1723176948231 0.0 880000
1723176961733 0.0 884000
1723176975497 0.0 888000
1723176989006 0.0 892000
1723177002417 0.0 896000
1723177015755 0.0 900000
1723177029192 0.0 904000
1723177042155 0.0 908000
1723177056276 0.0 912000
1723177069927 0.0 916000
1723177083435 0.0 920000
1723177097214 0.0 924000
1723177110606 0.0 928000
1723177124214 0.0 932000
1723177137940 0.0 936000
1723177151174 0.0 940000
1723177164372 0.0 944000
1723177177869 0.0 948000
1723177192442 0.0 952000
1723177205808 0.0 956000
1723177219424 0.0 960000
1723177232814 0.0 964000
1723177246398 0.0 968000
1723177260031 0.0 972000
1723177274302 0.0 976000
1723177287943 0.0 980000
1723177301930 0.0 984000
1723177315693 0.0 988000
1723177329296 0.0 992000
1723177342422 0.0 996000
1723177355589 0.0 1000000
1723177369146 0.0 1004000
1723177382842 0.0 1008000
1723177396532 0.0 1012000
1723177410271 0.0 1016000
1723177423713 0.0 1020000
1723177437293 0.0 1024000
1723177451058 0.0 1028000
1723177464754 0.0 1032000
1723177478882 0.0 1036000
1723177492927 0.0 1040000
1723177506840 0.0 1044000
1723177520505 0.0 1048000
1723177534388 0.0 1052000
1723177548227 0.0 1056000
1723177561778 0.0 1060000
1723177575927 0.0 1064000
1723177589570 0.0 1068000
1723177602389 0.0 1072000
1723177615557 0.0 1076000
1723177628905 0.0 1080000
1723177641947 0.0 1084000
1723177655374 0.0 1088000
1723177668819 0.0 1092000
1723177682529 0.0 1096000
1723177696033 0.0 1100000
1723177709578 0.0 1104000
1723177723068 0.0 1108000
1723177737019 0.0 1112000
1723177750191 0.0 1116000
1723177763758 0.0 1120000
1723177777132 0.0 1124000
1723177790680 0.0 1128000
1723177803854 0.0 1132000
1723177817007 0.0 1136000
1723177830512 0.0 1140000
1723177844223 0.0 1144000
1723177858342 0.0 1148000
1723177871919 0.0 1152000
1723177885582 0.0 1156000
1723177899100 0.0 1160000
1723177912698 0.0 1164000
1723177925689 0.0 1168000
1723177939301 0.0 1172000
1723177952292 0.0 1176000
1723177965641 0.0 1180000
1723177979106 0.0 1184000
1723177993037 0.0 1188000
1723178006523 0.0 1192000
1723178019745 0.0 1196000
1723178033012 0.0 1200000
1723178045127 0.0 1204000
1723178058644 0.0 1208000
1723178071580 0.0 1212000
1723178084916 0.0 1216000
1723178097783 0.0 1220000
1723178111108 0.0 1224000
1723178124314 0.0 1228000
1723178137645 0.0 1232000
1723178151390 0.0 1236000
1723178165151 0.0 1240000
1723178178591 0.0 1244000
1723178191659 0.0 1248000
1723178205030 0.0 1252000
1723178218933 0.0 1256000
1723178232263 0.0 1260000
1723178245685 0.0 1264000
1723178259194 0.0 1268000
1723178273016 0.0 1272000
1723178286321 0.0 1276000
1723178299519 0.0 1280000
1723178312871 0.0 1284000
1723178326908 0.0 1288000
1723178340854 0.0 1292000
1723178354471 0.0 1296000
1723178367802 0.0 1300000
1723178381097 0.0 1304000
1723178394693 0.0 1308000
1723178407673 0.0 1312000
1723178420875 0.0 1316000
1723178434375 0.0 1320000
1723178447706 0.0 1324000
1723178461198 0.0 1328000
1723178474735 0.0 1332000
1723178488211 0.0 1336000
1723178501660 0.0 1340000
1723178515687 0.0 1344000
1723178529888 0.0 1348000
1723178543389 0.0 1352000
1723178556927 0.0 1356000
1723178570354 0.0 1360000
1723178583498 0.0 1364000
1723178597077 0.0 1368000
1723178610292 0.0 1372000
1723178623448 0.0 1376000
1723178636580 0.0 1380000
1723178649898 0.0 1384000
1723178662593 0.0 1388000
1723178675111 0.0 1392000
1723178688468 0.0 1396000
1723178701576 0.0 1400000
1723178714913 0.0 1404000
1723178728551 0.0 1408000
1723178742336 0.0 1412000
1723178755568 0.0 1416000
1723178769310 0.0 1420000
1723178782834 0.0 1424000
1723178796273 0.0 1428000
1723178809843 0.0 1432000
1723178823198 0.0 1436000
1723178836093 0.0 1440000
1723178847501 0.0 1444000
1723178859300 0.0 1448000
1723178871033 0.0 1452000
1723178883007 0.0 1456000
1723178895012 0.0 1460000
1723178907055 0.0 1464000
1723178918354 0.0 1468000
1723178929923 0.0 1472000
1723178942179 0.0 1476000
1723178953855 0.0 1480000
1723178965764 0.0 1484000
1723178977697 0.0 1488000
1723178989834 0.0 1492000
1723179001709 0.0 1496000
1723179013725 0.0 1500000
1723179025344 0.0 1504000
1723179037265 0.0 1508000
1723179048987 0.0 1512000
1723179060629 0.0 1516000
1723179072600 0.0 1520000
1723179084909 0.0 1524000
1723179096570 0.0 1528000
1723179108079 0.0 1532000
1723179119684 0.0 1536000
1723179131445 0.0 1540000
1723179143229 0.0 1544000
1723179154775 0.0 1548000
1723179166492 0.0 1552000
1723179177950 0.0 1556000
1723179189786 0.0 1560000
1723179201068 0.0 1564000
1723179212705 0.0 1568000
1723179224383 0.0 1572000
1723179236296 0.0 1576000
1723179247913 0.0 1580000
1723179259105 0.0 1584000
1723179270708 0.0 1588000
1723179282401 0.0 1592000
1723179293761 0.0 1596000
1723179305045 0.0 1600000
1723179316154 0.0 1604000
1723179327966 0.0 1608000
1723179339524 0.0 1612000
1723179350919 0.0 1616000
1723179362311 0.0 1620000
1723179373598 0.0 1624000
1723179384949 0.0 1628000
1723179396200 0.0 1632000
1723179407390 0.0 1636000
1723179418876 0.0 1640000
1723179430554 0.0 1644000
1723179441904 0.0 1648000
1723179453252 0.0 1652000
1723179464654 0.0 1656000
1723179475959 0.0 1660000
1723179487775 0.0 1664000
1723179499192 0.0 1668000
1723179510729 0.0 1672000
1723179522268 0.0 1676000
1723179533910 0.0 1680000
1723179544930 0.0 1684000
1723179556190 0.0 1688000
1723179567677 0.0 1692000
1723179579068 0.0 1696000
1723179590446 0.0 1700000
1723179601816 0.0 1704000
1723179613113 0.0 1708000
1723179624259 0.0 1712000
1723179635680 0.0 1716000
1723179646938 0.0 1720000
1723179658441 0.0 1724000
1723179669866 0.0 1728000
1723179681159 0.0 1732000
1723179692511 0.0 1736000
1723179703956 0.0 1740000
1723179715208 0.0 1744000
1723179726661 0.0 1748000
1723179738142 0.0 1752000
1723179749517 0.0 1756000
1723179760715 0.0 1760000
1723179772159 0.0 1764000
1723179784162 0.0 1768000
1723179795956 0.0 1772000
1723179807427 0.0 1776000
1723179818856 0.0 1780000
1723179830381 0.0 1784000
1723179842556 0.0 1788000
1723179853816 0.0 1792000
1723179865339 0.0 1796000
1723179876375 0.0 1800000
1723179887991 0.0 1804000
1723179899446 0.0 1808000
1723179910997 0.0 1812000
1723179922371 0.0 1816000
1723179933804 0.0 1820000
1723179945126 0.0 1824000
1723179956364 0.0 1828000
1723179967940 0.0 1832000
1723179979238 0.0 1836000
1723179990730 0.0 1840000
1723180002113 0.0 1844000
1723180013292 0.0 1848000
1723180024882 0.0 1852000
1723180036523 0.0 1856000
1723180048197 0.0 1860000
1723180059731 0.0 1864000
1723180071073 0.0 1868000
1723180082481 0.0 1872000
1723180093858 0.0 1876000
1723180105029 0.0 1880000
1723180116351 0.0 1884000
1723180127828 0.0 1888000
1723180139357 0.0 1892000
1723180150857 0.0 1896000
1723180162002 0.0 1900000
1723180173248 0.0 1904000
1723180184532 0.0 1908000
1723180196127 0.0 1912000
1723180207588 0.0 1916000
1723180218984 0.0 1920000
1723180230469 0.0 1924000
1723180241734 0.0 1928000
1723180253458 0.0 1932000
1723180264938 0.0 1936000
1723180276066 0.0 1940000
1723180287524 0.0 1944000
1723180298756 0.0 1948000
1723180310110 0.0 1952000
1723180321883 0.0 1956000
1723180333017 0.0 1960000
1723180344497 0.0 1964000
1723180356143 0.0 1968000
1723180367628 0.0 1972000
1723180379134 0.0 1976000
1723180390517 0.0 1980000
1723180401920 0.0 1984000
1723180413590 0.0 1988000
1723180425349 0.0 1992000
1723180436800 0.0 1996000
1723180448648 0.0 2000000
