1723173953585 0.0 4000
1723173968227 0.0 8000
1723173984060 0.0 12000
1723173999045 0.0 16000
1723174014625 0.0 20000
1723174030053 0.0 24000
1723174046300 0.0 28000
1723174061183 0.0 32000
1723174078134 0.0 36000
1723174093284 0.0 40000
1723174108131 0.0 44000
1723174124638 0.0 48000
1723174139208 0.0 52000
1723174153106 0.0 56000
1723174167277 0.0 60000
1723174181384 0.0 64000
1723174195955 0.0 68000
1723174209764 0.0 72000
1723174224033 0.0 76000
1723174238037 0.0 80000
1723174252270 0.0 84000
1723174266613 0.0 88000
1723174280755 0.0 92000
1723174294644 0.0 96000
1723174308581 0.0 100000
1723174322305 0.0 104000
1723174335948 0.0 108000
1723174350301 0.0 112000
1723174364297 0.0 116000
1723174378706 0.0 120000
1723174394087 0.0 124000
1723174408310 0.0 128000
1723174422207 0.0 132000
1723174436560 0.0 136000
1723174450632 0.0 140000
1723174464497 0.0 144000
1723174478410 0.0 148000
1723174492111 0.0 152000
1723174505721 0.0 156000
1723174519127 0.0 160000
1723174532526 0.0 164000
1723174546847 0.0 168000
1723174560398 0.0 172000
1723174574317 0.0 176000
1723174588824 0.0 180000
1723174602396 0.0 184000
1723174616106 0.0 188000
1723174630029 0.0 192000
1723174643565 0.0 196000
1723174657258 0.0 200000
1723174671253 0.0 204000
1723174684832 0.0 208000
1723174698559 0.0 212000
1723174711762 0.0 216000
1723174725120 0.0 220000
1723174739011 0.0 224000
1723174752328 0.0 228000
1723174765844 0.0 232000
1723174779125 0.0 236000
1723174792714 0.0 240000
1723174806456 0.0 244000
1723174820191 0.0 248000
1723174833631 0.0 252000
1723174846776 0.0 256000
1723174860268 0.0 260000
1723174874118 0.0 264000
1723174887702 0.0 268000
1723174901032 0.0 272000
1723174914670 0.0 276000
1723174927693 0.0 280000
1723174941073 0.0 284000
1723174954234 0.0 288000
1723174967725 0.0 292000
1723174980976 0.0 296000
1723174994268 0.0 300000
1723175007648 0.0 304000
1723175021013 0.0 308000
1723175034370 0.0 312000
1723175047460 0.0 316000
1723175060436 0.0 320000
1723175073922 0.0 324000
1723175087303 0.0 328000
1723175100573 0.0 332000
1723175113728 0.0 336000
1723175127346 0.0 340000
1723175140579 0.0 344000
1723175153935 0.0 348000
1723175167529 0.0 352000
1723175181322 0.0 356000
1723175194511 0.0 360000
1723175208589 0.0 364000
1723175221271 0.0 368000
1723175234220 0.0 372000
1723175248006 0.0 376000
1723175261267 0.0 380000
1723175275172 0.0 384000
1723175288812 0.0 388000
1723175302376 0.0 392000
1723175315680 0.0 396000
1723175329239 0.0 400000
1723175342491 0.0 404000
1723175355746 0.0 408000
1723175369004 0.0 412000
1723175382073 0.0 416000
1723175395828 0.0 420000
1723175409455 0.0 424000
1723175422973 0.0 428000
1723175436285 0.0 432000
1723175449707 0.0 436000
1723175462859 0.0 440000
1723175476032 0.0 444000
1723175490465 0.0 448000
1723175503461 0.0 452000
1723175517099 0.0 456000
1723175529996 0.0 460000
1723175543112 0.0 464000
1723175555070 0.0 468000
1723175567915 0.0 472000
1723175581147 0.0 476000
1723175594518 0.0 480000
1723175608000 0.0 484000
1723175621249 0.0 488000
1723175634906 0.0 492000
1723175648812 0.0 496000
1723175662470 0.0 500000
1723175675848 0.0 504000
1723175689620 0.0 508000
1723175703466 0.0 512000
1723175717452 0.0 516000
1723175731053 0.0 520000
1723175744878 0.0 524000
1723175758867 0.0 528000
1723175773158 0.0 532000
1723175786667 0.0 536000
1723175800431 0.0 540000
1723175813495 0.0 544000
1723175826513 0.0 548000
1723175839778 0.0 552000
1723175853331 0.0 556000
1723175867569 0.0 560000
1723175881396 0.0 564000
1723175894819 0.0 568000
1723175910122 0.0 572000
1723175924080 0.0 576000
1723175936985 0.0 580000
1723175950532 0.0 584000
1723175963529 0.0 588000
1723175976832 0.0 592000
1723175990732 0.0 596000
1723176005463 0.0 600000
1723176019084 0.0 604000
1723176032528 0.0 608000
1723176045637 0.0 612000
1723176058073 0.0 616000
1723176071801 0.0 620000
1723176085542 0.0 624000
1723176099230 0.0 628000
1723176113396 0.0 632000
1723176126549 0.0 636000
1723176140568 0.0 640000
1723176153238 0.0 644000
1723176166479 0.0 648000
1723176180312 0.0 652000
1723176194015 0.0 656000
1723176207511 0.0 660000
1723176220784 0.0 664000
1723176234779 0.0 668000
1723176247829 0.0 672000
1723176261526 0.0 676000
1723176274820 0.0 680000
1723176289159 0.0 684000
1723176302215 0.0 688000
1723176314487 0.0 692000
1723176327910 0.0 696000
1723176341277 0.0 700000
1723176354734 0.0 704000
1723176368447 0.0 708000
1723176382019 0.0 712000
1723176395371 0.0 716000
1723176409323 0.0 720000
1723176423229 0.0 724000
1723176436507 0.0 728000
1723176448891 0.0 732000
1723176462193 0.0 736000
1723176475843 0.0 740000
1723176489163 0.0 744000
1723176502964 0.0 748000
1723176516379 0.0 752000
1723176529939 0.0 756000
1723176543259 0.0 760000
1723176556912 0.0 764000
1723176569930 0.0 768000
1723176583651 0.0 772000
1723176597489 0.0 776000
1723176610754 0.0 780000
1723176624186 0.0 784000
1723176637323 0.0 788000
1723176650643 0.0 792000
1723176663736 0.0 796000
1723176677047 0.0 800000
1723176690974 0.0 804000
1723176704823 0.0 808000
1723176718241 0.0 812000
1723176731507 0.0 816000
1723176744737 0.0 820000
1723176757997 0.0 824000
1723176771603 0.0 828000
1723176785214 0.0 832000
1723176798679 0.0 836000
1723176811983 0.0 840000
1723176825549 0.0 844000
1723176839355 0.0 848000
1723176852772 0.0 852000
1723176866128 0.0 856000
1723176879464 0.0 860000
1723176893263 0.0 864000
1723176907351 0.0 868000
1723176921146 0.0 872000
1723176934675 0.0 876000
1723176948232 0.0 880000
1723176961734 0.0 884000
1723176975498 0.0 888000
1723176989007 0.0 892000
1723177002418 0.0 896000
1723177015756 0.0 900000
1723177029193 0.0 904000
1723177042156 0.0 908000
1723177056277 0.0 912000
1723177069928 0.0 916000
1723177083436 0.0 920000
1723177097214 0.0 924000
1723177110607 0.0 928000
1723177124214 0.0 932000
1723177137940 0.0 936000
1723177151175 0.0 940000
1723177164372 0.0 944000
1723177177870 0.0 948000
1723177192443 0.0 952000
1723177205809 0.0 956000
1723177219425 0.0 960000
1723177232815 0.0 964000
1723177246399 0.0 968000
1723177260032 0.0 972000
1723177274303 0.0 976000
1723177287943 0.0 980000
1723177301930 0.0 984000
1723177315694 0.0 988000
1723177329297 0.0 992000
1723177342423 0.0 996000
1723177355590 0.0 1000000
1723177369147 0.0 1004000
1723177382843 0.0 1008000
1723177396533 0.0 1012000
1723177410272 0.0 1016000
1723177423714 0.0 1020000
1723177437294 0.0 1024000
1723177451059 0.0 1028000
1723177464754 0.0 1032000
1723177478883 0.0 1036000
1723177492928 0.0 1040000
1723177506841 0.0 1044000
1723177520506 0.0 1048000
1723177534389 0.0 1052000
1723177548228 0.0 1056000
1723177561778 0.0 1060000
1723177575928 0.0 1064000
1723177589571 0.0 1068000
1723177602390 0.0 1072000
1723177615558 0.0 1076000
1723177628906 0.0 1080000
1723177641948 0.0 1084000
1723177655375 0.0 1088000
1723177668820 0.0 1092000
1723177682530 0.0 1096000
1723177696034 0.0 1100000
1723177709578 0.0 1104000
1723177723069 0.0 1108000
1723177737020 0.0 1112000
1723177750192 0.0 1116000
1723177763759 0.0 1120000
1723177777133 0.0 1124000
1723177790681 0.0 1128000
1723177803855 0.0 1132000
1723177817008 0.0 1136000
1723177830512 0.0 1140000
1723177844224 0.0 1144000
1723177858343 0.0 1148000
1723177871919 0.0 1152000
1723177885583 0.0 1156000
1723177899101 0.0 1160000
1723177912699 0.0 1164000
1723177925690 0.0 1168000
1723177939302 0.0 1172000
1723177952292 0.0 1176000
1723177965642 0.0 1180000
1723177979107 0.0 1184000
1723177993038 0.0 1188000
1723178006524 0.0 1192000
1723178019746 0.0 1196000
1723178033013 0.0 1200000
1723178045128 0.0 1204000
1723178058645 0.0 1208000
1723178071581 0.0 1212000
1723178084917 0.0 1216000
1723178097784 0.0 1220000
1723178111109 0.0 1224000
1723178124315 0.0 1228000
1723178137646 0.0 1232000
1723178151391 0.0 1236000
1723178165152 0.0 1240000
1723178178591 0.0 1244000
1723178191660 0.0 1248000
1723178205031 0.0 1252000
1723178218934 0.0 1256000
1723178232264 0.0 1260000
1723178245687 0.0 1264000
1723178259195 0.0 1268000
1723178273016 0.0 1272000
1723178286322 0.0 1276000
1723178299520 0.0 1280000
1723178312872 0.0 1284000
1723178326908 0.0 1288000
1723178340855 0.0 1292000
1723178354471 0.0 1296000
1723178367803 0.0 1300000
1723178381098 0.0 1304000
1723178394694 0.0 1308000
1723178407673 0.0 1312000
1723178420876 0.0 1316000
1723178434376 0.0 1320000
1723178447707 0.0 1324000
1723178461199 0.0 1328000
1723178474736 0.0 1332000
1723178488212 0.0 1336000
1723178501661 0.0 1340000
1723178515688 0.0 1344000
1723178529889 0.0 1348000
1723178543390 0.0 1352000
1723178556927 0.0 1356000
1723178570355 0.0 1360000
1723178583499 0.0 1364000
1723178597078 0.0 1368000
1723178610293 0.0 1372000
1723178623449 0.0 1376000
1723178636581 0.0 1380000
1723178649898 0.0 1384000
1723178662596 0.0 1388000
1723178675112 0.0 1392000
1723178688469 0.0 1396000
1723178701577 0.0 1400000
1723178714914 0.0 1404000
1723178728551 0.0 1408000
1723178742338 0.0 1412000
1723178755569 0.0 1416000
1723178769310 0.0 1420000
1723178782835 0.0 1424000
1723178796273 0.0 1428000
1723178809844 0.0 1432000
1723178823199 0.0 1436000
1723178836094 0.0 1440000
1723178847502 0.0 1444000
1723178859300 0.0 1448000
1723178871034 0.0 1452000
1723178883008 0.0 1456000
1723178895013 0.0 1460000
1723178907056 0.0 1464000
1723178918355 0.0 1468000
1723178929924 0.0 1472000
1723178942180 0.0 1476000
1723178953856 0.0 1480000
1723178965765 0.0 1484000
1723178977698 0.0 1488000
1723178989835 0.0 1492000
1723179001710 0.0 1496000
1723179013726 0.0 1500000
1723179025344 0.0 1504000
1723179037266 0.0 1508000
1723179048987 0.0 1512000
1723179060629 0.0 1516000
1723179072601 0.0 1520000
1723179084910 0.0 1524000
1723179096571 0.0 1528000
1723179108080 0.0 1532000
1723179119685 0.0 1536000
1723179131446 0.0 1540000
1723179143230 0.0 1544000
1723179154776 0.0 1548000
1723179166492 0.0 1552000
1723179177950 0.0 1556000
1723179189787 0.0 1560000
1723179201069 0.0 1564000
1723179212706 0.0 1568000
1723179224384 0.0 1572000
1723179236297 0.0 1576000
1723179247913 0.0 1580000
1723179259106 0.0 1584000
1723179270708 0.0 1588000
1723179282403 0.0 1592000
1723179293761 0.0 1596000
1723179305046 0.0 1600000
1723179316154 0.0 1604000
1723179327966 0.0 1608000
1723179339525 0.0 1612000
1723179350920 0.0 1616000
1723179362312 0.0 1620000
1723179373599 0.0 1624000
1723179384950 0.0 1628000
1723179396201 0.0 1632000
1723179407390 0.0 1636000
1723179418877 0.0 1640000
1723179430555 0.0 1644000
1723179441905 0.0 1648000
1723179453253 0.0 1652000
1723179464654 0.0 1656000
1723179475959 0.0 1660000
1723179487776 0.0 1664000
1723179499193 0.0 1668000
1723179510730 0.0 1672000
1723179522269 0.0 1676000
1723179533910 0.0 1680000
1723179544930 0.0 1684000
1723179556191 0.0 1688000
1723179567678 0.0 1692000
1723179579069 0.0 1696000
1723179590447 0.0 1700000
1723179601817 0.0 1704000
1723179613114 0.0 1708000
1723179624260 0.0 1712000
1723179635680 0.0 1716000
1723179646939 0.0 1720000
1723179658442 0.0 1724000
1723179669866 0.0 1728000
1723179681160 0.0 1732000
1723179692511 0.0 1736000
1723179703957 0.0 1740000
1723179715208 0.0 1744000
1723179726661 0.0 1748000
1723179738143 0.0 1752000
1723179749517 0.0 1756000
1723179760716 0.0 1760000
1723179772159 0.0 1764000
1723179784163 0.0 1768000
1723179795957 0.0 1772000
1723179807427 0.0 1776000
1723179818857 0.0 1780000
1723179830381 0.0 1784000
1723179842556 0.0 1788000
1723179853817 0.0 1792000
1723179865340 0.0 1796000
1723179876376 0.0 1800000
1723179887992 0.0 1804000
1723179899447 0.0 1808000
1723179910998 0.0 1812000
1723179922372 0.0 1816000
1723179933805 0.0 1820000
1723179945126 0.0 1824000
1723179956364 0.0 1828000
1723179967941 0.0 1832000
1723179979239 0.0 1836000
1723179990731 0.0 1840000
1723180002114 0.0 1844000
1723180013293 0.0 1848000
1723180024882 0.0 1852000
1723180036524 0.0 1856000
1723180048198 0.0 1860000
1723180059732 0.0 1864000
1723180071074 0.0 1868000
1723180082482 0.0 1872000
1723180093859 0.0 1876000
1723180105030 0.0 1880000
1723180116352 0.0 1884000
1723180127829 0.0 1888000
1723180139357 0.0 1892000
1723180150858 0.0 1896000
1723180162003 0.0 1900000
1723180173249 0.0 1904000
1723180184533 0.0 1908000
1723180196128 0.0 1912000
1723180207589 0.0 1916000
1723180218985 0.0 1920000
1723180230470 0.0 1924000
1723180241735 0.0 1928000
1723180253459 0.0 1932000
1723180264939 0.0 1936000
1723180276067 0.0 1940000
1723180287525 0.0 1944000
1723180298757 0.0 1948000
1723180310111 0.0 1952000
1723180321884 0.0 1956000
1723180333017 0.0 1960000
1723180344498 0.0 1964000
1723180356144 0.0 1968000
1723180367629 0.0 1972000
1723180379135 0.0 1976000
1723180390518 0.0 1980000
1723180401921 0.0 1984000
1723180413591 0.0 1988000
1723180425350 0.0 1992000
1723180436801 0.0 1996000
1723180448649 0.0 2000000
