1723173953577 0.0 4000
1723173968218 0.0 8000
1723173984051 0.0 12000
1723173999039 0.0 16000
1723174014619 0.0 20000
1723174030046 0.0 24000
1723174046294 0.0 28000
1723174061175 0.0 32000
1723174078128 0.0 36000
1723174093277 0.0 40000
1723174108125 0.0 44000
1723174124631 0.0 48000
1723174139201 0.0 52000
1723174153099 0.0 56000
1723174167270 0.0 60000
1723174181377 0.0 64000
1723174195947 0.0 68000
1723174209757 0.0 72000
1723174224027 0.0 76000
1723174238023 0.0 80000
1723174252264 0.0 84000
1723174266606 0.0 88000
1723174280749 0.0 92000
1723174294637 0.0 96000
1723174308574 0.0 100000
1723174322298 0.0 104000
1723174335941 0.0 108000
1723174350295 0.0 112000
1723174364291 0.0 116000
1723174378699 0.0 120000
1723174394080 0.0 124000
1723174408304 0.0 128000
1723174422201 0.0 132000
1723174436553 0.0 136000
1723174450625 0.0 140000
1723174464490 0.0 144000
1723174478403 0.0 148000
1723174492105 0.0 152000
1723174505714 0.0 156000
1723174519120 0.0 160000
1723174532520 0.0 164000
1723174546840 0.0 168000
1723174560392 0.0 172000
1723174574311 0.0 176000
1723174588818 0.0 180000
1723174602389 0.0 184000
1723174616099 0.0 188000
1723174630022 0.0 192000
1723174643559 0.0 196000
1723174657252 0.0 200000
1723174671247 0.0 204000
1723174684825 0.0 208000
1723174698552 0.0 212000
1723174711755 0.0 216000
1723174725114 0.0 220000
1723174739005 0.0 224000
1723174752322 0.0 228000
1723174765837 0.0 232000
1723174779118 0.0 236000
1723174792706 0.0 240000
1723174806450 0.0 244000
1723174820184 0.0 248000
1723174833625 0.0 252000
1723174846770 0.0 256000
1723174860261 0.0 260000
1723174874112 0.0 264000
1723174887694 0.0 268000
1723174901025 0.0 272000
1723174914663 0.0 276000
1723174927687 0.0 280000
1723174941066 0.0 284000
1723174954228 0.0 288000
1723174967718 0.0 292000
1723174980969 0.0 296000
1723174994262 0.0 300000
1723175007641 0.0 304000
1723175021006 0.0 308000
1723175034363 0.0 312000
1723175047453 0.0 316000
1723175060429 0.0 320000
1723175073916 0.0 324000
1723175087296 0.0 328000
1723175100567 0.0 332000
1723175113721 0.0 336000
1723175127340 0.0 340000
1723175140572 0.0 344000
1723175153928 0.0 348000
1723175167523 0.0 352000
1723175181315 0.0 356000
1723175194505 0.0 360000
1723175208582 0.0 364000
1723175221265 0.0 368000
1723175234213 0.0 372000
1723175248000 0.0 376000
1723175261261 0.0 380000
1723175275164 0.0 384000
1723175288805 0.0 388000
1723175302369 0.0 392000
1723175315673 0.0 396000
1723175329232 0.0 400000
1723175342484 0.0 404000
1723175355740 0.0 408000
1723175368998 0.0 412000
1723175382066 0.0 416000
1723175395821 0.0 420000
1723175409448 0.0 424000
1723175422966 0.0 428000
1723175436279 0.0 432000
1723175449700 0.0 436000
1723175462852 0.0 440000
1723175476025 0.0 444000
1723175490458 0.0 448000
1723175503454 0.0 452000
1723175517092 0.0 456000
1723175529988 0.0 460000
1723175543105 0.0 464000
1723175555063 0.0 468000
1723175567908 0.0 472000
1723175581141 0.0 476000
1723175594511 0.0 480000
1723175607993 0.0 484000
1723175621242 0.0 488000
1723175634899 0.0 492000
1723175648806 0.0 496000
1723175662463 0.0 500000
1723175675841 0.0 504000
1723175689614 0.0 508000
1723175703459 0.0 512000
1723175717444 0.0 516000
1723175731046 0.0 520000
1723175744872 0.0 524000
1723175758861 0.0 528000
1723175773151 0.0 532000
1723175786661 0.0 536000
1723175800424 0.0 540000
1723175813489 0.0 544000
1723175826506 0.0 548000
1723175839771 0.0 552000
1723175853324 0.0 556000
1723175867562 0.0 560000
1723175881387 0.0 564000
1723175894811 0.0 568000
1723175910114 0.0 572000
1723175924074 0.0 576000
1723175936978 0.0 580000
1723175950523 0.0 584000
1723175963522 0.0 588000
1723175976826 0.0 592000
1723175990725 0.0 596000
1723176005457 0.0 600000
1723176019077 0.0 604000
1723176032521 0.0 608000
1723176045630 0.0 612000
1723176058066 0.0 616000
1723176071790 0.0 620000
1723176085535 0.0 624000
1723176099223 0.0 628000
1723176113389 0.0 632000
1723176126543 0.0 636000
1723176140561 0.0 640000
1723176153231 0.0 644000
1723176166472 0.0 648000
1723176180305 0.0 652000
1723176194009 0.0 656000
1723176207502 0.0 660000
1723176220778 0.0 664000
1723176234773 0.0 668000
1723176247822 0.0 672000
1723176261519 0.0 676000
1723176274812 0.0 680000
1723176289152 0.0 684000
1723176302206 0.0 688000
1723176314480 0.0 692000
1723176327901 0.0 696000
1723176341265 0.0 700000
1723176354727 0.0 704000
1723176368441 0.0 708000
1723176382012 0.0 712000
1723176395365 0.0 716000
1723176409316 0.0 720000
1723176423222 0.0 724000
1723176436499 0.0 728000
1723176448884 0.0 732000
1723176462186 0.0 736000
1723176475835 0.0 740000
1723176489156 0.0 744000
1723176502958 0.0 748000
1723176516363 0.0 752000
1723176529930 0.0 756000
1723176543252 0.0 760000
1723176556906 0.0 764000
1723176569923 0.0 768000
1723176583644 0.0 772000
1723176597483 0.0 776000
1723176610747 0.0 780000
1723176624179 0.0 784000
1723176637316 0.0 788000
1723176650636 0.0 792000
1723176663729 0.0 796000
1723176677040 0.0 800000
1723176690967 0.0 804000
1723176704817 0.0 808000
1723176718234 0.0 812000
1723176731500 0.0 816000
1723176744731 0.0 820000
1723176757990 0.0 824000
1723176771596 0.0 828000
1723176785208 0.0 832000
1723176798672 0.0 836000
1723176811976 0.0 840000
1723176825542 0.0 844000
1723176839348 0.0 848000
1723176852765 0.0 852000
1723176866121 0.0 856000
1723176879458 0.0 860000
1723176893257 0.0 864000
1723176907344 0.0 868000
1723176921139 0.0 872000
1723176934668 0.0 876000
1723176948225 0.0 880000
1723176961726 0.0 884000
1723176975492 0.0 888000
1723176989000 0.0 892000
1723177002411 0.0 896000
1723177015749 0.0 900000
1723177029186 0.0 904000
1723177042149 0.0 908000
1723177056270 0.0 912000
1723177069921 0.0 916000
1723177083428 0.0 920000
1723177097208 0.0 924000
1723177110600 0.0 928000
1723177124208 0.0 932000
1723177137934 0.0 936000
1723177151168 0.0 940000
1723177164365 0.0 944000
1723177177864 0.0 948000
1723177192437 0.0 952000
1723177205802 0.0 956000
1723177219418 0.0 960000
1723177232808 0.0 964000
1723177246392 0.0 968000
1723177260024 0.0 972000
1723177274297 0.0 976000
1723177287937 0.0 980000
1723177301924 0.0 984000
1723177315687 0.0 988000
1723177329291 0.0 992000
1723177342416 0.0 996000
1723177355584 0.0 1000000
1723177369139 0.0 1004000
1723177382836 0.0 1008000
1723177396527 0.0 1012000
1723177410266 0.0 1016000
1723177423708 0.0 1020000
1723177437288 0.0 1024000
1723177451052 0.0 1028000
1723177464748 0.0 1032000
1723177478876 0.0 1036000
1723177492922 0.0 1040000
1723177506834 0.0 1044000
1723177520499 0.0 1048000
1723177534382 0.0 1052000
1723177548210 0.0 1056000
1723177561772 0.0 1060000
1723177575922 0.0 1064000
1723177589565 0.0 1068000
1723177602383 0.0 1072000
1723177615551 0.0 1076000
1723177628899 0.0 1080000
1723177641940 0.0 1084000
1723177655368 0.0 1088000
1723177668812 0.0 1092000
1723177682523 0.0 1096000
1723177696027 0.0 1100000
1723177709571 0.0 1104000
1723177723062 0.0 1108000
1723177737013 0.0 1112000
1723177750185 0.0 1116000
1723177763752 0.0 1120000
1723177777126 0.0 1124000
1723177790674 0.0 1128000
1723177803848 0.0 1132000
1723177817001 0.0 1136000
1723177830506 0.0 1140000
1723177844217 0.0 1144000
1723177858336 0.0 1148000
1723177871913 0.0 1152000
1723177885576 0.0 1156000
1723177899094 0.0 1160000
1723177912693 0.0 1164000
1723177925682 0.0 1168000
1723177939294 0.0 1172000
1723177952286 0.0 1176000
1723177965635 0.0 1180000
1723177979100 0.0 1184000
1723177993031 0.0 1188000
1723178006518 0.0 1192000
1723178019739 0.0 1196000
1723178033006 0.0 1200000
1723178045122 0.0 1204000
1723178058638 0.0 1208000
1723178071575 0.0 1212000
1723178084911 0.0 1216000
1723178097777 0.0 1220000
1723178111102 0.0 1224000
1723178124308 0.0 1228000
1723178137639 0.0 1232000
1723178151383 0.0 1236000
1723178165141 0.0 1240000
1723178178585 0.0 1244000
1723178191653 0.0 1248000
1723178205024 0.0 1252000
1723178218927 0.0 1256000
1723178232257 0.0 1260000
1723178245678 0.0 1264000
1723178259188 0.0 1268000
1723178273010 0.0 1272000
1723178286315 0.0 1276000
1723178299514 0.0 1280000
1723178312865 0.0 1284000
1723178326902 0.0 1288000
1723178340848 0.0 1292000
1723178354464 0.0 1296000
1723178367797 0.0 1300000
1723178381090 0.0 1304000
1723178394687 0.0 1308000
1723178407666 0.0 1312000
1723178420867 0.0 1316000
1723178434369 0.0 1320000
1723178447700 0.0 1324000
1723178461193 0.0 1328000
1723178474729 0.0 1332000
1723178488205 0.0 1336000
1723178501654 0.0 1340000
1723178515681 0.0 1344000
1723178529881 0.0 1348000
1723178543382 0.0 1352000
1723178556921 0.0 1356000
1723178570348 0.0 1360000
1723178583493 0.0 1364000
1723178597071 0.0 1368000
1723178610286 0.0 1372000
1723178623443 0.0 1376000
1723178636574 0.0 1380000
1723178649892 0.0 1384000
1723178662580 0.0 1388000
1723178675106 0.0 1392000
1723178688462 0.0 1396000
1723178701570 0.0 1400000
1723178714907 0.0 1404000
1723178728544 0.0 1408000
1723178742327 0.0 1412000
1723178755563 0.0 1416000
1723178769304 0.0 1420000
1723178782828 0.0 1424000
1723178796267 0.0 1428000
1723178809838 0.0 1432000
1723178823192 0.0 1436000
1723178836088 0.0 1440000
1723178847495 0.0 1444000
1723178859294 0.0 1448000
1723178871028 0.0 1452000
1723178883002 0.0 1456000
1723178895007 0.0 1460000
1723178907050 0.0 1464000
1723178918348 0.0 1468000
1723178929918 0.0 1472000
1723178942174 0.0 1476000
1723178953849 0.0 1480000
1723178965758 0.0 1484000
1723178977691 0.0 1488000
1723178989828 0.0 1492000
1723179001703 0.0 1496000
1723179013719 0.0 1500000
1723179025337 0.0 1504000
1723179037259 0.0 1508000
1723179048981 0.0 1512000
1723179060623 0.0 1516000
1723179072595 0.0 1520000
1723179084904 0.0 1524000
1723179096565 0.0 1528000
1723179108072 0.0 1532000
1723179119679 0.0 1536000
1723179131439 0.0 1540000
1723179143224 0.0 1544000
1723179154770 0.0 1548000
1723179166486 0.0 1552000
1723179177944 0.0 1556000
1723179189781 0.0 1560000
1723179201062 0.0 1564000
1723179212700 0.0 1568000
1723179224378 0.0 1572000
1723179236290 0.0 1576000
1723179247907 0.0 1580000
1723179259100 0.0 1584000
1723179270702 0.0 1588000
1723179282396 0.0 1592000
1723179293755 0.0 1596000
1723179305040 0.0 1600000
1723179316148 0.0 1604000
1723179327960 0.0 1608000
1723179339518 0.0 1612000
1723179350914 0.0 1616000
1723179362306 0.0 1620000
1723179373593 0.0 1624000
1723179384944 0.0 1628000
1723179396195 0.0 1632000
1723179407384 0.0 1636000
1723179418871 0.0 1640000
1723179430549 0.0 1644000
1723179441899 0.0 1648000
1723179453247 0.0 1652000
1723179464648 0.0 1656000
1723179475953 0.0 1660000
1723179487770 0.0 1664000
1723179499186 0.0 1668000
1723179510723 0.0 1672000
1723179522263 0.0 1676000
1723179533904 0.0 1680000
1723179544924 0.0 1684000
1723179556184 0.0 1688000
1723179567671 0.0 1692000
1723179579063 0.0 1696000
1723179590441 0.0 1700000
1723179601811 0.0 1704000
1723179613108 0.0 1708000
1723179624254 0.0 1712000
1723179635674 0.0 1716000
1723179646933 0.0 1720000
1723179658435 0.0 1724000
1723179669860 0.0 1728000
1723179681154 0.0 1732000
1723179692505 0.0 1736000
1723179703951 0.0 1740000
1723179715202 0.0 1744000
1723179726655 0.0 1748000
1723179738137 0.0 1752000
1723179749511 0.0 1756000
1723179760709 0.0 1760000
1723179772153 0.0 1764000
1723179784157 0.0 1768000
1723179795951 0.0 1772000
1723179807421 0.0 1776000
1723179818851 0.0 1780000
1723179830375 0.0 1784000
1723179842550 0.0 1788000
1723179853810 0.0 1792000
1723179865333 0.0 1796000
1723179876369 0.0 1800000
1723179887985 0.0 1804000
1723179899441 0.0 1808000
1723179910992 0.0 1812000
1723179922366 0.0 1816000
1723179933799 0.0 1820000
1723179945120 0.0 1824000
1723179956358 0.0 1828000
1723179967935 0.0 1832000
1723179979233 0.0 1836000
1723179990725 0.0 1840000
1723180002108 0.0 1844000
1723180013287 0.0 1848000
1723180024876 0.0 1852000
1723180036518 0.0 1856000
1723180048191 0.0 1860000
1723180059726 0.0 1864000
1723180071067 0.0 1868000
1723180082475 0.0 1872000
1723180093852 0.0 1876000
1723180105024 0.0 1880000
1723180116346 0.0 1884000
1723180127823 0.0 1888000
1723180139351 0.0 1892000
1723180150852 0.0 1896000
1723180161997 0.0 1900000
1723180173243 0.0 1904000
1723180184527 0.0 1908000
1723180196122 0.0 1912000
1723180207582 0.0 1916000
1723180218979 0.0 1920000
1723180230463 0.0 1924000
1723180241728 0.0 1928000
1723180253451 0.0 1932000
1723180264933 0.0 1936000
1723180276061 0.0 1940000
1723180287519 0.0 1944000
1723180298751 0.0 1948000
1723180310105 0.0 1952000
1723180321877 0.0 1956000
1723180333011 0.0 1960000
1723180344492 0.0 1964000
1723180356137 0.0 1968000
1723180367622 0.0 1972000
1723180379129 0.0 1976000
1723180390511 0.0 1980000
1723180401914 0.0 1984000
1723180413584 0.0 1988000
1723180425344 0.0 1992000
1723180436795 0.0 1996000
1723180448642 0.0 2000000
