1723173953574 0.0 4000
1723173968214 0.0 8000
1723173984047 0.0 12000
1723173999035 0.0 16000
1723174014615 0.0 20000
1723174030043 0.0 24000
1723174046290 0.0 28000
1723174061172 0.0 32000
1723174078125 0.0 36000
1723174093274 0.0 40000
1723174108122 0.0 44000
1723174124626 0.0 48000
1723174139198 0.0 52000
1723174153095 0.0 56000
1723174167267 0.0 60000
1723174181374 0.0 64000
1723174195943 0.0 68000
1723174209754 0.0 72000
1723174224023 0.0 76000
1723174238020 0.0 80000
1723174252261 0.0 84000
1723174266603 0.0 88000
1723174280745 0.0 92000
1723174294633 0.0 96000
1723174308571 0.0 100000
1723174322295 0.0 104000
1723174335938 0.0 108000
1723174350291 0.0 112000
1723174364287 0.0 116000
1723174378696 0.0 120000
1723174394077 0.0 124000
1723174408300 0.0 128000
1723174422198 0.0 132000
1723174436550 0.0 136000
1723174450622 0.0 140000
1723174464487 0.0 144000
1723174478400 0.0 148000
1723174492101 0.0 152000
1723174505711 0.0 156000
1723174519117 0.0 160000
1723174532517 0.0 164000
1723174546837 0.0 168000
1723174560389 0.0 172000
1723174574308 0.0 176000
1723174588814 0.0 180000
1723174602385 0.0 184000
1723174616096 0.0 188000
1723174630019 0.0 192000
1723174643555 0.0 196000
1723174657248 0.0 200000
1723174671244 0.0 204000
1723174684822 0.0 208000
1723174698549 0.0 212000
1723174711752 0.0 216000
1723174725110 0.0 220000
1723174739001 0.0 224000
1723174752318 0.0 228000
1723174765833 0.0 232000
1723174779115 0.0 236000
1723174792702 0.0 240000
1723174806447 0.0 244000
1723174820181 0.0 248000
1723174833622 0.0 252000
1723174846762 0.0 256000
1723174860258 0.0 260000
1723174874109 0.0 264000
1723174887688 0.0 268000
1723174901022 0.0 272000
1723174914660 0.0 276000
1723174927683 0.0 280000
1723174941063 0.0 284000
1723174954224 0.0 288000
1723174967715 0.0 292000
1723174980965 0.0 296000
1723174994258 0.0 300000
1723175007638 0.0 304000
1723175021002 0.0 308000
1723175034360 0.0 312000
1723175047450 0.0 316000
1723175060426 0.0 320000
1723175073913 0.0 324000
1723175087293 0.0 328000
1723175100564 0.0 332000
1723175113718 0.0 336000
1723175127336 0.0 340000
1723175140569 0.0 344000
1723175153925 0.0 348000
1723175167520 0.0 352000
1723175181312 0.0 356000
1723175194502 0.0 360000
1723175208578 0.0 364000
1723175221262 0.0 368000
1723175234210 0.0 372000
1723175247997 0.0 376000
1723175261257 0.0 380000
1723175275160 0.0 384000
1723175288802 0.0 388000
1723175302365 0.0 392000
1723175315670 0.0 396000
1723175329229 0.0 400000
1723175342481 0.0 404000
1723175355737 0.0 408000
1723175368994 0.0 412000
1723175382063 0.0 416000
1723175395818 0.0 420000
1723175409445 0.0 424000
1723175422963 0.0 428000
1723175436275 0.0 432000
1723175449696 0.0 436000
1723175462848 0.0 440000
1723175476021 0.0 444000
1723175490455 0.0 448000
1723175503451 0.0 452000
1723175517089 0.0 456000
1723175529985 0.0 460000
1723175543102 0.0 464000
1723175555060 0.0 468000
1723175567905 0.0 472000
1723175581137 0.0 476000
1723175594508 0.0 480000
1723175607990 0.0 484000
1723175621239 0.0 488000
1723175634895 0.0 492000
1723175648802 0.0 496000
1723175662460 0.0 500000
1723175675838 0.0 504000
1723175689611 0.0 508000
1723175703456 0.0 512000
1723175717441 0.0 516000
1723175731043 0.0 520000
1723175744869 0.0 524000
1723175758857 0.0 528000
1723175773148 0.0 532000
1723175786657 0.0 536000
1723175800420 0.0 540000
1723175813485 0.0 544000
1723175826503 0.0 548000
1723175839768 0.0 552000
1723175853320 0.0 556000
1723175867559 0.0 560000
1723175881384 0.0 564000
1723175894808 0.0 568000
1723175910111 0.0 572000
1723175924068 0.0 576000
1723175936973 0.0 580000
1723175950515 0.0 584000
1723175963518 0.0 588000
1723175976822 0.0 592000
1723175990721 0.0 596000
1723176005454 0.0 600000
1723176019074 0.0 604000
1723176032516 0.0 608000
1723176045626 0.0 612000
1723176058063 0.0 616000
1723176071786 0.0 620000
1723176085531 0.0 624000
1723176099220 0.0 628000
1723176113386 0.0 632000
1723176126539 0.0 636000
1723176140558 0.0 640000
1723176153228 0.0 644000
1723176166469 0.0 648000
1723176180301 0.0 652000
1723176194006 0.0 656000
1723176207498 0.0 660000
1723176220774 0.0 664000
1723176234769 0.0 668000
1723176247819 0.0 672000
1723176261516 0.0 676000
1723176274808 0.0 680000
1723176289149 0.0 684000
1723176302203 0.0 688000
1723176314476 0.0 692000
1723176327896 0.0 696000
1723176341261 0.0 700000
1723176354723 0.0 704000
1723176368438 0.0 708000
1723176382009 0.0 712000
1723176395362 0.0 716000
1723176409313 0.0 720000
1723176423218 0.0 724000
1723176436494 0.0 728000
1723176448880 0.0 732000
1723176462183 0.0 736000
1723176475831 0.0 740000
1723176489152 0.0 744000
1723176502951 0.0 748000
1723176516357 0.0 752000
1723176529925 0.0 756000
1723176543249 0.0 760000
1723176556902 0.0 764000
1723176569920 0.0 768000
1723176583640 0.0 772000
1723176597479 0.0 776000
1723176610744 0.0 780000
1723176624176 0.0 784000
1723176637313 0.0 788000
1723176650633 0.0 792000
1723176663726 0.0 796000
1723176677037 0.0 800000
1723176690963 0.0 804000
1723176704814 0.0 808000
1723176718231 0.0 812000
1723176731497 0.0 816000
1723176744728 0.0 820000
1723176757987 0.0 824000
1723176771593 0.0 828000
1723176785204 0.0 832000
1723176798669 0.0 836000
1723176811973 0.0 840000
1723176825539 0.0 844000
1723176839344 0.0 848000
1723176852762 0.0 852000
1723176866118 0.0 856000
1723176879454 0.0 860000
1723176893254 0.0 864000
1723176907341 0.0 868000
1723176921136 0.0 872000
1723176934665 0.0 876000
1723176948222 0.0 880000
1723176961723 0.0 884000
1723176975488 0.0 888000
1723176988997 0.0 892000
1723177002408 0.0 896000
1723177015746 0.0 900000
1723177029183 0.0 904000
1723177042146 0.0 908000
1723177056267 0.0 912000
1723177069917 0.0 916000
1723177083425 0.0 920000
1723177097205 0.0 924000
1723177110597 0.0 928000
1723177124204 0.0 932000
1723177137931 0.0 936000
1723177151165 0.0 940000
1723177164362 0.0 944000
1723177177861 0.0 948000
1723177192433 0.0 952000
1723177205799 0.0 956000
1723177219415 0.0 960000
1723177232805 0.0 964000
1723177246388 0.0 968000
1723177260020 0.0 972000
1723177274293 0.0 976000
1723177287933 0.0 980000
1723177301921 0.0 984000
1723177315684 0.0 988000
1723177329287 0.0 992000
1723177342413 0.0 996000
1723177355580 0.0 1000000
1723177369136 0.0 1004000
1723177382833 0.0 1008000
1723177396523 0.0 1012000
1723177410262 0.0 1016000
1723177423704 0.0 1020000
1723177437285 0.0 1024000
1723177451048 0.0 1028000
1723177464744 0.0 1032000
1723177478873 0.0 1036000
1723177492917 0.0 1040000
1723177506831 0.0 1044000
1723177520495 0.0 1048000
1723177534378 0.0 1052000
1723177548206 0.0 1056000
1723177561769 0.0 1060000
1723177575918 0.0 1064000
1723177589561 0.0 1068000
1723177602380 0.0 1072000
1723177615548 0.0 1076000
1723177628896 0.0 1080000
1723177641937 0.0 1084000
1723177655365 0.0 1088000
1723177668809 0.0 1092000
1723177682519 0.0 1096000
1723177696024 0.0 1100000
1723177709568 0.0 1104000
1723177723059 0.0 1108000
1723177737010 0.0 1112000
1723177750182 0.0 1116000
1723177763749 0.0 1120000
1723177777123 0.0 1124000
1723177790671 0.0 1128000
1723177803845 0.0 1132000
1723177816997 0.0 1136000
1723177830503 0.0 1140000
1723177844214 0.0 1144000
1723177858333 0.0 1148000
1723177871909 0.0 1152000
1723177885572 0.0 1156000
1723177899091 0.0 1160000
1723177912689 0.0 1164000
1723177925679 0.0 1168000
1723177939291 0.0 1172000
1723177952282 0.0 1176000
1723177965632 0.0 1180000
1723177979097 0.0 1184000
1723177993028 0.0 1188000
1723178006514 0.0 1192000
1723178019736 0.0 1196000
1723178033003 0.0 1200000
1723178045119 0.0 1204000
1723178058635 0.0 1208000
1723178071571 0.0 1212000
1723178084907 0.0 1216000
1723178097774 0.0 1220000
1723178111098 0.0 1224000
1723178124305 0.0 1228000
1723178137636 0.0 1232000
1723178151380 0.0 1236000
1723178165137 0.0 1240000
1723178178581 0.0 1244000
1723178191650 0.0 1248000
1723178205021 0.0 1252000
1723178218924 0.0 1256000
1723178232254 0.0 1260000
1723178245675 0.0 1264000
1723178259184 0.0 1268000
1723178273006 0.0 1272000
1723178286312 0.0 1276000
1723178299510 0.0 1280000
1723178312862 0.0 1284000
1723178326899 0.0 1288000
1723178340845 0.0 1292000
1723178354461 0.0 1296000
1723178367793 0.0 1300000
1723178381087 0.0 1304000
1723178394684 0.0 1308000
1723178407663 0.0 1312000
1723178420863 0.0 1316000
1723178434366 0.0 1320000
1723178447697 0.0 1324000
1723178461189 0.0 1328000
1723178474725 0.0 1332000
1723178488202 0.0 1336000
1723178501651 0.0 1340000
1723178515678 0.0 1344000
1723178529878 0.0 1348000
1723178543378 0.0 1352000
1723178556918 0.0 1356000
1723178570345 0.0 1360000
1723178583489 0.0 1364000
1723178597068 0.0 1368000
1723178610283 0.0 1372000
1723178623439 0.0 1376000
1723178636571 0.0 1380000
1723178649888 0.0 1384000
1723178662574 0.0 1388000
1723178675102 0.0 1392000
1723178688459 0.0 1396000
1723178701567 0.0 1400000
1723178714904 0.0 1404000
1723178728541 0.0 1408000
1723178742324 0.0 1412000
1723178755560 0.0 1416000
1723178769301 0.0 1420000
1723178782825 0.0 1424000
1723178796263 0.0 1428000
1723178809835 0.0 1432000
1723178823188 0.0 1436000
1723178836085 0.0 1440000
1723178847492 0.0 1444000
1723178859291 0.0 1448000
1723178871025 0.0 1452000
1723178882999 0.0 1456000
1723178895004 0.0 1460000
1723178907047 0.0 1464000
1723178918345 0.0 1468000
1723178929915 0.0 1472000
1723178942171 0.0 1476000
1723178953846 0.0 1480000
1723178965755 0.0 1484000
1723178977688 0.0 1488000
1723178989825 0.0 1492000
1723179001699 0.0 1496000
1723179013716 0.0 1500000
1723179025334 0.0 1504000
1723179037255 0.0 1508000
1723179048978 0.0 1512000
1723179060620 0.0 1516000
1723179072592 0.0 1520000
1723179084901 0.0 1524000
1723179096562 0.0 1528000
1723179108069 0.0 1532000
1723179119676 0.0 1536000
1723179131436 0.0 1540000
1723179143221 0.0 1544000
1723179154767 0.0 1548000
1723179166483 0.0 1552000
1723179177941 0.0 1556000
1723179189778 0.0 1560000
1723179201059 0.0 1564000
1723179212697 0.0 1568000
1723179224374 0.0 1572000
1723179236287 0.0 1576000
1723179247904 0.0 1580000
1723179259097 0.0 1584000
1723179270699 0.0 1588000
1723179282393 0.0 1592000
1723179293752 0.0 1596000
1723179305037 0.0 1600000
1723179316145 0.0 1604000
1723179327957 0.0 1608000
1723179339515 0.0 1612000
1723179350911 0.0 1616000
1723179362303 0.0 1620000
1723179373589 0.0 1624000
1723179384941 0.0 1628000
1723179396191 0.0 1632000
1723179407381 0.0 1636000
1723179418868 0.0 1640000
1723179430546 0.0 1644000
1723179441896 0.0 1648000
1723179453244 0.0 1652000
1723179464645 0.0 1656000
1723179475950 0.0 1660000
1723179487767 0.0 1664000
1723179499183 0.0 1668000
1723179510720 0.0 1672000
1723179522260 0.0 1676000
1723179533901 0.0 1680000
1723179544921 0.0 1684000
1723179556181 0.0 1688000
1723179567668 0.0 1692000
1723179579060 0.0 1696000
1723179590438 0.0 1700000
1723179601807 0.0 1704000
1723179613105 0.0 1708000
1723179624250 0.0 1712000
1723179635671 0.0 1716000
1723179646930 0.0 1720000
1723179658432 0.0 1724000
1723179669857 0.0 1728000
1723179681151 0.0 1732000
1723179692502 0.0 1736000
1723179703948 0.0 1740000
1723179715199 0.0 1744000
1723179726652 0.0 1748000
1723179738134 0.0 1752000
1723179749508 0.0 1756000
1723179760706 0.0 1760000
1723179772150 0.0 1764000
1723179784154 0.0 1768000
1723179795948 0.0 1772000
1723179807418 0.0 1776000
1723179818848 0.0 1780000
1723179830372 0.0 1784000
1723179842547 0.0 1788000
1723179853807 0.0 1792000
1723179865329 0.0 1796000
1723179876366 0.0 1800000
1723179887982 0.0 1804000
1723179899438 0.0 1808000
1723179910989 0.0 1812000
1723179922363 0.0 1816000
1723179933796 0.0 1820000
1723179945116 0.0 1824000
1723179956355 0.0 1828000
1723179967931 0.0 1832000
1723179979230 0.0 1836000
1723179990722 0.0 1840000
1723180002105 0.0 1844000
1723180013284 0.0 1848000
1723180024873 0.0 1852000
1723180036515 0.0 1856000
1723180048188 0.0 1860000
1723180059723 0.0 1864000
1723180071064 0.0 1868000
1723180082472 0.0 1872000
1723180093849 0.0 1876000
1723180105021 0.0 1880000
1723180116343 0.0 1884000
1723180127819 0.0 1888000
1723180139348 0.0 1892000
1723180150849 0.0 1896000
1723180161993 0.0 1900000
1723180173240 0.0 1904000
1723180184524 0.0 1908000
1723180196119 0.0 1912000
1723180207579 0.0 1916000
1723180218976 0.0 1920000
1723180230460 0.0 1924000
1723180241725 0.0 1928000
1723180253447 0.0 1932000
1723180264929 0.0 1936000
1723180276058 0.0 1940000
1723180287516 0.0 1944000
1723180298748 0.0 1948000
1723180310102 0.0 1952000
1723180321874 0.0 1956000
1723180333008 0.0 1960000
1723180344489 0.0 1964000
1723180356134 0.0 1968000
1723180367619 0.0 1972000
1723180379126 0.0 1976000
1723180390507 0.0 1980000
1723180401911 0.0 1984000
1723180413581 0.0 1988000
1723180425341 0.0 1992000
1723180436791 0.0 1996000
1723180448639 0.0 2000000
