1723173953604 0.0 4000
1723173968240 0.0 8000
1723173984083 0.0 12000
1723173999057 0.0 16000
1723174014638 0.0 20000
1723174030064 0.0 24000
1723174046311 0.0 28000
1723174061194 0.0 32000
1723174078147 0.0 36000
1723174093297 0.0 40000
1723174108143 0.0 44000
1723174124650 0.0 48000
1723174139222 0.0 52000
1723174153117 0.0 56000
1723174167288 0.0 60000
1723174181395 0.0 64000
1723174195970 0.0 68000
1723174209778 0.0 72000
1723174224044 0.0 76000
1723174238054 0.0 80000
1723174252283 0.0 84000
1723174266626 0.0 88000
1723174280766 0.0 92000
1723174294655 0.0 96000
1723174308593 0.0 100000
1723174322317 0.0 104000
1723174335959 0.0 108000
1723174350312 0.0 112000
1723174364309 0.0 116000
1723174378717 0.0 120000
1723174394098 0.0 124000
1723174408322 0.0 128000
1723174422219 0.0 132000
1723174436571 0.0 136000
1723174450644 0.0 140000
1723174464508 0.0 144000
1723174478421 0.0 148000
1723174492130 0.0 152000
1723174505731 0.0 156000
1723174519139 0.0 160000
1723174532537 0.0 164000
1723174546858 0.0 168000
1723174560410 0.0 172000
1723174574329 0.0 176000
1723174588836 0.0 180000
1723174602408 0.0 184000
1723174616117 0.0 188000
1723174630040 0.0 192000
1723174643577 0.0 196000
1723174657270 0.0 200000
1723174671264 0.0 204000
1723174684843 0.0 208000
1723174698570 0.0 212000
1723174711774 0.0 216000
1723174725132 0.0 220000
1723174739025 0.0 224000
1723174752340 0.0 228000
1723174765856 0.0 232000
1723174779137 0.0 236000
1723174792733 0.0 240000
1723174806467 0.0 244000
1723174820201 0.0 248000
1723174833642 0.0 252000
1723174846788 0.0 256000
1723174860282 0.0 260000
1723174874129 0.0 264000
1723174887717 0.0 268000
1723174901044 0.0 272000
1723174914682 0.0 276000
1723174927705 0.0 280000
1723174941084 0.0 284000
1723174954245 0.0 288000
1723174967736 0.0 292000
1723174980988 0.0 296000
1723174994279 0.0 300000
1723175007659 0.0 304000
1723175021024 0.0 308000
1723175034382 0.0 312000
1723175047472 0.0 316000
1723175060448 0.0 320000
1723175073933 0.0 324000
1723175087313 0.0 328000
1723175100585 0.0 332000
1723175113740 0.0 336000
1723175127358 0.0 340000
1723175140590 0.0 344000
1723175153947 0.0 348000
1723175167541 0.0 352000
1723175181333 0.0 356000
1723175194523 0.0 360000
1723175208601 0.0 364000
1723175221283 0.0 368000
1723175234231 0.0 372000
1723175248017 0.0 376000
1723175261279 0.0 380000
1723175275186 0.0 384000
1723175288823 0.0 388000
1723175302388 0.0 392000
1723175315691 0.0 396000
1723175329250 0.0 400000
1723175342502 0.0 404000
1723175355759 0.0 408000
1723175369015 0.0 412000
1723175382085 0.0 416000
1723175395840 0.0 420000
1723175409466 0.0 424000
1723175422984 0.0 428000
1723175436296 0.0 432000
1723175449720 0.0 436000
1723175462871 0.0 440000
1723175476044 0.0 444000
1723175490476 0.0 448000
1723175503471 0.0 452000
1723175517110 0.0 456000
1723175530008 0.0 460000
1723175543125 0.0 464000
1723175555081 0.0 468000
1723175567926 0.0 472000
1723175581159 0.0 476000
1723175594529 0.0 480000
1723175608011 0.0 484000
1723175621260 0.0 488000
1723175634917 0.0 492000
1723175648824 0.0 496000
1723175662481 0.0 500000
1723175675860 0.0 504000
1723175689631 0.0 508000
1723175703477 0.0 512000
1723175717463 0.0 516000
1723175731064 0.0 520000
1723175744889 0.0 524000
1723175758878 0.0 528000
1723175773181 0.0 532000
1723175786678 0.0 536000
1723175800447 0.0 540000
1723175813506 0.0 544000
1723175826524 0.0 548000
1723175839789 0.0 552000
1723175853342 0.0 556000
1723175867581 0.0 560000
1723175881408 0.0 564000
1723175894832 0.0 568000
1723175910134 0.0 572000
1723175924092 0.0 576000
1723175937000 0.0 580000
1723175950544 0.0 584000
1723175963546 0.0 588000
1723175976843 0.0 592000
1723175990750 0.0 596000
1723176005475 0.0 600000
1723176019095 0.0 604000
1723176032540 0.0 608000
1723176045650 0.0 612000
1723176058085 0.0 616000
1723176071816 0.0 620000
1723176085554 0.0 624000
1723176099242 0.0 628000
1723176113415 0.0 632000
1723176126561 0.0 636000
1723176140580 0.0 640000
1723176153250 0.0 644000
1723176166491 0.0 648000
1723176180324 0.0 652000
1723176194027 0.0 656000
1723176207524 0.0 660000
1723176220796 0.0 664000
1723176234792 0.0 668000
1723176247840 0.0 672000
1723176261538 0.0 676000
1723176274831 0.0 680000
1723176289171 0.0 684000
1723176302236 0.0 688000
1723176314501 0.0 692000
1723176327922 0.0 696000
1723176341303 0.0 700000
1723176354745 0.0 704000
1723176368459 0.0 708000
1723176382031 0.0 712000
1723176395383 0.0 716000
1723176409335 0.0 720000
1723176423241 0.0 724000
1723176436518 0.0 728000
1723176448905 0.0 732000
1723176462205 0.0 736000
1723176475856 0.0 740000
1723176489174 0.0 744000
1723176502976 0.0 748000
1723176516393 0.0 752000
1723176529954 0.0 756000
1723176543269 0.0 760000
1723176556924 0.0 764000
1723176569942 0.0 768000
1723176583663 0.0 772000
1723176597501 0.0 776000
1723176610765 0.0 780000
1723176624198 0.0 784000
1723176637334 0.0 788000
1723176650654 0.0 792000
1723176663748 0.0 796000
1723176677058 0.0 800000
1723176690985 0.0 804000
1723176704835 0.0 808000
1723176718252 0.0 812000
1723176731518 0.0 816000
1723176744749 0.0 820000
1723176758008 0.0 824000
1723176771619 0.0 828000
1723176785226 0.0 832000
1723176798691 0.0 836000
1723176811994 0.0 840000
1723176825561 0.0 844000
1723176839366 0.0 848000
1723176852783 0.0 852000
1723176866140 0.0 856000
1723176879476 0.0 860000
1723176893274 0.0 864000
1723176907363 0.0 868000
1723176921157 0.0 872000
1723176934686 0.0 876000
1723176948243 0.0 880000
1723176961745 0.0 884000
1723176975510 0.0 888000
1723176989019 0.0 892000
1723177002429 0.0 896000
1723177015767 0.0 900000
1723177029204 0.0 904000
1723177042168 0.0 908000
1723177056288 0.0 912000
1723177069941 0.0 916000
1723177083447 0.0 920000
1723177097227 0.0 924000
1723177110618 0.0 928000
1723177124226 0.0 932000
1723177137952 0.0 936000
1723177151186 0.0 940000
1723177164384 0.0 944000
1723177177882 0.0 948000
1723177192456 0.0 952000
1723177205820 0.0 956000
1723177219437 0.0 960000
1723177232827 0.0 964000
1723177246410 0.0 968000
1723177260047 0.0 972000
1723177274315 0.0 976000
1723177287955 0.0 980000
1723177301942 0.0 984000
1723177315706 0.0 988000
1723177329309 0.0 992000
1723177342435 0.0 996000
1723177355601 0.0 1000000
1723177369158 0.0 1004000
1723177382854 0.0 1008000
1723177396547 0.0 1012000
1723177410284 0.0 1016000
1723177423726 0.0 1020000
1723177437306 0.0 1024000
1723177451070 0.0 1028000
1723177464766 0.0 1032000
1723177478898 0.0 1036000
1723177492941 0.0 1040000
1723177506852 0.0 1044000
1723177520517 0.0 1048000
1723177534400 0.0 1052000
1723177548242 0.0 1056000
1723177561790 0.0 1060000
1723177575939 0.0 1064000
1723177589583 0.0 1068000
1723177602401 0.0 1072000
1723177615569 0.0 1076000
1723177628917 0.0 1080000
1723177641959 0.0 1084000
1723177655387 0.0 1088000
1723177668832 0.0 1092000
1723177682541 0.0 1096000
1723177696045 0.0 1100000
1723177709590 0.0 1104000
1723177723080 0.0 1108000
1723177737031 0.0 1112000
1723177750203 0.0 1116000
1723177763771 0.0 1120000
1723177777144 0.0 1124000
1723177790692 0.0 1128000
1723177803867 0.0 1132000
1723177817019 0.0 1136000
1723177830524 0.0 1140000
1723177844236 0.0 1144000
1723177858354 0.0 1148000
1723177871932 0.0 1152000
1723177885597 0.0 1156000
1723177899113 0.0 1160000
1723177912711 0.0 1164000
1723177925701 0.0 1168000
1723177939313 0.0 1172000
1723177952304 0.0 1176000
1723177965653 0.0 1180000
1723177979120 0.0 1184000
1723177993049 0.0 1188000
1723178006536 0.0 1192000
1723178019757 0.0 1196000
1723178033025 0.0 1200000
1723178045140 0.0 1204000
1723178058656 0.0 1208000
1723178071593 0.0 1212000
1723178084929 0.0 1216000
1723178097795 0.0 1220000
1723178111120 0.0 1224000
1723178124327 0.0 1228000
1723178137658 0.0 1232000
1723178151403 0.0 1236000
1723178165168 0.0 1240000
1723178178603 0.0 1244000
1723178191671 0.0 1248000
1723178205043 0.0 1252000
1723178218946 0.0 1256000
1723178232275 0.0 1260000
1723178245705 0.0 1264000
1723178259207 0.0 1268000
1723178273028 0.0 1272000
1723178286332 0.0 1276000
1723178299531 0.0 1280000
1723178312883 0.0 1284000
1723178326920 0.0 1288000
1723178340867 0.0 1292000
1723178354483 0.0 1296000
1723178367815 0.0 1300000
1723178381110 0.0 1304000
1723178394706 0.0 1308000
1723178407685 0.0 1312000
1723178420890 0.0 1316000
1723178434388 0.0 1320000
1723178447719 0.0 1324000
1723178461211 0.0 1328000
1723178474747 0.0 1332000
1723178488224 0.0 1336000
1723178501673 0.0 1340000
1723178515699 0.0 1344000
1723178529900 0.0 1348000
1723178543404 0.0 1352000
1723178556939 0.0 1356000
1723178570368 0.0 1360000
1723178583511 0.0 1364000
1723178597089 0.0 1368000
1723178610305 0.0 1372000
1723178623461 0.0 1376000
1723178636592 0.0 1380000
1723178649910 0.0 1384000
1723178662615 0.0 1388000
1723178675123 0.0 1392000
1723178688481 0.0 1396000
1723178701589 0.0 1400000
1723178714926 0.0 1404000
1723178728563 0.0 1408000
1723178742352 0.0 1412000
1723178755580 0.0 1416000
1723178769323 0.0 1420000
1723178782846 0.0 1424000
1723178796286 0.0 1428000
1723178809856 0.0 1432000
1723178823211 0.0 1436000
1723178836105 0.0 1440000
1723178847512 0.0 1444000
1723178859311 0.0 1448000
1723178871044 0.0 1452000
1723178883019 0.0 1456000
1723178895024 0.0 1460000
1723178907067 0.0 1464000
1723178918365 0.0 1468000
1723178929935 0.0 1472000
1723178942191 0.0 1476000
1723178953867 0.0 1480000
1723178965776 0.0 1484000
1723178977709 0.0 1488000
1723178989846 0.0 1492000
1723179001721 0.0 1496000
1723179013737 0.0 1500000
1723179025357 0.0 1504000
1723179037277 0.0 1508000
1723179048998 0.0 1512000
1723179060640 0.0 1516000
1723179072612 0.0 1520000
1723179084921 0.0 1524000
1723179096582 0.0 1528000
1723179108091 0.0 1532000
1723179119696 0.0 1536000
1723179131456 0.0 1540000
1723179143241 0.0 1544000
1723179154787 0.0 1548000
1723179166504 0.0 1552000
1723179177961 0.0 1556000
1723179189797 0.0 1560000
1723179201079 0.0 1564000
1723179212717 0.0 1568000
1723179224395 0.0 1572000
1723179236307 0.0 1576000
1723179247924 0.0 1580000
1723179259117 0.0 1584000
1723179270719 0.0 1588000
1723179282414 0.0 1592000
1723179293772 0.0 1596000
1723179305057 0.0 1600000
1723179316166 0.0 1604000
1723179327977 0.0 1608000
1723179339535 0.0 1612000
1723179350931 0.0 1616000
1723179362323 0.0 1620000
1723179373610 0.0 1624000
1723179384961 0.0 1628000
1723179396212 0.0 1632000
1723179407402 0.0 1636000
1723179418888 0.0 1640000
1723179430566 0.0 1644000
1723179441916 0.0 1648000
1723179453264 0.0 1652000
1723179464665 0.0 1656000
1723179475970 0.0 1660000
1723179487788 0.0 1664000
1723179499204 0.0 1668000
1723179510742 0.0 1672000
1723179522280 0.0 1676000
1723179533921 0.0 1680000
1723179544941 0.0 1684000
1723179556203 0.0 1688000
1723179567688 0.0 1692000
1723179579080 0.0 1696000
1723179590458 0.0 1700000
1723179601829 0.0 1704000
1723179613125 0.0 1708000
1723179624270 0.0 1712000
1723179635691 0.0 1716000
1723179646950 0.0 1720000
1723179658452 0.0 1724000
1723179669877 0.0 1728000
1723179681171 0.0 1732000
1723179692523 0.0 1736000
1723179703968 0.0 1740000
1723179715219 0.0 1744000
1723179726672 0.0 1748000
1723179738154 0.0 1752000
1723179749528 0.0 1756000
1723179760726 0.0 1760000
1723179772170 0.0 1764000
1723179784174 0.0 1768000
1723179795968 0.0 1772000
1723179807439 0.0 1776000
1723179818868 0.0 1780000
1723179830392 0.0 1784000
1723179842568 0.0 1788000
1723179853828 0.0 1792000
1723179865351 0.0 1796000
1723179876386 0.0 1800000
1723179888003 0.0 1804000
1723179899458 0.0 1808000
1723179911009 0.0 1812000
1723179922383 0.0 1816000
1723179933817 0.0 1820000
1723179945138 0.0 1824000
1723179956375 0.0 1828000
1723179967952 0.0 1832000
1723179979250 0.0 1836000
1723179990742 0.0 1840000
1723180002125 0.0 1844000
1723180013303 0.0 1848000
1723180024893 0.0 1852000
1723180036534 0.0 1856000
1723180048209 0.0 1860000
1723180059743 0.0 1864000
1723180071087 0.0 1868000
1723180082492 0.0 1872000
1723180093870 0.0 1876000
1723180105041 0.0 1880000
1723180116363 0.0 1884000
1723180127839 0.0 1888000
1723180139368 0.0 1892000
1723180150869 0.0 1896000
1723180162014 0.0 1900000
1723180173260 0.0 1904000
1723180184544 0.0 1908000
1723180196139 0.0 1912000
1723180207600 0.0 1916000
1723180218996 0.0 1920000
1723180230481 0.0 1924000
1723180241746 0.0 1928000
1723180253472 0.0 1932000
1723180264950 0.0 1936000
1723180276078 0.0 1940000
1723180287536 0.0 1944000
1723180298768 0.0 1948000
1723180310123 0.0 1952000
1723180321894 0.0 1956000
1723180333029 0.0 1960000
1723180344509 0.0 1964000
1723180356155 0.0 1968000
1723180367640 0.0 1972000
1723180379146 0.0 1976000
1723180390529 0.0 1980000
1723180401932 0.0 1984000
1723180413602 0.0 1988000
1723180425360 0.0 1992000
1723180436812 0.0 1996000
1723180448660 0.0 2000000
