1723173953616 128.0 4000
1723173968251 128.0 8000
1723173984094 128.0 12000
1723173999067 128.0 16000
1723174014647 128.0 20000
1723174030073 128.0 24000
1723174046321 128.0 28000
1723174061206 128.0 32000
1723174078159 128.0 36000
1723174093310 128.0 40000
1723174108152 128.0 44000
1723174124659 128.0 48000
1723174139233 128.0 52000
1723174153127 128.0 56000
1723174167298 128.0 60000
1723174181403 128.0 64000
1723174195981 128.0 68000
1723174209790 128.0 72000
1723174224053 128.0 76000
1723174238065 128.0 80000
1723174252294 128.0 84000
1723174266640 128.0 88000
1723174280776 128.0 92000
1723174294665 128.0 96000
1723174308603 128.0 100000
1723174322327 128.0 104000
1723174335969 128.0 108000
1723174350321 128.0 112000
1723174364318 128.0 116000
1723174378726 128.0 120000
1723174394109 128.0 124000
1723174408331 128.0 128000
1723174422228 128.0 132000
1723174436580 128.0 136000
1723174450654 128.0 140000
1723174464518 128.0 144000
1723174478431 128.0 148000
1723174492139 128.0 152000
1723174505740 128.0 156000
1723174519148 128.0 160000
1723174532545 128.0 164000
1723174546867 128.0 168000
1723174560419 128.0 172000
1723174574338 128.0 176000
1723174588846 128.0 180000
1723174602418 128.0 184000
1723174616126 128.0 188000
1723174630050 128.0 192000
1723174643586 128.0 196000
1723174657279 128.0 200000
1723174671280 128.0 204000
1723174684852 128.0 208000
1723174698580 128.0 212000
1723174711783 128.0 216000
1723174725141 128.0 220000
1723174739037 128.0 224000
1723174752350 128.0 228000
1723174765867 128.0 232000
1723174779147 128.0 236000
1723174792744 128.0 240000
1723174806476 128.0 244000
1723174820210 128.0 248000
1723174833651 128.0 252000
1723174846798 128.0 256000
1723174860296 128.0 260000
1723174874138 128.0 264000
1723174887728 128.0 268000
1723174901054 128.0 272000
1723174914691 128.0 276000
1723174927714 128.0 280000
1723174941093 128.0 284000
1723174954254 128.0 288000
1723174967744 128.0 292000
1723174980997 128.0 296000
1723174994290 128.0 300000
1723175007669 128.0 304000
1723175021034 128.0 308000
1723175034394 128.0 312000
1723175047481 128.0 316000
1723175060457 128.0 320000
1723175073943 128.0 324000
1723175087323 128.0 328000
1723175100595 128.0 332000
1723175113750 128.0 336000
1723175127367 128.0 340000
1723175140600 128.0 344000
1723175153956 128.0 348000
1723175167551 128.0 352000
1723175181342 128.0 356000
1723175194531 128.0 360000
1723175208610 128.0 364000
1723175221293 128.0 368000
1723175234240 128.0 372000
1723175248027 128.0 376000
1723175261288 128.0 380000
1723175275198 128.0 384000
1723175288833 128.0 388000
1723175302396 128.0 392000
1723175315699 128.0 396000
1723175329260 128.0 400000
1723175342512 128.0 404000
1723175355767 128.0 408000
1723175369024 128.0 412000
1723175382094 128.0 416000
1723175395850 128.0 420000
1723175409475 128.0 424000
1723175422994 128.0 428000
1723175436306 128.0 432000
1723175449736 128.0 436000
1723175462884 128.0 440000
1723175476053 128.0 444000
1723175490486 128.0 448000
1723175503480 128.0 452000
1723175517120 128.0 456000
1723175530019 128.0 460000
1723175543135 128.0 464000
1723175555090 128.0 468000
1723175567935 128.0 472000
1723175581169 128.0 476000
1723175594538 128.0 480000
1723175608021 128.0 484000
1723175621269 128.0 488000
1723175634926 128.0 492000
1723175648834 128.0 496000
1723175662491 128.0 500000
1723175675869 128.0 504000
1723175689641 128.0 508000
1723175703486 128.0 512000
1723175717478 128.0 516000
1723175731073 128.0 520000
1723175744899 128.0 524000
1723175758887 128.0 528000
1723175773211 128.0 532000
1723175786687 128.0 536000
1723175800458 128.0 540000
1723175813518 128.0 544000
1723175826533 128.0 548000
1723175839798 128.0 552000
1723175853351 128.0 556000
1723175867597 128.0 560000
1723175881417 128.0 564000
1723175894841 128.0 568000
1723175910144 128.0 572000
1723175924106 128.0 576000
1723175937011 128.0 580000
1723175950556 128.0 584000
1723175963561 128.0 588000
1723175976852 128.0 592000
1723175990760 128.0 596000
1723176005484 128.0 600000
1723176019104 128.0 604000
1723176032551 128.0 608000
1723176045660 128.0 612000
1723176058094 128.0 616000
1723176071825 128.0 620000
1723176085564 128.0 624000
1723176099251 128.0 628000
1723176113433 128.0 632000
1723176126572 128.0 636000
1723176140589 128.0 640000
1723176153260 128.0 644000
1723176166501 128.0 648000
1723176180333 128.0 652000
1723176194036 128.0 656000
1723176207535 128.0 660000
1723176220806 128.0 664000
1723176234801 128.0 668000
1723176247850 128.0 672000
1723176261547 128.0 676000
1723176274842 128.0 680000
1723176289180 128.0 684000
1723176302245 128.0 688000
1723176314511 128.0 692000
1723176327932 128.0 696000
1723176341328 128.0 700000
1723176354754 128.0 704000
1723176368472 128.0 708000
1723176382040 128.0 712000
1723176395392 128.0 716000
1723176409345 128.0 720000
1723176423251 128.0 724000
1723176436530 128.0 728000
1723176448915 128.0 732000
1723176462215 128.0 736000
1723176475868 128.0 740000
1723176489183 128.0 744000
1723176502986 128.0 748000
1723176516411 128.0 752000
1723176529964 128.0 756000
1723176543278 128.0 760000
1723176556934 128.0 764000
1723176569951 128.0 768000
1723176583673 128.0 772000
1723176597510 128.0 776000
1723176610775 128.0 780000
1723176624207 128.0 784000
1723176637344 128.0 788000
1723176650668 128.0 792000
1723176663758 128.0 796000
1723176677068 128.0 800000
1723176690995 128.0 804000
1723176704845 128.0 808000
1723176718261 128.0 812000
1723176731528 128.0 816000
1723176744758 128.0 820000
1723176758018 128.0 824000
1723176771628 128.0 828000
1723176785235 128.0 832000
1723176798701 128.0 836000
1723176812003 128.0 840000
1723176825571 128.0 844000
1723176839376 128.0 848000
1723176852792 128.0 852000
1723176866149 128.0 856000
1723176879485 128.0 860000
1723176893283 128.0 864000
1723176907372 128.0 868000
1723176921166 128.0 872000
1723176934697 128.0 876000
1723176948253 128.0 880000
1723176961755 128.0 884000
1723176975520 128.0 888000
1723176989029 128.0 892000
1723177002438 128.0 896000
1723177015776 128.0 900000
1723177029214 128.0 904000
1723177042177 128.0 908000
1723177056298 128.0 912000
1723177069951 128.0 916000
1723177083457 128.0 920000
1723177097236 128.0 924000
1723177110628 128.0 928000
1723177124236 128.0 932000
1723177137962 128.0 936000
1723177151194 128.0 940000
1723177164394 128.0 944000
1723177177892 128.0 948000
1723177192469 128.0 952000
1723177205830 128.0 956000
1723177219446 128.0 960000
1723177232837 128.0 964000
1723177246420 128.0 968000
1723177260057 128.0 972000
1723177274325 128.0 976000
1723177287965 128.0 980000
1723177301952 128.0 984000
1723177315716 128.0 988000
1723177329318 128.0 992000
1723177342444 128.0 996000
1723177355611 128.0 1000000
1723177369168 128.0 1004000
1723177382864 128.0 1008000
1723177396556 128.0 1012000
1723177410293 128.0 1016000
1723177423736 128.0 1020000
1723177437314 128.0 1024000
1723177451080 128.0 1028000
1723177464776 128.0 1032000
1723177478908 128.0 1036000
1723177492951 128.0 1040000
1723177506861 128.0 1044000
1723177520527 128.0 1048000
1723177534410 128.0 1052000
1723177548251 128.0 1056000
1723177561800 128.0 1060000
1723177575949 128.0 1064000
1723177589592 128.0 1068000
1723177602411 128.0 1072000
1723177615579 128.0 1076000
1723177628927 128.0 1080000
1723177641969 128.0 1084000
1723177655397 128.0 1088000
1723177668843 128.0 1092000
1723177682551 128.0 1096000
1723177696055 128.0 1100000
1723177709600 128.0 1104000
1723177723090 128.0 1108000
1723177737041 128.0 1112000
1723177750213 128.0 1116000
1723177763780 128.0 1120000
1723177777154 128.0 1124000
1723177790709 128.0 1128000
1723177803876 128.0 1132000
1723177817029 128.0 1136000
1723177830535 128.0 1140000
1723177844246 128.0 1144000
1723177858363 128.0 1148000
1723177871941 128.0 1152000
1723177885607 128.0 1156000
1723177899122 128.0 1160000
1723177912721 128.0 1164000
1723177925711 128.0 1168000
1723177939323 128.0 1172000
1723177952314 128.0 1176000
1723177965662 128.0 1180000
1723177979130 128.0 1184000
1723177993058 128.0 1188000
1723178006545 128.0 1192000
1723178019766 128.0 1196000
1723178033037 128.0 1200000
1723178045149 128.0 1204000
1723178058665 128.0 1208000
1723178071603 128.0 1212000
1723178084939 128.0 1216000
1723178097805 128.0 1220000
1723178111130 128.0 1224000
1723178124336 128.0 1228000
1723178137667 128.0 1232000
1723178151413 128.0 1236000
1723178165178 128.0 1240000
1723178178613 128.0 1244000
1723178191680 128.0 1248000
1723178205052 128.0 1252000
1723178218956 128.0 1256000
1723178232285 128.0 1260000
1723178245714 128.0 1264000
1723178259216 128.0 1268000
1723178273037 128.0 1272000
1723178286344 128.0 1276000
1723178299541 128.0 1280000
1723178312893 128.0 1284000
1723178326930 128.0 1288000
1723178340876 128.0 1292000
1723178354493 128.0 1296000
1723178367825 128.0 1300000
1723178381120 128.0 1304000
1723178394716 128.0 1308000
1723178407695 128.0 1312000
1723178420900 128.0 1316000
1723178434397 128.0 1320000
1723178447729 128.0 1324000
1723178461222 128.0 1328000
1723178474757 128.0 1332000
1723178488233 128.0 1336000
1723178501682 128.0 1340000
1723178515708 128.0 1344000
1723178529918 128.0 1348000
1723178543414 128.0 1352000
1723178556948 128.0 1356000
1723178570378 128.0 1360000
1723178583520 128.0 1364000
1723178597099 128.0 1368000
1723178610314 128.0 1372000
1723178623470 128.0 1376000
1723178636602 128.0 1380000
1723178649921 128.0 1384000
1723178662626 128.0 1388000
1723178675134 128.0 1392000
1723178688490 128.0 1396000
1723178701598 128.0 1400000
1723178714935 128.0 1404000
1723178728573 128.0 1408000
1723178742360 128.0 1412000
1723178755590 128.0 1416000
1723178769332 128.0 1420000
1723178782856 128.0 1424000
1723178796296 128.0 1428000
1723178809866 128.0 1432000
1723178823222 128.0 1436000
1723178836115 128.0 1440000
1723178847521 128.0 1444000
1723178859320 128.0 1448000
1723178871053 128.0 1452000
1723178883028 128.0 1456000
1723178895033 128.0 1460000
1723178907076 128.0 1464000
1723178918374 128.0 1468000
1723178929944 128.0 1472000
1723178942200 128.0 1476000
1723178953876 128.0 1480000
1723178965785 128.0 1484000
1723178977718 128.0 1488000
1723178989854 128.0 1492000
1723179001731 128.0 1496000
1723179013747 128.0 1500000
1723179025367 128.0 1504000
1723179037287 128.0 1508000
1723179049006 128.0 1512000
1723179060649 128.0 1516000
1723179072621 128.0 1520000
1723179084930 128.0 1524000
1723179096591 128.0 1528000
1723179108100 128.0 1532000
1723179119705 128.0 1536000
1723179131465 128.0 1540000
1723179143250 128.0 1544000
1723179154796 128.0 1548000
1723179166514 128.0 1552000
1723179177970 128.0 1556000
1723179189806 128.0 1560000
1723179201088 128.0 1564000
1723179212726 128.0 1568000
1723179224404 128.0 1572000
1723179236317 128.0 1576000
1723179247933 128.0 1580000
1723179259126 128.0 1584000
1723179270728 128.0 1588000
1723179282422 128.0 1592000
1723179293781 128.0 1596000
1723179305066 128.0 1600000
1723179316175 128.0 1604000
1723179327986 128.0 1608000
1723179339544 128.0 1612000
1723179350940 128.0 1616000
1723179362332 128.0 1620000
1723179373619 128.0 1624000
1723179384970 128.0 1628000
1723179396220 128.0 1632000
1723179407411 128.0 1636000
1723179418896 128.0 1640000
1723179430576 128.0 1644000
1723179441925 128.0 1648000
1723179453273 128.0 1652000
1723179464674 128.0 1656000
1723179475980 128.0 1660000
1723179487798 128.0 1664000
1723179499213 128.0 1668000
1723179510751 128.0 1672000
1723179522289 128.0 1676000
1723179533930 128.0 1680000
1723179544950 128.0 1684000
1723179556211 128.0 1688000
1723179567697 128.0 1692000
1723179579089 128.0 1696000
1723179590467 128.0 1700000
1723179601838 128.0 1704000
1723179613134 128.0 1708000
1723179624280 128.0 1712000
1723179635701 128.0 1716000
1723179646959 128.0 1720000
1723179658461 128.0 1724000
1723179669886 128.0 1728000
1723179681179 128.0 1732000
1723179692532 128.0 1736000
1723179703977 128.0 1740000
1723179715228 128.0 1744000
1723179726681 128.0 1748000
1723179738162 128.0 1752000
1723179749538 128.0 1756000
1723179760735 128.0 1760000
1723179772179 128.0 1764000
1723179784183 128.0 1768000
1723179795977 128.0 1772000
1723179807448 128.0 1776000
1723179818877 128.0 1780000
1723179830401 128.0 1784000
1723179842577 128.0 1788000
1723179853837 128.0 1792000
1723179865360 128.0 1796000
1723179876396 128.0 1800000
1723179888014 128.0 1804000
1723179899466 128.0 1808000
1723179911018 128.0 1812000
1723179922392 128.0 1816000
1723179933826 128.0 1820000
1723179945147 128.0 1824000
1723179956384 128.0 1828000
1723179967961 128.0 1832000
1723179979259 128.0 1836000
1723179990751 128.0 1840000
1723180002134 128.0 1844000
1723180013312 128.0 1848000
1723180024902 128.0 1852000
1723180036544 128.0 1856000
1723180048218 128.0 1860000
1723180059753 128.0 1864000
1723180071096 128.0 1868000
1723180082501 128.0 1872000
1723180093879 128.0 1876000
1723180105050 128.0 1880000
1723180116372 128.0 1884000
1723180127848 128.0 1888000
1723180139377 128.0 1892000
1723180150878 128.0 1896000
1723180162023 128.0 1900000
1723180173268 128.0 1904000
1723180184553 128.0 1908000
1723180196148 128.0 1912000
1723180207609 128.0 1916000
1723180219005 128.0 1920000
1723180230489 128.0 1924000
1723180241755 128.0 1928000
1723180253481 128.0 1932000
1723180264961 128.0 1936000
1723180276088 128.0 1940000
1723180287545 128.0 1944000
1723180298777 128.0 1948000
1723180310132 128.0 1952000
1723180321903 128.0 1956000
1723180333038 128.0 1960000
1723180344518 128.0 1964000
1723180356164 128.0 1968000
1723180367649 128.0 1972000
1723180379155 128.0 1976000
1723180390538 128.0 1980000
1723180401940 128.0 1984000
1723180413611 128.0 1988000
1723180425369 128.0 1992000
1723180436821 128.0 1996000
1723180448668 128.0 2000000
