1723173953614 1.0 4000
1723173968249 1.0 8000
1723173984091 1.0 12000
1723173999064 1.0 16000
1723174014646 1.0 20000
1723174030072 1.0 24000
1723174046319 1.0 28000
1723174061205 1.0 32000
1723174078157 1.0 36000
1723174093308 1.0 40000
1723174108151 1.0 44000
1723174124657 1.0 48000
1723174139232 1.0 52000
1723174153125 1.0 56000
1723174167296 1.0 60000
1723174181402 1.0 64000
1723174195979 1.0 68000
1723174209788 1.0 72000
1723174224052 1.0 76000
1723174238064 1.0 80000
1723174252292 1.0 84000
1723174266638 1.0 88000
1723174280774 1.0 92000
1723174294664 1.0 96000
1723174308601 1.0 100000
1723174322325 1.0 104000
1723174335967 1.0 108000
1723174350320 1.0 112000
1723174364317 1.0 116000
1723174378724 1.0 120000
1723174394107 1.0 124000
1723174408329 1.0 128000
1723174422226 1.0 132000
1723174436579 1.0 136000
1723174450652 1.0 140000
1723174464516 1.0 144000
1723174478429 1.0 148000
1723174492137 1.0 152000
1723174505739 1.0 156000
1723174519147 1.0 160000
1723174532544 1.0 164000
1723174546865 1.0 168000
1723174560418 1.0 172000
1723174574336 1.0 176000
1723174588844 1.0 180000
1723174602417 1.0 184000
1723174616125 1.0 188000
1723174630048 1.0 192000
1723174643585 1.0 196000
1723174657278 1.0 200000
1723174671275 1.0 204000
1723174684850 1.0 208000
1723174698578 1.0 212000
1723174711782 1.0 216000
1723174725140 1.0 220000
1723174739035 1.0 224000
1723174752349 1.0 228000
1723174765865 1.0 232000
1723174779145 1.0 236000
1723174792742 1.0 240000
1723174806475 1.0 244000
1723174820209 1.0 248000
1723174833649 1.0 252000
1723174846796 1.0 256000
1723174860293 1.0 260000
1723174874136 1.0 264000
1723174887726 1.0 268000
1723174901052 1.0 272000
1723174914689 1.0 276000
1723174927713 1.0 280000
1723174941091 1.0 284000
1723174954253 1.0 288000
1723174967743 1.0 292000
1723174980995 1.0 296000
1723174994288 1.0 300000
1723175007668 1.0 304000
1723175021032 1.0 308000
1723175034391 1.0 312000
1723175047479 1.0 316000
1723175060455 1.0 320000
1723175073941 1.0 324000
1723175087321 1.0 328000
1723175100593 1.0 332000
1723175113748 1.0 336000
1723175127365 1.0 340000
1723175140598 1.0 344000
1723175153954 1.0 348000
1723175167549 1.0 352000
1723175181341 1.0 356000
1723175194530 1.0 360000
1723175208609 1.0 364000
1723175221292 1.0 368000
1723175234238 1.0 372000
1723175248025 1.0 376000
1723175261287 1.0 380000
1723175275196 1.0 384000
1723175288831 1.0 388000
1723175302395 1.0 392000
1723175315698 1.0 396000
1723175329258 1.0 400000
1723175342510 1.0 404000
1723175355766 1.0 408000
1723175369023 1.0 412000
1723175382092 1.0 416000
1723175395848 1.0 420000
1723175409473 1.0 424000
1723175422993 1.0 428000
1723175436304 1.0 432000
1723175449733 1.0 436000
1723175462879 1.0 440000
1723175476052 1.0 444000
1723175490484 1.0 448000
1723175503478 1.0 452000
1723175517117 1.0 456000
1723175530017 1.0 460000
1723175543133 1.0 464000
1723175555089 1.0 468000
1723175567933 1.0 472000
1723175581167 1.0 476000
1723175594536 1.0 480000
1723175608019 1.0 484000
1723175621268 1.0 488000
1723175634925 1.0 492000
1723175648832 1.0 496000
1723175662489 1.0 500000
1723175675868 1.0 504000
1723175689639 1.0 508000
1723175703485 1.0 512000
1723175717476 1.0 516000
1723175731072 1.0 520000
1723175744897 1.0 524000
1723175758886 1.0 528000
1723175773206 1.0 532000
1723175786686 1.0 536000
1723175800455 1.0 540000
1723175813515 1.0 544000
1723175826531 1.0 548000
1723175839797 1.0 552000
1723175853349 1.0 556000
1723175867594 1.0 560000
1723175881416 1.0 564000
1723175894839 1.0 568000
1723175910142 1.0 572000
1723175924100 1.0 576000
1723175937009 1.0 580000
1723175950555 1.0 584000
1723175963558 1.0 588000
1723175976850 1.0 592000
1723175990758 1.0 596000
1723176005483 1.0 600000
1723176019103 1.0 604000
1723176032549 1.0 608000
1723176045658 1.0 612000
1723176058092 1.0 616000
1723176071824 1.0 620000
1723176085563 1.0 624000
1723176099250 1.0 628000
1723176113431 1.0 632000
1723176126570 1.0 636000
1723176140588 1.0 640000
1723176153258 1.0 644000
1723176166499 1.0 648000
1723176180331 1.0 652000
1723176194034 1.0 656000
1723176207532 1.0 660000
1723176220805 1.0 664000
1723176234799 1.0 668000
1723176247848 1.0 672000
1723176261545 1.0 676000
1723176274840 1.0 680000
1723176289178 1.0 684000
1723176302244 1.0 688000
1723176314510 1.0 692000
1723176327930 1.0 696000
1723176341326 1.0 700000
1723176354753 1.0 704000
1723176368470 1.0 708000
1723176382038 1.0 712000
1723176395391 1.0 716000
1723176409343 1.0 720000
1723176423249 1.0 724000
1723176436528 1.0 728000
1723176448913 1.0 732000
1723176462213 1.0 736000
1723176475867 1.0 740000
1723176489182 1.0 744000
1723176502984 1.0 748000
1723176516408 1.0 752000
1723176529962 1.0 756000
1723176543277 1.0 760000
1723176556932 1.0 764000
1723176569950 1.0 768000
1723176583671 1.0 772000
1723176597509 1.0 776000
1723176610773 1.0 780000
1723176624206 1.0 784000
1723176637342 1.0 788000
1723176650665 1.0 792000
1723176663756 1.0 796000
1723176677066 1.0 800000
1723176690993 1.0 804000
1723176704843 1.0 808000
1723176718260 1.0 812000
1723176731526 1.0 816000
1723176744757 1.0 820000
1723176758016 1.0 824000
1723176771627 1.0 828000
1723176785233 1.0 832000
1723176798699 1.0 836000
1723176812001 1.0 840000
1723176825569 1.0 844000
1723176839374 1.0 848000
1723176852791 1.0 852000
1723176866147 1.0 856000
1723176879484 1.0 860000
1723176893281 1.0 864000
1723176907371 1.0 868000
1723176921165 1.0 872000
1723176934696 1.0 876000
1723176948251 1.0 880000
1723176961753 1.0 884000
1723176975518 1.0 888000
1723176989027 1.0 892000
1723177002437 1.0 896000
1723177015774 1.0 900000
1723177029212 1.0 904000
1723177042175 1.0 908000
1723177056296 1.0 912000
1723177069949 1.0 916000
1723177083455 1.0 920000
1723177097234 1.0 924000
1723177110626 1.0 928000
1723177124234 1.0 932000
1723177137961 1.0 936000
1723177151193 1.0 940000
1723177164392 1.0 944000
1723177177890 1.0 948000
1723177192467 1.0 952000
1723177205828 1.0 956000
1723177219445 1.0 960000
1723177232835 1.0 964000
1723177246418 1.0 968000
1723177260055 1.0 972000
1723177274323 1.0 976000
1723177287963 1.0 980000
1723177301950 1.0 984000
1723177315714 1.0 988000
1723177329317 1.0 992000
1723177342443 1.0 996000
1723177355609 1.0 1000000
1723177369166 1.0 1004000
1723177382863 1.0 1008000
1723177396555 1.0 1012000
1723177410292 1.0 1016000
1723177423734 1.0 1020000
1723177437313 1.0 1024000
1723177451078 1.0 1028000
1723177464774 1.0 1032000
1723177478907 1.0 1036000
1723177492949 1.0 1040000
1723177506860 1.0 1044000
1723177520525 1.0 1048000
1723177534408 1.0 1052000
1723177548250 1.0 1056000
1723177561798 1.0 1060000
1723177575948 1.0 1064000
1723177589590 1.0 1068000
1723177602409 1.0 1072000
1723177615577 1.0 1076000
1723177628925 1.0 1080000
1723177641967 1.0 1084000
1723177655395 1.0 1088000
1723177668841 1.0 1092000
1723177682550 1.0 1096000
1723177696053 1.0 1100000
1723177709598 1.0 1104000
1723177723088 1.0 1108000
1723177737039 1.0 1112000
1723177750211 1.0 1116000
1723177763779 1.0 1120000
1723177777152 1.0 1124000
1723177790700 1.0 1128000
1723177803875 1.0 1132000
1723177817027 1.0 1136000
1723177830533 1.0 1140000
1723177844244 1.0 1144000
1723177858362 1.0 1148000
1723177871940 1.0 1152000
1723177885605 1.0 1156000
1723177899120 1.0 1160000
1723177912719 1.0 1164000
1723177925709 1.0 1168000
1723177939322 1.0 1172000
1723177952312 1.0 1176000
1723177965660 1.0 1180000
1723177979128 1.0 1184000
1723177993056 1.0 1188000
1723178006544 1.0 1192000
1723178019765 1.0 1196000
1723178033035 1.0 1200000
1723178045147 1.0 1204000
1723178058664 1.0 1208000
1723178071601 1.0 1212000
1723178084938 1.0 1216000
1723178097803 1.0 1220000
1723178111128 1.0 1224000
1723178124334 1.0 1228000
1723178137666 1.0 1232000
1723178151411 1.0 1236000
1723178165176 1.0 1240000
1723178178611 1.0 1244000
1723178191679 1.0 1248000
1723178205051 1.0 1252000
1723178218954 1.0 1256000
1723178232283 1.0 1260000
1723178245713 1.0 1264000
1723178259214 1.0 1268000
1723178273036 1.0 1272000
1723178286339 1.0 1276000
1723178299539 1.0 1280000
1723178312891 1.0 1284000
1723178326928 1.0 1288000
1723178340874 1.0 1292000
1723178354491 1.0 1296000
1723178367823 1.0 1300000
1723178381118 1.0 1304000
1723178394714 1.0 1308000
1723178407693 1.0 1312000
1723178420898 1.0 1316000
1723178434396 1.0 1320000
1723178447727 1.0 1324000
1723178461220 1.0 1328000
1723178474755 1.0 1332000
1723178488232 1.0 1336000
1723178501680 1.0 1340000
1723178515707 1.0 1344000
1723178529913 1.0 1348000
1723178543412 1.0 1352000
1723178556947 1.0 1356000
1723178570376 1.0 1360000
1723178583518 1.0 1364000
1723178597097 1.0 1368000
1723178610313 1.0 1372000
1723178623468 1.0 1376000
1723178636600 1.0 1380000
1723178649919 1.0 1384000
1723178662624 1.0 1388000
1723178675132 1.0 1392000
1723178688488 1.0 1396000
1723178701596 1.0 1400000
1723178714933 1.0 1404000
1723178728572 1.0 1408000
1723178742359 1.0 1412000
1723178755588 1.0 1416000
1723178769331 1.0 1420000
1723178782855 1.0 1424000
1723178796294 1.0 1428000
1723178809864 1.0 1432000
1723178823221 1.0 1436000
1723178836113 1.0 1440000
1723178847520 1.0 1444000
1723178859318 1.0 1448000
1723178871052 1.0 1452000
1723178883026 1.0 1456000
1723178895031 1.0 1460000
1723178907074 1.0 1464000
1723178918373 1.0 1468000
1723178929942 1.0 1472000
1723178942198 1.0 1476000
1723178953875 1.0 1480000
1723178965783 1.0 1484000
1723178977716 1.0 1488000
1723178989853 1.0 1492000
1723179001729 1.0 1496000
1723179013745 1.0 1500000
1723179025366 1.0 1504000
1723179037285 1.0 1508000
1723179049005 1.0 1512000
1723179060648 1.0 1516000
1723179072619 1.0 1520000
1723179084929 1.0 1524000
1723179096589 1.0 1528000
1723179108099 1.0 1532000
1723179119703 1.0 1536000
1723179131464 1.0 1540000
1723179143248 1.0 1544000
1723179154794 1.0 1548000
1723179166512 1.0 1552000
1723179177969 1.0 1556000
1723179189805 1.0 1560000
1723179201087 1.0 1564000
1723179212724 1.0 1568000
1723179224403 1.0 1572000
1723179236315 1.0 1576000
1723179247932 1.0 1580000
1723179259124 1.0 1584000
1723179270727 1.0 1588000
1723179282421 1.0 1592000
1723179293779 1.0 1596000
1723179305064 1.0 1600000
1723179316173 1.0 1604000
1723179327985 1.0 1608000
1723179339543 1.0 1612000
1723179350938 1.0 1616000
1723179362330 1.0 1620000
1723179373618 1.0 1624000
1723179384968 1.0 1628000
1723179396219 1.0 1632000
1723179407409 1.0 1636000
1723179418895 1.0 1640000
1723179430574 1.0 1644000
1723179441923 1.0 1648000
1723179453271 1.0 1652000
1723179464672 1.0 1656000
1723179475978 1.0 1660000
1723179487797 1.0 1664000
1723179499211 1.0 1668000
1723179510749 1.0 1672000
1723179522287 1.0 1676000
1723179533929 1.0 1680000
1723179544948 1.0 1684000
1723179556210 1.0 1688000
1723179567696 1.0 1692000
1723179579087 1.0 1696000
1723179590465 1.0 1700000
1723179601836 1.0 1704000
1723179613132 1.0 1708000
1723179624278 1.0 1712000
1723179635699 1.0 1716000
1723179646957 1.0 1720000
1723179658459 1.0 1724000
1723179669885 1.0 1728000
1723179681178 1.0 1732000
1723179692530 1.0 1736000
1723179703975 1.0 1740000
1723179715227 1.0 1744000
1723179726680 1.0 1748000
1723179738161 1.0 1752000
1723179749536 1.0 1756000
1723179760733 1.0 1760000
1723179772177 1.0 1764000
1723179784182 1.0 1768000
1723179795975 1.0 1772000
1723179807446 1.0 1776000
1723179818875 1.0 1780000
1723179830399 1.0 1784000
1723179842575 1.0 1788000
1723179853835 1.0 1792000
1723179865359 1.0 1796000
1723179876394 1.0 1800000
1723179888012 1.0 1804000
1723179899465 1.0 1808000
1723179911016 1.0 1812000
1723179922390 1.0 1816000
1723179933824 1.0 1820000
1723179945145 1.0 1824000
1723179956383 1.0 1828000
1723179967959 1.0 1832000
1723179979257 1.0 1836000
1723179990749 1.0 1840000
1723180002133 1.0 1844000
1723180013310 1.0 1848000
1723180024900 1.0 1852000
1723180036542 1.0 1856000
1723180048216 1.0 1860000
1723180059751 1.0 1864000
1723180071095 1.0 1868000
1723180082500 1.0 1872000
1723180093877 1.0 1876000
1723180105049 1.0 1880000
1723180116370 1.0 1884000
1723180127847 1.0 1888000
1723180139376 1.0 1892000
1723180150876 1.0 1896000
1723180162021 1.0 1900000
1723180173267 1.0 1904000
1723180184552 1.0 1908000
1723180196146 1.0 1912000
1723180207607 1.0 1916000
1723180219003 1.0 1920000
1723180230488 1.0 1924000
1723180241753 1.0 1928000
1723180253480 1.0 1932000
1723180264959 1.0 1936000
1723180276086 1.0 1940000
1723180287543 1.0 1944000
1723180298775 1.0 1948000
1723180310131 1.0 1952000
1723180321901 1.0 1956000
1723180333037 1.0 1960000
1723180344516 1.0 1964000
1723180356163 1.0 1968000
1723180367647 1.0 1972000
1723180379153 1.0 1976000
1723180390537 1.0 1980000
1723180401939 1.0 1984000
1723180413609 1.0 1988000
1723180425368 1.0 1992000
1723180436819 1.0 1996000
1723180448667 1.0 2000000
