1723173953619 10.0 4000
1723173968253 10.0 8000
1723173984097 10.0 12000
1723173999071 10.0 16000
1723174014649 10.0 20000
1723174030076 10.0 24000
1723174046324 10.0 28000
1723174061210 10.0 32000
1723174078161 10.0 36000
1723174093315 10.0 40000
1723174108155 10.0 44000
1723174124662 10.0 48000
1723174139236 10.0 52000
1723174153130 10.0 56000
1723174167300 10.0 60000
1723174181406 10.0 64000
1723174195984 10.0 68000
1723174209792 10.0 72000
1723174224056 10.0 76000
1723174238068 10.0 80000
1723174252297 10.0 84000
1723174266643 10.0 88000
1723174280779 10.0 92000
1723174294668 10.0 96000
1723174308605 10.0 100000
1723174322329 10.0 104000
1723174335971 10.0 108000
1723174350324 10.0 112000
1723174364321 10.0 116000
1723174378729 10.0 120000
1723174394112 10.0 124000
1723174408333 10.0 128000
1723174422231 10.0 132000
1723174436583 10.0 136000
1723174450657 10.0 140000
1723174464520 10.0 144000
1723174478433 10.0 148000
1723174492142 10.0 152000
1723174505742 10.0 156000
1723174519151 10.0 160000
1723174532548 10.0 164000
1723174546869 10.0 168000
1723174560422 10.0 172000
1723174574341 10.0 176000
1723174588848 10.0 180000
1723174602421 10.0 184000
1723174616129 10.0 188000
1723174630052 10.0 192000
1723174643589 10.0 196000
1723174657282 10.0 200000
1723174671283 10.0 204000
1723174684854 10.0 208000
1723174698582 10.0 212000
1723174711788 10.0 216000
1723174725144 10.0 220000
1723174739039 10.0 224000
1723174752353 10.0 228000
1723174765869 10.0 232000
1723174779149 10.0 236000
1723174792746 10.0 240000
1723174806478 10.0 244000
1723174820213 10.0 248000
1723174833653 10.0 252000
1723174846800 10.0 256000
1723174860300 10.0 260000
1723174874141 10.0 264000
1723174887730 10.0 268000
1723174901056 10.0 272000
1723174914693 10.0 276000
1723174927717 10.0 280000
1723174941096 10.0 284000
1723174954257 10.0 288000
1723174967747 10.0 292000
1723174981000 10.0 296000
1723174994292 10.0 300000
1723175007672 10.0 304000
1723175021036 10.0 308000
1723175034396 10.0 312000
1723175047484 10.0 316000
1723175060459 10.0 320000
1723175073946 10.0 324000
1723175087325 10.0 328000
1723175100599 10.0 332000
1723175113752 10.0 336000
1723175127369 10.0 340000
1723175140602 10.0 344000
1723175153958 10.0 348000
1723175167553 10.0 352000
1723175181345 10.0 356000
1723175194534 10.0 360000
1723175208613 10.0 364000
1723175221296 10.0 368000
1723175234242 10.0 372000
1723175248029 10.0 376000
1723175261291 10.0 380000
1723175275201 10.0 384000
1723175288836 10.0 388000
1723175302399 10.0 392000
1723175315702 10.0 396000
1723175329262 10.0 400000
1723175342514 10.0 404000
1723175355770 10.0 408000
1723175369027 10.0 412000
1723175382097 10.0 416000
1723175395853 10.0 420000
1723175409477 10.0 424000
1723175422997 10.0 428000
1723175436309 10.0 432000
1723175449739 10.0 436000
1723175462887 10.0 440000
1723175476056 10.0 444000
1723175490489 10.0 448000
1723175503482 10.0 452000
1723175517122 10.0 456000
1723175530022 10.0 460000
1723175543137 10.0 464000
1723175555093 10.0 468000
1723175567938 10.0 472000
1723175581171 10.0 476000
1723175594540 10.0 480000
1723175608023 10.0 484000
1723175621271 10.0 488000
1723175634929 10.0 492000
1723175648836 10.0 496000
1723175662493 10.0 500000
1723175675872 10.0 504000
1723175689643 10.0 508000
1723175703489 10.0 512000
1723175717480 10.0 516000
1723175731076 10.0 520000
1723175744901 10.0 524000
1723175758890 10.0 528000
1723175773216 10.0 532000
1723175786690 10.0 536000
1723175800460 10.0 540000
1723175813521 10.0 544000
1723175826535 10.0 548000
1723175839801 10.0 552000
1723175853353 10.0 556000
1723175867604 10.0 560000
1723175881420 10.0 564000
1723175894844 10.0 568000
1723175910147 10.0 572000
1723175924109 10.0 576000
1723175937014 10.0 580000
1723175950559 10.0 584000
1723175963563 10.0 588000
1723175976855 10.0 592000
1723175990763 10.0 596000
1723176005487 10.0 600000
1723176019107 10.0 604000
1723176032554 10.0 608000
1723176045662 10.0 612000
1723176058096 10.0 616000
1723176071828 10.0 620000
1723176085567 10.0 624000
1723176099254 10.0 628000
1723176113438 10.0 632000
1723176126575 10.0 636000
1723176140592 10.0 640000
1723176153262 10.0 644000
1723176166503 10.0 648000
1723176180335 10.0 652000
1723176194038 10.0 656000
1723176207537 10.0 660000
1723176220809 10.0 664000
1723176234804 10.0 668000
1723176247852 10.0 672000
1723176261550 10.0 676000
1723176274845 10.0 680000
1723176289182 10.0 684000
1723176302248 10.0 688000
1723176314514 10.0 692000
1723176327938 10.0 696000
1723176341332 10.0 700000
1723176354757 10.0 704000
1723176368475 10.0 708000
1723176382042 10.0 712000
1723176395395 10.0 716000
1723176409347 10.0 720000
1723176423253 10.0 724000
1723176436533 10.0 728000
1723176448918 10.0 732000
1723176462219 10.0 736000
1723176475872 10.0 740000
1723176489186 10.0 744000
1723176502989 10.0 748000
1723176516414 10.0 752000
1723176529966 10.0 756000
1723176543281 10.0 760000
1723176556936 10.0 764000
1723176569954 10.0 768000
1723176583676 10.0 772000
1723176597513 10.0 776000
1723176610778 10.0 780000
1723176624210 10.0 784000
1723176637346 10.0 788000
1723176650671 10.0 792000
1723176663761 10.0 796000
1723176677070 10.0 800000
1723176690997 10.0 804000
1723176704848 10.0 808000
1723176718264 10.0 812000
1723176731531 10.0 816000
1723176744760 10.0 820000
1723176758020 10.0 824000
1723176771631 10.0 828000
1723176785238 10.0 832000
1723176798704 10.0 836000
1723176812005 10.0 840000
1723176825574 10.0 844000
1723176839378 10.0 848000
1723176852795 10.0 852000
1723176866151 10.0 856000
1723176879488 10.0 860000
1723176893285 10.0 864000
1723176907375 10.0 868000
1723176921169 10.0 872000
1723176934700 10.0 876000
1723176948255 10.0 880000
1723176961757 10.0 884000
1723176975523 10.0 888000
1723176989031 10.0 892000
1723177002440 10.0 896000
1723177015778 10.0 900000
1723177029217 10.0 904000
1723177042179 10.0 908000
1723177056301 10.0 912000
1723177069953 10.0 916000
1723177083460 10.0 920000
1723177097239 10.0 924000
1723177110630 10.0 928000
1723177124239 10.0 932000
1723177137965 10.0 936000
1723177151197 10.0 940000
1723177164397 10.0 944000
1723177177895 10.0 948000
1723177192471 10.0 952000
1723177205832 10.0 956000
1723177219449 10.0 960000
1723177232839 10.0 964000
1723177246422 10.0 968000
1723177260059 10.0 972000
1723177274327 10.0 976000
1723177287967 10.0 980000
1723177301955 10.0 984000
1723177315719 10.0 988000
1723177329320 10.0 992000
1723177342447 10.0 996000
1723177355613 10.0 1000000
1723177369170 10.0 1004000
1723177382867 10.0 1008000
1723177396560 10.0 1012000
1723177410296 10.0 1016000
1723177423739 10.0 1020000
1723177437317 10.0 1024000
1723177451082 10.0 1028000
1723177464779 10.0 1032000
1723177478911 10.0 1036000
1723177492954 10.0 1040000
1723177506864 10.0 1044000
1723177520532 10.0 1048000
1723177534412 10.0 1052000
1723177548254 10.0 1056000
1723177561803 10.0 1060000
1723177575952 10.0 1064000
1723177589594 10.0 1068000
1723177602414 10.0 1072000
1723177615581 10.0 1076000
1723177628929 10.0 1080000
1723177641972 10.0 1084000
1723177655400 10.0 1088000
1723177668845 10.0 1092000
1723177682554 10.0 1096000
1723177696058 10.0 1100000
1723177709602 10.0 1104000
1723177723093 10.0 1108000
1723177737044 10.0 1112000
1723177750215 10.0 1116000
1723177763783 10.0 1120000
1723177777156 10.0 1124000
1723177790711 10.0 1128000
1723177803879 10.0 1132000
1723177817031 10.0 1136000
1723177830538 10.0 1140000
1723177844249 10.0 1144000
1723177858366 10.0 1148000
1723177871944 10.0 1152000
1723177885609 10.0 1156000
1723177899125 10.0 1160000
1723177912723 10.0 1164000
1723177925713 10.0 1168000
1723177939326 10.0 1172000
1723177952316 10.0 1176000
1723177965665 10.0 1180000
1723177979133 10.0 1184000
1723177993061 10.0 1188000
1723178006548 10.0 1192000
1723178019768 10.0 1196000
1723178033040 10.0 1200000
1723178045152 10.0 1204000
1723178058668 10.0 1208000
1723178071606 10.0 1212000
1723178084942 10.0 1216000
1723178097807 10.0 1220000
1723178111133 10.0 1224000
1723178124338 10.0 1228000
1723178137670 10.0 1232000
1723178151416 10.0 1236000
1723178165180 10.0 1240000
1723178178615 10.0 1244000
1723178191682 10.0 1248000
1723178205055 10.0 1252000
1723178218959 10.0 1256000
1723178232287 10.0 1260000
1723178245717 10.0 1264000
1723178259219 10.0 1268000
1723178273040 10.0 1272000
1723178286346 10.0 1276000
1723178299544 10.0 1280000
1723178312895 10.0 1284000
1723178326933 10.0 1288000
1723178340878 10.0 1292000
1723178354495 10.0 1296000
1723178367827 10.0 1300000
1723178381123 10.0 1304000
1723178394719 10.0 1308000
1723178407697 10.0 1312000
1723178420902 10.0 1316000
1723178434400 10.0 1320000
1723178447731 10.0 1324000
1723178461224 10.0 1328000
1723178474759 10.0 1332000
1723178488236 10.0 1336000
1723178501685 10.0 1340000
1723178515711 10.0 1344000
1723178529922 10.0 1348000
1723178543416 10.0 1352000
1723178556951 10.0 1356000
1723178570381 10.0 1360000
1723178583522 10.0 1364000
1723178597102 10.0 1368000
1723178610317 10.0 1372000
1723178623472 10.0 1376000
1723178636604 10.0 1380000
1723178649924 10.0 1384000
1723178662628 10.0 1388000
1723178675137 10.0 1392000
1723178688493 10.0 1396000
1723178701601 10.0 1400000
1723178714938 10.0 1404000
1723178728576 10.0 1408000
1723178742363 10.0 1412000
1723178755593 10.0 1416000
1723178769335 10.0 1420000
1723178782859 10.0 1424000
1723178796299 10.0 1428000
1723178809869 10.0 1432000
1723178823225 10.0 1436000
1723178836117 10.0 1440000
1723178847524 10.0 1444000
1723178859322 10.0 1448000
1723178871056 10.0 1452000
1723178883030 10.0 1456000
1723178895035 10.0 1460000
1723178907079 10.0 1464000
1723178918377 10.0 1468000
1723178929947 10.0 1472000
1723178942202 10.0 1476000
1723178953879 10.0 1480000
1723178965787 10.0 1484000
1723178977720 10.0 1488000
1723178989857 10.0 1492000
1723179001734 10.0 1496000
1723179013749 10.0 1500000
1723179025370 10.0 1504000
1723179037289 10.0 1508000
1723179049009 10.0 1512000
1723179060651 10.0 1516000
1723179072623 10.0 1520000
1723179084933 10.0 1524000
1723179096593 10.0 1528000
1723179108103 10.0 1532000
1723179119707 10.0 1536000
1723179131468 10.0 1540000
1723179143252 10.0 1544000
1723179154798 10.0 1548000
1723179166517 10.0 1552000
1723179177973 10.0 1556000
1723179189808 10.0 1560000
1723179201090 10.0 1564000
1723179212728 10.0 1568000
1723179224407 10.0 1572000
1723179236319 10.0 1576000
1723179247936 10.0 1580000
1723179259129 10.0 1584000
1723179270731 10.0 1588000
1723179282425 10.0 1592000
1723179293783 10.0 1596000
1723179305068 10.0 1600000
1723179316177 10.0 1604000
1723179327988 10.0 1608000
1723179339547 10.0 1612000
1723179350942 10.0 1616000
1723179362334 10.0 1620000
1723179373622 10.0 1624000
1723179384972 10.0 1628000
1723179396223 10.0 1632000
1723179407413 10.0 1636000
1723179418899 10.0 1640000
1723179430578 10.0 1644000
1723179441927 10.0 1648000
1723179453275 10.0 1652000
1723179464677 10.0 1656000
1723179475983 10.0 1660000
1723179487801 10.0 1664000
1723179499215 10.0 1668000
1723179510755 10.0 1672000
1723179522291 10.0 1676000
1723179533932 10.0 1680000
1723179544952 10.0 1684000
1723179556214 10.0 1688000
1723179567700 10.0 1692000
1723179579091 10.0 1696000
1723179590470 10.0 1700000
1723179601840 10.0 1704000
1723179613136 10.0 1708000
1723179624282 10.0 1712000
1723179635703 10.0 1716000
1723179646961 10.0 1720000
1723179658463 10.0 1724000
1723179669888 10.0 1728000
1723179681182 10.0 1732000
1723179692534 10.0 1736000
1723179703979 10.0 1740000
1723179715231 10.0 1744000
1723179726683 10.0 1748000
1723179738165 10.0 1752000
1723179749540 10.0 1756000
1723179760737 10.0 1760000
1723179772181 10.0 1764000
1723179784186 10.0 1768000
1723179795979 10.0 1772000
1723179807450 10.0 1776000
1723179818879 10.0 1780000
1723179830404 10.0 1784000
1723179842579 10.0 1788000
1723179853839 10.0 1792000
1723179865363 10.0 1796000
1723179876398 10.0 1800000
1723179888016 10.0 1804000
1723179899469 10.0 1808000
1723179911020 10.0 1812000
1723179922394 10.0 1816000
1723179933828 10.0 1820000
1723179945149 10.0 1824000
1723179956386 10.0 1828000
1723179967964 10.0 1832000
1723179979261 10.0 1836000
1723179990753 10.0 1840000
1723180002136 10.0 1844000
1723180013314 10.0 1848000
1723180024904 10.0 1852000
1723180036547 10.0 1856000
1723180048220 10.0 1860000
1723180059755 10.0 1864000
1723180071099 10.0 1868000
1723180082504 10.0 1872000
1723180093881 10.0 1876000
1723180105053 10.0 1880000
1723180116374 10.0 1884000
1723180127851 10.0 1888000
1723180139379 10.0 1892000
1723180150880 10.0 1896000
1723180162025 10.0 1900000
1723180173271 10.0 1904000
1723180184556 10.0 1908000
1723180196150 10.0 1912000
1723180207611 10.0 1916000
1723180219007 10.0 1920000
1723180230492 10.0 1924000
1723180241757 10.0 1928000
1723180253484 10.0 1932000
1723180264964 10.0 1936000
1723180276090 10.0 1940000
1723180287547 10.0 1944000
1723180298779 10.0 1948000
1723180310135 10.0 1952000
1723180321905 10.0 1956000
1723180333041 10.0 1960000
1723180344520 10.0 1964000
1723180356167 10.0 1968000
1723180367651 10.0 1972000
1723180379157 10.0 1976000
1723180390541 10.0 1980000
1723180401943 10.0 1984000
1723180413613 10.0 1988000
1723180425372 10.0 1992000
1723180436824 10.0 1996000
1723180448671 10.0 2000000
