1723173953618 1.0 4000
1723173968252 1.0 8000
1723173984096 1.0 12000
1723173999070 1.0 16000
1723174014648 1.0 20000
1723174030074 1.0 24000
1723174046322 1.0 28000
1723174061208 1.0 32000
1723174078160 1.0 36000
1723174093313 1.0 40000
1723174108154 1.0 44000
1723174124660 1.0 48000
1723174139235 1.0 52000
1723174153128 1.0 56000
1723174167299 1.0 60000
1723174181404 1.0 64000
1723174195982 1.0 68000
1723174209791 1.0 72000
1723174224055 1.0 76000
1723174238066 1.0 80000
1723174252295 1.0 84000
1723174266642 1.0 88000
1723174280778 1.0 92000
1723174294667 1.0 96000
1723174308604 1.0 100000
1723174322328 1.0 104000
1723174335970 1.0 108000
1723174350323 1.0 112000
1723174364319 1.0 116000
1723174378728 1.0 120000
1723174394110 1.0 124000
1723174408332 1.0 128000
1723174422229 1.0 132000
1723174436581 1.0 136000
1723174450655 1.0 140000
1723174464519 1.0 144000
1723174478432 1.0 148000
1723174492140 1.0 152000
1723174505741 1.0 156000
1723174519149 1.0 160000
1723174532547 1.0 164000
1723174546868 1.0 168000
1723174560421 1.0 172000
1723174574339 1.0 176000
1723174588847 1.0 180000
1723174602419 1.0 184000
1723174616128 1.0 188000
1723174630051 1.0 192000
1723174643588 1.0 196000
1723174657281 1.0 200000
1723174671281 1.0 204000
1723174684853 1.0 208000
1723174698581 1.0 212000
1723174711787 1.0 216000
1723174725143 1.0 220000
1723174739038 1.0 224000
1723174752352 1.0 228000
1723174765868 1.0 232000
1723174779148 1.0 236000
1723174792745 1.0 240000
1723174806477 1.0 244000
1723174820212 1.0 248000
1723174833652 1.0 252000
1723174846799 1.0 256000
1723174860298 1.0 260000
1723174874139 1.0 264000
1723174887729 1.0 268000
1723174901055 1.0 272000
1723174914692 1.0 276000
1723174927716 1.0 280000
1723174941094 1.0 284000
1723174954256 1.0 288000
1723174967745 1.0 292000
1723174980999 1.0 296000
1723174994291 1.0 300000
1723175007671 1.0 304000
1723175021035 1.0 308000
1723175034395 1.0 312000
1723175047483 1.0 316000
1723175060458 1.0 320000
1723175073944 1.0 324000
1723175087324 1.0 328000
1723175100597 1.0 332000
1723175113751 1.0 336000
1723175127368 1.0 340000
1723175140601 1.0 344000
1723175153957 1.0 348000
1723175167552 1.0 352000
1723175181344 1.0 356000
1723175194533 1.0 360000
1723175208612 1.0 364000
1723175221294 1.0 368000
1723175234241 1.0 372000
1723175248028 1.0 376000
1723175261289 1.0 380000
1723175275200 1.0 384000
1723175288834 1.0 388000
1723175302398 1.0 392000
1723175315701 1.0 396000
1723175329261 1.0 400000
1723175342513 1.0 404000
1723175355769 1.0 408000
1723175369025 1.0 412000
1723175382095 1.0 416000
1723175395852 1.0 420000
1723175409476 1.0 424000
1723175422995 1.0 428000
1723175436307 1.0 432000
1723175449737 1.0 436000
1723175462886 1.0 440000
1723175476055 1.0 444000
1723175490487 1.0 448000
1723175503481 1.0 452000
1723175517121 1.0 456000
1723175530020 1.0 460000
1723175543136 1.0 464000
1723175555091 1.0 468000
1723175567936 1.0 472000
1723175581170 1.0 476000
1723175594539 1.0 480000
1723175608022 1.0 484000
1723175621270 1.0 488000
1723175634928 1.0 492000
1723175648835 1.0 496000
1723175662492 1.0 500000
1723175675870 1.0 504000
1723175689642 1.0 508000
1723175703487 1.0 512000
1723175717479 1.0 516000
1723175731074 1.0 520000
1723175744900 1.0 524000
1723175758889 1.0 528000
1723175773212 1.0 532000
1723175786688 1.0 536000
1723175800459 1.0 540000
1723175813519 1.0 544000
1723175826534 1.0 548000
1723175839799 1.0 552000
1723175853352 1.0 556000
1723175867601 1.0 560000
1723175881419 1.0 564000
1723175894842 1.0 568000
1723175910146 1.0 572000
1723175924107 1.0 576000
1723175937012 1.0 580000
1723175950558 1.0 584000
1723175963562 1.0 588000
1723175976853 1.0 592000
1723175990761 1.0 596000
1723176005486 1.0 600000
1723176019106 1.0 604000
1723176032552 1.0 608000
1723176045661 1.0 612000
1723176058095 1.0 616000
1723176071826 1.0 620000
1723176085566 1.0 624000
1723176099253 1.0 628000
1723176113435 1.0 632000
1723176126574 1.0 636000
1723176140590 1.0 640000
1723176153261 1.0 644000
1723176166502 1.0 648000
1723176180334 1.0 652000
1723176194037 1.0 656000
1723176207536 1.0 660000
1723176220807 1.0 664000
1723176234803 1.0 668000
1723176247851 1.0 672000
1723176261548 1.0 676000
1723176274843 1.0 680000
1723176289181 1.0 684000
1723176302247 1.0 688000
1723176314513 1.0 692000
1723176327937 1.0 696000
1723176341331 1.0 700000
1723176354755 1.0 704000
1723176368474 1.0 708000
1723176382041 1.0 712000
1723176395394 1.0 716000
1723176409346 1.0 720000
1723176423252 1.0 724000
1723176436531 1.0 728000
1723176448916 1.0 732000
1723176462217 1.0 736000
1723176475870 1.0 740000
1723176489184 1.0 744000
1723176502987 1.0 748000
1723176516413 1.0 752000
1723176529965 1.0 756000
1723176543279 1.0 760000
1723176556935 1.0 764000
1723176569953 1.0 768000
1723176583675 1.0 772000
1723176597512 1.0 776000
1723176610776 1.0 780000
1723176624209 1.0 784000
1723176637345 1.0 788000
1723176650669 1.0 792000
1723176663759 1.0 796000
1723176677069 1.0 800000
1723176690996 1.0 804000
1723176704846 1.0 808000
1723176718262 1.0 812000
1723176731530 1.0 816000
1723176744759 1.0 820000
1723176758019 1.0 824000
1723176771630 1.0 828000
1723176785237 1.0 832000
1723176798703 1.0 836000
1723176812004 1.0 840000
1723176825572 1.0 844000
1723176839377 1.0 848000
1723176852794 1.0 852000
1723176866150 1.0 856000
1723176879487 1.0 860000
1723176893284 1.0 864000
1723176907373 1.0 868000
1723176921167 1.0 872000
1723176934698 1.0 876000
1723176948254 1.0 880000
1723176961756 1.0 884000
1723176975521 1.0 888000
1723176989030 1.0 892000
1723177002439 1.0 896000
1723177015777 1.0 900000
1723177029215 1.0 904000
1723177042178 1.0 908000
1723177056299 1.0 912000
1723177069952 1.0 916000
1723177083459 1.0 920000
1723177097237 1.0 924000
1723177110629 1.0 928000
1723177124237 1.0 932000
1723177137964 1.0 936000
1723177151196 1.0 940000
1723177164396 1.0 944000
1723177177893 1.0 948000
1723177192470 1.0 952000
1723177205831 1.0 956000
1723177219448 1.0 960000
1723177232838 1.0 964000
1723177246421 1.0 968000
1723177260058 1.0 972000
1723177274326 1.0 976000
1723177287966 1.0 980000
1723177301953 1.0 984000
1723177315717 1.0 988000
1723177329319 1.0 992000
1723177342446 1.0 996000
1723177355612 1.0 1000000
1723177369169 1.0 1004000
1723177382866 1.0 1008000
1723177396558 1.0 1012000
1723177410295 1.0 1016000
1723177423738 1.0 1020000
1723177437316 1.0 1024000
1723177451081 1.0 1028000
1723177464778 1.0 1032000
1723177478910 1.0 1036000
1723177492952 1.0 1040000
1723177506863 1.0 1044000
1723177520529 1.0 1048000
1723177534411 1.0 1052000
1723177548253 1.0 1056000
1723177561801 1.0 1060000
1723177575951 1.0 1064000
1723177589593 1.0 1068000
1723177602412 1.0 1072000
1723177615580 1.0 1076000
1723177628928 1.0 1080000
1723177641970 1.0 1084000
1723177655399 1.0 1088000
1723177668844 1.0 1092000
1723177682553 1.0 1096000
1723177696056 1.0 1100000
1723177709601 1.0 1104000
1723177723092 1.0 1108000
1723177737042 1.0 1112000
1723177750214 1.0 1116000
1723177763782 1.0 1120000
1723177777155 1.0 1124000
1723177790710 1.0 1128000
1723177803877 1.0 1132000
1723177817030 1.0 1136000
1723177830537 1.0 1140000
1723177844247 1.0 1144000
1723177858365 1.0 1148000
1723177871943 1.0 1152000
1723177885608 1.0 1156000
1723177899123 1.0 1160000
1723177912722 1.0 1164000
1723177925712 1.0 1168000
1723177939325 1.0 1172000
1723177952315 1.0 1176000
1723177965663 1.0 1180000
1723177979131 1.0 1184000
1723177993060 1.0 1188000
1723178006546 1.0 1192000
1723178019767 1.0 1196000
1723178033039 1.0 1200000
1723178045151 1.0 1204000
1723178058667 1.0 1208000
1723178071604 1.0 1212000
1723178084940 1.0 1216000
1723178097806 1.0 1220000
1723178111131 1.0 1224000
1723178124337 1.0 1228000
1723178137669 1.0 1232000
1723178151415 1.0 1236000
1723178165179 1.0 1240000
1723178178614 1.0 1244000
1723178191681 1.0 1248000
1723178205054 1.0 1252000
1723178218958 1.0 1256000
1723178232286 1.0 1260000
1723178245716 1.0 1264000
1723178259217 1.0 1268000
1723178273038 1.0 1272000
1723178286345 1.0 1276000
1723178299542 1.0 1280000
1723178312894 1.0 1284000
1723178326932 1.0 1288000
1723178340877 1.0 1292000
1723178354494 1.0 1296000
1723178367826 1.0 1300000
1723178381122 1.0 1304000
1723178394717 1.0 1308000
1723178407696 1.0 1312000
1723178420901 1.0 1316000
1723178434399 1.0 1320000
1723178447730 1.0 1324000
1723178461223 1.0 1328000
1723178474758 1.0 1332000
1723178488235 1.0 1336000
1723178501683 1.0 1340000
1723178515710 1.0 1344000
1723178529920 1.0 1348000
1723178543415 1.0 1352000
1723178556950 1.0 1356000
1723178570379 1.0 1360000
1723178583521 1.0 1364000
1723178597100 1.0 1368000
1723178610316 1.0 1372000
1723178623471 1.0 1376000
1723178636603 1.0 1380000
1723178649922 1.0 1384000
1723178662627 1.0 1388000
1723178675135 1.0 1392000
1723178688492 1.0 1396000
1723178701599 1.0 1400000
1723178714936 1.0 1404000
1723178728574 1.0 1408000
1723178742362 1.0 1412000
1723178755591 1.0 1416000
1723178769334 1.0 1420000
1723178782857 1.0 1424000
1723178796297 1.0 1428000
1723178809867 1.0 1432000
1723178823224 1.0 1436000
1723178836116 1.0 1440000
1723178847522 1.0 1444000
1723178859321 1.0 1448000
1723178871055 1.0 1452000
1723178883029 1.0 1456000
1723178895034 1.0 1460000
1723178907077 1.0 1464000
1723178918376 1.0 1468000
1723178929945 1.0 1472000
1723178942201 1.0 1476000
1723178953878 1.0 1480000
1723178965786 1.0 1484000
1723178977719 1.0 1488000
1723178989856 1.0 1492000
1723179001733 1.0 1496000
1723179013748 1.0 1500000
1723179025369 1.0 1504000
1723179037288 1.0 1508000
1723179049008 1.0 1512000
1723179060650 1.0 1516000
1723179072622 1.0 1520000
1723179084932 1.0 1524000
1723179096592 1.0 1528000
1723179108101 1.0 1532000
1723179119706 1.0 1536000
1723179131466 1.0 1540000
1723179143251 1.0 1544000
1723179154797 1.0 1548000
1723179166515 1.0 1552000
1723179177971 1.0 1556000
1723179189807 1.0 1560000
1723179201089 1.0 1564000
1723179212727 1.0 1568000
1723179224405 1.0 1572000
1723179236318 1.0 1576000
1723179247934 1.0 1580000
1723179259127 1.0 1584000
1723179270729 1.0 1588000
1723179282423 1.0 1592000
1723179293782 1.0 1596000
1723179305067 1.0 1600000
1723179316176 1.0 1604000
1723179327987 1.0 1608000
1723179339546 1.0 1612000
1723179350941 1.0 1616000
1723179362333 1.0 1620000
1723179373621 1.0 1624000
1723179384971 1.0 1628000
1723179396221 1.0 1632000
1723179407412 1.0 1636000
1723179418898 1.0 1640000
1723179430577 1.0 1644000
1723179441926 1.0 1648000
1723179453274 1.0 1652000
1723179464675 1.0 1656000
1723179475982 1.0 1660000
1723179487799 1.0 1664000
1723179499214 1.0 1668000
1723179510754 1.0 1672000
1723179522290 1.0 1676000
1723179533931 1.0 1680000
1723179544951 1.0 1684000
1723179556213 1.0 1688000
1723179567699 1.0 1692000
1723179579090 1.0 1696000
1723179590468 1.0 1700000
1723179601839 1.0 1704000
1723179613135 1.0 1708000
1723179624281 1.0 1712000
1723179635702 1.0 1716000
1723179646960 1.0 1720000
1723179658462 1.0 1724000
1723179669887 1.0 1728000
1723179681181 1.0 1732000
1723179692533 1.0 1736000
1723179703978 1.0 1740000
1723179715229 1.0 1744000
1723179726682 1.0 1748000
1723179738164 1.0 1752000
1723179749539 1.0 1756000
1723179760736 1.0 1760000
1723179772180 1.0 1764000
1723179784184 1.0 1768000
1723179795978 1.0 1772000
1723179807449 1.0 1776000
1723179818878 1.0 1780000
1723179830403 1.0 1784000
1723179842578 1.0 1788000
1723179853838 1.0 1792000
1723179865362 1.0 1796000
1723179876397 1.0 1800000
1723179888015 1.0 1804000
1723179899468 1.0 1808000
1723179911019 1.0 1812000
1723179922393 1.0 1816000
1723179933827 1.0 1820000
1723179945148 1.0 1824000
1723179956385 1.0 1828000
1723179967962 1.0 1832000
1723179979260 1.0 1836000
1723179990752 1.0 1840000
1723180002135 1.0 1844000
1723180013313 1.0 1848000
1723180024903 1.0 1852000
1723180036545 1.0 1856000
1723180048219 1.0 1860000
1723180059754 1.0 1864000
1723180071097 1.0 1868000
1723180082502 1.0 1872000
1723180093880 1.0 1876000
1723180105052 1.0 1880000
1723180116373 1.0 1884000
1723180127849 1.0 1888000
1723180139378 1.0 1892000
1723180150879 1.0 1896000
1723180162024 1.0 1900000
1723180173270 1.0 1904000
1723180184555 1.0 1908000
1723180196149 1.0 1912000
1723180207610 1.0 1916000
1723180219006 1.0 1920000
1723180230491 1.0 1924000
1723180241756 1.0 1928000
1723180253483 1.0 1932000
1723180264962 1.0 1936000
1723180276089 1.0 1940000
1723180287546 1.0 1944000
1723180298778 1.0 1948000
1723180310134 1.0 1952000
1723180321904 1.0 1956000
1723180333040 1.0 1960000
1723180344519 1.0 1964000
1723180356165 1.0 1968000
1723180367650 1.0 1972000
1723180379156 1.0 1976000
1723180390539 1.0 1980000
1723180401942 1.0 1984000
1723180413612 1.0 1988000
1723180425371 1.0 1992000
1723180436822 1.0 1996000
1723180448670 1.0 2000000
