1723173953620 -1.0 4000
1723173968254 -1.0 8000
1723173984098 -1.0 12000
1723173999071 -1.0 16000
1723174014650 -1.0 20000
1723174030076 -1.0 24000
1723174046324 -1.0 28000
1723174061210 -1.0 32000
1723174078162 -1.0 36000
1723174093316 -1.0 40000
1723174108155 -1.0 44000
1723174124662 -1.0 48000
1723174139236 -1.0 52000
1723174153131 -1.0 56000
1723174167300 -1.0 60000
1723174181406 -1.0 64000
1723174195985 -1.0 68000
1723174209793 -1.0 72000
1723174224056 -1.0 76000
1723174238068 -1.0 80000
1723174252298 -1.0 84000
1723174266644 -1.0 88000
1723174280780 -1.0 92000
1723174294669 -1.0 96000
1723174308606 -1.0 100000
1723174322330 -1.0 104000
1723174335972 -1.0 108000
1723174350325 -1.0 112000
1723174364321 -1.0 116000
1723174378730 -1.0 120000
1723174394112 -1.0 124000
1723174408334 -1.0 128000
1723174422231 -1.0 132000
1723174436583 -1.0 136000
1723174450657 -1.0 140000
1723174464521 -1.0 144000
1723174478434 -1.0 148000
1723174492142 -1.0 152000
1723174505743 -1.0 156000
1723174519151 -1.0 160000
1723174532548 -1.0 164000
1723174546870 -1.0 168000
1723174560423 -1.0 172000
1723174574341 -1.0 176000
1723174588849 -1.0 180000
1723174602421 -1.0 184000
1723174616129 -1.0 188000
1723174630052 -1.0 192000
1723174643589 -1.0 196000
1723174657283 -1.0 200000
1723174671283 -1.0 204000
1723174684855 -1.0 208000
1723174698582 -1.0 212000
1723174711789 -1.0 216000
1723174725145 -1.0 220000
1723174739039 -1.0 224000
1723174752353 -1.0 228000
1723174765870 -1.0 232000
1723174779150 -1.0 236000
1723174792747 -1.0 240000
1723174806479 -1.0 244000
1723174820213 -1.0 248000
1723174833654 -1.0 252000
1723174846801 -1.0 256000
1723174860300 -1.0 260000
1723174874141 -1.0 264000
1723174887730 -1.0 268000
1723174901057 -1.0 272000
1723174914694 -1.0 276000
1723174927717 -1.0 280000
1723174941096 -1.0 284000
1723174954257 -1.0 288000
1723174967747 -1.0 292000
1723174981000 -1.0 296000
1723174994293 -1.0 300000
1723175007672 -1.0 304000
1723175021036 -1.0 308000
1723175034397 -1.0 312000
1723175047484 -1.0 316000
1723175060460 -1.0 320000
1723175073946 -1.0 324000
1723175087325 -1.0 328000
1723175100599 -1.0 332000
1723175113752 -1.0 336000
1723175127369 -1.0 340000
1723175140603 -1.0 344000
1723175153959 -1.0 348000
1723175167553 -1.0 352000
1723175181345 -1.0 356000
1723175194534 -1.0 360000
1723175208613 -1.0 364000
1723175221296 -1.0 368000
1723175234242 -1.0 372000
1723175248030 -1.0 376000
1723175261291 -1.0 380000
1723175275201 -1.0 384000
1723175288836 -1.0 388000
1723175302399 -1.0 392000
1723175315702 -1.0 396000
1723175329263 -1.0 400000
1723175342514 -1.0 404000
1723175355771 -1.0 408000
1723175369027 -1.0 412000
1723175382097 -1.0 416000
1723175395854 -1.0 420000
1723175409478 -1.0 424000
1723175422997 -1.0 428000
1723175436309 -1.0 432000
1723175449739 -1.0 436000
1723175462888 -1.0 440000
1723175476056 -1.0 444000
1723175490489 -1.0 448000
1723175503483 -1.0 452000
1723175517123 -1.0 456000
1723175530022 -1.0 460000
1723175543138 -1.0 464000
1723175555093 -1.0 468000
1723175567938 -1.0 472000
1723175581172 -1.0 476000
1723175594540 -1.0 480000
1723175608024 -1.0 484000
1723175621272 -1.0 488000
1723175634929 -1.0 492000
1723175648836 -1.0 496000
1723175662494 -1.0 500000
1723175675872 -1.0 504000
1723175689643 -1.0 508000
1723175703489 -1.0 512000
1723175717480 -1.0 516000
1723175731076 -1.0 520000
1723175744902 -1.0 524000
1723175758890 -1.0 528000
1723175773217 -1.0 532000
1723175786690 -1.0 536000
1723175800461 -1.0 540000
1723175813521 -1.0 544000
1723175826536 -1.0 548000
1723175839801 -1.0 552000
1723175853353 -1.0 556000
1723175867604 -1.0 560000
1723175881420 -1.0 564000
1723175894844 -1.0 568000
1723175910147 -1.0 572000
1723175924109 -1.0 576000
1723175937014 -1.0 580000
1723175950559 -1.0 584000
1723175963563 -1.0 588000
1723175976855 -1.0 592000
1723175990763 -1.0 596000
1723176005488 -1.0 600000
1723176019108 -1.0 604000
1723176032554 -1.0 608000
1723176045663 -1.0 612000
1723176058097 -1.0 616000
1723176071828 -1.0 620000
1723176085568 -1.0 624000
1723176099254 -1.0 628000
1723176113439 -1.0 632000
1723176126576 -1.0 636000
1723176140592 -1.0 640000
1723176153263 -1.0 644000
1723176166504 -1.0 648000
1723176180336 -1.0 652000
1723176194039 -1.0 656000
1723176207538 -1.0 660000
1723176220809 -1.0 664000
1723176234804 -1.0 668000
1723176247853 -1.0 672000
1723176261550 -1.0 676000
1723176274845 -1.0 680000
1723176289183 -1.0 684000
1723176302248 -1.0 688000
1723176314515 -1.0 692000
1723176327941 -1.0 696000
1723176341333 -1.0 700000
1723176354757 -1.0 704000
1723176368475 -1.0 708000
1723176382043 -1.0 712000
1723176395396 -1.0 716000
1723176409348 -1.0 720000
1723176423253 -1.0 724000
1723176436533 -1.0 728000
1723176448918 -1.0 732000
1723176462219 -1.0 736000
1723176475872 -1.0 740000
1723176489186 -1.0 744000
1723176502989 -1.0 748000
1723176516415 -1.0 752000
1723176529967 -1.0 756000
1723176543281 -1.0 760000
1723176556937 -1.0 764000
1723176569954 -1.0 768000
1723176583676 -1.0 772000
1723176597514 -1.0 776000
1723176610778 -1.0 780000
1723176624211 -1.0 784000
1723176637347 -1.0 788000
1723176650672 -1.0 792000
1723176663761 -1.0 796000
1723176677071 -1.0 800000
1723176690997 -1.0 804000
1723176704848 -1.0 808000
1723176718264 -1.0 812000
1723176731531 -1.0 816000
1723176744761 -1.0 820000
1723176758021 -1.0 824000
1723176771632 -1.0 828000
1723176785238 -1.0 832000
1723176798705 -1.0 836000
1723176812006 -1.0 840000
1723176825574 -1.0 844000
1723176839379 -1.0 848000
1723176852795 -1.0 852000
1723176866152 -1.0 856000
1723176879488 -1.0 860000
1723176893286 -1.0 864000
1723176907375 -1.0 868000
1723176921169 -1.0 872000
1723176934700 -1.0 876000
1723176948256 -1.0 880000
1723176961757 -1.0 884000
1723176975523 -1.0 888000
1723176989032 -1.0 892000
1723177002441 -1.0 896000
1723177015779 -1.0 900000
1723177029217 -1.0 904000
1723177042180 -1.0 908000
1723177056301 -1.0 912000
1723177069954 -1.0 916000
1723177083461 -1.0 920000
1723177097239 -1.0 924000
1723177110630 -1.0 928000
1723177124239 -1.0 932000
1723177137965 -1.0 936000
1723177151198 -1.0 940000
1723177164397 -1.0 944000
1723177177895 -1.0 948000
1723177192472 -1.0 952000
1723177205832 -1.0 956000
1723177219450 -1.0 960000
1723177232839 -1.0 964000
1723177246423 -1.0 968000
1723177260060 -1.0 972000
1723177274328 -1.0 976000
1723177287967 -1.0 980000
1723177301955 -1.0 984000
1723177315719 -1.0 988000
1723177329321 -1.0 992000
1723177342447 -1.0 996000
1723177355614 -1.0 1000000
1723177369171 -1.0 1004000
1723177382867 -1.0 1008000
1723177396560 -1.0 1012000
1723177410297 -1.0 1016000
1723177423739 -1.0 1020000
1723177437317 -1.0 1024000
1723177451083 -1.0 1028000
1723177464779 -1.0 1032000
1723177478912 -1.0 1036000
1723177492954 -1.0 1040000
1723177506864 -1.0 1044000
1723177520532 -1.0 1048000
1723177534413 -1.0 1052000
1723177548254 -1.0 1056000
1723177561803 -1.0 1060000
1723177575953 -1.0 1064000
1723177589595 -1.0 1068000
1723177602414 -1.0 1072000
1723177615582 -1.0 1076000
1723177628930 -1.0 1080000
1723177641972 -1.0 1084000
1723177655401 -1.0 1088000
1723177668846 -1.0 1092000
1723177682554 -1.0 1096000
1723177696058 -1.0 1100000
1723177709603 -1.0 1104000
1723177723094 -1.0 1108000
1723177737044 -1.0 1112000
1723177750215 -1.0 1116000
1723177763784 -1.0 1120000
1723177777157 -1.0 1124000
1723177790712 -1.0 1128000
1723177803879 -1.0 1132000
1723177817032 -1.0 1136000
1723177830538 -1.0 1140000
1723177844249 -1.0 1144000
1723177858366 -1.0 1148000
1723177871944 -1.0 1152000
1723177885610 -1.0 1156000
1723177899125 -1.0 1160000
1723177912724 -1.0 1164000
1723177925714 -1.0 1168000
1723177939327 -1.0 1172000
1723177952317 -1.0 1176000
1723177965665 -1.0 1180000
1723177979133 -1.0 1184000
1723177993062 -1.0 1188000
1723178006548 -1.0 1192000
1723178019769 -1.0 1196000
1723178033041 -1.0 1200000
1723178045152 -1.0 1204000
1723178058668 -1.0 1208000
1723178071606 -1.0 1212000
1723178084942 -1.0 1216000
1723178097807 -1.0 1220000
1723178111133 -1.0 1224000
1723178124339 -1.0 1228000
1723178137670 -1.0 1232000
1723178151416 -1.0 1236000
1723178165181 -1.0 1240000
1723178178616 -1.0 1244000
1723178191683 -1.0 1248000
1723178205056 -1.0 1252000
1723178218960 -1.0 1256000
1723178232288 -1.0 1260000
1723178245717 -1.0 1264000
1723178259219 -1.0 1268000
1723178273040 -1.0 1272000
1723178286347 -1.0 1276000
1723178299544 -1.0 1280000
1723178312896 -1.0 1284000
1723178326933 -1.0 1288000
1723178340879 -1.0 1292000
1723178354496 -1.0 1296000
1723178367828 -1.0 1300000
1723178381123 -1.0 1304000
1723178394719 -1.0 1308000
1723178407698 -1.0 1312000
1723178420902 -1.0 1316000
1723178434401 -1.0 1320000
1723178447731 -1.0 1324000
1723178461224 -1.0 1328000
1723178474760 -1.0 1332000
1723178488237 -1.0 1336000
1723178501685 -1.0 1340000
1723178515712 -1.0 1344000
1723178529922 -1.0 1348000
1723178543417 -1.0 1352000
1723178556952 -1.0 1356000
1723178570381 -1.0 1360000
1723178583523 -1.0 1364000
1723178597102 -1.0 1368000
1723178610318 -1.0 1372000
1723178623473 -1.0 1376000
1723178636605 -1.0 1380000
1723178649924 -1.0 1384000
1723178662629 -1.0 1388000
1723178675137 -1.0 1392000
1723178688494 -1.0 1396000
1723178701601 -1.0 1400000
1723178714938 -1.0 1404000
1723178728576 -1.0 1408000
1723178742363 -1.0 1412000
1723178755593 -1.0 1416000
1723178769336 -1.0 1420000
1723178782859 -1.0 1424000
1723178796299 -1.0 1428000
1723178809870 -1.0 1432000
1723178823226 -1.0 1436000
1723178836117 -1.0 1440000
1723178847524 -1.0 1444000
1723178859323 -1.0 1448000
1723178871056 -1.0 1452000
1723178883031 -1.0 1456000
1723178895035 -1.0 1460000
1723178907079 -1.0 1464000
1723178918377 -1.0 1468000
1723178929947 -1.0 1472000
1723178942202 -1.0 1476000
1723178953879 -1.0 1480000
1723178965787 -1.0 1484000
1723178977721 -1.0 1488000
1723178989857 -1.0 1492000
1723179001735 -1.0 1496000
1723179013750 -1.0 1500000
1723179025371 -1.0 1504000
1723179037290 -1.0 1508000
1723179049009 -1.0 1512000
1723179060652 -1.0 1516000
1723179072624 -1.0 1520000
1723179084933 -1.0 1524000
1723179096594 -1.0 1528000
1723179108103 -1.0 1532000
1723179119708 -1.0 1536000
1723179131468 -1.0 1540000
1723179143252 -1.0 1544000
1723179154798 -1.0 1548000
1723179166517 -1.0 1552000
1723179177973 -1.0 1556000
1723179189809 -1.0 1560000
1723179201091 -1.0 1564000
1723179212729 -1.0 1568000
1723179224407 -1.0 1572000
1723179236319 -1.0 1576000
1723179247936 -1.0 1580000
1723179259129 -1.0 1584000
1723179270731 -1.0 1588000
1723179282425 -1.0 1592000
1723179293784 -1.0 1596000
1723179305069 -1.0 1600000
1723179316177 -1.0 1604000
1723179327989 -1.0 1608000
1723179339547 -1.0 1612000
1723179350942 -1.0 1616000
1723179362335 -1.0 1620000
1723179373622 -1.0 1624000
1723179384973 -1.0 1628000
1723179396223 -1.0 1632000
1723179407413 -1.0 1636000
1723179418899 -1.0 1640000
1723179430579 -1.0 1644000
1723179441928 -1.0 1648000
1723179453275 -1.0 1652000
1723179464677 -1.0 1656000
1723179475983 -1.0 1660000
1723179487801 -1.0 1664000
1723179499216 -1.0 1668000
1723179510756 -1.0 1672000
1723179522292 -1.0 1676000
1723179533933 -1.0 1680000
1723179544953 -1.0 1684000
1723179556214 -1.0 1688000
1723179567700 -1.0 1692000
1723179579091 -1.0 1696000
1723179590470 -1.0 1700000
1723179601841 -1.0 1704000
1723179613137 -1.0 1708000
1723179624282 -1.0 1712000
1723179635703 -1.0 1716000
1723179646961 -1.0 1720000
1723179658464 -1.0 1724000
1723179669889 -1.0 1728000
1723179681182 -1.0 1732000
1723179692534 -1.0 1736000
1723179703979 -1.0 1740000
1723179715231 -1.0 1744000
1723179726684 -1.0 1748000
1723179738165 -1.0 1752000
1723179749540 -1.0 1756000
1723179760738 -1.0 1760000
1723179772181 -1.0 1764000
1723179784186 -1.0 1768000
1723179795980 -1.0 1772000
1723179807451 -1.0 1776000
1723179818879 -1.0 1780000
1723179830404 -1.0 1784000
1723179842579 -1.0 1788000
1723179853840 -1.0 1792000
1723179865363 -1.0 1796000
1723179876398 -1.0 1800000
1723179888016 -1.0 1804000
1723179899469 -1.0 1808000
1723179911020 -1.0 1812000
1723179922394 -1.0 1816000
1723179933829 -1.0 1820000
1723179945149 -1.0 1824000
1723179956387 -1.0 1828000
1723179967964 -1.0 1832000
1723179979261 -1.0 1836000
1723179990753 -1.0 1840000
1723180002137 -1.0 1844000
1723180013315 -1.0 1848000
1723180024905 -1.0 1852000
1723180036547 -1.0 1856000
1723180048220 -1.0 1860000
1723180059756 -1.0 1864000
1723180071099 -1.0 1868000
1723180082504 -1.0 1872000
1723180093881 -1.0 1876000
1723180105053 -1.0 1880000
1723180116374 -1.0 1884000
1723180127851 -1.0 1888000
1723180139380 -1.0 1892000
1723180150880 -1.0 1896000
1723180162025 -1.0 1900000
1723180173271 -1.0 1904000
1723180184557 -1.0 1908000
1723180196151 -1.0 1912000
1723180207611 -1.0 1916000
1723180219007 -1.0 1920000
1723180230492 -1.0 1924000
1723180241758 -1.0 1928000
1723180253484 -1.0 1932000
1723180264965 -1.0 1936000
1723180276091 -1.0 1940000
1723180287547 -1.0 1944000
1723180298780 -1.0 1948000
1723180310135 -1.0 1952000
1723180321906 -1.0 1956000
1723180333041 -1.0 1960000
1723180344521 -1.0 1964000
1723180356167 -1.0 1968000
1723180367651 -1.0 1972000
1723180379157 -1.0 1976000
1723180390541 -1.0 1980000
1723180401943 -1.0 1984000
1723180413613 -1.0 1988000
1723180425372 -1.0 1992000
1723180436824 -1.0 1996000
1723180448671 -1.0 2000000
