1723173953610 -1.0 4000
1723173968245 -1.0 8000
1723173984087 -1.0 12000
1723173999061 -1.0 16000
1723174014641 -1.0 20000
1723174030068 -1.0 24000
1723174046315 -1.0 28000
1723174061198 -1.0 32000
1723174078152 -1.0 36000
1723174093303 -1.0 40000
1723174108147 -1.0 44000
1723174124654 -1.0 48000
1723174139227 -1.0 52000
1723174153122 -1.0 56000
1723174167292 -1.0 60000
1723174181399 -1.0 64000
1723174195974 -1.0 68000
1723174209784 -1.0 72000
1723174224048 -1.0 76000
1723174238060 -1.0 80000
1723174252288 -1.0 84000
1723174266634 -1.0 88000
1723174280771 -1.0 92000
1723174294660 -1.0 96000
1723174308597 -1.0 100000
1723174322321 -1.0 104000
1723174335963 -1.0 108000
1723174350316 -1.0 112000
1723174364313 -1.0 116000
1723174378721 -1.0 120000
1723174394103 -1.0 124000
1723174408325 -1.0 128000
1723174422223 -1.0 132000
1723174436575 -1.0 136000
1723174450648 -1.0 140000
1723174464512 -1.0 144000
1723174478426 -1.0 148000
1723174492133 -1.0 152000
1723174505735 -1.0 156000
1723174519143 -1.0 160000
1723174532540 -1.0 164000
1723174546861 -1.0 168000
1723174560414 -1.0 172000
1723174574333 -1.0 176000
1723174588840 -1.0 180000
1723174602413 -1.0 184000
1723174616121 -1.0 188000
1723174630045 -1.0 192000
1723174643581 -1.0 196000
1723174657274 -1.0 200000
1723174671270 -1.0 204000
1723174684847 -1.0 208000
1723174698574 -1.0 212000
1723174711778 -1.0 216000
1723174725136 -1.0 220000
1723174739029 -1.0 224000
1723174752344 -1.0 228000
1723174765861 -1.0 232000
1723174779141 -1.0 236000
1723174792738 -1.0 240000
1723174806471 -1.0 244000
1723174820206 -1.0 248000
1723174833646 -1.0 252000
1723174846792 -1.0 256000
1723174860288 -1.0 260000
1723174874132 -1.0 264000
1723174887721 -1.0 268000
1723174901048 -1.0 272000
1723174914685 -1.0 276000
1723174927709 -1.0 280000
1723174941088 -1.0 284000
1723174954249 -1.0 288000
1723174967739 -1.0 292000
1723174980992 -1.0 296000
1723174994284 -1.0 300000
1723175007664 -1.0 304000
1723175021029 -1.0 308000
1723175034386 -1.0 312000
1723175047476 -1.0 316000
1723175060451 -1.0 320000
1723175073938 -1.0 324000
1723175087317 -1.0 328000
1723175100589 -1.0 332000
1723175113744 -1.0 336000
1723175127362 -1.0 340000
1723175140594 -1.0 344000
1723175153951 -1.0 348000
1723175167546 -1.0 352000
1723175181337 -1.0 356000
1723175194526 -1.0 360000
1723175208605 -1.0 364000
1723175221287 -1.0 368000
1723175234235 -1.0 372000
1723175248021 -1.0 376000
1723175261283 -1.0 380000
1723175275192 -1.0 384000
1723175288828 -1.0 388000
1723175302391 -1.0 392000
1723175315695 -1.0 396000
1723175329254 -1.0 400000
1723175342506 -1.0 404000
1723175355762 -1.0 408000
1723175369019 -1.0 412000
1723175382089 -1.0 416000
1723175395844 -1.0 420000
1723175409470 -1.0 424000
1723175422989 -1.0 428000
1723175436301 -1.0 432000
1723175449725 -1.0 436000
1723175462875 -1.0 440000
1723175476048 -1.0 444000
1723175490480 -1.0 448000
1723175503475 -1.0 452000
1723175517114 -1.0 456000
1723175530013 -1.0 460000
1723175543129 -1.0 464000
1723175555085 -1.0 468000
1723175567930 -1.0 472000
1723175581163 -1.0 476000
1723175594533 -1.0 480000
1723175608015 -1.0 484000
1723175621264 -1.0 488000
1723175634921 -1.0 492000
1723175648828 -1.0 496000
1723175662485 -1.0 500000
1723175675864 -1.0 504000
1723175689635 -1.0 508000
1723175703481 -1.0 512000
1723175717468 -1.0 516000
1723175731068 -1.0 520000
1723175744894 -1.0 524000
1723175758882 -1.0 528000
1723175773202 -1.0 532000
1723175786682 -1.0 536000
1723175800451 -1.0 540000
1723175813511 -1.0 544000
1723175826528 -1.0 548000
1723175839793 -1.0 552000
1723175853346 -1.0 556000
1723175867589 -1.0 560000
1723175881412 -1.0 564000
1723175894836 -1.0 568000
1723175910138 -1.0 572000
1723175924096 -1.0 576000
1723175937005 -1.0 580000
1723175950551 -1.0 584000
1723175963553 -1.0 588000
1723175976847 -1.0 592000
1723175990754 -1.0 596000
1723176005479 -1.0 600000
1723176019099 -1.0 604000
1723176032545 -1.0 608000
1723176045654 -1.0 612000
1723176058088 -1.0 616000
1723176071821 -1.0 620000
1723176085559 -1.0 624000
1723176099246 -1.0 628000
1723176113425 -1.0 632000
1723176126565 -1.0 636000
1723176140584 -1.0 640000
1723176153254 -1.0 644000
1723176166495 -1.0 648000
1723176180328 -1.0 652000
1723176194031 -1.0 656000
1723176207529 -1.0 660000
1723176220801 -1.0 664000
1723176234796 -1.0 668000
1723176247844 -1.0 672000
1723176261542 -1.0 676000
1723176274836 -1.0 680000
1723176289175 -1.0 684000
1723176302240 -1.0 688000
1723176314505 -1.0 692000
1723176327926 -1.0 696000
1723176341311 -1.0 700000
1723176354749 -1.0 704000
1723176368463 -1.0 708000
1723176382035 -1.0 712000
1723176395387 -1.0 716000
1723176409339 -1.0 720000
1723176423245 -1.0 724000
1723176436522 -1.0 728000
1723176448909 -1.0 732000
1723176462209 -1.0 736000
1723176475862 -1.0 740000
1723176489178 -1.0 744000
1723176502980 -1.0 748000
1723176516404 -1.0 752000
1723176529959 -1.0 756000
1723176543273 -1.0 760000
1723176556928 -1.0 764000
1723176569946 -1.0 768000
1723176583667 -1.0 772000
1723176597505 -1.0 776000
1723176610770 -1.0 780000
1723176624202 -1.0 784000
1723176637338 -1.0 788000
1723176650660 -1.0 792000
1723176663752 -1.0 796000
1723176677062 -1.0 800000
1723176690989 -1.0 804000
1723176704839 -1.0 808000
1723176718256 -1.0 812000
1723176731523 -1.0 816000
1723176744753 -1.0 820000
1723176758012 -1.0 824000
1723176771623 -1.0 828000
1723176785230 -1.0 832000
1723176798696 -1.0 836000
1723176811998 -1.0 840000
1723176825564 -1.0 844000
1723176839370 -1.0 848000
1723176852787 -1.0 852000
1723176866144 -1.0 856000
1723176879480 -1.0 860000
1723176893278 -1.0 864000
1723176907367 -1.0 868000
1723176921161 -1.0 872000
1723176934692 -1.0 876000
1723176948247 -1.0 880000
1723176961749 -1.0 884000
1723176975515 -1.0 888000
1723176989023 -1.0 892000
1723177002433 -1.0 896000
1723177015771 -1.0 900000
1723177029208 -1.0 904000
1723177042171 -1.0 908000
1723177056293 -1.0 912000
1723177069945 -1.0 916000
1723177083452 -1.0 920000
1723177097231 -1.0 924000
1723177110622 -1.0 928000
1723177124230 -1.0 932000
1723177137957 -1.0 936000
1723177151189 -1.0 940000
1723177164388 -1.0 944000
1723177177887 -1.0 948000
1723177192461 -1.0 952000
1723177205825 -1.0 956000
1723177219441 -1.0 960000
1723177232831 -1.0 964000
1723177246414 -1.0 968000
1723177260051 -1.0 972000
1723177274319 -1.0 976000
1723177287959 -1.0 980000
1723177301947 -1.0 984000
1723177315710 -1.0 988000
1723177329313 -1.0 992000
1723177342439 -1.0 996000
1723177355605 -1.0 1000000
1723177369162 -1.0 1004000
1723177382859 -1.0 1008000
1723177396551 -1.0 1012000
1723177410288 -1.0 1016000
1723177423730 -1.0 1020000
1723177437309 -1.0 1024000
1723177451074 -1.0 1028000
1723177464770 -1.0 1032000
1723177478903 -1.0 1036000
1723177492946 -1.0 1040000
1723177506856 -1.0 1044000
1723177520521 -1.0 1048000
1723177534404 -1.0 1052000
1723177548246 -1.0 1056000
1723177561794 -1.0 1060000
1723177575944 -1.0 1064000
1723177589587 -1.0 1068000
1723177602406 -1.0 1072000
1723177615573 -1.0 1076000
1723177628921 -1.0 1080000
1723177641963 -1.0 1084000
1723177655391 -1.0 1088000
1723177668836 -1.0 1092000
1723177682546 -1.0 1096000
1723177696050 -1.0 1100000
1723177709594 -1.0 1104000
1723177723084 -1.0 1108000
1723177737035 -1.0 1112000
1723177750207 -1.0 1116000
1723177763775 -1.0 1120000
1723177777148 -1.0 1124000
1723177790696 -1.0 1128000
1723177803871 -1.0 1132000
1723177817023 -1.0 1136000
1723177830529 -1.0 1140000
1723177844240 -1.0 1144000
1723177858358 -1.0 1148000
1723177871936 -1.0 1152000
1723177885601 -1.0 1156000
1723177899117 -1.0 1160000
1723177912715 -1.0 1164000
1723177925706 -1.0 1168000
1723177939318 -1.0 1172000
1723177952308 -1.0 1176000
1723177965657 -1.0 1180000
1723177979124 -1.0 1184000
1723177993053 -1.0 1188000
1723178006540 -1.0 1192000
1723178019761 -1.0 1196000
1723178033030 -1.0 1200000
1723178045144 -1.0 1204000
1723178058660 -1.0 1208000
1723178071597 -1.0 1212000
1723178084933 -1.0 1216000
1723178097799 -1.0 1220000
1723178111125 -1.0 1224000
1723178124331 -1.0 1228000
1723178137662 -1.0 1232000
1723178151407 -1.0 1236000
1723178165172 -1.0 1240000
1723178178607 -1.0 1244000
1723178191675 -1.0 1248000
1723178205047 -1.0 1252000
1723178218950 -1.0 1256000
1723178232279 -1.0 1260000
1723178245709 -1.0 1264000
1723178259211 -1.0 1268000
1723178273032 -1.0 1272000
1723178286336 -1.0 1276000
1723178299536 -1.0 1280000
1723178312887 -1.0 1284000
1723178326925 -1.0 1288000
1723178340871 -1.0 1292000
1723178354487 -1.0 1296000
1723178367819 -1.0 1300000
1723178381114 -1.0 1304000
1723178394711 -1.0 1308000
1723178407689 -1.0 1312000
1723178420894 -1.0 1316000
1723178434392 -1.0 1320000
1723178447723 -1.0 1324000
1723178461217 -1.0 1328000
1723178474751 -1.0 1332000
1723178488228 -1.0 1336000
1723178501677 -1.0 1340000
1723178515704 -1.0 1344000
1723178529904 -1.0 1348000
1723178543408 -1.0 1352000
1723178556943 -1.0 1356000
1723178570372 -1.0 1360000
1723178583515 -1.0 1364000
1723178597094 -1.0 1368000
1723178610309 -1.0 1372000
1723178623465 -1.0 1376000
1723178636596 -1.0 1380000
1723178649915 -1.0 1384000
1723178662620 -1.0 1388000
1723178675128 -1.0 1392000
1723178688485 -1.0 1396000
1723178701593 -1.0 1400000
1723178714930 -1.0 1404000
1723178728567 -1.0 1408000
1723178742355 -1.0 1412000
1723178755584 -1.0 1416000
1723178769327 -1.0 1420000
1723178782851 -1.0 1424000
1723178796290 -1.0 1428000
1723178809861 -1.0 1432000
1723178823216 -1.0 1436000
1723178836109 -1.0 1440000
1723178847516 -1.0 1444000
1723178859315 -1.0 1448000
1723178871048 -1.0 1452000
1723178883023 -1.0 1456000
1723178895028 -1.0 1460000
1723178907070 -1.0 1464000
1723178918369 -1.0 1468000
1723178929939 -1.0 1472000
1723178942195 -1.0 1476000
1723178953871 -1.0 1480000
1723178965780 -1.0 1484000
1723178977713 -1.0 1488000
1723178989849 -1.0 1492000
1723179001725 -1.0 1496000
1723179013741 -1.0 1500000
1723179025362 -1.0 1504000
1723179037281 -1.0 1508000
1723179049002 -1.0 1512000
1723179060644 -1.0 1516000
1723179072616 -1.0 1520000
1723179084925 -1.0 1524000
1723179096586 -1.0 1528000
1723179108095 -1.0 1532000
1723179119700 -1.0 1536000
1723179131460 -1.0 1540000
1723179143245 -1.0 1544000
1723179154791 -1.0 1548000
1723179166508 -1.0 1552000
1723179177965 -1.0 1556000
1723179189801 -1.0 1560000
1723179201083 -1.0 1564000
1723179212721 -1.0 1568000
1723179224399 -1.0 1572000
1723179236311 -1.0 1576000
1723179247928 -1.0 1580000
1723179259121 -1.0 1584000
1723179270723 -1.0 1588000
1723179282417 -1.0 1592000
1723179293776 -1.0 1596000
1723179305061 -1.0 1600000
1723179316170 -1.0 1604000
1723179327981 -1.0 1608000
1723179339539 -1.0 1612000
1723179350935 -1.0 1616000
1723179362327 -1.0 1620000
1723179373614 -1.0 1624000
1723179384965 -1.0 1628000
1723179396215 -1.0 1632000
1723179407406 -1.0 1636000
1723179418892 -1.0 1640000
1723179430571 -1.0 1644000
1723179441920 -1.0 1648000
1723179453268 -1.0 1652000
1723179464669 -1.0 1656000
1723179475974 -1.0 1660000
1723179487793 -1.0 1664000
1723179499208 -1.0 1668000
1723179510746 -1.0 1672000
1723179522284 -1.0 1676000
1723179533925 -1.0 1680000
1723179544945 -1.0 1684000
1723179556206 -1.0 1688000
1723179567692 -1.0 1692000
1723179579084 -1.0 1696000
1723179590462 -1.0 1700000
1723179601832 -1.0 1704000
1723179613129 -1.0 1708000
1723179624275 -1.0 1712000
1723179635696 -1.0 1716000
1723179646954 -1.0 1720000
1723179658456 -1.0 1724000
1723179669881 -1.0 1728000
1723179681174 -1.0 1732000
1723179692527 -1.0 1736000
1723179703972 -1.0 1740000
1723179715223 -1.0 1744000
1723179726676 -1.0 1748000
1723179738157 -1.0 1752000
1723179749532 -1.0 1756000
1723179760730 -1.0 1760000
1723179772174 -1.0 1764000
1723179784178 -1.0 1768000
1723179795972 -1.0 1772000
1723179807443 -1.0 1776000
1723179818872 -1.0 1780000
1723179830396 -1.0 1784000
1723179842572 -1.0 1788000
1723179853832 -1.0 1792000
1723179865355 -1.0 1796000
1723179876391 -1.0 1800000
1723179888008 -1.0 1804000
1723179899461 -1.0 1808000
1723179911013 -1.0 1812000
1723179922387 -1.0 1816000
1723179933821 -1.0 1820000
1723179945142 -1.0 1824000
1723179956379 -1.0 1828000
1723179967956 -1.0 1832000
1723179979254 -1.0 1836000
1723179990746 -1.0 1840000
1723180002129 -1.0 1844000
1723180013307 -1.0 1848000
1723180024897 -1.0 1852000
1723180036538 -1.0 1856000
1723180048213 -1.0 1860000
1723180059747 -1.0 1864000
1723180071091 -1.0 1868000
1723180082496 -1.0 1872000
1723180093873 -1.0 1876000
1723180105045 -1.0 1880000
1723180116367 -1.0 1884000
1723180127843 -1.0 1888000
1723180139372 -1.0 1892000
1723180150873 -1.0 1896000
1723180162018 -1.0 1900000
1723180173264 -1.0 1904000
1723180184548 -1.0 1908000
1723180196143 -1.0 1912000
1723180207604 -1.0 1916000
1723180219000 -1.0 1920000
1723180230484 -1.0 1924000
1723180241750 -1.0 1928000
1723180253476 -1.0 1932000
1723180264954 -1.0 1936000
1723180276082 -1.0 1940000
1723180287540 -1.0 1944000
1723180298772 -1.0 1948000
1723180310127 -1.0 1952000
1723180321898 -1.0 1956000
1723180333033 -1.0 1960000
1723180344513 -1.0 1964000
1723180356159 -1.0 1968000
1723180367644 -1.0 1972000
1723180379149 -1.0 1976000
1723180390533 -1.0 1980000
1723180401935 -1.0 1984000
1723180413606 -1.0 1988000
1723180425364 -1.0 1992000
1723180436816 -1.0 1996000
1723180448664 -1.0 2000000
