1723173953659 1.0 4000
1723173968283 1.0 8000
1723173984127 1.0 12000
1723173999101 1.0 16000
1723174014676 1.0 20000
1723174030116 1.0 24000
1723174046357 1.0 28000
1723174061241 1.0 32000
1723174078198 1.0 36000
1723174093350 1.0 40000
1723174108186 1.0 44000
1723174124697 1.0 48000
1723174139265 1.0 52000
1723174153164 1.0 56000
1723174167328 1.0 60000
1723174181439 1.0 64000
1723174196026 1.0 68000
1723174209820 1.0 72000
1723174224084 1.0 76000
1723174238096 1.0 80000
1723174252325 1.0 84000
1723174266676 1.0 88000
1723174280808 1.0 92000
1723174294699 1.0 96000
1723174308634 1.0 100000
1723174322361 1.0 104000
1723174336000 1.0 108000
1723174350353 1.0 112000
1723174364360 1.0 116000
1723174378757 1.0 120000
1723174394141 1.0 124000
1723174408362 1.0 128000
1723174422258 1.0 132000
1723174436612 1.0 136000
1723174450685 1.0 140000
1723174464549 1.0 144000
1723174478462 1.0 148000
1723174492174 1.0 152000
1723174505769 1.0 156000
1723174519179 1.0 160000
1723174532576 1.0 164000
1723174546898 1.0 168000
1723174560451 1.0 172000
1723174574369 1.0 176000
1723174588877 1.0 180000
1723174602460 1.0 184000
1723174616158 1.0 188000
1723174630081 1.0 192000
1723174643617 1.0 196000
1723174657311 1.0 200000
1723174671311 1.0 204000
1723174684883 1.0 208000
1723174698611 1.0 212000
1723174711816 1.0 216000
1723174725174 1.0 220000
1723174739071 1.0 224000
1723174752381 1.0 228000
1723174765898 1.0 232000
1723174779178 1.0 236000
1723174792777 1.0 240000
1723174806507 1.0 244000
1723174820241 1.0 248000
1723174833682 1.0 252000
1723174846828 1.0 256000
1723174860330 1.0 260000
1723174874169 1.0 264000
1723174887758 1.0 268000
1723174901085 1.0 272000
1723174914721 1.0 276000
1723174927746 1.0 280000
1723174941124 1.0 284000
1723174954285 1.0 288000
1723174967774 1.0 292000
1723174981030 1.0 296000
1723174994322 1.0 300000
1723175007700 1.0 304000
1723175021063 1.0 308000
1723175034424 1.0 312000
1723175047513 1.0 316000
1723175060488 1.0 320000
1723175073974 1.0 324000
1723175087353 1.0 328000
1723175100629 1.0 332000
1723175113781 1.0 336000
1723175127399 1.0 340000
1723175140630 1.0 344000
1723175153987 1.0 348000
1723175167581 1.0 352000
1723175181377 1.0 356000
1723175194563 1.0 360000
1723175208646 1.0 364000
1723175221325 1.0 368000
1723175234271 1.0 372000
1723175248057 1.0 376000
1723175261319 1.0 380000
1723175275237 1.0 384000
1723175288865 1.0 388000
1723175302427 1.0 392000
1723175315731 1.0 396000
1723175329291 1.0 400000
1723175342543 1.0 404000
1723175355799 1.0 408000
1723175369056 1.0 412000
1723175382126 1.0 416000
1723175395886 1.0 420000
1723175409506 1.0 424000
1723175423025 1.0 428000
1723175436338 1.0 432000
1723175449770 1.0 436000
1723175462917 1.0 440000
1723175476086 1.0 444000
1723175490516 1.0 448000
1723175503511 1.0 452000
1723175517151 1.0 456000
1723175530055 1.0 460000
1723175543166 1.0 464000
1723175555120 1.0 468000
1723175567967 1.0 472000
1723175581202 1.0 476000
1723175594567 1.0 480000
1723175608051 1.0 484000
1723175621301 1.0 488000
1723175634956 1.0 492000
1723175648871 1.0 496000
1723175662523 1.0 500000
1723175675901 1.0 504000
1723175689672 1.0 508000
1723175703517 1.0 512000
1723175717509 1.0 516000
1723175731104 1.0 520000
1723175744930 1.0 524000
1723175758918 1.0 528000
1723175773266 1.0 532000
1723175786717 1.0 536000
1723175800505 1.0 540000
1723175813561 1.0 544000
1723175826563 1.0 548000
1723175839831 1.0 552000
1723175853382 1.0 556000
1723175867638 1.0 560000
1723175881452 1.0 564000
1723175894876 1.0 568000
1723175910177 1.0 572000
1723175924140 1.0 576000
1723175937045 1.0 580000
1723175950588 1.0 584000
1723175963591 1.0 588000
1723175976882 1.0 592000
1723175990798 1.0 596000
1723176005524 1.0 600000
1723176019137 1.0 604000
1723176032585 1.0 608000
1723176045692 1.0 612000
1723176058123 1.0 616000
1723176071857 1.0 620000
1723176085603 1.0 624000
1723176099289 1.0 628000
1723176113473 1.0 632000
1723176126608 1.0 636000
1723176140621 1.0 640000
1723176153290 1.0 644000
1723176166535 1.0 648000
1723176180364 1.0 652000
1723176194069 1.0 656000
1723176207569 1.0 660000
1723176220839 1.0 664000
1723176234833 1.0 668000
1723176247881 1.0 672000
1723176261585 1.0 676000
1723176274899 1.0 680000
1723176289211 1.0 684000
1723176302277 1.0 688000
1723176314558 1.0 692000
1723176327971 1.0 696000
1723176341369 1.0 700000
1723176354784 1.0 704000
1723176368513 1.0 708000
1723176382072 1.0 712000
1723176395425 1.0 716000
1723176409376 1.0 720000
1723176423285 1.0 724000
1723176436561 1.0 728000
1723176448948 1.0 732000
1723176462252 1.0 736000
1723176475904 1.0 740000
1723176489214 1.0 744000
1723176503017 1.0 748000
1723176516450 1.0 752000
1723176529995 1.0 756000
1723176543309 1.0 760000
1723176556963 1.0 764000
1723176569982 1.0 768000
1723176583704 1.0 772000
1723176597542 1.0 776000
1723176610806 1.0 780000
1723176624240 1.0 784000
1723176637376 1.0 788000
1723176650702 1.0 792000
1723176663789 1.0 796000
1723176677099 1.0 800000
1723176691027 1.0 804000
1723176704877 1.0 808000
1723176718292 1.0 812000
1723176731560 1.0 816000
1723176744789 1.0 820000
1723176758049 1.0 824000
1723176771659 1.0 828000
1723176785267 1.0 832000
1723176798732 1.0 836000
1723176812033 1.0 840000
1723176825602 1.0 844000
1723176839408 1.0 848000
1723176852823 1.0 852000
1723176866179 1.0 856000
1723176879517 1.0 860000
1723176893312 1.0 864000
1723176907404 1.0 868000
1723176921197 1.0 872000
1723176934728 1.0 876000
1723176948286 1.0 880000
1723176961784 1.0 884000
1723176975554 1.0 888000
1723176989060 1.0 892000
1723177002470 1.0 896000
1723177015806 1.0 900000
1723177029246 1.0 904000
1723177042208 1.0 908000
1723177056330 1.0 912000
1723177069982 1.0 916000
1723177083488 1.0 920000
1723177097272 1.0 924000
1723177110658 1.0 928000
1723177124267 1.0 932000
1723177137994 1.0 936000
1723177151226 1.0 940000
1723177164427 1.0 944000
1723177177924 1.0 948000
1723177192499 1.0 952000
1723177205862 1.0 956000
1723177219477 1.0 960000
1723177232868 1.0 964000
1723177246452 1.0 968000
1723177260088 1.0 972000
1723177274357 1.0 976000
1723177287996 1.0 980000
1723177301984 1.0 984000
1723177315748 1.0 988000
1723177329349 1.0 992000
1723177342479 1.0 996000
1723177355642 1.0 1000000
1723177369198 1.0 1004000
1723177382896 1.0 1008000
1723177396588 1.0 1012000
1723177410327 1.0 1016000
1723177423772 1.0 1020000
1723177437346 1.0 1024000
1723177451112 1.0 1028000
1723177464808 1.0 1032000
1723177478942 1.0 1036000
1723177492986 1.0 1040000
1723177506896 1.0 1044000
1723177520563 1.0 1048000
1723177534443 1.0 1052000
1723177548282 1.0 1056000
1723177561832 1.0 1060000
1723177575983 1.0 1064000
1723177589624 1.0 1068000
1723177602444 1.0 1072000
1723177615614 1.0 1076000
1723177628958 1.0 1080000
1723177642001 1.0 1084000
1723177655431 1.0 1088000
1723177668879 1.0 1092000
1723177682583 1.0 1096000
1723177696086 1.0 1100000
1723177709631 1.0 1104000
1723177723127 1.0 1108000
1723177737072 1.0 1112000
1723177750241 1.0 1116000
1723177763813 1.0 1120000
1723177777185 1.0 1124000
1723177790740 1.0 1128000
1723177803908 1.0 1132000
1723177817061 1.0 1136000
1723177830567 1.0 1140000
1723177844277 1.0 1144000
1723177858395 1.0 1148000
1723177871991 1.0 1152000
1723177885637 1.0 1156000
1723177899154 1.0 1160000
1723177912754 1.0 1164000
1723177925743 1.0 1168000
1723177939355 1.0 1172000
1723177952344 1.0 1176000
1723177965694 1.0 1180000
1723177979163 1.0 1184000
1723177993090 1.0 1188000
1723178006576 1.0 1192000
1723178019799 1.0 1196000
1723178033074 1.0 1200000
1723178045195 1.0 1204000
1723178058696 1.0 1208000
1723178071635 1.0 1212000
1723178084970 1.0 1216000
1723178097835 1.0 1220000
1723178111162 1.0 1224000
1723178124368 1.0 1228000
1723178137700 1.0 1232000
1723178151446 1.0 1236000
1723178165208 1.0 1240000
1723178178644 1.0 1244000
1723178191711 1.0 1248000
1723178205083 1.0 1252000
1723178218992 1.0 1256000
1723178232316 1.0 1260000
1723178245745 1.0 1264000
1723178259249 1.0 1268000
1723178273071 1.0 1272000
1723178286375 1.0 1276000
1723178299572 1.0 1280000
1723178312925 1.0 1284000
1723178326961 1.0 1288000
1723178340908 1.0 1292000
1723178354524 1.0 1296000
1723178367856 1.0 1300000
1723178381155 1.0 1304000
1723178394748 1.0 1308000
1723178407728 1.0 1312000
1723178420931 1.0 1316000
1723178434429 1.0 1320000
1723178447760 1.0 1324000
1723178461255 1.0 1328000
1723178474790 1.0 1332000
1723178488266 1.0 1336000
1723178501714 1.0 1340000
1723178515741 1.0 1344000
1723178529950 1.0 1348000
1723178543446 1.0 1352000
1723178556980 1.0 1356000
1723178570409 1.0 1360000
1723178583553 1.0 1364000
1723178597129 1.0 1368000
1723178610347 1.0 1372000
1723178623501 1.0 1376000
1723178636635 1.0 1380000
1723178649952 1.0 1384000
1723178662668 1.0 1388000
1723178675165 1.0 1392000
1723178688523 1.0 1396000
1723178701629 1.0 1400000
1723178714968 1.0 1404000
1723178728605 1.0 1408000
1723178742392 1.0 1412000
1723178755626 1.0 1416000
1723178769363 1.0 1420000
1723178782888 1.0 1424000
1723178796329 1.0 1428000
1723178809897 1.0 1432000
1723178823255 1.0 1436000
1723178836145 1.0 1440000
1723178847551 1.0 1444000
1723178859349 1.0 1448000
1723178871084 1.0 1452000
1723178883058 1.0 1456000
1723178895062 1.0 1460000
1723178907107 1.0 1464000
1723178918405 1.0 1468000
1723178929974 1.0 1472000
1723178942231 1.0 1476000
1723178953906 1.0 1480000
1723178965815 1.0 1484000
1723178977748 1.0 1488000
1723178989885 1.0 1492000
1723179001763 1.0 1496000
1723179013779 1.0 1500000
1723179025400 1.0 1504000
1723179037318 1.0 1508000
1723179049036 1.0 1512000
1723179060679 1.0 1516000
1723179072652 1.0 1520000
1723179084960 1.0 1524000
1723179096621 1.0 1528000
1723179108148 1.0 1532000
1723179119734 1.0 1536000
1723179131495 1.0 1540000
1723179143280 1.0 1544000
1723179154825 1.0 1548000
1723179166549 1.0 1552000
1723179178000 1.0 1556000
1723179189836 1.0 1560000
1723179201117 1.0 1564000
1723179212755 1.0 1568000
1723179224436 1.0 1572000
1723179236347 1.0 1576000
1723179247963 1.0 1580000
1723179259156 1.0 1584000
1723179270758 1.0 1588000
1723179282452 1.0 1592000
1723179293811 1.0 1596000
1723179305096 1.0 1600000
1723179316205 1.0 1604000
1723179328016 1.0 1608000
1723179339574 1.0 1612000
1723179350970 1.0 1616000
1723179362363 1.0 1620000
1723179373649 1.0 1624000
1723179385001 1.0 1628000
1723179396250 1.0 1632000
1723179407440 1.0 1636000
1723179418927 1.0 1640000
1723179430606 1.0 1644000
1723179441955 1.0 1648000
1723179453302 1.0 1652000
1723179464705 1.0 1656000
1723179476010 1.0 1660000
1723179487830 1.0 1664000
1723179499244 1.0 1668000
1723179510786 1.0 1672000
1723179522321 1.0 1676000
1723179533959 1.0 1680000
1723179544980 1.0 1684000
1723179556241 1.0 1688000
1723179567727 1.0 1692000
1723179579119 1.0 1696000
1723179590497 1.0 1700000
1723179601868 1.0 1704000
1723179613163 1.0 1708000
1723179624309 1.0 1712000
1723179635731 1.0 1716000
1723179646989 1.0 1720000
1723179658491 1.0 1724000
1723179669915 1.0 1728000
1723179681209 1.0 1732000
1723179692561 1.0 1736000
1723179704006 1.0 1740000
1723179715259 1.0 1744000
1723179726711 1.0 1748000
1723179738191 1.0 1752000
1723179749567 1.0 1756000
1723179760764 1.0 1760000
1723179772208 1.0 1764000
1723179784213 1.0 1768000
1723179796007 1.0 1772000
1723179807477 1.0 1776000
1723179818906 1.0 1780000
1723179830432 1.0 1784000
1723179842611 1.0 1788000
1723179853867 1.0 1792000
1723179865391 1.0 1796000
1723179876427 1.0 1800000
1723179888046 1.0 1804000
1723179899496 1.0 1808000
1723179911048 1.0 1812000
1723179922422 1.0 1816000
1723179933856 1.0 1820000
1723179945178 1.0 1824000
1723179956414 1.0 1828000
1723179967991 1.0 1832000
1723179979288 1.0 1836000
1723179990780 1.0 1840000
1723180002165 1.0 1844000
1723180013342 1.0 1848000
1723180024934 1.0 1852000
1723180036574 1.0 1856000
1723180048247 1.0 1860000
1723180059783 1.0 1864000
1723180071125 1.0 1868000
1723180082531 1.0 1872000
1723180093908 1.0 1876000
1723180105081 1.0 1880000
1723180116402 1.0 1884000
1723180127878 1.0 1888000
1723180139407 1.0 1892000
1723180150907 1.0 1896000
1723180162053 1.0 1900000
1723180173298 1.0 1904000
1723180184584 1.0 1908000
1723180196178 1.0 1912000
1723180207639 1.0 1916000
1723180219034 1.0 1920000
1723180230520 1.0 1924000
1723180241785 1.0 1928000
1723180253515 1.0 1932000
1723180264994 1.0 1936000
1723180276118 1.0 1940000
1723180287575 1.0 1944000
1723180298807 1.0 1948000
1723180310163 1.0 1952000
1723180321932 1.0 1956000
1723180333069 1.0 1960000
1723180344548 1.0 1964000
1723180356194 1.0 1968000
1723180367678 1.0 1972000
1723180379184 1.0 1976000
1723180390568 1.0 1980000
1723180401970 1.0 1984000
1723180413640 1.0 1988000
1723180425399 1.0 1992000
1723180436852 1.0 1996000
1723180448699 1.0 2000000
