1723145479483 1410.5 4000
1723145492632 4230.5 8000
1723145505899 7050.5 12000
1723145519975 9870.5 16000
1723145533927 12690.5 20000
1723145548768 15510.5 24000
1723145563282 18330.5 28000
1723145577695 21150.5 32000
1723145592218 23970.5 36000
1723145606813 26790.5 40000
1723145621152 29610.5 44000
1723145635560 32430.5 48000
1723145649510 35250.5 52000
1723145664097 38070.5 56000
1723145679015 40890.5 60000
1723145694235 43710.5 64000
1723145715532 46530.5 68000
1723145731875 49350.5 72000
1723145746933 52170.5 76000
1723145762693 54990.5 80000
1723145778802 57810.5 84000
1723145796527 60630.5 88000
1723145814183 63450.5 92000
1723145830025 66270.5 96000
1723145845057 69090.5 100000
1723145864119 71910.5 104000
1723145887440 74730.5 108000
1723145903371 77550.5 112000
1723145918390 80370.5 116000
1723145933939 83190.5 120000
1723145948293 86010.5 124000
1723145962134 88830.5 128000
1723145976352 91650.5 132000
1723145990882 94470.5 136000
1723146004875 97290.5 140000
1723146019109 100110.5 144000
1723146033096 102930.5 148000
1723146047429 105750.5 152000
1723146061611 108570.5 156000
1723146076174 111390.5 160000
1723146090501 114210.5 164000
1723146105525 117030.5 168000
1723146119369 119850.5 172000
1723146133201 122670.5 176000
1723146147620 125490.5 180000
1723146161888 128310.5 184000
1723146176130 131130.5 188000
1723146190310 133950.5 192000
1723146204545 136770.5 196000
1723146218767 139590.5 200000
1723146233081 142410.5 204000
1723146247056 145230.5 208000
1723146261050 148050.5 212000
1723146274477 150870.5 216000
1723146288601 153690.5 220000
1723146303031 156510.5 224000
1723146316961 159330.5 228000
1723146330773 162150.5 232000
1723146344855 164970.5 236000
1723146358858 167790.5 240000
1723146372703 170610.5 244000
1723146386831 173430.5 248000
1723146400363 176250.5 252000
1723146414403 179070.5 256000
1723146428013 181890.5 260000
1723146441777 184710.5 264000
1723146455451 187530.5 268000
1723146469156 190350.5 272000
1723146483215 193170.5 276000
1723146496646 195990.5 280000
1723146509802 198810.5 284000
1723146523433 201630.5 288000
1723146536705 204450.5 292000
1723146550296 207270.5 296000
1723146563779 210090.5 300000
1723146577494 212910.5 304000
1723146591033 215730.5 308000
1723146604742 218550.5 312000
1723146618318 221370.5 316000
1723146632422 224190.5 320000
1723146646508 227010.5 324000
1723146659978 229830.5 328000
1723146674191 232650.5 332000
1723146687935 235470.5 336000
1723146701364 238290.5 340000
1723146715753 241110.5 344000
1723146729039 243930.5 348000
1723146742638 246750.5 352000
1723146756127 249570.5 356000
1723146769278 252390.5 360000
1723146783187 255210.5 364000
1723146796979 258030.5 368000
1723146810753 260850.5 372000
1723146824294 263670.5 376000
1723146838089 266490.5 380000
1723146851449 269310.5 384000
1723146864983 272130.5 388000
1723146878287 274950.5 392000
1723146892057 277770.5 396000
1723146905102 280590.5 400000
