1723173953562 -84.77742697608326 4000
1723173968202 -83.21921880026858 8000
1723173984033 -41.98607375452403 12000
1723173999026 -34.12968694175677 16000
1723174014606 -35.179879850393384 20000
1723174030033 -30.254893229272852 24000
1723174046279 -32.23835778830519 28000
1723174061162 -36.65729654264196 32000
1723174078115 -59.662701990936476 36000
1723174093264 -35.648817934062635 40000
1723174108112 -21.37424024557243 44000
1723174124615 -38.24263009104083 48000
1723174139188 -41.3359274666157 52000
1723174153086 -20.76430542396084 56000
1723174167257 -59.168861496794456 60000
1723174181365 -42.947251189708595 64000
1723174195932 -26.653248258819687 68000
1723174209744 -23.436617828125495 72000
1723174224014 -37.887929023727565 76000
1723174238009 -46.55831331413714 80000
1723174252251 -32.67864011374462 84000
1723174266594 -35.812323541516015 88000
1723174280736 -23.410838736417546 92000
1723174294623 -36.20789033097056 96000
1723174308561 -64.37731710940731 100000
1723174322286 -35.57569482259231 104000
1723174335929 -31.791871196925904 108000
1723174350282 -54.701752532860596 112000
1723174364277 -40.97859668240206 116000
1723174378687 -28.267350867385783 120000
1723174394068 -47.64249009376982 124000
1723174408291 -33.4357571030044 128000
1723174422188 -40.25358849424794 132000
1723174436540 -37.221945512874946 136000
1723174450613 -53.045333816372214 140000
1723174464478 -46.4082763003175 144000
1723174478391 -40.24300677965985 148000
1723174492092 -36.33323002788686 152000
1723174505702 -47.79074068420567 156000
1723174519108 -46.6743993050305 160000
1723174532507 -63.09947444310514 164000
1723174546827 -47.64443990187931 168000
1723174560379 -46.69684214401563 172000
1723174574298 -65.82920087729272 176000
1723174588803 -55.350890899713 180000
1723174602375 -33.24581118771336 184000
1723174616087 -32.32162247787024 188000
1723174630010 -40.556383643535355 192000
1723174643545 -56.44648377563531 196000
1723174657239 -35.01814300307051 200000
1723174671235 -43.761999451994605 204000
1723174684813 -51.04268003691091 208000
1723174698540 -33.57874147411108 212000
1723174711742 -36.50467305226663 216000
1723174725101 -38.577725835937926 220000
1723174738989 -51.5526496014977 224000
1723174752309 -35.684319769558314 228000
1723174765821 -41.1515967393441 232000
1723174779105 -35.29598415620262 236000
1723174792691 -37.39754200450574 240000
1723174806438 -42.64070400722891 244000
1723174820172 -37.23805164929412 248000
1723174833613 -41.18667972765151 252000
1723174846753 -32.44435842821323 256000
1723174860248 -31.155277447048153 260000
1723174874097 -43.66609341603661 264000
1723174887677 -36.66029215125075 268000
1723174901012 -28.948597848530042 272000
1723174914650 -35.65631778577468 276000
1723174927674 -20.933438295083906 280000
1723174941054 -56.710938074589635 284000
1723174954216 -69.82496005166846 288000
1723174967707 -27.05437515197486 292000
1723174980955 -44.722992996526386 296000
1723174994248 -31.78160205056521 300000
1723175007629 -60.558017227136254 304000
1723175020992 -27.21906926492668 308000
1723175034350 -62.37262500719267 312000
1723175047440 -45.0637253974363 316000
1723175060417 -37.67191564048857 320000
1723175073901 -31.91494693562603 324000
1723175087284 -30.51140073789609 328000
1723175100554 -28.711420429315627 332000
1723175113708 -39.71266555296077 336000
1723175127327 -59.75775828488538 340000
1723175140560 -52.03853206610313 344000
1723175153916 -30.8164827945742 348000
1723175167511 -36.87407325188916 352000
1723175181302 -33.70391245995836 356000
1723175194492 -46.26680649517955 360000
1723175208568 -39.31762316511452 364000
1723175221252 -36.656016896063896 368000
1723175234201 -28.87749254013796 372000
1723175247988 -41.90610374652167 376000
1723175261248 -27.76250281281637 380000
1723175275149 -31.244061686009374 384000
1723175288792 -24.56003648790104 388000
1723175302356 -24.830837670830302 392000
1723175315661 -32.00509831387033 396000
1723175329219 -47.018850935717964 400000
1723175342470 -31.915119754977198 404000
1723175355727 -25.935971791145317 408000
1723175368985 -28.663760109948658 412000
1723175382054 -27.949206299583818 416000
1723175395808 -27.51602606269601 420000
1723175409436 -31.52670734277385 424000
1723175422953 -29.692296129093624 428000
1723175436266 -33.45724606383924 432000
1723175449687 -39.739660377720426 436000
1723175462836 -31.054406566762257 440000
1723175476012 -36.382600666143 444000
1723175490446 -26.972856766571546 448000
1723175503441 -25.32774559895175 452000
1723175517079 -43.15907701553695 456000
1723175529975 -42.31337857706013 460000
1723175543093 -32.99686685378689 464000
1723175555051 -52.731456957772764 468000
1723175567896 -22.44426128917919 472000
1723175581128 -35.00698712630965 476000
1723175594497 -25.669978310580902 480000
1723175607979 -29.932817981985878 484000
1723175621230 -36.019448021338796 488000
1723175634885 -45.82345914808236 492000
1723175648793 -33.68941919812142 496000
1723175662450 -50.44182998995122 500000
1723175675829 -33.29906896628026 504000
1723175689601 -33.082314958235315 508000
1723175703446 -29.704734471777115 512000
1723175717430 -18.879596351137792 516000
1723175731033 -27.91294737959187 520000
1723175744860 -36.664699469811 524000
1723175758848 -53.66732793133664 528000
1723175773138 -42.569335804236886 532000
1723175786648 -18.867797081744794 536000
1723175800404 -38.03422092830103 540000
1723175813476 -34.075168065106084 544000
1723175826495 -37.67158032118899 548000
1723175839758 -21.735409034026755 552000
1723175853310 -32.688801059519164 556000
1723175867550 -29.59205612804201 560000
1723175881374 -25.786861379658717 564000
1723175894797 -28.751983209577567 568000
1723175910097 -44.54820815282341 572000
1723175924059 -34.917260312445585 576000
1723175936961 -34.61905732859357 580000
1723175950504 -28.6994748139982 584000
1723175963509 -53.035354355752645 588000
1723175976812 -33.06489707697316 592000
1723175990702 -32.32315782059391 596000
1723176005444 -24.00976770739097 600000
1723176019064 -25.817552510467983 604000
1723176032505 -20.89315138037268 608000
1723176045616 -19.359925297615185 612000
1723176058053 -25.46314376057873 616000
1723176071771 -29.45821362497423 620000
1723176085521 -16.957668750965514 624000
1723176099197 -36.36529780754627 628000
1723176113376 -22.66220431205968 632000
1723176126530 -46.02827567196804 636000
1723176140544 -27.738878089141306 640000
1723176153217 -31.696620269682178 644000
1723176166459 -30.836592470396674 648000
1723176180291 -40.07465618390409 652000
1723176193996 -35.55471770187193 656000
1723176207487 -18.982963314508318 660000
1723176220765 -22.95586570632813 664000
1723176234760 -22.551897656902597 668000
1723176247809 -19.202595233892392 672000
1723176261506 -39.26922308805286 676000
1723176274797 -33.43485146381934 680000
1723176289134 -45.94978498501227 684000
1723176302192 -28.041408406100103 688000
1723176314465 -24.903246496601444 692000
1723176327884 -37.92825071052777 696000
1723176341243 -39.79629757381666 700000
1723176354714 -21.52569694660665 704000
1723176368429 -26.771944531382434 708000
1723176381999 -26.514619561974698 712000
1723176395352 -28.790912493607443 716000
1723176409303 -20.019159996319814 720000
1723176423208 -35.832231722915395 724000
1723176436482 -47.30726471068088 728000
1723176448871 -36.114745322922445 732000
1723176462172 -29.93619352249137 736000
1723176475820 -26.13477753865602 740000
1723176489142 -34.63492200317155 744000
1723176502937 -21.203727576055808 748000
1723176516346 -29.816638636323432 752000
1723176529910 -40.303978356559064 756000
1723176543239 -29.749796217679016 760000
1723176556891 -24.581833775807407 764000
1723176569911 -23.41339203651205 768000
1723176583629 -24.366194679754667 772000
1723176597469 -17.97797983750768 776000
1723176610734 -28.11125424066282 780000
1723176624166 -39.06859934214739 784000
1723176637303 -17.532390336716656 788000
1723176650624 -25.97319717650896 792000
1723176663716 -22.179978156510924 796000
1723176677027 -34.04766883240921 800000
1723176690953 -24.209889947116388 804000
1723176704804 -38.302240932837485 808000
1723176718222 -43.37848074125628 812000
1723176731486 -26.02271067531332 816000
1723176744718 -35.0282894694524 820000
1723176757978 -51.14753637801853 824000
1723176771583 -33.39164911843362 828000
1723176785195 -27.444027880650232 832000
1723176798659 -50.963466876172824 836000
1723176811964 -42.54003807373413 840000
1723176825529 -23.549224360003723 844000
1723176839334 -19.618055704091198 848000
1723176852753 -43.08037170411558 852000
1723176866108 -42.14712639996168 856000
1723176879445 -35.50192080813816 860000
1723176893245 -32.88584301643836 864000
1723176907332 -33.398101919993735 868000
1723176921127 -36.4170680504426 872000
1723176934655 -19.948576760492646 876000
1723176948212 -28.44857472486758 880000
1723176961711 -24.286223380613244 884000
1723176975479 -27.807688487584652 888000
1723176988988 -29.524355914036896 892000
1723177002398 -26.826954039486278 896000
1723177015736 -55.708678179312685 900000
1723177029173 -43.40937394386725 904000
1723177042136 -28.9375460358184 908000
1723177056257 -34.69215705760884 912000
1723177069907 -32.22640846716425 916000
1723177083416 -20.575397187334897 920000
1723177097196 -53.918935046398126 924000
1723177110587 -26.321326571996533 928000
1723177124195 -33.02178510187032 932000
1723177137921 -33.1862405192657 936000
1723177151156 -42.930807889659796 940000
1723177164353 -33.83586631616194 944000
1723177177851 -48.10843735800543 948000
1723177192421 -38.811455152552355 952000
1723177205790 -28.80139969278636 956000
1723177219405 -28.2422196146706 960000
1723177232792 -62.48713357439962 964000
1723177246378 -46.65640699873358 968000
1723177260010 -50.23547936395477 972000
1723177274284 -16.352315651625172 976000
1723177287923 -25.717969786628924 980000
1723177301911 -21.635567898221762 984000
1723177315674 -19.309712671578886 988000
1723177329278 -23.351300298509525 992000
1723177342403 -33.02960021820792 996000
1723177355571 -21.153476085868903 1000000
1723177369126 -31.6360041121869 1004000
1723177382823 -59.3987791008757 1008000
1723177396514 -49.178897703507765 1012000
1723177410253 -34.06744399656603 1016000
1723177423691 -33.32291497631672 1020000
1723177437275 -35.89389505213996 1024000
1723177451039 -34.778577756537935 1028000
1723177464734 -25.56648120255249 1032000
1723177478863 -59.56241715240651 1036000
1723177492895 -29.018942243377992 1040000
1723177506821 -45.624247413727296 1044000
1723177520486 -21.862034072742933 1048000
1723177534369 -33.995294760069896 1052000
1723177548195 -32.98695177601393 1056000
1723177561759 -25.468625942867014 1060000
1723177575908 -26.893144185113844 1064000
1723177589551 -45.9770191322268 1068000
1723177602370 -31.073098484248963 1072000
1723177615538 -31.037853206648414 1076000
1723177628886 -33.84087443880519 1080000
1723177641927 -18.765072103162733 1084000
1723177655356 -28.370973014699437 1088000
1723177668799 -31.079398502233467 1092000
1723177682510 -31.544541087010234 1096000
1723177696014 -24.432507187843836 1100000
1723177709559 -40.82866227524857 1104000
1723177723050 -17.366050263114527 1108000
1723177737000 -38.373972014247016 1112000
1723177750171 -39.184272897899696 1116000
1723177763739 -42.23886136486956 1120000
1723177777113 -35.04089569651615 1124000
1723177790661 -31.296198687652765 1128000
1723177803836 -20.272601440772156 1132000
1723177816988 -28.772787544021483 1136000
1723177830492 -28.927224977207533 1140000
1723177844204 -38.19348705733872 1144000
1723177858323 -31.226140744858295 1148000
1723177871899 -27.88249008934148 1152000
1723177885563 -47.133080101931974 1156000
1723177899081 -34.021950745478065 1160000
1723177912680 -58.34591800495159 1164000
1723177925669 -37.86582200285887 1168000
1723177939281 -45.30023479548472 1172000
1723177952272 -33.511780559445874 1176000
1723177965623 -129.0819427922582 1180000
1723177979086 -28.828763573442412 1184000
1723177993018 -41.035113719954616 1188000
1723178006504 -47.78544625692688 1192000
1723178019726 -27.26742740784718 1196000
1723178032993 -20.859550855731896 1200000
1723178045109 -37.21883997010901 1204000
1723178058625 -40.99646062454938 1208000
1723178071561 -27.016111006769044 1212000
1723178084898 -30.292282733322903 1216000
1723178097764 -25.463588284479997 1220000
1723178111089 -63.58700516877926 1224000
1723178124296 -33.37710258436451 1228000
1723178137626 -31.77703492717248 1232000
1723178151370 -37.34975953443995 1236000
1723178165127 -22.94403476552526 1240000
1723178178571 -42.92598969195398 1244000
1723178191641 -70.96773668892146 1248000
1723178205011 -32.421602193176014 1252000
1723178218914 -52.36685105008397 1256000
1723178232245 -51.389093374367725 1260000
1723178245665 -33.295304136747234 1264000
1723178259175 -48.328569197979874 1268000
1723178272997 -45.1410738011948 1272000
1723178286303 -46.122349410645924 1276000
1723178299501 -24.487322696348073 1280000
1723178312852 -21.41534226600007 1284000
1723178326888 -36.73467565477791 1288000
1723178340835 -38.80061805448724 1292000
1723178354451 -32.11776319119589 1296000
1723178367783 -30.898944355050414 1300000
1723178381077 -31.929014856176327 1304000
1723178394674 -36.47619562767062 1308000
1723178407654 -25.596545077999775 1312000
1723178420854 -28.721452506961466 1316000
1723178434356 -40.42928345661666 1320000
1723178447688 -31.29122309135996 1324000
1723178461179 -38.031120712831985 1328000
1723178474716 -24.314788747240073 1332000
1723178488192 -47.74344556345312 1336000
1723178501641 -51.89684914646599 1340000
1723178515668 -28.79950091118183 1344000
1723178529868 -36.045042718439895 1348000
1723178543366 -23.61068142424948 1352000
1723178556908 -31.170171462186072 1356000
1723178570334 -46.136970174766475 1360000
1723178583480 -21.58213163463683 1364000
1723178597059 -30.301488531189765 1368000
1723178610273 -54.95860153656537 1372000
1723178623429 -27.946543540711538 1376000
1723178636562 -38.10325719674635 1380000
1723178649879 -20.79373582239816 1384000
1723178662556 -24.834877724062498 1388000
1723178675093 -35.21909424735281 1392000
1723178688449 -33.99845414732889 1396000
1723178701557 -35.88822156542022 1400000
1723178714894 -35.322673510969494 1404000
1723178728531 -36.13438395072349 1408000
1723178742314 -29.53263100541184 1412000
1723178755550 -34.86023092180315 1416000
1723178769291 -61.023671423199474 1420000
1723178782814 -49.68821699731648 1424000
1723178796253 -37.90685179697806 1428000
1723178809825 -23.757878288199983 1432000
1723178823179 -33.21944607244869 1436000
1723178836076 -19.266952519009493 1440000
1723178847483 -63.77772611669488 1444000
1723178859282 -31.82103280460924 1448000
1723178871016 -25.692004321845015 1452000
1723178882990 -24.99563542520367 1456000
1723178894995 -41.2674795572809 1460000
1723178907038 -23.455010768183385 1464000
1723178918336 -27.148044835002292 1468000
1723178929906 -35.57934064421694 1472000
1723178942161 -22.67154352612221 1476000
1723178953838 -33.95945307492914 1480000
1723178965746 -45.99708464092133 1484000
1723178977678 -28.112217745051552 1488000
1723178989816 -41.63139658794972 1492000
1723179001689 -25.294246047342018 1496000
1723179013706 -28.655033287751344 1500000
1723179025323 -20.62158946847757 1504000
1723179037245 -30.672340329112906 1508000
1723179048969 -34.175705598663086 1512000
1723179060611 -66.31719663046584 1516000
1723179072583 -36.447279485246824 1520000
1723179084892 -28.16727569381838 1524000
1723179096553 -28.60431483612319 1528000
1723179108060 -62.25652881564346 1532000
1723179119667 -36.451155426588095 1536000
1723179131427 -26.851392790665678 1540000
1723179143212 -26.34770742224051 1544000
1723179154758 -40.93079951535985 1548000
1723179166473 -32.61508870675558 1552000
1723179177932 -40.29319651300788 1556000
1723179189768 -27.137326890237713 1560000
1723179201051 -36.734402223106905 1564000
1723179212687 -25.038524111781207 1568000
1723179224365 -35.287000419916446 1572000
1723179236278 -35.59344745744414 1576000
1723179247895 -17.67954508367637 1580000
1723179259088 -29.925458753253345 1584000
1723179270691 -23.216407919038527 1588000
1723179282383 -29.550389128706676 1592000
1723179293743 -31.779811524248785 1596000
1723179305028 -29.64844820242236 1600000
1723179316136 -22.04199431493297 1604000
1723179327948 -45.276242943917744 1608000
1723179339505 -27.671379948643654 1612000
1723179350902 -40.23326452165176 1616000
1723179362293 -25.654500670135132 1620000
1723179373581 -46.7281270802359 1624000
1723179384931 -17.7527730226533 1628000
1723179396183 -33.99020950268273 1632000
1723179407372 -36.72947044172656 1636000
1723179418859 -24.62670353187766 1640000
1723179430537 -64.79769659335895 1644000
1723179441887 -38.48960826125667 1648000
1723179453235 -34.214795628966066 1652000
1723179464635 -30.78477329620676 1656000
1723179475941 -28.59137830302658 1660000
1723179487757 -29.13411712740689 1664000
1723179499173 -49.24129366880957 1668000
1723179510711 -34.297972634538404 1672000
1723179522250 -30.0867236219824 1676000
1723179533892 -38.216042653296185 1680000
1723179544912 -65.49558378656899 1684000
1723179556172 -32.95554524813628 1688000
1723179567659 -34.35453982334129 1692000
1723179579051 -38.89176178684084 1696000
1723179590429 -38.52164290540671 1700000
1723179601798 -22.175725570071844 1704000
1723179613096 -35.28258565125996 1708000
1723179624242 -26.55096202409089 1712000
1723179635662 -42.26577650585299 1716000
1723179646921 -33.326877160968316 1720000
1723179658424 -40.16357755647853 1724000
1723179669848 -32.52474089997827 1728000
1723179681142 -57.04252116720603 1732000
1723179692493 -28.68779889484376 1736000
1723179703939 -25.54633335022194 1740000
1723179715191 -29.399975528222257 1744000
1723179726643 -29.264478602621416 1748000
1723179738097 -88.8142038878667 1752000
1723179749499 -35.83060811011439 1756000
1723179760697 -29.70551101330415 1760000
1723179772142 -31.511351348448645 1764000
1723179784145 -41.53784675026732 1768000
1723179795939 -42.888340739026816 1772000
1723179807410 -25.08987619937047 1776000
1723179818839 -31.853218901296408 1780000
1723179830363 -42.1732896950688 1784000
1723179842538 -48.839466663100325 1788000
1723179853798 -21.760369370852608 1792000
1723179865318 -22.160046981210446 1796000
1723179876357 -29.403481720901947 1800000
1723179887973 -28.278276541090538 1804000
1723179899429 -25.956100966658788 1808000
1723179910980 -23.119150481689207 1812000
1723179922354 -38.64207692541296 1816000
1723179933787 -31.282714618685223 1820000
1723179945106 -34.86181314614931 1824000
1723179956346 -19.20420629607129 1828000
1723179967918 -24.769263830303288 1832000
1723179979221 -18.618586019078105 1836000
1723179990713 -52.40893920543185 1840000
1723180002096 -23.7235662326295 1844000
1723180013275 -31.261794624405567 1848000
1723180024864 -32.17137980113636 1852000
1723180036505 -43.53695122011704 1856000
1723180048179 -40.55919540187091 1860000
1723180059713 -33.38892555553566 1864000
1723180071055 -20.936330704118962 1868000
1723180082463 -25.4742786065389 1872000
1723180093840 -24.28271363276269 1876000
1723180105012 -24.790323620985895 1880000
1723180116334 -34.72539606172443 1884000
1723180127811 -74.08044849329599 1888000
1723180139339 -23.028574885431034 1892000
1723180150840 -37.86745707209865 1896000
1723180161985 -59.47813129997414 1900000
1723180173231 -31.940938693638646 1904000
1723180184514 -38.288275631520186 1908000
1723180196110 -30.109100709916788 1912000
1723180207570 -32.15338713374994 1916000
1723180218966 -26.86747735607518 1920000
1723180230451 -28.225666804319406 1924000
1723180241716 -35.0000956967532 1928000
1723180253437 -37.188437688891156 1932000
1723180264920 -43.368429369073255 1936000
1723180276049 -46.88846393705016 1940000
1723180287507 -29.7611765838955 1944000
1723180298739 -31.05695999734273 1948000
1723180310093 -36.46856982742694 1952000
1723180321865 -28.544159299482907 1956000
1723180332999 -27.330410833521285 1960000
1723180344480 -33.923173515329026 1964000
1723180356125 -31.926406498810287 1968000
1723180367611 -28.786484671554202 1972000
1723180379117 -34.413330772494795 1976000
1723180390498 -35.68484912552461 1980000
1723180401902 -37.775508763800524 1984000
1723180413572 -34.290582998729235 1988000
1723180425331 -36.534737340137376 1992000
1723180436781 -20.128172352284917 1996000
1723180448630 -33.04643225996149 2000000
