1723173953561 99.21234468722423 4000
1723173968202 120.0 8000
1723173984032 100.0 12000
1723173999025 118.97607342087579 16000
1723174014606 120.0 20000
1723174030032 119.68924634172672 24000
1723174046279 140.0 28000
1723174061161 119.92560572670362 32000
1723174078115 180.0 36000
1723174093264 140.0 40000
1723174108112 120.0 44000
1723174124615 120.0 48000
1723174139187 120.0 52000
1723174153085 140.0 56000
1723174167257 160.0 60000
1723174181364 140.0 64000
1723174195931 140.0 68000
1723174209743 138.49625734556284 72000
1723174224013 160.0 76000
1723174238009 180.0 80000
1723174252251 158.47813117193266 84000
1723174266594 178.4081153071154 88000
1723174280735 180.0 92000
1723174294622 138.92239554205085 96000
1723174308560 216.69136446444676 100000
1723174322285 156.00804957697892 104000
1723174335928 260.0 108000
1723174350282 160.0 112000
1723174364277 200.0 116000
1723174378687 180.0 120000
1723174394067 180.0 124000
1723174408291 240.0 128000
1723174422188 194.0066314788701 132000
1723174436540 180.0 136000
1723174450612 220.0 140000
1723174464477 180.0 144000
1723174478391 180.0 148000
1723174492092 197.49481284448137 152000
1723174505701 200.0 156000
1723174519108 220.0 160000
1723174532506 180.0 164000
1723174546827 180.0 168000
1723174560378 180.0 172000
1723174574298 220.0 176000
1723174588803 160.0 180000
1723174602375 157.46178079991867 184000
1723174616087 174.45287423096158 188000
1723174630009 194.03571497195765 192000
1723174643544 199.8731759392699 196000
1723174657239 200.0 200000
1723174671235 219.94813953708905 204000
1723174684812 180.0 208000
1723174698539 160.0 212000
1723174711742 140.0 216000
1723174725100 360.0 220000
1723174738988 200.0 224000
1723174752309 180.0 228000
1723174765820 159.128412246924 232000
1723174779105 220.0 236000
1723174792690 198.62603579458533 240000
1723174806438 171.24604822740343 244000
1723174820171 160.0 248000
1723174833613 199.66414929935033 252000
1723174846752 160.0 256000
1723174860248 159.35566439399594 260000
1723174874096 140.0 264000
1723174887676 155.27069762547046 268000
1723174901012 140.0 272000
1723174914650 156.26437358537083 276000
1723174927674 220.0 280000
1723174941053 160.0 284000
1723174954215 117.30246921554152 288000
1723174967706 119.51456249997965 292000
1723174980955 120.0 296000
1723174994248 240.0 300000
1723175007628 140.0 304000
1723175020992 160.0 308000
1723175034350 160.0 312000
1723175047440 180.0 316000
1723175060416 219.61624738392783 320000
1723175073900 120.0 324000
1723175087283 120.0 328000
1723175100554 158.8424252070459 332000
1723175113707 140.0 336000
1723175127326 160.0 340000
1723175140559 120.0 344000
1723175153916 120.0 348000
1723175167511 140.0 352000
1723175181302 160.0 356000
1723175194492 140.0 360000
1723175208567 159.64496650887696 364000
1723175221252 200.0 368000
1723175234200 120.0 372000
1723175247987 120.0 376000
1723175261248 120.0 380000
1723175275149 120.0 384000
1723175288792 100.0 388000
1723175302355 100.0 392000
1723175315660 160.0 396000
1723175329219 120.0 400000
1723175342470 120.0 404000
1723175355727 140.0 408000
1723175368985 155.8756334757411 412000
1723175382054 160.0 416000
1723175395808 160.0 420000
1723175409435 160.0 424000
1723175422953 139.8443925401525 428000
1723175436265 219.17391925052272 432000
1723175449686 234.3161346773154 436000
1723175462836 138.47299913174479 440000
1723175476012 134.87158538743503 444000
1723175490445 140.0 448000
1723175503441 180.0 452000
1723175517079 100.0 456000
1723175529974 134.3073195652529 460000
1723175543092 100.0 464000
1723175555050 160.0 468000
1723175567895 140.0 472000
1723175581128 160.0 476000
1723175594497 100.0 480000
1723175607978 120.0 484000
1723175621230 115.91700346290061 488000
1723175634885 149.86348723969397 492000
1723175648793 180.0 496000
1723175662450 146.70312088998435 500000
1723175675828 140.0 504000
1723175689601 140.0 508000
1723175703446 120.0 512000
1723175717430 140.0 516000
1723175731033 140.0 520000
1723175744859 100.0 524000
1723175758848 92.34823995670396 528000
1723175773138 120.0 532000
1723175786647 140.0 536000
1723175800404 133.8385895938207 540000
1723175813476 140.0 544000
1723175826494 105.48284998697696 548000
1723175839758 120.0 552000
1723175853309 100.0 556000
1723175867549 120.0 560000
1723175881373 169.63854867694934 564000
1723175894796 140.0 568000
1723175910097 140.0 572000
1723175924058 100.0 576000
1723175936961 100.0 580000
1723175950500 119.89410583497178 584000
1723175963508 100.0 588000
1723175976812 158.9312931341292 592000
1723175990702 100.0 596000
1723176005443 239.9081122142768 600000
1723176019064 160.0 604000
1723176032505 132.31336242341246 608000
1723176045616 119.54755738010346 612000
1723176058053 140.0 616000
1723176071770 160.0 620000
1723176085521 140.0 624000
1723176099196 158.09096560217893 628000
1723176113376 100.0 632000
1723176126530 100.0 636000
1723176140544 120.0 640000
1723176153217 120.0 644000
1723176166459 138.97548389612905 648000
1723176180291 119.20503672567602 652000
1723176193996 140.0 656000
1723176207487 133.64747225217033 660000
1723176220765 160.0 664000
1723176234759 100.0 668000
1723176247809 140.0 672000
1723176261505 160.0 676000
1723176274796 100.0 680000
1723176289134 80.0 684000
1723176302191 100.0 688000
1723176314465 160.0 692000
1723176327884 132.84677387000272 696000
1723176341242 100.0 700000
1723176354713 160.0 704000
1723176368428 158.53171483837338 708000
1723176381999 171.0052683906048 712000
1723176395352 140.0 716000
1723176409303 138.68977583917132 720000
1723176423207 100.0 724000
1723176436482 158.0999510469403 728000
1723176448870 140.0 732000
1723176462172 159.4825655099787 736000
1723176475820 118.16783358846526 740000
1723176489142 148.87060791230954 744000
1723176502936 160.0 748000
1723176516346 120.0 752000
1723176529909 105.7318699827862 756000
1723176543239 118.28776916507485 760000
1723176556890 120.0 764000
1723176569910 107.64145178326262 768000
1723176583629 140.0 772000
1723176597469 171.81320541680498 776000
1723176610734 140.0 780000
1723176624166 120.0 784000
1723176637303 100.0 788000
1723176650624 140.0 792000
1723176663716 116.08555505015444 796000
1723176677027 121.59249036495676 800000
1723176690953 173.85568861061364 804000
1723176704804 108.02990206280963 808000
1723176718221 139.94824259126094 812000
1723176731486 139.70017221944758 816000
1723176744717 100.0 820000
1723176757978 140.0 824000
1723176771583 160.0 828000
1723176785194 100.0 832000
1723176798659 160.0 836000
1723176811963 160.0 840000
1723176825528 200.0 844000
1723176839334 186.93595325475064 848000
1723176852753 220.0 852000
1723176866108 88.62089218254481 856000
1723176879445 140.0 860000
1723176893244 120.0 864000
1723176907331 120.0 868000
1723176921126 120.0 872000
1723176934655 120.0 876000
1723176948212 140.0 880000
1723176961711 120.0 884000
1723176975478 120.55763553937436 888000
1723176988987 140.0 892000
1723177002398 120.0 896000
1723177015736 100.0 900000
1723177029173 140.0 904000
1723177042136 140.0 908000
1723177056257 138.64690818303433 912000
1723177069906 120.0 916000
1723177083415 118.75188360250235 920000
1723177097195 200.0 924000
1723177110587 120.0 928000
1723177124194 180.0 932000
1723177137921 119.57917491925747 936000
1723177151155 119.97435572730643 940000
1723177164352 135.4943808951587 944000
1723177177851 120.0 948000
1723177192420 120.0 952000
1723177205789 159.4445819889708 956000
1723177219405 120.0 960000
1723177232792 140.0 964000
1723177246378 140.0 968000
1723177260010 140.0 972000
1723177274283 180.0 976000
1723177287923 120.0 980000
1723177301911 116.24376009514069 984000
1723177315674 159.9260437066099 988000
1723177329278 133.46794896002527 992000
1723177342403 159.45902065174502 996000
1723177355571 138.55176693228378 1000000
1723177369126 105.7636642960455 1004000
1723177382823 120.0 1008000
1723177396514 139.9932723760349 1012000
1723177410253 120.0 1016000
1723177423690 124.53545806701379 1020000
1723177437275 160.0 1024000
1723177451039 200.0 1028000
1723177464734 120.0 1032000
1723177478863 120.0 1036000
1723177492895 120.0 1040000
1723177506821 120.0 1044000
1723177520485 120.0 1048000
1723177534369 155.17791507008144 1052000
1723177548194 200.0 1056000
1723177561758 160.0 1060000
1723177575908 132.03480157361432 1064000
1723177589551 120.0 1068000
1723177602370 156.84913173455647 1072000
1723177615538 156.03277186195766 1076000
1723177628886 140.0 1080000
1723177641927 138.18856976392624 1084000
1723177655354 140.0 1088000
1723177668799 120.0 1092000
1723177682510 140.0 1096000
1723177696014 120.0 1100000
1723177709558 120.0 1104000
1723177723049 140.0 1108000
1723177736999 132.57690539956357 1112000
1723177750170 159.75213110682756 1116000
1723177763739 138.92638492313367 1120000
1723177777113 120.0 1124000
1723177790661 160.0 1128000
1723177803835 140.0 1132000
1723177816987 160.0 1136000
1723177830492 120.0 1140000
1723177844203 160.0 1144000
1723177858323 135.33844842417682 1148000
1723177871899 119.15271602571244 1152000
1723177885562 176.5003651618458 1156000
1723177899080 159.63957811837247 1160000
1723177912680 140.0 1164000
1723177925669 127.01622395589544 1168000
1723177939281 140.0 1172000
1723177952272 120.0 1176000
1723177965623 120.0 1180000
1723177979086 140.0 1184000
1723177993018 120.0 1188000
1723178006504 140.0 1192000
1723178019726 140.0 1196000
1723178032993 160.0 1200000
1723178045109 140.0 1204000
1723178058625 120.0 1208000
1723178071561 100.0 1212000
1723178084897 100.0 1216000
1723178097763 160.0 1220000
1723178111089 120.0 1224000
1723178124295 160.0 1228000
1723178137625 140.0 1232000
1723178151370 220.0 1236000
1723178165127 114.24228375668923 1240000
1723178178571 100.0 1244000
1723178191640 160.0 1248000
1723178205011 160.0 1252000
1723178218913 160.0 1256000
1723178232244 100.0 1260000
1723178245664 120.0 1264000
1723178259175 138.19043289060633 1268000
1723178272996 120.0 1272000
1723178286303 120.0 1276000
1723178299500 98.35227808527574 1280000
1723178312852 140.0 1284000
1723178326888 119.12277262261216 1288000
1723178340835 140.0 1292000
1723178354451 100.0 1296000
1723178367783 120.0 1300000
1723178381077 140.0 1304000
1723178394673 137.36060637322777 1308000
1723178407653 140.0 1312000
1723178420853 120.0 1316000
1723178434356 173.36119396313887 1320000
1723178447687 120.0 1324000
1723178461179 140.0 1328000
1723178474715 180.0 1332000
1723178488192 100.0 1336000
1723178501641 120.0 1340000
1723178515667 119.07444151982884 1344000
1723178529867 120.0 1348000
1723178543365 138.66148782309568 1352000
1723178556908 138.33726311611684 1356000
1723178570334 100.0 1360000
1723178583480 140.0 1364000
1723178597058 160.0 1368000
1723178610273 113.23740310479639 1372000
1723178623429 200.0 1376000
1723178636561 139.94706711792503 1380000
1723178649879 120.0 1384000
1723178662555 174.13633547653274 1388000
1723178675093 100.0 1392000
1723178688449 154.00586872048592 1396000
1723178701556 130.51708697337085 1400000
1723178714894 153.58936228243755 1404000
1723178728530 160.0 1408000
1723178742313 158.9442827968095 1412000
1723178755550 156.7552741118091 1416000
1723178769291 122.37644742094423 1420000
1723178782814 120.0 1424000
1723178796252 180.0 1428000
1723178809825 138.51127816151637 1432000
1723178823178 140.0 1436000
1723178836076 160.0 1440000
1723178847482 140.0 1444000
1723178859282 95.83482112050295 1448000
1723178871015 100.0 1452000
1723178882990 139.1231775379253 1456000
1723178894994 140.0 1460000
1723178907038 100.0 1464000
1723178918336 160.0 1468000
1723178929906 140.0 1472000
1723178942161 139.94055645344523 1476000
1723178953837 168.57360979425917 1480000
1723178965746 90.66346153026278 1484000
1723178977678 139.59949524635311 1488000
1723178989816 160.0 1492000
1723179001689 100.0 1496000
1723179013706 160.0 1500000
1723179025323 151.58766900607742 1504000
1723179037244 85.47243444918149 1508000
1723179048969 179.50738213197792 1512000
1723179060610 184.6514017999776 1516000
1723179072583 149.19039388601007 1520000
1723179084891 120.0 1524000
1723179096553 180.0 1528000
1723179108059 125.28260141179089 1532000
1723179119667 140.0 1536000
1723179131427 120.0 1540000
1723179143211 199.86252913822145 1544000
1723179154758 120.0 1548000
1723179166473 120.0 1552000
1723179177931 220.0 1556000
1723179189768 133.33551883617434 1560000
1723179201050 140.0 1564000
1723179212687 180.0 1568000
1723179224364 114.8771622221956 1572000
1723179236278 140.0 1576000
1723179247895 200.0 1580000
1723179259088 140.0 1584000
1723179270690 120.0 1588000
1723179282383 129.3994662410573 1592000
1723179293743 100.0 1596000
1723179305027 180.0 1600000
1723179316136 173.3889163847452 1604000
1723179327947 160.0 1608000
1723179339505 100.0 1612000
1723179350902 200.0 1616000
1723179362293 138.1209918777478 1620000
1723179373580 160.0 1624000
1723179384931 120.0 1628000
1723179396182 252.64900656497954 1632000
1723179407372 129.31291080780633 1636000
1723179418858 152.36808054629267 1640000
1723179430536 200.0 1644000
1723179441887 140.0 1648000
1723179453235 139.3023917943919 1652000
1723179464634 160.0 1656000
1723179475941 140.0 1660000
1723179487757 120.0 1664000
1723179499173 140.0 1668000
1723179510710 179.38208996948637 1672000
1723179522249 140.0 1676000
1723179533891 160.0 1680000
1723179544911 140.0 1684000
1723179556172 136.60293947659986 1688000
1723179567658 100.0 1692000
1723179579050 99.39162822350058 1696000
1723179590429 160.0 1700000
1723179601797 120.0 1704000
1723179613095 140.0 1708000
1723179624241 179.99696456810102 1712000
1723179635662 140.0 1716000
1723179646920 120.0 1720000
1723179658423 180.0 1724000
1723179669848 179.0520219347086 1728000
1723179681141 120.0 1732000
1723179692492 120.0 1736000
1723179703938 140.0 1740000
1723179715190 100.0 1744000
1723179726642 140.0 1748000
1723179738097 158.41463455855876 1752000
1723179749499 120.0 1756000
1723179760697 120.0 1760000
1723179772141 180.0 1764000
1723179784144 104.59627432057198 1768000
1723179795939 177.6530456618401 1772000
1723179807409 140.0 1776000
1723179818838 127.42879318564934 1780000
1723179830363 140.0 1784000
1723179842537 139.68182640001856 1788000
1723179853798 160.0 1792000
1723179865318 160.0 1796000
1723179876357 129.2190724885969 1800000
1723179887972 123.53430102249884 1804000
1723179899429 180.0 1808000
1723179910979 116.45445113360233 1812000
1723179922353 179.94186098566027 1816000
1723179933786 159.6819711311241 1820000
1723179945105 151.2264603371782 1824000
1723179956346 159.54946921201204 1828000
1723179967917 96.73962600026867 1832000
1723179979221 200.0 1836000
1723179990713 200.0 1840000
1723180002095 120.0 1844000
1723180013274 120.0 1848000
1723180024864 133.72219688150923 1852000
1723180036505 180.0 1856000
1723180048179 100.0 1860000
1723180059713 140.0 1864000
1723180071055 120.0 1868000
1723180082463 118.52126651314187 1872000
1723180093840 140.9393450257931 1876000
1723180105011 100.0 1880000
1723180116334 136.91445608803264 1884000
1723180127810 120.0 1888000
1723180139339 100.0 1892000
1723180150839 160.0 1896000
1723180161984 139.0172344988244 1900000
1723180173231 120.0 1904000
1723180184514 140.0 1908000
1723180196109 140.0 1912000
1723180207570 94.04992433448076 1916000
1723180218966 108.66861554024155 1920000
1723180230451 100.0 1924000
1723180241716 160.0 1928000
1723180253436 136.69738094748556 1932000
1723180264920 120.0 1936000
1723180276048 120.0 1940000
1723180287506 120.0 1944000
1723180298738 107.90902000440646 1948000
1723180310092 140.0 1952000
1723180321865 140.0 1956000
1723180332998 180.0 1960000
1723180344480 180.0 1964000
1723180356125 97.4549608876251 1968000
1723180367610 140.0 1972000
1723180379116 137.95901472253206 1976000
1723180390498 120.0 1980000
1723180401902 160.0 1984000
1723180413572 120.0 1988000
1723180425331 180.0 1992000
1723180436781 120.0 1996000
1723180448630 140.0 2000000
