1723173953559 153.0 4000
1723173968200 162.0 8000
1723173984031 162.0 12000
1723173999024 162.0 16000
1723174014604 157.0 20000
1723174030031 158.0 24000
1723174046277 162.0 28000
1723174061159 162.0 32000
1723174078114 157.0 36000
1723174093262 162.0 40000
1723174108110 158.0 44000
1723174124613 162.0 48000
1723174139185 157.0 52000
1723174153083 162.0 56000
1723174167255 162.0 60000
1723174181362 158.0 64000
1723174195930 157.0 68000
1723174209742 162.0 72000
1723174224012 162.0 76000
1723174238007 162.0 80000
1723174252249 153.0 84000
1723174266592 162.0 88000
1723174280733 162.0 92000
1723174294621 162.0 96000
1723174308559 162.0 100000
1723174322284 153.0 104000
1723174335927 162.0 108000
1723174350280 162.0 112000
1723174364275 162.0 116000
1723174378685 157.0 120000
1723174394066 158.0 124000
1723174408289 162.0 128000
1723174422186 162.0 132000
1723174436538 157.0 136000
1723174450610 162.0 140000
1723174464476 158.0 144000
1723174478389 162.0 148000
1723174492090 157.0 152000
1723174505700 162.0 156000
1723174519106 162.0 160000
1723174532505 158.0 164000
1723174546825 157.0 168000
1723174560377 162.0 172000
1723174574296 162.0 176000
1723174588801 162.0 180000
1723174602373 153.0 184000
1723174616085 162.0 188000
1723174630008 162.0 192000
1723174643542 162.0 196000
1723174657237 162.0 200000
1723174671233 153.0 204000
1723174684811 162.0 208000
1723174698538 162.0 212000
1723174711740 162.0 216000
1723174725098 157.0 220000
1723174738986 158.0 224000
1723174752307 162.0 228000
1723174765818 162.0 232000
1723174779104 157.0 236000
1723174792689 162.0 240000
1723174806437 158.0 244000
1723174820170 162.0 248000
1723174833611 157.0 252000
1723174846751 162.0 256000
1723174860246 162.0 260000
1723174874094 158.0 264000
1723174887675 157.0 268000
1723174901010 162.0 272000
1723174914648 162.0 276000
1723174927672 162.0 280000
1723174941052 153.0 284000
1723174954214 162.0 288000
1723174967705 162.0 292000
1723174980953 162.0 296000
1723174994246 162.0 300000
1723175007626 153.0 304000
1723175020990 162.0 308000
1723175034348 162.0 312000
1723175047438 162.0 316000
1723175060415 157.0 320000
1723175073899 158.0 324000
1723175087282 162.0 328000
1723175100552 162.0 332000
1723175113705 157.0 336000
1723175127325 162.0 340000
1723175140557 158.0 344000
1723175153914 162.0 348000
1723175167509 157.0 352000
1723175181300 162.0 356000
1723175194490 162.0 360000
1723175208565 158.0 364000
1723175221250 157.0 368000
1723175234199 162.0 372000
1723175247985 162.0 376000
1723175261246 162.0 380000
1723175275146 153.0 384000
1723175288790 162.0 388000
1723175302353 162.0 392000
1723175315659 162.0 396000
1723175329217 162.0 400000
1723175342468 153.0 404000
1723175355725 162.0 408000
1723175368983 162.0 412000
1723175382052 162.0 416000
1723175395806 157.0 420000
1723175409434 158.0 424000
1723175422951 162.0 428000
1723175436264 162.0 432000
1723175449684 157.0 436000
1723175462833 162.0 440000
1723175476010 158.0 444000
1723175490444 162.0 448000
1723175503439 157.0 452000
1723175517077 162.0 456000
1723175529972 162.0 460000
1723175543091 158.0 464000
1723175555049 157.0 468000
1723175567894 162.0 472000
1723175581126 162.0 476000
1723175594495 162.0 480000
1723175607976 153.0 484000
1723175621228 162.0 488000
1723175634883 162.0 492000
1723175648791 162.0 496000
1723175662448 162.0 500000
1723175675827 153.0 504000
1723175689599 162.0 508000
1723175703444 162.0 512000
1723175717428 162.0 516000
1723175731031 157.0 520000
1723175744858 158.0 524000
1723175758846 162.0 528000
1723175773136 162.0 532000
1723175786646 157.0 536000
1723175800402 162.0 540000
1723175813474 158.0 544000
1723175826493 162.0 548000
1723175839756 157.0 552000
1723175853308 162.0 556000
1723175867548 162.0 560000
1723175881369 158.0 564000
1723175894794 157.0 568000
1723175910095 162.0 572000
1723175924057 162.0 576000
1723175936959 162.0 580000
1723175950498 153.0 584000
1723175963506 162.0 588000
1723175976810 162.0 592000
1723175990700 162.0 596000
1723176005442 162.0 600000
1723176019062 153.0 604000
1723176032503 162.0 608000
1723176045614 162.0 612000
1723176058052 162.0 616000
1723176071768 157.0 620000
1723176085519 158.0 624000
1723176099195 162.0 628000
1723176113374 162.0 632000
1723176126528 157.0 636000
1723176140542 162.0 640000
1723176153215 158.0 644000
1723176166457 162.0 648000
1723176180289 157.0 652000
1723176193994 162.0 656000
1723176207485 162.0 660000
1723176220763 158.0 664000
1723176234758 157.0 668000
1723176247807 162.0 672000
1723176261503 162.0 676000
1723176274794 162.0 680000
1723176289132 153.0 684000
1723176302190 162.0 688000
1723176314462 162.0 692000
1723176327882 162.0 696000
1723176341241 162.0 700000
1723176354711 153.0 704000
1723176368427 162.0 708000
1723176381997 162.0 712000
1723176395350 162.0 716000
1723176409301 157.0 720000
1723176423206 158.0 724000
1723176436480 162.0 728000
1723176448868 162.0 732000
1723176462170 157.0 736000
1723176475818 162.0 740000
1723176489140 158.0 744000
1723176502935 162.0 748000
1723176516344 157.0 752000
1723176529906 162.0 756000
1723176543237 162.0 760000
1723176556887 158.0 764000
1723176569909 157.0 768000
1723176583627 162.0 772000
1723176597467 162.0 776000
1723176610732 162.0 780000
1723176624164 153.0 784000
1723176637301 162.0 788000
1723176650622 162.0 792000
1723176663714 162.0 796000
1723176677025 162.0 800000
1723176690951 153.0 804000
1723176704802 162.0 808000
1723176718220 162.0 812000
1723176731484 162.0 816000
1723176744716 157.0 820000
1723176757976 158.0 824000
1723176771581 162.0 828000
1723176785193 162.0 832000
1723176798657 157.0 836000
1723176811962 162.0 840000
1723176825526 158.0 844000
1723176839332 162.0 848000
1723176852751 157.0 852000
1723176866106 162.0 856000
1723176879443 162.0 860000
1723176893242 158.0 864000
1723176907329 157.0 868000
1723176921125 162.0 872000
1723176934653 162.0 876000
1723176948210 162.0 880000
1723176961709 153.0 884000
1723176975477 162.0 888000
1723176988986 162.0 892000
1723177002396 162.0 896000
1723177015734 162.0 900000
1723177029171 153.0 904000
1723177042134 162.0 908000
1723177056255 162.0 912000
1723177069905 162.0 916000
1723177083414 157.0 920000
1723177097193 158.0 924000
1723177110586 162.0 928000
1723177124190 162.0 932000
1723177137919 157.0 936000
1723177151154 162.0 940000
1723177164351 158.0 944000
1723177177849 162.0 948000
1723177192419 157.0 952000
1723177205788 162.0 956000
1723177219403 162.0 960000
1723177232790 158.0 964000
1723177246376 157.0 968000
1723177260008 162.0 972000
1723177274282 162.0 976000
1723177287921 162.0 980000
1723177301909 153.0 984000
1723177315672 162.0 988000
1723177329276 162.0 992000
1723177342401 162.0 996000
1723177355569 162.0 1000000
1723177369123 153.0 1004000
1723177382821 162.0 1008000
1723177396512 162.0 1012000
1723177410251 162.0 1016000
1723177423689 157.0 1020000
1723177437273 158.0 1024000
1723177451036 162.0 1028000
1723177464732 162.0 1032000
1723177478861 157.0 1036000
1723177492884 162.0 1040000
1723177506819 158.0 1044000
1723177520483 162.0 1048000
1723177534367 157.0 1052000
1723177548193 162.0 1056000
1723177561757 162.0 1060000
1723177575906 158.0 1064000
1723177589549 157.0 1068000
1723177602368 162.0 1072000
1723177615536 162.0 1076000
1723177628884 162.0 1080000
1723177641925 153.0 1084000
1723177655350 162.0 1088000
1723177668797 162.0 1092000
1723177682508 162.0 1096000
1723177696012 162.0 1100000
1723177709557 153.0 1104000
1723177723048 162.0 1108000
1723177736997 162.0 1112000
1723177750169 162.0 1116000
1723177763737 157.0 1120000
1723177777111 158.0 1124000
1723177790659 162.0 1128000
1723177803834 162.0 1132000
1723177816986 157.0 1136000
1723177830490 162.0 1140000
1723177844202 158.0 1144000
1723177858321 162.0 1148000
1723177871897 157.0 1152000
1723177885561 162.0 1156000
1723177899079 162.0 1160000
1723177912678 158.0 1164000
1723177925666 157.0 1168000
1723177939279 162.0 1172000
1723177952271 162.0 1176000
1723177965621 162.0 1180000
1723177979084 153.0 1184000
1723177993016 162.0 1188000
1723178006503 162.0 1192000
1723178019724 162.0 1196000
1723178032991 162.0 1200000
1723178045107 153.0 1204000
1723178058623 162.0 1208000
1723178071559 162.0 1212000
1723178084896 162.0 1216000
1723178097762 157.0 1220000
1723178111087 158.0 1224000
1723178124294 162.0 1228000
1723178137624 162.0 1232000
1723178151368 157.0 1236000
1723178165125 162.0 1240000
1723178178569 158.0 1244000
1723178191639 162.0 1248000
1723178205010 157.0 1252000
1723178218911 162.0 1256000
1723178232243 162.0 1260000
1723178245663 158.0 1264000
1723178259173 157.0 1268000
1723178272995 162.0 1272000
1723178286301 162.0 1276000
1723178299499 162.0 1280000
1723178312850 153.0 1284000
1723178326887 162.0 1288000
1723178340833 162.0 1292000
1723178354449 162.0 1296000
1723178367781 162.0 1300000
1723178381075 153.0 1304000
1723178394672 162.0 1308000
1723178407652 162.0 1312000
1723178420852 162.0 1316000
1723178434354 157.0 1320000
1723178447686 158.0 1324000
1723178461177 162.0 1328000
1723178474714 162.0 1332000
1723178488190 157.0 1336000
1723178501639 162.0 1340000
1723178515666 158.0 1344000
1723178529866 162.0 1348000
1723178543363 157.0 1352000
1723178556906 162.0 1356000
1723178570332 162.0 1360000
1723178583478 158.0 1364000
1723178597056 157.0 1368000
1723178610271 162.0 1372000
1723178623427 162.0 1376000
1723178636560 162.0 1380000
1723178649877 153.0 1384000
1723178662550 162.0 1388000
1723178675091 162.0 1392000
1723178688447 162.0 1396000
1723178701554 162.0 1400000
1723178714892 153.0 1404000
1723178728529 162.0 1408000
1723178742312 162.0 1412000
1723178755548 162.0 1416000
1723178769289 157.0 1420000
1723178782812 158.0 1424000
1723178796251 162.0 1428000
1723178809823 162.0 1432000
1723178823177 157.0 1436000
1723178836073 162.0 1440000
1723178847481 158.0 1444000
1723178859280 162.0 1448000
1723178871014 157.0 1452000
1723178882988 162.0 1456000
1723178894993 162.0 1460000
1723178907036 158.0 1464000
1723178918335 157.0 1468000
1723178929904 162.0 1472000
1723178942159 162.0 1476000
1723178953836 162.0 1480000
1723178965744 153.0 1484000
1723178977676 162.0 1488000
1723178989814 162.0 1492000
1723179001687 162.0 1496000
1723179013704 162.0 1500000
1723179025322 153.0 1504000
1723179037243 162.0 1508000
1723179048967 162.0 1512000
1723179060609 162.0 1516000
1723179072581 157.0 1520000
1723179084890 158.0 1524000
1723179096551 162.0 1528000
1723179108058 162.0 1532000
1723179119665 157.0 1536000
1723179131425 162.0 1540000
1723179143210 158.0 1544000
1723179154756 162.0 1548000
1723179166471 157.0 1552000
1723179177930 162.0 1556000
1723179189766 162.0 1560000
1723179201049 158.0 1564000
1723179212685 157.0 1568000
1723179224363 162.0 1572000
1723179236276 162.0 1576000
1723179247893 162.0 1580000
1723179259086 153.0 1584000
1723179270688 162.0 1588000
1723179282381 162.0 1592000
1723179293741 162.0 1596000
1723179305026 162.0 1600000
1723179316134 153.0 1604000
1723179327946 162.0 1608000
1723179339503 162.0 1612000
1723179350900 162.0 1616000
1723179362291 157.0 1620000
1723179373579 158.0 1624000
1723179384929 162.0 1628000
1723179396181 162.0 1632000
1723179407370 157.0 1636000
1723179418856 162.0 1640000
1723179430535 158.0 1644000
1723179441885 162.0 1648000
1723179453233 157.0 1652000
1723179464632 162.0 1656000
1723179475939 162.0 1660000
1723179487755 158.0 1664000
1723179499171 157.0 1668000
1723179510709 162.0 1672000
1723179522248 162.0 1676000
1723179533890 162.0 1680000
1723179544910 153.0 1684000
1723179556170 162.0 1688000
1723179567657 162.0 1692000
1723179579049 162.0 1696000
1723179590427 162.0 1700000
1723179601796 153.0 1704000
1723179613094 162.0 1708000
1723179624240 162.0 1712000
1723179635660 162.0 1716000
1723179646919 157.0 1720000
1723179658421 158.0 1724000
1723179669846 162.0 1728000
1723179681140 162.0 1732000
1723179692490 157.0 1736000
1723179703937 162.0 1740000
1723179715189 158.0 1744000
1723179726641 162.0 1748000
1723179738095 157.0 1752000
1723179749497 162.0 1756000
1723179760695 162.0 1760000
1723179772140 158.0 1764000
1723179784143 157.0 1768000
1723179795937 162.0 1772000
1723179807408 162.0 1776000
1723179818837 162.0 1780000
1723179830361 153.0 1784000
1723179842536 162.0 1788000
1723179853796 162.0 1792000
1723179865316 162.0 1796000
1723179876355 162.0 1800000
1723179887971 153.0 1804000
1723179899427 162.0 1808000
1723179910978 162.0 1812000
1723179922352 162.0 1816000
1723179933785 157.0 1820000
1723179945103 158.0 1824000
1723179956344 162.0 1828000
1723179967916 162.0 1832000
1723179979219 157.0 1836000
1723179990711 162.0 1840000
1723180002094 158.0 1844000
1723180013273 162.0 1848000
1723180024862 157.0 1852000
1723180036503 162.0 1856000
1723180048177 162.0 1860000
1723180059712 158.0 1864000
1723180071053 157.0 1868000
1723180082461 162.0 1872000
1723180093838 162.0 1876000
1723180105010 162.0 1880000
1723180116332 153.0 1884000
1723180127808 162.0 1888000
1723180139337 162.0 1892000
1723180150838 162.0 1896000
1723180161983 162.0 1900000
1723180173229 153.0 1904000
1723180184512 162.0 1908000
1723180196107 162.0 1912000
1723180207568 162.0 1916000
1723180218964 157.0 1920000
1723180230449 158.0 1924000
1723180241714 162.0 1928000
1723180253434 162.0 1932000
1723180264918 157.0 1936000
1723180276047 162.0 1940000
1723180287505 158.0 1944000
1723180298737 162.0 1948000
1723180310091 157.0 1952000
1723180321863 162.0 1956000
1723180332997 162.0 1960000
1723180344478 158.0 1964000
1723180356123 157.0 1968000
1723180367609 162.0 1972000
1723180379115 162.0 1976000
1723180390496 162.0 1980000
1723180401900 153.0 1984000
1723180413570 162.0 1988000
1723180425330 162.0 1992000
1723180436779 162.0 1996000
1723180448628 162.0 2000000
