1723173953561 153.0 4000
1723173968201 162.0 8000
1723173984032 162.0 12000
1723173999025 162.0 16000
1723174014605 157.0 20000
1723174030032 158.0 24000
1723174046278 162.0 28000
1723174061161 162.0 32000
1723174078115 157.0 36000
1723174093264 162.0 40000
1723174108111 158.0 44000
1723174124614 162.0 48000
1723174139186 157.0 52000
1723174153085 162.0 56000
1723174167257 162.0 60000
1723174181364 158.0 64000
1723174195931 157.0 68000
1723174209743 162.0 72000
1723174224013 162.0 76000
1723174238008 162.0 80000
1723174252250 153.0 84000
1723174266594 162.0 88000
1723174280735 162.0 92000
1723174294622 162.0 96000
1723174308560 162.0 100000
1723174322285 153.0 104000
1723174335928 162.0 108000
1723174350281 162.0 112000
1723174364276 162.0 116000
1723174378686 157.0 120000
1723174394067 158.0 124000
1723174408290 162.0 128000
1723174422188 162.0 132000
1723174436539 157.0 136000
1723174450612 162.0 140000
1723174464477 158.0 144000
1723174478390 162.0 148000
1723174492091 157.0 152000
1723174505701 162.0 156000
1723174519108 162.0 160000
1723174532506 158.0 164000
1723174546826 157.0 168000
1723174560378 162.0 172000
1723174574297 162.0 176000
1723174588802 162.0 180000
1723174602374 153.0 184000
1723174616086 162.0 188000
1723174630009 162.0 192000
1723174643544 162.0 196000
1723174657238 162.0 200000
1723174671234 153.0 204000
1723174684812 162.0 208000
1723174698539 162.0 212000
1723174711742 162.0 216000
1723174725100 157.0 220000
1723174738988 158.0 224000
1723174752308 162.0 228000
1723174765820 162.0 232000
1723174779105 157.0 236000
1723174792690 162.0 240000
1723174806438 158.0 244000
1723174820171 162.0 248000
1723174833612 157.0 252000
1723174846752 162.0 256000
1723174860247 162.0 260000
1723174874096 158.0 264000
1723174887676 157.0 268000
1723174901011 162.0 272000
1723174914649 162.0 276000
1723174927673 162.0 280000
1723174941053 153.0 284000
1723174954215 162.0 288000
1723174967706 162.0 292000
1723174980954 162.0 296000
1723174994247 162.0 300000
1723175007628 153.0 304000
1723175020991 162.0 308000
1723175034349 162.0 312000
1723175047440 162.0 316000
1723175060416 157.0 320000
1723175073900 158.0 324000
1723175087283 162.0 328000
1723175100553 162.0 332000
1723175113707 157.0 336000
1723175127326 162.0 340000
1723175140559 158.0 344000
1723175153915 162.0 348000
1723175167510 157.0 352000
1723175181302 162.0 356000
1723175194491 162.0 360000
1723175208567 158.0 364000
1723175221251 157.0 368000
1723175234200 162.0 372000
1723175247987 162.0 376000
1723175261247 162.0 380000
1723175275148 153.0 384000
1723175288791 162.0 388000
1723175302355 162.0 392000
1723175315660 162.0 396000
1723175329218 162.0 400000
1723175342470 153.0 404000
1723175355727 162.0 408000
1723175368984 162.0 412000
1723175382053 162.0 416000
1723175395807 157.0 420000
1723175409435 158.0 424000
1723175422952 162.0 428000
1723175436265 162.0 432000
1723175449686 157.0 436000
1723175462835 162.0 440000
1723175476011 158.0 444000
1723175490445 162.0 448000
1723175503441 157.0 452000
1723175517078 162.0 456000
1723175529973 162.0 460000
1723175543092 158.0 464000
1723175555050 157.0 468000
1723175567895 162.0 472000
1723175581127 162.0 476000
1723175594496 162.0 480000
1723175607977 153.0 484000
1723175621229 162.0 488000
1723175634884 162.0 492000
1723175648792 162.0 496000
1723175662449 162.0 500000
1723175675828 153.0 504000
1723175689600 162.0 508000
1723175703446 162.0 512000
1723175717429 162.0 516000
1723175731032 157.0 520000
1723175744859 158.0 524000
1723175758847 162.0 528000
1723175773137 162.0 532000
1723175786647 157.0 536000
1723175800404 162.0 540000
1723175813475 158.0 544000
1723175826494 162.0 548000
1723175839758 157.0 552000
1723175853309 162.0 556000
1723175867549 162.0 560000
1723175881373 158.0 564000
1723175894796 157.0 568000
1723175910097 162.0 572000
1723175924058 162.0 576000
1723175936960 162.0 580000
1723175950499 153.0 584000
1723175963508 162.0 588000
1723175976812 162.0 592000
1723175990701 162.0 596000
1723176005443 162.0 600000
1723176019064 153.0 604000
1723176032504 162.0 608000
1723176045615 162.0 612000
1723176058053 162.0 616000
1723176071770 157.0 620000
1723176085520 158.0 624000
1723176099196 162.0 628000
1723176113375 162.0 632000
1723176126529 157.0 636000
1723176140543 162.0 640000
1723176153216 158.0 644000
1723176166458 162.0 648000
1723176180291 157.0 652000
1723176193995 162.0 656000
1723176207486 162.0 660000
1723176220764 158.0 664000
1723176234759 157.0 668000
1723176247808 162.0 672000
1723176261505 162.0 676000
1723176274796 162.0 680000
1723176289133 153.0 684000
1723176302191 162.0 688000
1723176314464 162.0 692000
1723176327883 162.0 696000
1723176341242 162.0 700000
1723176354713 153.0 704000
1723176368428 162.0 708000
1723176381998 162.0 712000
1723176395351 162.0 716000
1723176409303 157.0 720000
1723176423207 158.0 724000
1723176436481 162.0 728000
1723176448870 162.0 732000
1723176462171 157.0 736000
1723176475819 162.0 740000
1723176489141 158.0 744000
1723176502936 162.0 748000
1723176516345 157.0 752000
1723176529909 162.0 756000
1723176543238 162.0 760000
1723176556888 158.0 764000
1723176569910 157.0 768000
1723176583629 162.0 772000
1723176597468 162.0 776000
1723176610734 162.0 780000
1723176624166 153.0 784000
1723176637303 162.0 788000
1723176650623 162.0 792000
1723176663715 162.0 796000
1723176677026 162.0 800000
1723176690953 153.0 804000
1723176704803 162.0 808000
1723176718221 162.0 812000
1723176731486 162.0 816000
1723176744717 157.0 820000
1723176757977 158.0 824000
1723176771582 162.0 828000
1723176785194 162.0 832000
1723176798658 157.0 836000
1723176811963 162.0 840000
1723176825527 158.0 844000
1723176839334 162.0 848000
1723176852752 157.0 852000
1723176866107 162.0 856000
1723176879445 162.0 860000
1723176893243 158.0 864000
1723176907331 157.0 868000
1723176921126 162.0 872000
1723176934654 162.0 876000
1723176948212 162.0 880000
1723176961710 153.0 884000
1723176975478 162.0 888000
1723176988987 162.0 892000
1723177002397 162.0 896000
1723177015735 162.0 900000
1723177029172 153.0 904000
1723177042135 162.0 908000
1723177056256 162.0 912000
1723177069906 162.0 916000
1723177083415 157.0 920000
1723177097195 158.0 924000
1723177110587 162.0 928000
1723177124193 162.0 932000
1723177137920 157.0 936000
1723177151155 162.0 940000
1723177164352 158.0 944000
1723177177851 162.0 948000
1723177192420 157.0 952000
1723177205789 162.0 956000
1723177219405 162.0 960000
1723177232792 158.0 964000
1723177246377 157.0 968000
1723177260010 162.0 972000
1723177274283 162.0 976000
1723177287922 162.0 980000
1723177301910 153.0 984000
1723177315673 162.0 988000
1723177329277 162.0 992000
1723177342402 162.0 996000
1723177355570 162.0 1000000
1723177369125 153.0 1004000
1723177382823 162.0 1008000
1723177396513 162.0 1012000
1723177410253 162.0 1016000
1723177423690 157.0 1020000
1723177437274 158.0 1024000
1723177451038 162.0 1028000
1723177464733 162.0 1032000
1723177478863 157.0 1036000
1723177492894 162.0 1040000
1723177506820 158.0 1044000
1723177520485 162.0 1048000
1723177534368 157.0 1052000
1723177548194 162.0 1056000
1723177561758 162.0 1060000
1723177575908 158.0 1064000
1723177589551 157.0 1068000
1723177602369 162.0 1072000
1723177615537 162.0 1076000
1723177628885 162.0 1080000
1723177641926 153.0 1084000
1723177655353 162.0 1088000
1723177668798 162.0 1092000
1723177682509 162.0 1096000
1723177696013 162.0 1100000
1723177709558 153.0 1104000
1723177723049 162.0 1108000
1723177736999 162.0 1112000
1723177750170 162.0 1116000
1723177763738 157.0 1120000
1723177777112 158.0 1124000
1723177790660 162.0 1128000
1723177803835 162.0 1132000
1723177816987 157.0 1136000
1723177830491 162.0 1140000
1723177844203 158.0 1144000
1723177858322 162.0 1148000
1723177871898 157.0 1152000
1723177885562 162.0 1156000
1723177899080 162.0 1160000
1723177912679 158.0 1164000
1723177925668 157.0 1168000
1723177939280 162.0 1172000
1723177952272 162.0 1176000
1723177965622 162.0 1180000
1723177979085 153.0 1184000
1723177993018 162.0 1188000
1723178006504 162.0 1192000
1723178019725 162.0 1196000
1723178032992 162.0 1200000
1723178045108 153.0 1204000
1723178058625 162.0 1208000
1723178071560 162.0 1212000
1723178084897 162.0 1216000
1723178097763 157.0 1220000
1723178111088 158.0 1224000
1723178124295 162.0 1228000
1723178137625 162.0 1232000
1723178151369 157.0 1236000
1723178165127 162.0 1240000
1723178178571 158.0 1244000
1723178191640 162.0 1248000
1723178205011 157.0 1252000
1723178218913 162.0 1256000
1723178232244 162.0 1260000
1723178245664 158.0 1264000
1723178259174 157.0 1268000
1723178272996 162.0 1272000
1723178286302 162.0 1276000
1723178299500 162.0 1280000
1723178312851 153.0 1284000
1723178326888 162.0 1288000
1723178340834 162.0 1292000
1723178354451 162.0 1296000
1723178367783 162.0 1300000
1723178381076 153.0 1304000
1723178394673 162.0 1308000
1723178407653 162.0 1312000
1723178420853 162.0 1316000
1723178434356 157.0 1320000
1723178447687 158.0 1324000
1723178461179 162.0 1328000
1723178474715 162.0 1332000
1723178488191 157.0 1336000
1723178501641 162.0 1340000
1723178515667 158.0 1344000
1723178529867 162.0 1348000
1723178543365 157.0 1352000
1723178556907 162.0 1356000
1723178570333 162.0 1360000
1723178583479 158.0 1364000
1723178597058 157.0 1368000
1723178610272 162.0 1372000
1723178623428 162.0 1376000
1723178636561 162.0 1380000
1723178649878 153.0 1384000
1723178662553 162.0 1388000
1723178675092 162.0 1392000
1723178688448 162.0 1396000
1723178701556 162.0 1400000
1723178714893 153.0 1404000
1723178728530 162.0 1408000
1723178742313 162.0 1412000
1723178755549 162.0 1416000
1723178769290 157.0 1420000
1723178782814 158.0 1424000
1723178796252 162.0 1428000
1723178809824 162.0 1432000
1723178823178 157.0 1436000
1723178836075 162.0 1440000
1723178847482 158.0 1444000
1723178859281 162.0 1448000
1723178871015 157.0 1452000
1723178882989 162.0 1456000
1723178894994 162.0 1460000
1723178907037 158.0 1464000
1723178918336 157.0 1468000
1723178929905 162.0 1472000
1723178942160 162.0 1476000
1723178953837 162.0 1480000
1723178965746 153.0 1484000
1723178977678 162.0 1488000
1723178989816 162.0 1492000
1723179001689 162.0 1496000
1723179013706 162.0 1500000
1723179025323 153.0 1504000
1723179037244 162.0 1508000
1723179048968 162.0 1512000
1723179060610 162.0 1516000
1723179072582 157.0 1520000
1723179084891 158.0 1524000
1723179096552 162.0 1528000
1723179108059 162.0 1532000
1723179119666 157.0 1536000
1723179131426 162.0 1540000
1723179143211 158.0 1544000
1723179154757 162.0 1548000
1723179166473 157.0 1552000
1723179177931 162.0 1556000
1723179189768 162.0 1560000
1723179201050 158.0 1564000
1723179212686 157.0 1568000
1723179224364 162.0 1572000
1723179236278 162.0 1576000
1723179247894 162.0 1580000
1723179259087 153.0 1584000
1723179270690 162.0 1588000
1723179282383 162.0 1592000
1723179293742 162.0 1596000
1723179305027 162.0 1600000
1723179316135 153.0 1604000
1723179327947 162.0 1608000
1723179339505 162.0 1612000
1723179350901 162.0 1616000
1723179362292 157.0 1620000
1723179373580 158.0 1624000
1723179384931 162.0 1628000
1723179396182 162.0 1632000
1723179407372 157.0 1636000
1723179418857 162.0 1640000
1723179430536 158.0 1644000
1723179441886 162.0 1648000
1723179453234 157.0 1652000
1723179464634 162.0 1656000
1723179475940 162.0 1660000
1723179487756 158.0 1664000
1723179499173 157.0 1668000
1723179510710 162.0 1672000
1723179522249 162.0 1676000
1723179533891 162.0 1680000
1723179544911 153.0 1684000
1723179556171 162.0 1688000
1723179567658 162.0 1692000
1723179579050 162.0 1696000
1723179590429 162.0 1700000
1723179601797 153.0 1704000
1723179613095 162.0 1708000
1723179624241 162.0 1712000
1723179635661 162.0 1716000
1723179646920 157.0 1720000
1723179658423 158.0 1724000
1723179669848 162.0 1728000
1723179681141 162.0 1732000
1723179692492 157.0 1736000
1723179703938 162.0 1740000
1723179715190 158.0 1744000
1723179726642 162.0 1748000
1723179738096 157.0 1752000
1723179749499 162.0 1756000
1723179760696 162.0 1760000
1723179772141 158.0 1764000
1723179784144 157.0 1768000
1723179795938 162.0 1772000
1723179807409 162.0 1776000
1723179818838 162.0 1780000
1723179830362 153.0 1784000
1723179842537 162.0 1788000
1723179853797 162.0 1792000
1723179865317 162.0 1796000
1723179876357 162.0 1800000
1723179887972 153.0 1804000
1723179899428 162.0 1808000
1723179910979 162.0 1812000
1723179922353 162.0 1816000
1723179933786 157.0 1820000
1723179945104 158.0 1824000
1723179956345 162.0 1828000
1723179967917 162.0 1832000
1723179979220 157.0 1836000
1723179990712 162.0 1840000
1723180002095 158.0 1844000
1723180013274 162.0 1848000
1723180024863 157.0 1852000
1723180036505 162.0 1856000
1723180048178 162.0 1860000
1723180059713 158.0 1864000
1723180071054 157.0 1868000
1723180082462 162.0 1872000
1723180093840 162.0 1876000
1723180105011 162.0 1880000
1723180116333 153.0 1884000
1723180127810 162.0 1888000
1723180139338 162.0 1892000
1723180150839 162.0 1896000
1723180161984 162.0 1900000
1723180173230 153.0 1904000
1723180184513 162.0 1908000
1723180196109 162.0 1912000
1723180207569 162.0 1916000
1723180218965 157.0 1920000
1723180230451 158.0 1924000
1723180241715 162.0 1928000
1723180253436 162.0 1932000
1723180264919 157.0 1936000
1723180276048 162.0 1940000
1723180287506 158.0 1944000
1723180298738 162.0 1948000
1723180310092 157.0 1952000
1723180321864 162.0 1956000
1723180332998 162.0 1960000
1723180344479 158.0 1964000
1723180356124 157.0 1968000
1723180367610 162.0 1972000
1723180379116 162.0 1976000
1723180390497 162.0 1980000
1723180401902 153.0 1984000
1723180413571 162.0 1988000
1723180425331 162.0 1992000
1723180436780 162.0 1996000
1723180448629 162.0 2000000
