1723147967137 1.0 4000
1723147979851 1.0 8000
1723147994346 1.0 12000
1723148013967 1.0 16000
1723148031075 1.0 20000
1723148046253 1.0 24000
1723148059819 1.0 28000
1723148071917 1.0 32000
1723148084736 1.0 36000
1723148098006 1.0 40000
1723148111852 1.0 44000
1723148124220 1.0 48000
1723148142645 1.0 52000
1723148155875 1.0 56000
1723148169120 1.0 60000
1723148181769 1.0 64000
1723148194598 1.0 68000
1723148209421 1.0 72000
1723148227458 1.0 76000
1723148243869 1.0 80000
1723148256670 1.0 84000
1723148271492 1.0 88000
1723148289419 1.0 92000
1723148307039 1.0 96000
1723148319639 1.0 100000
1723148331209 1.0 104000
1723148345259 1.0 108000
1723148365696 1.0 112000
1723148379163 1.0 116000
1723148392526 1.0 120000
1723148406296 1.0 124000
1723148418884 1.0 128000
1723148431928 1.0 132000
1723148444652 1.0 136000
1723148457911 1.0 140000
1723148470833 1.0 144000
1723148488507 1.0 148000
1723148501580 1.0 152000
1723148514694 1.0 156000
1723148529287 1.0 160000
1723148542160 1.0 164000
1723148554995 1.0 168000
1723148567400 1.0 172000
1723148583212 1.0 176000
1723148596488 1.0 180000
1723148610375 1.0 184000
1723148622786 1.0 188000
1723148636059 1.0 192000
1723148651247 1.0 196000
1723148665414 1.0 200000
1723148677481 1.0 204000
1723148689116 1.0 208000
1723148707265 1.0 212000
1723148723886 1.0 216000
1723148740402 1.0 220000
1723148756477 1.0 224000
1723148772511 1.0 228000
1723148789337 1.0 232000
1723148808684 1.0 236000
1723148823967 1.0 240000
1723148835939 1.0 244000
1723148848856 1.0 248000
1723148865071 1.0 252000
1723148884103 1.0 256000
1723148904727 1.0 260000
1723148916616 1.0 264000
1723148928580 1.0 268000
1723148940735 1.0 272000
1723148952417 1.0 276000
1723148964016 1.0 280000
1723148977308 1.0 284000
1723148988995 1.0 288000
1723149002193 1.0 292000
1723149014675 1.0 296000
1723149025938 1.0 300000
1723149037315 1.0 304000
1723149049612 1.0 308000
1723149067557 1.0 312000
1723149084227 1.0 316000
1723149103816 1.0 320000
1723149117491 1.0 324000
1723149131914 1.0 328000
1723149150999 1.0 332000
1723149166445 1.0 336000
1723149183053 1.0 340000
1723149199385 1.0 344000
1723149215930 1.0 348000
1723149234183 1.0 352000
1723149247264 1.0 356000
1723149259579 1.0 360000
1723149271993 1.0 364000
1723149283844 1.0 368000
1723149295731 1.0 372000
1723149307912 1.0 376000
1723149320458 1.0 380000
1723149332551 1.0 384000
1723149344643 1.0 388000
1723149356981 1.0 392000
1723149369085 1.0 396000
1723149380538 1.0 400000
1723149392348 1.0 404000
1723149403837 1.0 408000
1723149415347 1.0 412000
1723149427169 1.0 416000
1723149446068 1.0 420000
1723149459059 1.0 424000
1723149470564 1.0 428000
1723149481996 1.0 432000
1723149493732 1.0 436000
1723149505947 1.0 440000
1723149518267 1.0 444000
1723149529946 1.0 448000
1723149541643 1.0 452000
1723149553015 1.0 456000
1723149564564 1.0 460000
1723149576785 1.0 464000
1723149588411 1.0 468000
1723149599708 1.0 472000
1723149611078 1.0 476000
1723149622459 1.0 480000
1723149633620 1.0 484000
1723149645022 1.0 488000
1723149656091 1.0 492000
1723149667658 1.0 496000
1723149679040 1.0 500000
1723149690395 1.0 504000
1723149701727 1.0 508000
1723149713021 1.0 512000
1723149724398 1.0 516000
1723149735827 1.0 520000
1723149747309 1.0 524000
1723149759242 1.0 528000
1723149770880 1.0 532000
1723149782196 1.0 536000
1723149793507 1.0 540000
1723149804502 1.0 544000
1723149815937 1.0 548000
1723149827006 1.0 552000
1723149838299 1.0 556000
1723149850142 1.0 560000
1723149861320 1.0 564000
1723149873018 1.0 568000
1723149884386 1.0 572000
1723149895743 1.0 576000
1723149906951 1.0 580000
1723149918484 1.0 584000
1723149929898 1.0 588000
1723149941603 1.0 592000
1723149953024 1.0 596000
1723149964879 1.0 600000
1723149976144 1.0 604000
1723149987556 1.0 608000
1723149999094 1.0 612000
1723150010309 1.0 616000
1723150021666 1.0 620000
1723150032958 1.0 624000
1723150044420 1.0 628000
1723150055859 1.0 632000
1723150067249 1.0 636000
1723150078888 1.0 640000
1723150090671 1.0 644000
1723150101996 1.0 648000
1723150113519 1.0 652000
1723150124860 1.0 656000
1723150136293 1.0 660000
1723150147555 1.0 664000
1723150158536 1.0 668000
1723150169743 1.0 672000
1723150181012 1.0 676000
1723150192347 1.0 680000
1723150203442 1.0 684000
1723150214450 1.0 688000
1723150225926 1.0 692000
1723150237287 1.0 696000
1723150249207 1.0 700000
1723150260687 1.0 704000
1723150272160 1.0 708000
1723150283685 1.0 712000
1723150295571 1.0 716000
1723150306773 1.0 720000
1723150319482 1.0 724000
1723150330877 1.0 728000
1723150342187 1.0 732000
1723150353479 1.0 736000
1723150365064 1.0 740000
1723150376377 1.0 744000
1723150387731 1.0 748000
1723150399171 1.0 752000
1723150410896 1.0 756000
1723150422353 1.0 760000
1723150433830 1.0 764000
1723150445070 1.0 768000
1723150456499 1.0 772000
1723150467503 1.0 776000
1723150479427 1.0 780000
1723150490839 1.0 784000
1723150505673 1.0 788000
1723150524415 1.0 792000
1723150543372 1.0 796000
1723150557367 1.0 800000
