1723217322527 1.0 4000
1723217337840 2.0 8000
1723217352958 3.0 12000
1723217368117 4.0 16000
1723217383062 5.0 20000
1723217398256 6.0 24000
1723217413402 7.0 28000
1723217428459 8.0 32000
1723217443750 9.0 36000
1723217459006 10.0 40000
1723217474591 11.0 44000
1723217489853 12.0 48000
1723217505134 13.0 52000
1723217520433 14.0 56000
1723217535535 15.0 60000
1723217550798 16.0 64000
1723217566068 17.0 68000
1723217581356 18.0 72000
1723217596799 19.0 76000
1723217612239 20.0 80000
1723217629639 21.0 84000
1723217646487 22.0 88000
1723217663244 23.0 92000
1723217680340 24.0 96000
1723217697021 25.0 100000
1723217713352 26.0 104000
1723217730101 27.0 108000
1723217747452 28.0 112000
1723217764221 29.0 116000
1723217779952 30.0 120000
1723217796301 31.0 124000
1723217812916 32.0 128000
1723217829901 33.0 132000
1723217846651 34.0 136000
1723217864039 35.0 140000
1723217881123 36.0 144000
1723217898123 37.0 148000
1723217915440 38.0 152000
1723217932607 39.0 156000
1723217949140 40.0 160000
1723217965965 41.0 164000
1723217983023 42.0 168000
1723217999595 43.0 172000
1723218015826 44.0 176000
1723218032453 45.0 180000
1723218048892 46.0 184000
1723218065368 47.0 188000
1723218082210 48.0 192000
1723218098789 49.0 196000
1723218115695 50.0 200000
1723218132571 51.0 204000
1723218149539 52.0 208000
1723218166124 53.0 212000
1723218182779 54.0 216000
1723218197852 55.0 220000
1723218214757 56.0 224000
1723218231286 57.0 228000
1723218247567 58.0 232000
1723218263730 59.0 236000
1723218279741 60.0 240000
1723218296660 61.0 244000
1723218313405 62.0 248000
1723218330028 63.0 252000
1723218346369 64.0 256000
1723218362674 65.0 260000
1723218378612 66.0 264000
1723218394095 67.0 268000
1723218409960 68.0 272000
1723218426062 69.0 276000
1723218442067 70.0 280000
1723218457739 71.0 284000
1723218472632 72.0 288000
1723218488689 73.0 292000
1723218504371 74.0 296000
1723218520036 75.0 300000
1723218535923 76.0 304000
1723218551422 77.0 308000
1723218567859 78.0 312000
1723218585159 79.0 316000
1723218601470 80.0 320000
1723218617738 81.0 324000
1723218634105 82.0 328000
1723218650303 83.0 332000
1723218666907 84.0 336000
1723218683198 85.0 340000
1723218699587 86.0 344000
1723218824299 87.0 348000
1723218840981 88.0 352000
1723218857112 89.0 356000
1723218872374 90.0 360000
1723218889701 91.0 364000
1723218904812 92.0 368000
1723218920232 93.0 372000
1723218935451 94.0 376000
1723218950980 95.0 380000
1723218966435 96.0 384000
1723218984839 97.0 388000
1723219006371 98.0 392000
1723219023224 99.0 396000
1723219038347 100.0 400000
1723219052601 101.0 404000
1723219068832 102.0 408000
1723219084768 103.0 412000
1723219100495 104.0 416000
1723219116494 105.0 420000
1723219132515 106.0 424000
1723219148977 107.0 428000
1723219166342 108.0 432000
1723219182887 109.0 436000
1723219199611 110.0 440000
1723219215634 111.0 444000
1723219232149 112.0 448000
1723219248126 113.0 452000
1723219264367 114.0 456000
1723219280378 115.0 460000
1723219296303 116.0 464000
1723219312478 117.0 468000
1723219328102 118.0 472000
1723219345800 119.0 476000
1723219362323 120.0 480000
1723219378645 121.0 484000
1723219394302 122.0 488000
1723219410471 123.0 492000
1723219425283 124.0 496000
1723219440675 125.0 500000
1723219456487 126.0 504000
1723219472340 127.0 508000
1723219487406 128.0 512000
1723219502787 129.0 516000
1723219518657 130.0 520000
1723219534811 131.0 524000
1723219550447 132.0 528000
1723219566163 133.0 532000
1723219582142 134.0 536000
1723219598342 135.0 540000
1723219613761 136.0 544000
1723219631161 137.0 548000
1723219646972 138.0 552000
1723219662444 139.0 556000
1723219678892 140.0 560000
1723219694509 141.0 564000
1723219710091 142.0 568000
1723219725888 143.0 572000
1723219741445 144.0 576000
1723219755638 145.0 580000
1723219771187 146.0 584000
1723219787711 147.0 588000
1723219803310 148.0 592000
1723219818895 149.0 596000
1723219834567 150.0 600000
1723219850235 151.0 604000
1723219867167 152.0 608000
1723219883442 153.0 612000
1723219898966 154.0 616000
1723219914389 155.0 620000
1723219929529 156.0 624000
1723219945342 157.0 628000
1723219961001 158.0 632000
1723219976507 159.0 636000
1723219991967 160.0 640000
1723220007620 161.0 644000
1723220023005 162.0 648000
1723220037481 163.0 652000
1723220052701 164.0 656000
1723220068337 165.0 660000
1723220084112 166.0 664000
1723220099891 167.0 668000
1723220115321 168.0 672000
1723220131487 169.0 676000
1723220147142 170.0 680000
1723220162640 171.0 684000
1723220178566 172.0 688000
1723220194629 173.0 692000
1723220210290 174.0 696000
1723220225690 175.0 700000
1723220240788 176.0 704000
1723220256901 177.0 708000
1723220272307 178.0 712000
1723220288355 179.0 716000
1723220304167 180.0 720000
1723220318838 181.0 724000
1723220334010 182.0 728000
1723220349508 183.0 732000
1723220365421 184.0 736000
1723220381088 185.0 740000
1723220396772 186.0 744000
1723220412303 187.0 748000
1723220428368 188.0 752000
1723220444409 189.0 756000
1723220459689 190.0 760000
1723220475785 191.0 764000
1723220492402 192.0 768000
1723220508346 193.0 772000
1723220524259 194.0 776000
1723220540042 195.0 780000
1723220556261 196.0 784000
1723220571916 197.0 788000
1723220588250 198.0 792000
1723220604317 199.0 796000
1723220619851 200.0 800000
