1723217322521 4000.0 4000
1723217337835 4000.0 8000
1723217352953 4000.0 12000
1723217368111 4000.0 16000
1723217383056 4000.0 20000
1723217398250 4000.0 24000
1723217413396 4000.0 28000
1723217428454 4000.0 32000
1723217443745 4000.0 36000
1723217459000 4000.0 40000
1723217474585 4000.0 44000
1723217489848 4000.0 48000
1723217505128 4000.0 52000
1723217520428 4000.0 56000
1723217535528 4000.0 60000
1723217550792 4000.0 64000
1723217566062 4000.0 68000
1723217581351 4000.0 72000
1723217596794 4000.0 76000
1723217612229 4000.0 80000
1723217629634 4000.0 84000
1723217646481 4000.0 88000
1723217663239 4000.0 92000
1723217680335 4000.0 96000
1723217697015 4000.0 100000
1723217713346 4000.0 104000
1723217730096 4000.0 108000
1723217747445 4000.0 112000
1723217764216 4000.0 116000
1723217779947 4000.0 120000
1723217796295 4000.0 124000
1723217812906 4000.0 128000
1723217829895 4000.0 132000
1723217846646 4000.0 136000
1723217864031 4000.0 140000
1723217881118 4000.0 144000
1723217898117 4000.0 148000
1723217915435 4000.0 152000
1723217932601 4000.0 156000
1723217949132 4000.0 160000
1723217965959 4000.0 164000
1723217983017 4000.0 168000
1723217999590 4000.0 172000
1723218015820 4000.0 176000
1723218032448 4000.0 180000
1723218048886 4000.0 184000
1723218065363 4000.0 188000
1723218082202 4000.0 192000
1723218098783 4000.0 196000
1723218115689 4000.0 200000
1723218132566 4000.0 204000
1723218149534 4000.0 208000
1723218166118 4000.0 212000
1723218182774 4000.0 216000
1723218197846 4000.0 220000
1723218214751 4000.0 224000
1723218231280 4000.0 228000
1723218247561 4000.0 232000
1723218263724 4000.0 236000
1723218279735 4000.0 240000
1723218296653 4000.0 244000
1723218313400 4000.0 248000
1723218330022 4000.0 252000
1723218346363 4000.0 256000
1723218362667 4000.0 260000
1723218378607 4000.0 264000
1723218394089 4000.0 268000
1723218409955 4000.0 272000
1723218426054 4000.0 276000
1723218442062 4000.0 280000
1723218457731 4000.0 284000
1723218472627 4000.0 288000
1723218488683 4000.0 292000
1723218504366 4000.0 296000
1723218520028 4000.0 300000
1723218535918 4000.0 304000
1723218551416 4000.0 308000
1723218567854 4000.0 312000
1723218585153 4000.0 316000
1723218601464 4000.0 320000
1723218617733 4000.0 324000
1723218634099 4000.0 328000
1723218650297 4000.0 332000
1723218666902 4000.0 336000
1723218683193 4000.0 340000
1723218699582 4000.0 344000
1723218824293 4000.0 348000
1723218840975 4000.0 352000
1723218857106 4000.0 356000
1723218872368 4000.0 360000
1723218889696 4000.0 364000
1723218904806 4000.0 368000
1723218920225 4000.0 372000
1723218935445 4000.0 376000
1723218950974 4000.0 380000
1723218966429 4000.0 384000
1723218984833 4000.0 388000
1723219006363 4000.0 392000
1723219023219 4000.0 396000
1723219038341 4000.0 400000
1723219052596 4000.0 404000
1723219068827 4000.0 408000
1723219084763 4000.0 412000
1723219100489 4000.0 416000
1723219116488 4000.0 420000
1723219132509 4000.0 424000
1723219148972 4000.0 428000
1723219166336 4000.0 432000
1723219182882 4000.0 436000
1723219199606 4000.0 440000
1723219215628 4000.0 444000
1723219232144 4000.0 448000
1723219248120 4000.0 452000
1723219264361 4000.0 456000
1723219280372 4000.0 460000
1723219296297 4000.0 464000
1723219312472 4000.0 468000
1723219328097 4000.0 472000
1723219345793 4000.0 476000
1723219362318 4000.0 480000
1723219378640 4000.0 484000
1723219394296 4000.0 488000
1723219410466 4000.0 492000
1723219425273 4000.0 496000
1723219440670 4000.0 500000
1723219456481 4000.0 504000
1723219472334 4000.0 508000
1723219487399 4000.0 512000
1723219502782 4000.0 516000
1723219518651 4000.0 520000
1723219534806 4000.0 524000
1723219550442 4000.0 528000
1723219566157 4000.0 532000
1723219582137 4000.0 536000
1723219598336 4000.0 540000
1723219613755 4000.0 544000
1723219631156 4000.0 548000
1723219646965 4000.0 552000
1723219662438 4000.0 556000
1723219678887 4000.0 560000
1723219694504 4000.0 564000
1723219710084 4000.0 568000
1723219725882 4000.0 572000
1723219741439 4000.0 576000
1723219755633 4000.0 580000
1723219771182 4000.0 584000
1723219787706 4000.0 588000
1723219803305 4000.0 592000
1723219818889 4000.0 596000
1723219834561 4000.0 600000
1723219850229 4000.0 604000
1723219867161 4000.0 608000
1723219883436 4000.0 612000
1723219898961 4000.0 616000
1723219914384 4000.0 620000
1723219929524 4000.0 624000
1723219945336 4000.0 628000
1723219960996 4000.0 632000
1723219976500 4000.0 636000
1723219991962 4000.0 640000
1723220007614 4000.0 644000
1723220022999 4000.0 648000
1723220037474 4000.0 652000
1723220052695 4000.0 656000
1723220068332 4000.0 660000
1723220084107 4000.0 664000
1723220099885 4000.0 668000
1723220115316 4000.0 672000
1723220131482 4000.0 676000
1723220147136 4000.0 680000
1723220162634 4000.0 684000
1723220178561 4000.0 688000
1723220194623 4000.0 692000
1723220210284 4000.0 696000
1723220225684 4000.0 700000
1723220240782 4000.0 704000
1723220256896 4000.0 708000
1723220272302 4000.0 712000
1723220288349 4000.0 716000
1723220304162 4000.0 720000
1723220318832 4000.0 724000
1723220334005 4000.0 728000
1723220349503 4000.0 732000
1723220365416 4000.0 736000
1723220381082 4000.0 740000
1723220396766 4000.0 744000
1723220412298 4000.0 748000
1723220428362 4000.0 752000
1723220444404 4000.0 756000
1723220459683 4000.0 760000
1723220475779 4000.0 764000
1723220492396 4000.0 768000
1723220508340 4000.0 772000
1723220524254 4000.0 776000
1723220540037 4000.0 780000
1723220556254 4000.0 784000
1723220571910 4000.0 788000
1723220588245 4000.0 792000
1723220604312 4000.0 796000
1723220619846 4000.0 800000
