1723217322522 181.34078474357477 4000
1723217337836 265.2112929204182 8000
1723217352954 268.5730513456654 12000
1723217368112 267.93998566554706 16000
1723217383056 271.60237005429855 20000
1723217398251 267.00954811431967 24000
1723217413397 267.8909644001651 28000
1723217428454 269.4020836072829 32000
1723217443745 265.35429355892336 36000
1723217459001 265.91340140799946 40000
1723217474586 260.10088721057906 44000
1723217489849 265.94661270932943 48000
1723217505129 265.81131986747596 52000
1723217520428 265.67515069550745 56000
1723217535529 268.77650543263746 60000
1723217550793 265.88635880918804 64000
1723217566063 265.8594607367697 68000
1723217581351 265.313799307473 72000
1723217596794 262.6277356677498 76000
1723217612232 264.423737516238 80000
1723217629634 233.40062220351862 84000
1723217646482 240.7928940817695 88000
1723217663240 241.86594412771117 92000
1723217680335 236.85077260752246 96000
1723217697016 243.0387715367468 100000
1723217713347 248.418243812978 104000
1723217730097 242.19312907357622 108000
1723217747446 233.55903780539467 112000
1723217764217 242.03250559868783 116000
1723217779948 258.0698591975317 120000
1723217796296 248.30138406444522 124000
1723217812907 244.17941875334628 128000
1723217829896 238.71769624637795 132000
1723217846646 241.98541275268198 136000
1723217864032 233.00115160277437 140000
1723217881119 237.2152093245628 144000
1723217898118 238.594312620228 148000
1723217915435 234.06610973126845 152000
1723217932602 236.1916989759574 156000
1723217949132 245.3285738906201 160000
1723217965960 241.25305022570177 164000
1723217983018 237.56389819482223 168000
1723217999591 244.92857154640524 172000
1723218015821 249.28425864095306 176000
1723218032449 243.91637333690633 180000
1723218048886 247.14316301906743 184000
1723218065364 246.30898399901895 188000
1723218082203 240.9647704762912 192000
1723218098783 245.13622287217316 196000
1723218115690 239.73519811393402 200000
1723218132567 240.54462605247852 204000
1723218149535 239.43113595645934 208000
1723218166119 244.67982102624165 212000
1723218182774 243.3884587482474 216000
1723218197847 270.70887345058 220000
1723218214751 240.268839855569 224000
1723218231281 245.45464148209916 228000
1723218247561 249.74628979622472 232000
1723218263725 251.25567062685153 236000
1723218279736 253.62073441705306 240000
1723218296654 239.90422943980946 244000
1723218313400 242.60125232806791 248000
1723218330023 244.27040970057132 252000
1723218346364 248.41952386777157 256000
1723218362668 249.2846623765255 260000
1723218378608 255.6824101118051 264000
1723218394090 262.3763055211305 268000
1723218409956 255.76257197031356 272000
1723218426057 251.93009650749076 276000
1723218442062 253.94867932342174 280000
1723218457732 259.44925464004876 284000
1723218472628 272.7586234478548 288000
1723218488684 253.3913749235905 292000
1723218504367 259.11048424866533 296000
1723218520029 258.9911869723414 300000
1723218535919 254.7470685863753 304000
1723218551416 261.2245792768945 308000
1723218567855 246.10200247322214 312000
1723218585154 234.35053874647193 316000
1723218601465 248.2972572881899 320000
1723218617734 248.9136151798764 324000
1723218634100 247.3645771939608 328000
1723218650298 250.01520756002157 332000
1723218666902 244.48395372663387 336000
1723218683194 248.90845618835843 340000
1723218699583 246.94455856200017 344000
1723218824294 32.13197424192993 348000
1723218840976 243.23082342758343 352000
1723218857107 251.1514841159547 356000
1723218872369 269.1483244052062 360000
1723218889696 234.38205367110888 364000
1723218904806 268.21602525114974 368000
1723218920226 262.8856002783853 372000
1723218935446 266.424475533093 376000
1723218950975 261.69162921851046 380000
1723218966430 262.2977802704892 384000
1723218984834 221.72314928509246 388000
1723219006365 190.61787642035304 392000
1723219023220 241.37591101436314 396000
1723219038342 268.0094496196406 400000
1723219052597 284.9753428246436 404000
1723219068828 249.94138885086258 408000
1723219084764 254.90456691577316 412000
1723219100490 257.66852321176935 416000
1723219116489 253.4162263747959 420000
1723219132510 252.91616787960194 424000
1723219148973 246.60094655504443 428000
1723219166337 233.91143769959143 432000
1723219182882 245.52667413135026 436000
1723219199607 242.55292799772337 440000
1723219215629 252.98864911832396 444000
1723219232145 245.632621255333 448000
1723219248121 253.7274635837647 452000
1723219264362 249.70126129884775 456000
1723219280373 253.45029835204286 460000
1723219296298 254.7304213411939 464000
1723219312473 250.54412040538136 468000
1723219328098 259.363509704433 472000
1723219345794 229.52016197236009 476000
1723219362318 245.8614490606168 480000
1723219378640 248.46105923967275 484000
1723219394297 258.85636640604497 488000
1723219410466 251.27938983313942 492000
1723219425274 273.96338843327976 496000
1723219440671 267.58490846926037 500000
1723219456482 256.2700775978004 504000
1723219472335 255.71537149827097 508000
1723219487400 269.1273846589773 512000
1723219502782 263.7791794983594 516000
1723219518652 255.5762806085102 520000
1723219534807 251.61056357236149 524000
1723219550443 259.3112835386241 528000
1723219566158 257.9577567284717 532000
1723219582137 253.66123919441904 536000
1723219598337 250.20290229243872 540000
1723219613756 263.22869140420727 544000
1723219631157 233.15206527517844 548000
1723219646966 257.5569114078266 552000
1723219662438 262.6003707224 556000
1723219678887 247.42101896860225 560000
1723219694504 259.67483717907015 564000
1723219710085 260.4995315820057 568000
1723219725883 257.6797071265238 572000
1723219741440 260.85373590541934 576000
1723219755634 285.92942816742357 580000
1723219771182 260.8301293554336 584000
1723219787707 245.87185488632696 588000
1723219803305 260.2032859884839 592000
1723219818890 261.3767856219785 596000
1723219834562 260.25355477626135 600000
1723219850230 259.1262481053462 604000
1723219867162 239.91072352950934 608000
1723219883437 256.9017433078547 612000
1723219898962 261.492169480343 616000
1723219914384 263.1446114968513 620000
1723219929525 268.2227832280696 624000
1723219945337 256.55555850349464 628000
1723219960997 259.7557287152104 632000
1723219976501 261.76438029754195 636000
1723219991963 262.7969601094169 640000
1723220007615 259.94982042977546 644000
1723220023000 264.6658645550083 648000
1723220037475 280.8507721974339 652000
1723220052695 267.404165840918 656000
1723220068333 260.76630641165065 660000
1723220084107 258.111225844538 664000
1723220099886 258.4334090744865 668000
1723220115317 263.2720508060655 672000
1723220131482 252.0079413398797 676000
1723220147137 259.4552289762278 680000
1723220162635 262.0841424389058 684000
1723220178562 256.02621752847034 688000
1723220194624 253.4110704366011 692000
1723220210285 260.2530097639616 696000
1723220225685 264.73405457825356 700000
1723220240783 269.20822574984527 704000
1723220256897 252.56793413380444 708000
1723220272302 264.1827145193656 712000
1723220288350 254.08471472417943 716000
1723220304163 258.27151324976455 720000
1723220318833 277.8202967460785 724000
1723220334006 269.6186331541411 728000
1723220349503 262.22638825335935 732000
1723220365416 255.9905980015657 736000
1723220381083 259.87745441778395 740000
1723220396767 259.5065377419766 744000
1723220412298 261.66039027212315 748000
1723220428363 259.188425782967 752000
1723220444404 253.7029692286168 756000
1723220459684 266.7094108420932 760000
1723220475780 252.99280741826826 764000
1723220492397 245.09844124978932 768000
1723220508341 255.1362755680834 772000
1723220524255 255.841699509962 776000
1723220540038 257.5564171703193 780000
1723220556255 250.8258105869854 784000
1723220571911 260.7750005156523 788000
1723220588245 249.34602686481958 792000
1723220604313 253.05638538623242 796000
1723220619847 262.89054342067885 800000
