1723217322518 0.0 4000
1723217337832 0.0 8000
1723217352950 0.0 12000
1723217368109 0.0 16000
1723217383053 0.0 20000
1723217398248 0.0 24000
1723217413394 0.0 28000
1723217428451 0.0 32000
1723217443742 0.0 36000
1723217458998 0.0 40000
1723217474583 0.0 44000
1723217489845 0.0 48000
1723217505126 0.0 52000
1723217520425 0.0 56000
1723217535526 0.0 60000
1723217550790 0.0 64000
1723217566060 0.0 68000
1723217581348 0.0 72000
1723217596791 0.0 76000
1723217612225 0.0 80000
1723217629631 0.0 84000
1723217646478 0.0 88000
1723217663236 0.0 92000
1723217680332 0.0 96000
1723217697012 0.0 100000
1723217713343 0.0 104000
1723217730093 0.0 108000
1723217747443 0.0 112000
1723217764213 0.0 116000
1723217779944 0.0 120000
1723217796292 0.0 124000
1723217812902 0.0 128000
1723217829893 0.0 132000
1723217846643 0.0 136000
1723217864029 0.0 140000
1723217881115 0.0 144000
1723217898114 0.0 148000
1723217915432 0.0 152000
1723217932599 0.0 156000
1723217949129 0.0 160000
1723217965957 0.0 164000
1723217983015 0.0 168000
1723217999587 0.0 172000
1723218015818 0.0 176000
1723218032445 0.0 180000
1723218048883 0.0 184000
1723218065360 0.0 188000
1723218082198 0.0 192000
1723218098780 0.0 196000
1723218115687 0.0 200000
1723218132563 0.0 204000
1723218149531 0.0 208000
1723218166116 0.0 212000
1723218182770 0.0 216000
1723218197843 0.0 220000
1723218214747 0.0 224000
1723218231278 0.0 228000
1723218247558 0.0 232000
1723218263721 0.0 236000
1723218279732 0.0 240000
1723218296650 0.0 244000
1723218313397 0.0 248000
1723218330019 0.0 252000
1723218346360 0.0 256000
1723218362664 0.0 260000
1723218378604 0.0 264000
1723218394087 0.0 268000
1723218409952 0.0 272000
1723218426052 0.0 276000
1723218442059 0.0 280000
1723218457728 0.0 284000
1723218472624 0.0 288000
1723218488681 0.0 292000
1723218504363 0.0 296000
1723218520023 0.0 300000
1723218535915 0.0 304000
1723218551412 0.0 308000
1723218567851 0.0 312000
1723218585150 0.0 316000
1723218601462 0.0 320000
1723218617730 0.0 324000
1723218634097 0.0 328000
1723218650294 0.0 332000
1723218666899 0.0 336000
1723218683190 0.0 340000
1723218699579 0.0 344000
1723218824290 0.0 348000
1723218840973 0.0 352000
1723218857103 0.0 356000
1723218872365 0.0 360000
1723218889693 0.0 364000
1723218904803 0.0 368000
1723218920222 0.0 372000
1723218935442 0.0 376000
1723218950972 0.0 380000
1723218966427 0.0 384000
1723218984830 0.0 388000
1723219006356 0.0 392000
1723219023217 0.0 396000
1723219038338 0.0 400000
1723219052593 0.0 404000
1723219068824 0.0 408000
1723219084760 0.0 412000
1723219100482 0.0 416000
1723219116486 0.0 420000
1723219132507 0.0 424000
1723219148969 0.0 428000
1723219166333 0.0 432000
1723219182879 0.0 436000
1723219199604 0.0 440000
1723219215625 0.0 444000
1723219232141 0.0 448000
1723219248117 0.0 452000
1723219264359 0.0 456000
1723219280370 0.0 460000
1723219296295 0.0 464000
1723219312469 0.0 468000
1723219328095 0.0 472000
1723219345789 0.0 476000
1723219362315 0.0 480000
1723219378637 0.0 484000
1723219394293 0.0 488000
1723219410463 0.0 492000
1723219425270 0.0 496000
1723219440667 0.0 500000
1723219456479 0.0 504000
1723219472332 0.0 508000
1723219487396 0.0 512000
1723219502779 0.0 516000
1723219518649 0.0 520000
1723219534803 0.0 524000
1723219550439 0.0 528000
1723219566155 0.0 532000
1723219582134 0.0 536000
1723219598333 0.0 540000
1723219613752 0.0 544000
1723219631153 0.0 548000
1723219646962 0.0 552000
1723219662435 0.0 556000
1723219678884 0.0 560000
1723219694501 0.0 564000
1723219710079 0.0 568000
1723219725880 0.0 572000
1723219741436 0.0 576000
1723219755630 0.0 580000
1723219771179 0.0 584000
1723219787704 0.0 588000
1723219803302 0.0 592000
1723219818887 0.0 596000
1723219834559 0.0 600000
1723219850226 0.0 604000
1723219867158 0.0 608000
1723219883434 0.0 612000
1723219898958 0.0 616000
1723219914381 0.0 620000
1723219929521 0.0 624000
1723219945334 0.0 628000
1723219960994 0.0 632000
1723219976497 0.0 636000
1723219991960 0.0 640000
1723220007611 0.0 644000
1723220022997 0.0 648000
1723220037471 0.0 652000
1723220052692 0.0 656000
1723220068330 0.0 660000
1723220084104 0.0 664000
1723220099883 0.0 668000
1723220115313 0.0 672000
1723220131479 0.0 676000
1723220147133 0.0 680000
1723220162632 0.0 684000
1723220178559 0.0 688000
1723220194620 0.0 692000
1723220210281 0.0 696000
1723220225682 0.0 700000
1723220240780 0.0 704000
1723220256893 0.0 708000
1723220272298 0.0 712000
1723220288346 0.0 716000
1723220304159 0.0 720000
1723220318828 0.0 724000
1723220334002 0.0 728000
1723220349500 0.0 732000
1723220365413 0.0 736000
1723220381080 0.0 740000
1723220396763 0.0 744000
1723220412295 0.0 748000
1723220428359 0.0 752000
1723220444401 0.0 756000
1723220459681 0.0 760000
1723220475777 0.0 764000
1723220492394 0.0 768000
1723220508338 0.0 772000
1723220524251 0.0 776000
1723220540034 0.0 780000
1723220556252 0.0 784000
1723220571908 0.0 788000
1723220588242 0.0 792000
1723220604310 0.0 796000
1723220619844 0.0 800000
