1723217322517 9.0 4000
1723217337832 9.0 8000
1723217352949 9.0 12000
1723217368108 9.0 16000
1723217383053 9.0 20000
1723217398247 9.0 24000
1723217413393 9.0 28000
1723217428450 9.0 32000
1723217443742 9.0 36000
1723217458997 9.0 40000
1723217474583 9.0 44000
1723217489845 9.0 48000
1723217505125 9.0 52000
1723217520424 9.0 56000
1723217535525 9.0 60000
1723217550789 9.0 64000
1723217566059 9.0 68000
1723217581347 9.0 72000
1723217596791 9.0 76000
1723217612225 9.0 80000
1723217629630 9.0 84000
1723217646478 9.0 88000
1723217663236 9.0 92000
1723217680331 9.0 96000
1723217697012 9.0 100000
1723217713342 9.0 104000
1723217730093 9.0 108000
1723217747442 9.0 112000
1723217764213 9.0 116000
1723217779944 9.0 120000
1723217796292 9.0 124000
1723217812902 9.0 128000
1723217829892 9.0 132000
1723217846642 9.0 136000
1723217864028 9.0 140000
1723217881114 9.0 144000
1723217898113 9.0 148000
1723217915431 9.0 152000
1723217932598 9.0 156000
1723217949129 9.0 160000
1723217965956 9.0 164000
1723217983014 9.0 168000
1723217999586 9.0 172000
1723218015817 9.0 176000
1723218032445 9.0 180000
1723218048882 9.0 184000
1723218065360 9.0 188000
1723218082197 9.0 192000
1723218098778 9.0 196000
1723218115686 9.0 200000
1723218132562 9.0 204000
1723218149531 9.0 208000
1723218166114 9.0 212000
1723218182770 9.0 216000
1723218197843 9.0 220000
1723218214746 9.0 224000
1723218231277 9.0 228000
1723218247557 9.0 232000
1723218263720 9.0 236000
1723218279732 9.0 240000
1723218296650 9.0 244000
1723218313396 9.0 248000
1723218330018 9.0 252000
1723218346359 9.0 256000
1723218362663 9.0 260000
1723218378603 9.0 264000
1723218394086 9.0 268000
1723218409952 9.0 272000
1723218426051 9.0 276000
1723218442058 9.0 280000
1723218457728 9.0 284000
1723218472623 9.0 288000
1723218488680 9.0 292000
1723218504363 9.0 296000
1723218520018 9.0 300000
1723218535914 9.0 304000
1723218551412 9.0 308000
1723218567851 9.0 312000
1723218585149 9.0 316000
1723218601461 9.0 320000
1723218617730 9.0 324000
1723218634096 9.0 328000
1723218650294 9.0 332000
1723218666898 9.0 336000
1723218683190 9.0 340000
1723218699579 9.0 344000
1723218824290 9.0 348000
1723218840972 9.0 352000
1723218857103 9.0 356000
1723218872364 9.0 360000
1723218889692 9.0 364000
1723218904802 9.0 368000
1723218920222 9.0 372000
1723218935442 9.0 376000
1723218950971 9.0 380000
1723218966426 9.0 384000
1723218984829 9.0 388000
1723219006356 9.0 392000
1723219023216 9.0 396000
1723219038338 9.0 400000
1723219052593 9.0 404000
1723219068824 9.0 408000
1723219084760 9.0 412000
1723219100481 9.0 416000
1723219116485 9.0 420000
1723219132506 9.0 424000
1723219148968 9.0 428000
1723219166333 9.0 432000
1723219182878 9.0 436000
1723219199603 9.0 440000
1723219215625 9.0 444000
1723219232141 9.0 448000
1723219248117 9.0 452000
1723219264358 9.0 456000
1723219280369 9.0 460000
1723219296294 9.0 464000
1723219312469 9.0 468000
1723219328094 9.0 472000
1723219345788 9.0 476000
1723219362314 9.0 480000
1723219378636 9.0 484000
1723219394293 9.0 488000
1723219410463 9.0 492000
1723219425270 9.0 496000
1723219440667 9.0 500000
1723219456478 9.0 504000
1723219472331 9.0 508000
1723219487396 9.0 512000
1723219502779 9.0 516000
1723219518648 9.0 520000
1723219534802 9.0 524000
1723219550439 9.0 528000
1723219566154 9.0 532000
1723219582133 9.0 536000
1723219598333 9.0 540000
1723219613752 9.0 544000
1723219631153 9.0 548000
1723219646962 9.0 552000
1723219662434 9.0 556000
1723219678883 9.0 560000
1723219694501 9.0 564000
1723219710077 9.0 568000
1723219725879 9.0 572000
1723219741435 9.0 576000
1723219755630 9.0 580000
1723219771179 9.0 584000
1723219787703 9.0 588000
1723219803301 9.0 592000
1723219818886 9.0 596000
1723219834558 9.0 600000
1723219850226 9.0 604000
1723219867156 9.0 608000
1723219883433 9.0 612000
1723219898958 9.0 616000
1723219914380 9.0 620000
1723219929521 9.0 624000
1723219945333 9.0 628000
1723219960993 9.0 632000
1723219976497 9.0 636000
1723219991959 9.0 640000
1723220007610 9.0 644000
1723220022996 9.0 648000
1723220037471 9.0 652000
1723220052691 9.0 656000
1723220068329 9.0 660000
1723220084104 9.0 664000
1723220099882 9.0 668000
1723220115313 9.0 672000
1723220131479 9.0 676000
1723220147133 9.0 680000
1723220162631 9.0 684000
1723220178558 9.0 688000
1723220194620 9.0 692000
1723220210281 9.0 696000
1723220225681 9.0 700000
1723220240779 9.0 704000
1723220256893 9.0 708000
1723220272298 9.0 712000
1723220288345 9.0 716000
1723220304159 9.0 720000
1723220318827 9.0 724000
1723220334001 9.0 728000
1723220349499 9.0 732000
1723220365413 9.0 736000
1723220381079 9.0 740000
1723220396763 9.0 744000
1723220412295 9.0 748000
1723220428359 9.0 752000
1723220444401 9.0 756000
1723220459680 9.0 760000
1723220475776 9.0 764000
1723220492393 9.0 768000
1723220508337 9.0 772000
1723220524251 9.0 776000
1723220540034 9.0 780000
1723220556251 9.0 784000
1723220571907 9.0 788000
1723220588242 9.0 792000
1723220604309 9.0 796000
1723220619843 9.0 800000
