1723217322523 4000.0 4000
1723217337836 8000.0 8000
1723217352954 12000.0 12000
1723217368113 16000.0 16000
1723217383057 20000.0 20000
1723217398252 24000.0 24000
1723217413398 28000.0 28000
1723217428455 32000.0 32000
1723217443746 36000.0 36000
1723217459002 40000.0 40000
1723217474587 44000.0 44000
1723217489850 48000.0 48000
1723217505130 52000.0 52000
1723217520429 56000.0 56000
1723217535530 60000.0 60000
1723217550794 64000.0 64000
1723217566064 68000.0 68000
1723217581352 72000.0 72000
1723217596795 76000.0 76000
1723217612233 80000.0 80000
1723217629635 84000.0 84000
1723217646483 88000.0 88000
1723217663240 92000.0 92000
1723217680336 96000.0 96000
1723217697017 100000.0 100000
1723217713348 104000.0 104000
1723217730097 108000.0 108000
1723217747447 112000.0 112000
1723217764217 116000.0 116000
1723217779948 120000.0 120000
1723217796297 124000.0 124000
1723217812908 128000.0 128000
1723217829897 132000.0 132000
1723217846647 136000.0 136000
1723217864033 140000.0 140000
1723217881119 144000.0 144000
1723217898118 148000.0 148000
1723217915436 152000.0 152000
1723217932603 156000.0 156000
1723217949135 160000.0 160000
1723217965961 164000.0 164000
1723217983019 168000.0 168000
1723217999591 172000.0 172000
1723218015822 176000.0 176000
1723218032449 180000.0 180000
1723218048887 184000.0 184000
1723218065364 188000.0 188000
1723218082205 192000.0 192000
1723218098784 196000.0 196000
1723218115691 200000.0 200000
1723218132567 204000.0 204000
1723218149535 208000.0 208000
1723218166120 212000.0 212000
1723218182775 216000.0 216000
1723218197847 220000.0 220000
1723218214752 224000.0 224000
1723218231282 228000.0 228000
1723218247562 232000.0 232000
1723218263726 236000.0 236000
1723218279736 240000.0 240000
1723218296655 244000.0 244000
1723218313401 248000.0 248000
1723218330024 252000.0 252000
1723218346364 256000.0 256000
1723218362669 260000.0 260000
1723218378608 264000.0 264000
1723218394091 268000.0 268000
1723218409956 272000.0 272000
1723218426057 276000.0 276000
1723218442063 280000.0 280000
1723218457733 284000.0 284000
1723218472628 288000.0 288000
1723218488685 292000.0 292000
1723218504368 296000.0 296000
1723218520031 300000.0 300000
1723218535919 304000.0 304000
1723218551417 308000.0 308000
1723218567856 312000.0 312000
1723218585155 316000.0 316000
1723218601466 320000.0 320000
1723218617734 324000.0 324000
1723218634101 328000.0 328000
1723218650299 332000.0 332000
1723218666903 336000.0 336000
1723218683194 340000.0 340000
1723218699583 344000.0 344000
1723218824294 348000.0 348000
1723218840977 352000.0 352000
1723218857108 356000.0 356000
1723218872370 360000.0 360000
1723218889697 364000.0 364000
1723218904808 368000.0 368000
1723218920226 372000.0 372000
1723218935447 376000.0 376000
1723218950976 380000.0 380000
1723218966431 384000.0 384000
1723218984834 388000.0 388000
1723219006366 392000.0 392000
1723219023221 396000.0 396000
1723219038343 400000.0 400000
1723219052597 404000.0 404000
1723219068828 408000.0 408000
1723219084764 412000.0 412000
1723219100491 416000.0 416000
1723219116490 420000.0 420000
1723219132511 424000.0 424000
1723219148973 428000.0 428000
1723219166338 432000.0 432000
1723219182883 436000.0 436000
1723219199607 440000.0 440000
1723219215630 444000.0 444000
1723219232145 448000.0 448000
1723219248121 452000.0 452000
1723219264363 456000.0 456000
1723219280374 460000.0 460000
1723219296299 464000.0 464000
1723219312474 468000.0 468000
1723219328099 472000.0 472000
1723219345795 476000.0 476000
1723219362319 480000.0 480000
1723219378641 484000.0 484000
1723219394297 488000.0 488000
1723219410467 492000.0 492000
1723219425275 496000.0 496000
1723219440671 500000.0 500000
1723219456483 504000.0 504000
1723219472336 508000.0 508000
1723219487400 512000.0 512000
1723219502783 516000.0 516000
1723219518653 520000.0 520000
1723219534807 524000.0 524000
1723219550443 528000.0 528000
1723219566159 532000.0 532000
1723219582138 536000.0 536000
1723219598337 540000.0 540000
1723219613756 544000.0 544000
1723219631157 548000.0 548000
1723219646966 552000.0 552000
1723219662439 556000.0 556000
1723219678888 560000.0 560000
1723219694505 564000.0 564000
1723219710086 568000.0 568000
1723219725884 572000.0 572000
1723219741441 576000.0 576000
1723219755634 580000.0 580000
1723219771183 584000.0 584000
1723219787708 588000.0 588000
1723219803306 592000.0 592000
1723219818891 596000.0 596000
1723219834563 600000.0 600000
1723219850231 604000.0 604000
1723219867162 608000.0 608000
1723219883438 612000.0 612000
1723219898962 616000.0 616000
1723219914385 620000.0 620000
1723219929525 624000.0 624000
1723219945338 628000.0 628000
1723219960998 632000.0 632000
1723219976502 636000.0 636000
1723219991964 640000.0 640000
1723220007616 644000.0 644000
1723220023001 648000.0 648000
1723220037476 652000.0 652000
1723220052696 656000.0 656000
1723220068334 660000.0 660000
1723220084108 664000.0 664000
1723220099887 668000.0 668000
1723220115317 672000.0 672000
1723220131483 676000.0 676000
1723220147137 680000.0 680000
1723220162636 684000.0 684000
1723220178563 688000.0 688000
1723220194624 692000.0 692000
1723220210286 696000.0 696000
1723220225686 700000.0 700000
1723220240784 704000.0 704000
1723220256897 708000.0 708000
1723220272303 712000.0 712000
1723220288351 716000.0 716000
1723220304163 720000.0 720000
1723220318834 724000.0 724000
1723220334006 728000.0 728000
1723220349504 732000.0 732000
1723220365417 736000.0 736000
1723220381084 740000.0 740000
1723220396767 744000.0 744000
1723220412299 748000.0 748000
1723220428364 752000.0 752000
1723220444405 756000.0 756000
1723220459685 760000.0 760000
1723220475781 764000.0 764000
1723220492398 768000.0 768000
1723220508342 772000.0 772000
1723220524255 776000.0 776000
1723220540038 780000.0 780000
1723220556256 784000.0 784000
1723220571912 788000.0 788000
1723220588246 792000.0 792000
1723220604313 796000.0 796000
1723220619847 800000.0 800000
