1723217322524 4000.0 4000
1723217337837 4000.0 8000
1723217352955 4000.0 12000
1723217368113 4000.0 16000
1723217383058 4000.0 20000
1723217398252 4000.0 24000
1723217413398 4000.0 28000
1723217428456 4000.0 32000
1723217443747 4000.0 36000
1723217459003 4000.0 40000
1723217474588 4000.0 44000
1723217489850 4000.0 48000
1723217505130 4000.0 52000
1723217520430 4000.0 56000
1723217535530 4000.0 60000
1723217550795 4000.0 64000
1723217566065 4000.0 68000
1723217581353 4000.0 72000
1723217596796 4000.0 76000
1723217612234 4000.0 80000
1723217629636 4000.0 84000
1723217646483 4000.0 88000
1723217663241 4000.0 92000
1723217680337 4000.0 96000
1723217697017 4000.0 100000
1723217713349 4000.0 104000
1723217730098 4000.0 108000
1723217747447 4000.0 112000
1723217764218 4000.0 116000
1723217779949 4000.0 120000
1723217796298 4000.0 124000
1723217812909 4000.0 128000
1723217829897 4000.0 132000
1723217846648 4000.0 136000
1723217864034 4000.0 140000
1723217881120 4000.0 144000
1723217898119 4000.0 148000
1723217915437 4000.0 152000
1723217932603 4000.0 156000
1723217949136 4000.0 160000
1723217965962 4000.0 164000
1723217983020 4000.0 168000
1723217999592 4000.0 172000
1723218015823 4000.0 176000
1723218032450 4000.0 180000
1723218048888 4000.0 184000
1723218065365 4000.0 188000
1723218082206 4000.0 192000
1723218098785 4000.0 196000
1723218115691 4000.0 200000
1723218132568 4000.0 204000
1723218149536 4000.0 208000
1723218166121 4000.0 212000
1723218182776 4000.0 216000
1723218197848 4000.0 220000
1723218214753 4000.0 224000
1723218231283 4000.0 228000
1723218247563 4000.0 232000
1723218263726 4000.0 236000
1723218279737 4000.0 240000
1723218296655 4000.0 244000
1723218313402 4000.0 248000
1723218330025 4000.0 252000
1723218346365 4000.0 256000
1723218362670 4000.0 260000
1723218378609 4000.0 264000
1723218394092 4000.0 268000
1723218409957 4000.0 272000
1723218426058 4000.0 276000
1723218442064 4000.0 280000
1723218457734 4000.0 284000
1723218472629 4000.0 288000
1723218488686 4000.0 292000
1723218504368 4000.0 296000
1723218520032 4000.0 300000
1723218535920 4000.0 304000
1723218551418 4000.0 308000
1723218567856 4000.0 312000
1723218585155 4000.0 316000
1723218601466 4000.0 320000
1723218617735 4000.0 324000
1723218634102 4000.0 328000
1723218650299 4000.0 332000
1723218666904 4000.0 336000
1723218683195 4000.0 340000
1723218699584 4000.0 344000
1723218824295 4000.0 348000
1723218840978 4000.0 352000
1723218857108 4000.0 356000
1723218872370 4000.0 360000
1723218889698 4000.0 364000
1723218904809 4000.0 368000
1723218920227 4000.0 372000
1723218935448 4000.0 376000
1723218950977 4000.0 380000
1723218966431 4000.0 384000
1723218984835 4000.0 388000
1723219006366 4000.0 392000
1723219023221 4000.0 396000
1723219038343 4000.0 400000
1723219052598 4000.0 404000
1723219068829 4000.0 408000
1723219084765 4000.0 412000
1723219100492 4000.0 416000
1723219116490 4000.0 420000
1723219132511 4000.0 424000
1723219148974 4000.0 428000
1723219166338 4000.0 432000
1723219182884 4000.0 436000
1723219199608 4000.0 440000
1723219215630 4000.0 444000
1723219232146 4000.0 448000
1723219248122 4000.0 452000
1723219264364 4000.0 456000
1723219280375 4000.0 460000
1723219296300 4000.0 464000
1723219312475 4000.0 468000
1723219328099 4000.0 472000
1723219345796 4000.0 476000
1723219362320 4000.0 480000
1723219378642 4000.0 484000
1723219394298 4000.0 488000
1723219410468 4000.0 492000
1723219425278 4000.0 496000
1723219440672 4000.0 500000
1723219456483 4000.0 504000
1723219472336 4000.0 508000
1723219487401 4000.0 512000
1723219502784 4000.0 516000
1723219518653 4000.0 520000
1723219534808 4000.0 524000
1723219550444 4000.0 528000
1723219566160 4000.0 532000
1723219582139 4000.0 536000
1723219598338 4000.0 540000
1723219613757 4000.0 544000
1723219631158 4000.0 548000
1723219646967 4000.0 552000
1723219662440 4000.0 556000
1723219678889 4000.0 560000
1723219694506 4000.0 564000
1723219710087 4000.0 568000
1723219725884 4000.0 572000
1723219741441 4000.0 576000
1723219755635 4000.0 580000
1723219771184 4000.0 584000
1723219787708 4000.0 588000
1723219803307 4000.0 592000
1723219818892 4000.0 596000
1723219834564 4000.0 600000
1723219850232 4000.0 604000
1723219867163 4000.0 608000
1723219883439 4000.0 612000
1723219898963 4000.0 616000
1723219914386 4000.0 620000
1723219929526 4000.0 624000
1723219945338 4000.0 628000
1723219960998 4000.0 632000
1723219976503 4000.0 636000
1723219991964 4000.0 640000
1723220007616 4000.0 644000
1723220023001 4000.0 648000
1723220037477 4000.0 652000
1723220052697 4000.0 656000
1723220068334 4000.0 660000
1723220084109 4000.0 664000
1723220099887 4000.0 668000
1723220115318 4000.0 672000
1723220131484 4000.0 676000
1723220147138 4000.0 680000
1723220162636 4000.0 684000
1723220178563 4000.0 688000
1723220194625 4000.0 692000
1723220210286 4000.0 696000
1723220225687 4000.0 700000
1723220240784 4000.0 704000
1723220256898 4000.0 708000
1723220272304 4000.0 712000
1723220288351 4000.0 716000
1723220304164 4000.0 720000
1723220318835 4000.0 724000
1723220334007 4000.0 728000
1723220349505 4000.0 732000
1723220365418 4000.0 736000
1723220381084 4000.0 740000
1723220396768 4000.0 744000
1723220412300 4000.0 748000
1723220428364 4000.0 752000
1723220444406 4000.0 756000
1723220459686 4000.0 760000
1723220475781 4000.0 764000
1723220492398 4000.0 768000
1723220508342 4000.0 772000
1723220524256 4000.0 776000
1723220540039 4000.0 780000
1723220556257 4000.0 784000
1723220571913 4000.0 788000
1723220588247 4000.0 792000
1723220604314 4000.0 796000
1723220619848 4000.0 800000
