1723217322526 22.1106379032135 4000
1723217337839 15.117591142654419 8000
1723217352957 14.944123983383179 12000
1723217368115 14.983337163925171 16000
1723217383060 14.770949840545654 20000
1723217398254 15.015879154205322 24000
1723217413400 14.97839093208313 28000
1723217428458 14.88359785079956 32000
1723217443748 15.119100093841553 36000
1723217459005 15.081401109695435 40000
1723217474590 15.405332803726196 44000
1723217489852 15.087519884109497 48000
1723217505132 15.094396352767944 52000
1723217520431 15.120619058609009 56000
1723217535532 14.929350137710571 60000
1723217550796 15.090611934661865 64000
1723217566066 15.098510265350342 68000
1723217581354 15.118337869644165 72000
1723217596797 15.264394998550415 76000
1723217612237 15.228552103042603 80000
1723217629637 17.179846048355103 84000
1723217646485 16.668229818344116 88000
1723217663243 16.579915046691895 92000
1723217680339 16.91533637046814 96000
1723217697019 16.498752117156982 100000
1723217713350 16.150163888931274 104000
1723217730100 16.549190998077393 108000
1723217747449 17.165746927261353 112000
1723217764220 16.58321714401245 116000
1723217779951 15.544660091400146 120000
1723217796300 16.145902156829834 124000
1723217812914 16.423754930496216 128000
1723217829900 16.79592990875244 132000
1723217846649 16.563822984695435 136000
1723217864036 17.19691801071167 140000
1723217881122 16.89275884628296 144000
1723217898121 16.805747985839844 148000
1723217915438 17.127465963363647 152000
1723217932605 16.980955839157104 156000
1723217949139 16.339258909225464 160000
1723217965963 16.633865118026733 164000
1723217983022 16.877388954162598 168000
1723217999594 16.386574268341064 172000
1723218015824 16.0534930229187 176000
1723218032452 16.444184064865112 180000
1723218048890 16.240587949752808 184000
1723218065367 16.277795791625977 188000
1723218082208 16.642632246017456 192000
1723218098787 16.370894193649292 196000
1723218115693 16.720465898513794 200000
1723218132570 16.686702728271484 204000
1723218149538 16.77568793296814 208000
1723218166122 16.39690589904785 212000
1723218182778 16.47219204902649 216000
1723218197850 14.837741136550903 220000
1723218214755 16.693650007247925 224000
1723218231284 16.341872215270996 228000
1723218247566 16.074149131774902 232000
1723218263729 15.972276210784912 236000
1723218279739 15.81477689743042 240000
1723218296657 16.712948083877563 244000
1723218313404 16.537627935409546 248000
1723218330026 16.419119834899902 252000
1723218346367 16.133918046951294 256000
1723218362672 16.081674814224243 260000
1723218378611 15.69529390335083 264000
1723218394093 15.292052984237671 268000
1723218409959 15.669697046279907 272000
1723218426060 15.90756607055664 276000
1723218442066 15.797029972076416 280000
1723218457738 15.47458791732788 284000
1723218472631 14.706556797027588 288000
1723218488687 15.8543119430542 292000
1723218504370 15.481396198272705 296000
1723218520034 15.460525035858154 300000
1723218535922 15.707711935043335 304000
1723218551420 15.3189377784729 308000
1723218567858 16.26088786125183 312000
1723218585157 17.10340189933777 316000
1723218601468 16.11777901649475 320000
1723218617737 16.085055828094482 324000
1723218634104 16.177093982696533 328000
1723218650301 16.004966020584106 332000
1723218666906 16.4108669757843 336000
1723218683197 16.0784330368042 340000
1723218699586 16.204832077026367 344000
1723218824297 124.51048684120178 348000
1723218840980 16.486852884292603 352000
1723218857110 15.935486316680908 356000
1723218872372 14.890959978103638 360000
1723218889700 17.117363929748535 364000
1723218904810 14.919065237045288 368000
1723218920231 15.2235267162323 372000
1723218935449 15.020525932312012 376000
1723218950978 15.335284948348999 380000
1723218966433 15.257492780685425 384000
1723218984837 18.06253695487976 388000
1723219006369 21.0575590133667 392000
1723219023223 16.61842393875122 396000
1723219038345 14.930134057998657 400000
1723219052600 14.042912006378174 404000
1723219068831 16.010557174682617 408000
1723219084767 15.728529930114746 412000
1723219100494 15.5295569896698 416000
1723219116492 15.798107147216797 420000
1723219132513 15.823410749435425 424000
1723219148976 16.24874186515808 428000
1723219166340 17.145205974578857 432000
1723219182885 16.319490671157837 436000
1723219199610 16.519482851028442 440000
1723219215632 15.81729006767273 444000
1723219232148 16.315826177597046 448000
1723219248124 15.772599935531616 452000
1723219264366 16.038223028182983 456000
1723219280377 15.789186954498291 460000
1723219296302 15.717192888259888 464000
1723219312477 15.972110986709595 468000
1723219328101 15.427671909332275 472000
1723219345798 17.47307586669922 476000
1723219362321 16.29163885116577 480000
1723219378643 16.107882738113403 484000
1723219394300 15.458925008773804 488000
1723219410470 15.96192979812622 492000
1723219425280 14.606427907943726 496000
1723219440674 14.956041812896729 500000
1723219456485 15.614945888519287 504000
1723219472338 15.649770021438599 508000
1723219487403 14.870900869369507 512000
1723219502785 15.172598123550415 516000
1723219518655 15.664243936538696 520000
1723219534810 15.938513278961182 524000
1723219550446 15.433468341827393 528000
1723219566161 15.51310682296753 532000
1723219582140 15.777975082397461 536000
1723219598340 15.99522614479065 540000
1723219613759 15.2028169631958 544000
1723219631160 17.19389796257019 548000
1723219646969 15.575319051742554 552000
1723219662442 15.240332841873169 556000
1723219678891 16.219808101654053 560000
1723219694508 15.41100811958313 564000
1723219710089 15.36149001121521 568000
1723219725886 15.568267107009888 572000
1723219741443 15.341437816619873 576000
1723219755637 13.998538970947266 580000
1723219771186 15.342417001724243 584000
1723219787710 16.310718774795532 588000
1723219803309 15.379792928695679 592000
1723219818894 15.35312294960022 596000
1723219834565 15.421221017837524 600000
1723219850234 15.444242000579834 604000
1723219867166 16.693667888641357 608000
1723219883441 15.620464086532593 612000
1723219898965 15.306027173995972 616000
1723219914388 15.207008838653564 620000
1723219929528 14.919800758361816 624000
1723219945340 15.599297046661377 628000
1723219961000 15.440274000167847 632000
1723219976505 15.287152767181396 636000
1723219991966 15.229381084442139 640000
1723220007618 15.423943996429443 644000
1723220023003 15.137820959091187 648000
1723220037479 14.253168106079102 652000
1723220052699 14.993981838226318 656000
1723220068336 15.406686782836914 660000
1723220084111 15.536923170089722 664000
1723220099889 15.525331974029541 668000
1723220115320 15.201282024383545 672000
1723220131485 15.923929929733276 676000
1723220147140 15.424139976501465 680000
1723220162638 15.271483898162842 684000
1723220178565 15.68288278579712 688000
1723220194627 15.827894926071167 692000
1723220210288 15.430142879486084 696000
1723220225688 15.154474020004272 700000
1723220240786 14.86608099937439 704000
1723220256900 15.881661176681519 708000
1723220272305 15.16687798500061 712000
1723220288353 15.79185175895691 716000
1723220304166 15.552656173706055 720000
1723220318837 14.405744075775146 724000
1723220334009 14.842368125915527 728000
1723220349506 15.263020992279053 732000
1723220365420 15.65782904624939 736000
1723220381086 15.432519912719727 740000
1723220396770 15.447451114654541 744000
1723220412301 15.294435024261475 748000
1723220428366 15.43897294998169 752000
1723220444407 15.803606033325195 756000
1723220459687 15.027629852294922 760000
1723220475783 15.853967189788818 764000
1723220492400 16.375576972961426 768000
1723220508344 15.685425281524658 772000
1723220524258 15.675280094146729 776000
1723220540041 15.537705898284912 780000
1723220556259 15.978190898895264 784000
1723220571914 15.399317264556885 788000
1723220588248 16.080097198486328 792000
1723220604316 15.821556806564331 796000
1723220619850 15.282340288162231 800000
