1723173953656 1409.5 4000
1723173968281 1409.5 8000
1723173984125 1409.5 12000
1723173999099 1409.5 16000
1723174014674 1409.5 20000
1723174030114 1409.5 24000
1723174046354 1409.5 28000
1723174061239 1409.5 32000
1723174078195 1409.5 36000
1723174093348 1409.5 40000
1723174108184 1409.5 44000
1723174124695 1409.5 48000
1723174139263 1409.5 52000
1723174153162 1409.5 56000
1723174167326 1409.5 60000
1723174181437 1409.5 64000
1723174196024 1409.5 68000
1723174209818 1409.5 72000
1723174224082 1409.5 76000
1723174238094 1409.5 80000
1723174252323 1409.5 84000
1723174266673 1409.5 88000
1723174280805 1409.5 92000
1723174294697 1409.5 96000
1723174308632 1409.5 100000
1723174322358 1409.5 104000
1723174335998 1409.5 108000
1723174350351 1409.5 112000
1723174364358 1409.5 116000
1723174378755 1409.5 120000
1723174394139 1409.5 124000
1723174408360 1409.5 128000
1723174422256 1409.5 132000
1723174436610 1409.5 136000
1723174450683 1409.5 140000
1723174464547 1409.5 144000
1723174478460 1409.5 148000
1723174492172 1409.5 152000
1723174505768 1409.5 156000
1723174519177 1409.5 160000
1723174532573 1409.5 164000
1723174546896 1409.5 168000
1723174560449 1409.5 172000
1723174574367 1409.5 176000
1723174588875 1409.5 180000
1723174602457 1409.5 184000
1723174616156 1409.5 188000
1723174630079 1409.5 192000
1723174643615 1409.5 196000
1723174657309 1409.5 200000
1723174671308 1409.5 204000
1723174684881 1409.5 208000
1723174698609 1409.5 212000
1723174711814 1409.5 216000
1723174725172 1409.5 220000
1723174739068 1409.5 224000
1723174752379 1409.5 228000
1723174765895 1409.5 232000
1723174779176 1409.5 236000
1723174792774 1409.5 240000
1723174806505 1409.5 244000
1723174820239 1409.5 248000
1723174833680 1409.5 252000
1723174846826 1409.5 256000
1723174860328 1409.5 260000
1723174874167 1409.5 264000
1723174887756 1409.5 268000
1723174901083 1409.5 272000
1723174914719 1409.5 276000
1723174927744 1409.5 280000
1723174941122 1409.5 284000
1723174954283 1409.5 288000
1723174967772 1409.5 292000
1723174981028 1409.5 296000
1723174994320 1409.5 300000
1723175007698 1409.5 304000
1723175021061 1409.5 308000
1723175034422 1409.5 312000
1723175047511 1409.5 316000
1723175060486 1409.5 320000
1723175073972 1409.5 324000
1723175087351 1409.5 328000
1723175100627 1409.5 332000
1723175113779 1409.5 336000
1723175127397 1409.5 340000
1723175140628 1409.5 344000
1723175153985 1409.5 348000
1723175167579 1409.5 352000
1723175181375 1409.5 356000
1723175194561 1409.5 360000
1723175208643 1409.5 364000
1723175221323 1409.5 368000
1723175234269 1409.5 372000
1723175248055 1409.5 376000
1723175261316 1409.5 380000
1723175275234 1409.5 384000
1723175288863 1409.5 388000
1723175302425 1409.5 392000
1723175315729 1409.5 396000
1723175329289 1409.5 400000
1723175342541 1409.5 404000
1723175355797 1409.5 408000
1723175369053 1409.5 412000
1723175382124 1409.5 416000
1723175395881 1409.5 420000
1723175409504 1409.5 424000
1723175423023 1409.5 428000
1723175436336 1409.5 432000
1723175449767 1409.5 436000
1723175462915 1409.5 440000
1723175476084 1409.5 444000
1723175490514 1409.5 448000
1723175503509 1409.5 452000
1723175517149 1409.5 456000
1723175530053 1409.5 460000
1723175543164 1409.5 464000
1723175555118 1409.5 468000
1723175567965 1409.5 472000
1723175581200 1409.5 476000
1723175594565 1409.5 480000
1723175608049 1409.5 484000
1723175621299 1409.5 488000
1723175634954 1409.5 492000
1723175648869 1409.5 496000
1723175662521 1409.5 500000
1723175675899 1409.5 504000
1723175689669 1409.5 508000
1723175703515 1409.5 512000
1723175717506 1409.5 516000
1723175731102 1409.5 520000
1723175744928 1409.5 524000
1723175758916 1409.5 528000
1723175773263 1409.5 532000
1723175786715 1409.5 536000
1723175800502 1409.5 540000
1723175813558 1409.5 544000
1723175826561 1409.5 548000
1723175839828 1409.5 552000
1723175853379 1409.5 556000
1723175867636 1409.5 560000
1723175881450 1409.5 564000
1723175894873 1409.5 568000
1723175910175 1409.5 572000
1723175924137 1409.5 576000
1723175937042 1409.5 580000
1723175950586 1409.5 584000
1723175963589 1409.5 588000
1723175976880 1409.5 592000
1723175990796 1409.5 596000
1723176005522 1409.5 600000
1723176019135 1409.5 604000
1723176032583 1409.5 608000
1723176045689 1409.5 612000
1723176058121 1409.5 616000
1723176071855 1409.5 620000
1723176085597 1409.5 624000
1723176099287 1409.5 628000
1723176113471 1409.5 632000
1723176126605 1409.5 636000
1723176140619 1409.5 640000
1723176153288 1409.5 644000
1723176166530 1409.5 648000
1723176180362 1409.5 652000
1723176194067 1409.5 656000
1723176207567 1409.5 660000
1723176220837 1409.5 664000
1723176234831 1409.5 668000
1723176247879 1409.5 672000
1723176261583 1409.5 676000
1723176274897 1409.5 680000
1723176289209 1409.5 684000
1723176302275 1409.5 688000
1723176314555 1409.5 692000
1723176327968 1409.5 696000
1723176341367 1409.5 700000
1723176354782 1409.5 704000
1723176368511 1409.5 708000
1723176382070 1409.5 712000
1723176395423 1409.5 716000
1723176409374 1409.5 720000
1723176423283 1409.5 724000
1723176436559 1409.5 728000
1723176448946 1409.5 732000
1723176462250 1409.5 736000
1723176475901 1409.5 740000
1723176489212 1409.5 744000
1723176503015 1409.5 748000
1723176516447 1409.5 752000
1723176529993 1409.5 756000
1723176543307 1409.5 760000
1723176556962 1409.5 764000
1723176569980 1409.5 768000
1723176583702 1409.5 772000
1723176597540 1409.5 776000
1723176610804 1409.5 780000
1723176624238 1409.5 784000
1723176637374 1409.5 788000
1723176650700 1409.5 792000
1723176663787 1409.5 796000
1723176677097 1409.5 800000
1723176691025 1409.5 804000
1723176704875 1409.5 808000
1723176718290 1409.5 812000
1723176731558 1409.5 816000
1723176744787 1409.5 820000
1723176758047 1409.5 824000
1723176771657 1409.5 828000
1723176785265 1409.5 832000
1723176798730 1409.5 836000
1723176812031 1409.5 840000
1723176825600 1409.5 844000
1723176839406 1409.5 848000
1723176852821 1409.5 852000
1723176866176 1409.5 856000
1723176879515 1409.5 860000
1723176893310 1409.5 864000
1723176907402 1409.5 868000
1723176921195 1409.5 872000
1723176934726 1409.5 876000
1723176948283 1409.5 880000
1723176961782 1409.5 884000
1723176975551 1409.5 888000
1723176989058 1409.5 892000
1723177002468 1409.5 896000
1723177015804 1409.5 900000
1723177029244 1409.5 904000
1723177042206 1409.5 908000
1723177056328 1409.5 912000
1723177069980 1409.5 916000
1723177083486 1409.5 920000
1723177097268 1409.5 924000
1723177110656 1409.5 928000
1723177124265 1409.5 932000
1723177137992 1409.5 936000
1723177151224 1409.5 940000
1723177164425 1409.5 944000
1723177177921 1409.5 948000
1723177192497 1409.5 952000
1723177205860 1409.5 956000
1723177219475 1409.5 960000
1723177232866 1409.5 964000
1723177246451 1409.5 968000
1723177260086 1409.5 972000
1723177274355 1409.5 976000
1723177287994 1409.5 980000
1723177301982 1409.5 984000
1723177315746 1409.5 988000
1723177329347 1409.5 992000
1723177342477 1409.5 996000
1723177355639 1409.5 1000000
1723177369196 1409.5 1004000
1723177382893 1409.5 1008000
1723177396587 1409.5 1012000
1723177410325 1409.5 1016000
1723177423770 1409.5 1020000
1723177437344 1409.5 1024000
1723177451110 1409.5 1028000
1723177464806 1409.5 1032000
1723177478940 1409.5 1036000
1723177492983 1409.5 1040000
1723177506893 1409.5 1044000
1723177520561 1409.5 1048000
1723177534440 1409.5 1052000
1723177548280 1409.5 1056000
1723177561830 1409.5 1060000
1723177575981 1409.5 1064000
1723177589621 1409.5 1068000
1723177602442 1409.5 1072000
1723177615612 1409.5 1076000
1723177628956 1409.5 1080000
1723177641998 1409.5 1084000
1723177655429 1409.5 1088000
1723177668877 1409.5 1092000
1723177682580 1409.5 1096000
1723177696084 1409.5 1100000
1723177709629 1409.5 1104000
1723177723125 1409.5 1108000
1723177737070 1409.5 1112000
1723177750239 1409.5 1116000
1723177763811 1409.5 1120000
1723177777183 1409.5 1124000
1723177790738 1409.5 1128000
1723177803906 1409.5 1132000
1723177817059 1409.5 1136000
1723177830565 1409.5 1140000
1723177844275 1409.5 1144000
1723177858393 1409.5 1148000
1723177871988 1409.5 1152000
1723177885635 1409.5 1156000
1723177899152 1409.5 1160000
1723177912752 1409.5 1164000
1723177925740 1409.5 1168000
1723177939353 1409.5 1172000
1723177952342 1409.5 1176000
1723177965692 1409.5 1180000
1723177979161 1409.5 1184000
1723177993088 1409.5 1188000
1723178006574 1409.5 1192000
1723178019797 1409.5 1196000
1723178033070 1409.5 1200000
1723178045190 1409.5 1204000
1723178058694 1409.5 1208000
1723178071632 1409.5 1212000
1723178084968 1409.5 1216000
1723178097833 1409.5 1220000
1723178111159 1409.5 1224000
1723178124365 1409.5 1228000
1723178137698 1409.5 1232000
1723178151444 1409.5 1236000
1723178165206 1409.5 1240000
1723178178642 1409.5 1244000
1723178191708 1409.5 1248000
1723178205081 1409.5 1252000
1723178218990 1409.5 1256000
1723178232314 1409.5 1260000
1723178245743 1409.5 1264000
1723178259246 1409.5 1268000
1723178273069 1409.5 1272000
1723178286373 1409.5 1276000
1723178299570 1409.5 1280000
1723178312923 1409.5 1284000
1723178326958 1409.5 1288000
1723178340906 1409.5 1292000
1723178354522 1409.5 1296000
1723178367854 1409.5 1300000
1723178381152 1409.5 1304000
1723178394746 1409.5 1308000
1723178407726 1409.5 1312000
1723178420929 1409.5 1316000
1723178434427 1409.5 1320000
1723178447758 1409.5 1324000
1723178461253 1409.5 1328000
1723178474787 1409.5 1332000
1723178488264 1409.5 1336000
1723178501712 1409.5 1340000
1723178515739 1409.5 1344000
1723178529948 1409.5 1348000
1723178543444 1409.5 1352000
1723178556978 1409.5 1356000
1723178570407 1409.5 1360000
1723178583551 1409.5 1364000
1723178597128 1409.5 1368000
1723178610344 1409.5 1372000
1723178623499 1409.5 1376000
1723178636632 1409.5 1380000
1723178649950 1409.5 1384000
1723178662666 1409.5 1388000
1723178675163 1409.5 1392000
1723178688521 1409.5 1396000
1723178701627 1409.5 1400000
1723178714965 1409.5 1404000
1723178728603 1409.5 1408000
1723178742390 1409.5 1412000
1723178755624 1409.5 1416000
1723178769361 1409.5 1420000
1723178782886 1409.5 1424000
1723178796327 1409.5 1428000
1723178809895 1409.5 1432000
1723178823252 1409.5 1436000
1723178836143 1409.5 1440000
1723178847549 1409.5 1444000
1723178859347 1409.5 1448000
1723178871082 1409.5 1452000
1723178883056 1409.5 1456000
1723178895060 1409.5 1460000
1723178907105 1409.5 1464000
1723178918403 1409.5 1468000
1723178929972 1409.5 1472000
1723178942229 1409.5 1476000
1723178953904 1409.5 1480000
1723178965813 1409.5 1484000
1723178977746 1409.5 1488000
1723178989883 1409.5 1492000
1723179001761 1409.5 1496000
1723179013776 1409.5 1500000
1723179025398 1409.5 1504000
1723179037316 1409.5 1508000
1723179049034 1409.5 1512000
1723179060677 1409.5 1516000
1723179072650 1409.5 1520000
1723179084959 1409.5 1524000
1723179096618 1409.5 1528000
1723179108146 1409.5 1532000
1723179119732 1409.5 1536000
1723179131493 1409.5 1540000
1723179143278 1409.5 1544000
1723179154823 1409.5 1548000
1723179166547 1409.5 1552000
1723179177998 1409.5 1556000
1723179189834 1409.5 1560000
1723179201115 1409.5 1564000
1723179212753 1409.5 1568000
1723179224434 1409.5 1572000
1723179236345 1409.5 1576000
1723179247961 1409.5 1580000
1723179259154 1409.5 1584000
1723179270757 1409.5 1588000
1723179282450 1409.5 1592000
1723179293809 1409.5 1596000
1723179305094 1409.5 1600000
1723179316203 1409.5 1604000
1723179328014 1409.5 1608000
1723179339572 1409.5 1612000
1723179350968 1409.5 1616000
1723179362361 1409.5 1620000
1723179373648 1409.5 1624000
1723179384999 1409.5 1628000
1723179396248 1409.5 1632000
1723179407439 1409.5 1636000
1723179418925 1409.5 1640000
1723179430604 1409.5 1644000
1723179441953 1409.5 1648000
1723179453300 1409.5 1652000
1723179464703 1409.5 1656000
1723179476008 1409.5 1660000
1723179487828 1409.5 1664000
1723179499242 1409.5 1668000
1723179510784 1409.5 1672000
1723179522319 1409.5 1676000
1723179533957 1409.5 1680000
1723179544978 1409.5 1684000
1723179556239 1409.5 1688000
1723179567725 1409.5 1692000
1723179579117 1409.5 1696000
1723179590495 1409.5 1700000
1723179601866 1409.5 1704000
1723179613161 1409.5 1708000
1723179624307 1409.5 1712000
1723179635729 1409.5 1716000
1723179646987 1409.5 1720000
1723179658489 1409.5 1724000
1723179669914 1409.5 1728000
1723179681207 1409.5 1732000
1723179692559 1409.5 1736000
1723179704004 1409.5 1740000
1723179715257 1409.5 1744000
1723179726709 1409.5 1748000
1723179738189 1409.5 1752000
1723179749565 1409.5 1756000
1723179760762 1409.5 1760000
1723179772206 1409.5 1764000
1723179784211 1409.5 1768000
1723179796005 1409.5 1772000
1723179807475 1409.5 1776000
1723179818905 1409.5 1780000
1723179830430 1409.5 1784000
1723179842609 1409.5 1788000
1723179853865 1409.5 1792000
1723179865389 1409.5 1796000
1723179876425 1409.5 1800000
1723179888044 1409.5 1804000
1723179899494 1409.5 1808000
1723179911046 1409.5 1812000
1723179922420 1409.5 1816000
1723179933854 1409.5 1820000
1723179945176 1409.5 1824000
1723179956412 1409.5 1828000
1723179967989 1409.5 1832000
1723179979286 1409.5 1836000
1723179990779 1409.5 1840000
1723180002162 1409.5 1844000
1723180013340 1409.5 1848000
1723180024932 1409.5 1852000
1723180036572 1409.5 1856000
1723180048245 1409.5 1860000
1723180059781 1409.5 1864000
1723180071123 1409.5 1868000
1723180082529 1409.5 1872000
1723180093906 1409.5 1876000
1723180105079 1409.5 1880000
1723180116400 1409.5 1884000
1723180127876 1409.5 1888000
1723180139405 1409.5 1892000
1723180150905 1409.5 1896000
1723180162051 1409.5 1900000
1723180173296 1409.5 1904000
1723180184581 1409.5 1908000
1723180196176 1409.5 1912000
1723180207637 1409.5 1916000
1723180219032 1409.5 1920000
1723180230518 1409.5 1924000
1723180241783 1409.5 1928000
1723180253513 1409.5 1932000
1723180264992 1409.5 1936000
1723180276115 1409.5 1940000
1723180287573 1409.5 1944000
1723180298805 1409.5 1948000
1723180310161 1409.5 1952000
1723180321930 1409.5 1956000
1723180333067 1409.5 1960000
1723180344546 1409.5 1964000
1723180356193 1409.5 1968000
1723180367676 1409.5 1972000
1723180379183 1409.5 1976000
1723180390567 1409.5 1980000
1723180401968 1409.5 1984000
1723180413638 1409.5 1988000
1723180425397 1409.5 1992000
1723180436850 1409.5 1996000
1723180448697 1409.5 2000000
