1723171812081 1409.5 4000
1723171825464 1409.5 8000
1723171838182 1409.5 12000
1723171851765 1409.5 16000
1723171869948 1409.5 20000
1723171886437 1409.5 24000
1723171904883 1409.5 28000
1723171922424 1409.5 32000
1723171940931 1409.5 36000
1723171958921 1409.5 40000
1723171977247 1409.5 44000
1723171994416 1409.5 48000
1723172010973 1409.5 52000
1723172029687 1409.5 56000
1723172044761 1409.5 60000
1723172058685 1409.5 64000
1723172072323 1409.5 68000
1723172086255 1409.5 72000
1723172100002 1409.5 76000
1723172113436 1409.5 80000
1723172126021 1409.5 84000
1723172139068 1409.5 88000
1723172151557 1409.5 92000
1723172164002 1409.5 96000
1723172176747 1409.5 100000
1723172189622 1409.5 104000
1723172201831 1409.5 108000
1723172214583 1409.5 112000
1723172227440 1409.5 116000
1723172240116 1409.5 120000
1723172252925 1409.5 124000
1723172265503 1409.5 128000
1723172278147 1409.5 132000
1723172290542 1409.5 136000
1723172303029 1409.5 140000
1723172315613 1409.5 144000
1723172328132 1409.5 148000
1723172340456 1409.5 152000
1723172353029 1409.5 156000
1723172365089 1409.5 160000
1723172376943 1409.5 164000
1723172389999 1409.5 168000
1723172402604 1409.5 172000
1723172414601 1409.5 176000
1723172426792 1409.5 180000
1723172439192 1409.5 184000
1723172451850 1409.5 188000
1723172465543 1409.5 192000
1723172478547 1409.5 196000
1723172494409 1409.5 200000
1723172507770 1409.5 204000
1723172524647 1409.5 208000
1723172546705 1409.5 212000
1723172563840 1409.5 216000
1723172581193 1409.5 220000
1723172598101 1409.5 224000
1723172613461 1409.5 228000
1723172628793 1409.5 232000
1723172644020 1409.5 236000
1723172659954 1409.5 240000
1723172675812 1409.5 244000
1723172692140 1409.5 248000
1723172707095 1409.5 252000
1723172721828 1409.5 256000
1723172738311 1409.5 260000
1723172756133 1409.5 264000
1723172771014 1409.5 268000
1723172786000 1409.5 272000
1723172800916 1409.5 276000
1723172815780 1409.5 280000
1723172830447 1409.5 284000
1723172844903 1409.5 288000
1723172859281 1409.5 292000
1723172874484 1409.5 296000
1723172889302 1409.5 300000
1723172903673 1409.5 304000
1723172919806 1409.5 308000
1723172934707 1409.5 312000
1723172948540 1409.5 316000
1723172963195 1409.5 320000
1723172977743 1409.5 324000
1723172992134 1409.5 328000
1723173006952 1409.5 332000
1723173022392 1409.5 336000
1723173036772 1409.5 340000
1723173051310 1409.5 344000
1723173065690 1409.5 348000
1723173080196 1409.5 352000
1723173094732 1409.5 356000
1723173109410 1409.5 360000
1723173125512 1409.5 364000
1723173140498 1409.5 368000
1723173155655 1409.5 372000
1723173171535 1409.5 376000
1723173186405 1409.5 380000
1723173201462 1409.5 384000
1723173216097 1409.5 388000
1723173230973 1409.5 392000
1723173245636 1409.5 396000
1723173259826 1409.5 400000
1723173274628 1409.5 404000
1723173289066 1409.5 408000
1723173302878 1409.5 412000
1723173317071 1409.5 416000
1723173331062 1409.5 420000
1723173344729 1409.5 424000
1723173359358 1409.5 428000
1723173374478 1409.5 432000
1723173388045 1409.5 436000
1723173401069 1409.5 440000
1723173417307 1409.5 444000
1723173434378 1409.5 448000
1723173452306 1409.5 452000
1723173472647 1409.5 456000
1723173492640 1409.5 460000
1723173511571 1409.5 464000
1723173529379 1409.5 468000
1723173544129 1409.5 472000
1723173568100 1409.5 476000
1723173585321 1409.5 480000
1723173600888 1409.5 484000
1723173616381 1409.5 488000
1723173631770 1409.5 492000
1723173646247 1409.5 496000
1723173661999 1409.5 500000
1723173679557 1409.5 504000
1723173698999 1409.5 508000
1723173715875 1409.5 512000
1723173729855 1409.5 516000
1723173741853 1409.5 520000
1723173754011 1409.5 524000
1723173766894 1409.5 528000
1723173779513 1409.5 532000
1723173796123 1409.5 536000
1723173814647 1409.5 540000
1723173834491 1409.5 544000
1723173855057 1409.5 548000
1723173868931 1409.5 552000
1723173887172 1409.5 556000
1723173903186 1409.5 560000
1723173916616 1409.5 564000
1723173942244 1409.5 568000
1723173958494 1409.5 572000
1723173972768 1409.5 576000
1723173988089 1409.5 580000
1723174003736 1409.5 584000
1723174019239 1409.5 588000
1723174034030 1409.5 592000
1723174049973 1409.5 596000
1723174064449 1409.5 600000
1723174079901 1409.5 604000
1723174093375 1409.5 608000
1723174108924 1409.5 612000
1723174123230 1409.5 616000
1723174137227 1409.5 620000
1723174150905 1409.5 624000
1723174164519 1409.5 628000
1723174178023 1409.5 632000
1723174191339 1409.5 636000
1723174205206 1409.5 640000
1723174218585 1409.5 644000
1723174231994 1409.5 648000
1723174245413 1409.5 652000
1723174258692 1409.5 656000
1723174272740 1409.5 660000
1723174286018 1409.5 664000
1723174299389 1409.5 668000
1723174312981 1409.5 672000
1723174326439 1409.5 676000
1723174340068 1409.5 680000
1723174353433 1409.5 684000
1723174366639 1409.5 688000
1723174379054 1409.5 692000
1723174392504 1409.5 696000
1723174405879 1409.5 700000
1723174419193 1409.5 704000
1723174432568 1409.5 708000
1723174445869 1409.5 712000
1723174459139 1409.5 716000
1723174471951 1409.5 720000
1723174485509 1409.5 724000
1723174499187 1409.5 728000
1723174512518 1409.5 732000
1723174525750 1409.5 736000
1723174539776 1409.5 740000
1723174553226 1409.5 744000
1723174567154 1409.5 748000
1723174580386 1409.5 752000
1723174594431 1409.5 756000
1723174607472 1409.5 760000
1723174621243 1409.5 764000
1723174634886 1409.5 768000
1723174648392 1409.5 772000
1723174662039 1409.5 776000
1723174675975 1409.5 780000
1723174689577 1409.5 784000
1723174702906 1409.5 788000
1723174716274 1409.5 792000
1723174730055 1409.5 796000
1723174744016 1409.5 800000
1723174757150 1409.5 804000
1723174770176 1409.5 808000
1723174783243 1409.5 812000
1723174796646 1409.5 816000
1723174809878 1409.5 820000
1723174823406 1409.5 824000
1723174836721 1409.5 828000
1723174850472 1409.5 832000
1723174864170 1409.5 836000
1723174877657 1409.5 840000
1723174890708 1409.5 844000
1723174904402 1409.5 848000
1723174917576 1409.5 852000
1723174930517 1409.5 856000
1723174943695 1409.5 860000
1723174957230 1409.5 864000
1723174971328 1409.5 868000
1723174984853 1409.5 872000
1723174998294 1409.5 876000
1723175011785 1409.5 880000
1723175025652 1409.5 884000
1723175039012 1409.5 888000
1723175052022 1409.5 892000
1723175065370 1409.5 896000
1723175078913 1409.5 900000
1723175092003 1409.5 904000
1723175105091 1409.5 908000
1723175118367 1409.5 912000
1723175131975 1409.5 916000
1723175145254 1409.5 920000
1723175158698 1409.5 924000
1723175172581 1409.5 928000
1723175186592 1409.5 932000
1723175200705 1409.5 936000
1723175214909 1409.5 940000
1723175228642 1409.5 944000
1723175242215 1409.5 948000
1723175255911 1409.5 952000
1723175269375 1409.5 956000
1723175283358 1409.5 960000
1723175296972 1409.5 964000
1723175310755 1409.5 968000
1723175324623 1409.5 972000
1723175338175 1409.5 976000
1723175351528 1409.5 980000
1723175365062 1409.5 984000
1723175378290 1409.5 988000
1723175392488 1409.5 992000
1723175406024 1409.5 996000
1723175419168 1409.5 1000000
1723175432323 1409.5 1004000
1723175445742 1409.5 1008000
1723175459176 1409.5 1012000
1723175472634 1409.5 1016000
1723175487654 1409.5 1020000
1723175501197 1409.5 1024000
1723175514747 1409.5 1028000
1723175528081 1409.5 1032000
1723175541351 1409.5 1036000
1723175555345 1409.5 1040000
1723175570003 1409.5 1044000
1723175583690 1409.5 1048000
1723175597304 1409.5 1052000
1723175611063 1409.5 1056000
1723175624547 1409.5 1060000
1723175638007 1409.5 1064000
1723175652557 1409.5 1068000
1723175666236 1409.5 1072000
1723175679518 1409.5 1076000
1723175693241 1409.5 1080000
1723175706883 1409.5 1084000
1723175720307 1409.5 1088000
1723175733634 1409.5 1092000
1723175747168 1409.5 1096000
1723175761005 1409.5 1100000
1723175773101 1409.5 1104000
1723175786945 1409.5 1108000
1723175800079 1409.5 1112000
1723175813610 1409.5 1116000
1723175827614 1409.5 1120000
1723175841380 1409.5 1124000
1723175853693 1409.5 1128000
1723175868037 1409.5 1132000
1723175881534 1409.5 1136000
1723175895190 1409.5 1140000
1723175908457 1409.5 1144000
1723175922389 1409.5 1148000
1723175936482 1409.5 1152000
1723175950267 1409.5 1156000
1723175963906 1409.5 1160000
1723175977125 1409.5 1164000
1723175990462 1409.5 1168000
1723176003984 1409.5 1172000
1723176017097 1409.5 1176000
1723176030477 1409.5 1180000
1723176044373 1409.5 1184000
1723176058816 1409.5 1188000
1723176072191 1409.5 1192000
1723176085250 1409.5 1196000
1723176099105 1409.5 1200000
1723176112977 1409.5 1204000
1723176126695 1409.5 1208000
1723176139985 1409.5 1212000
1723176154460 1409.5 1216000
1723176168419 1409.5 1220000
1723176182151 1409.5 1224000
1723176195855 1409.5 1228000
1723176209030 1409.5 1232000
1723176222189 1409.5 1236000
1723176236064 1409.5 1240000
1723176249559 1409.5 1244000
1723176262366 1409.5 1248000
1723176274808 1409.5 1252000
1723176287990 1409.5 1256000
1723176301101 1409.5 1260000
1723176314511 1409.5 1264000
1723176327900 1409.5 1268000
1723176341162 1409.5 1272000
1723176355112 1409.5 1276000
1723176368920 1409.5 1280000
1723176383325 1409.5 1284000
1723176395547 1409.5 1288000
1723176408692 1409.5 1292000
1723176422087 1409.5 1296000
1723176435194 1409.5 1300000
1723176448930 1409.5 1304000
1723176462153 1409.5 1308000
1723176475902 1409.5 1312000
1723176490092 1409.5 1316000
1723176502750 1409.5 1320000
1723176516133 1409.5 1324000
1723176530460 1409.5 1328000
1723176544869 1409.5 1332000
1723176558177 1409.5 1336000
1723176572135 1409.5 1340000
1723176585661 1409.5 1344000
1723176599581 1409.5 1348000
1723176613517 1409.5 1352000
1723176627242 1409.5 1356000
1723176640671 1409.5 1360000
1723176654154 1409.5 1364000
1723176667872 1409.5 1368000
1723176681443 1409.5 1372000
1723176695009 1409.5 1376000
1723176708617 1409.5 1380000
1723176722055 1409.5 1384000
1723176735520 1409.5 1388000
1723176748887 1409.5 1392000
1723176762379 1409.5 1396000
1723176776167 1409.5 1400000
1723176789977 1409.5 1404000
1723176803614 1409.5 1408000
1723176816726 1409.5 1412000
1723176830379 1409.5 1416000
1723176844091 1409.5 1420000
1723176857382 1409.5 1424000
1723176871060 1409.5 1428000
1723176884711 1409.5 1432000
1723176898694 1409.5 1436000
1723176912470 1409.5 1440000
1723176926105 1409.5 1444000
1723176939477 1409.5 1448000
1723176953028 1409.5 1452000
1723176966141 1409.5 1456000
1723176979524 1409.5 1460000
1723176992953 1409.5 1464000
1723177006370 1409.5 1468000
1723177019775 1409.5 1472000
1723177033212 1409.5 1476000
1723177046735 1409.5 1480000
1723177060397 1409.5 1484000
1723177074254 1409.5 1488000
1723177088079 1409.5 1492000
1723177101819 1409.5 1496000
1723177115467 1409.5 1500000
1723177129304 1409.5 1504000
1723177143089 1409.5 1508000
1723177156391 1409.5 1512000
1723177169547 1409.5 1516000
1723177183889 1409.5 1520000
1723177197314 1409.5 1524000
1723177210621 1409.5 1528000
1723177223655 1409.5 1532000
1723177236902 1409.5 1536000
1723177250908 1409.5 1540000
1723177264520 1409.5 1544000
1723177278889 1409.5 1548000
1723177292870 1409.5 1552000
1723177306784 1409.5 1556000
1723177320548 1409.5 1560000
1723177334370 1409.5 1564000
1723177347915 1409.5 1568000
1723177361775 1409.5 1572000
1723177375714 1409.5 1576000
1723177389919 1409.5 1580000
1723177403504 1409.5 1584000
1723177416876 1409.5 1588000
1723177430907 1409.5 1592000
1723177444932 1409.5 1596000
1723177458692 1409.5 1600000
1723177472345 1409.5 1604000
1723177486238 1409.5 1608000
1723177499981 1409.5 1612000
1723177513666 1409.5 1616000
1723177527906 1409.5 1620000
1723177541638 1409.5 1624000
1723177555338 1409.5 1628000
1723177569667 1409.5 1632000
1723177583740 1409.5 1636000
1723177597073 1409.5 1640000
1723177610769 1409.5 1644000
1723177624356 1409.5 1648000
1723177637716 1409.5 1652000
1723177651444 1409.5 1656000
1723177664776 1409.5 1660000
1723177678233 1409.5 1664000
1723177691876 1409.5 1668000
1723177705561 1409.5 1672000
1723177718905 1409.5 1676000
1723177732956 1409.5 1680000
1723177746511 1409.5 1684000
1723177759729 1409.5 1688000
1723177773569 1409.5 1692000
1723177787174 1409.5 1696000
1723177800816 1409.5 1700000
1723177813938 1409.5 1704000
1723177827227 1409.5 1708000
1723177840353 1409.5 1712000
1723177854663 1409.5 1716000
1723177868267 1409.5 1720000
1723177882050 1409.5 1724000
1723177895340 1409.5 1728000
1723177908941 1409.5 1732000
1723177921974 1409.5 1736000
1723177934812 1409.5 1740000
1723177948573 1409.5 1744000
1723177962188 1409.5 1748000
1723177975853 1409.5 1752000
1723177990091 1409.5 1756000
1723178003938 1409.5 1760000
1723178017767 1409.5 1764000
1723178031647 1409.5 1768000
1723178045720 1409.5 1772000
1723178059059 1409.5 1776000
1723178073346 1409.5 1780000
1723178087134 1409.5 1784000
1723178100818 1409.5 1788000
1723178114361 1409.5 1792000
1723178127620 1409.5 1796000
1723178141392 1409.5 1800000
1723178155428 1409.5 1804000
1723178170190 1409.5 1808000
1723178183801 1409.5 1812000
1723178197250 1409.5 1816000
1723178210994 1409.5 1820000
1723178224830 1409.5 1824000
1723178238223 1409.5 1828000
1723178251530 1409.5 1832000
1723178265468 1409.5 1836000
1723178279532 1409.5 1840000
1723178293278 1409.5 1844000
1723178306878 1409.5 1848000
1723178320161 1409.5 1852000
1723178334240 1409.5 1856000
1723178347771 1409.5 1860000
1723178361256 1409.5 1864000
1723178374318 1409.5 1868000
1723178387731 1409.5 1872000
1723178401201 1409.5 1876000
1723178414754 1409.5 1880000
1723178427881 1409.5 1884000
1723178441392 1409.5 1888000
1723178454808 1409.5 1892000
1723178468817 1409.5 1896000
1723178482325 1409.5 1900000
1723178496019 1409.5 1904000
1723178510376 1409.5 1908000
1723178524209 1409.5 1912000
1723178537849 1409.5 1916000
1723178551674 1409.5 1920000
1723178565109 1409.5 1924000
1723178578960 1409.5 1928000
1723178592932 1409.5 1932000
1723178606216 1409.5 1936000
1723178619753 1409.5 1940000
1723178634045 1409.5 1944000
1723178647895 1409.5 1948000
1723178661827 1409.5 1952000
1723178676741 1409.5 1956000
1723178690509 1409.5 1960000
1723178704296 1409.5 1964000
1723178717877 1409.5 1968000
1723178731545 1409.5 1972000
1723178744671 1409.5 1976000
1723178758602 1409.5 1980000
1723178772334 1409.5 1984000
1723178786162 1409.5 1988000
1723178799564 1409.5 1992000
1723178813190 1409.5 1996000
1723178827031 1409.5 2000000
