1723171812081 1410.5 4000
1723171825463 4230.5 8000
1723171838182 7050.5 12000
1723171851765 9870.5 16000
1723171869948 12690.5 20000
1723171886437 15510.5 24000
1723171904882 18330.5 28000
1723171922423 21150.5 32000
1723171940931 23970.5 36000
1723171958920 26790.5 40000
1723171977246 29610.5 44000
1723171994415 32430.5 48000
1723172010973 35250.5 52000
1723172029686 38070.5 56000
1723172044760 40890.5 60000
1723172058684 43710.5 64000
1723172072322 46530.5 68000
1723172086254 49350.5 72000
1723172100001 52170.5 76000
1723172113435 54990.5 80000
1723172126020 57810.5 84000
1723172139068 60630.5 88000
1723172151556 63450.5 92000
1723172164002 66270.5 96000
1723172176747 69090.5 100000
1723172189622 71910.5 104000
1723172201831 74730.5 108000
1723172214582 77550.5 112000
1723172227439 80370.5 116000
1723172240116 83190.5 120000
1723172252925 86010.5 124000
1723172265503 88830.5 128000
1723172278147 91650.5 132000
1723172290541 94470.5 136000
1723172303029 97290.5 140000
1723172315613 100110.5 144000
1723172328132 102930.5 148000
1723172340456 105750.5 152000
1723172353028 108570.5 156000
1723172365088 111390.5 160000
1723172376943 114210.5 164000
1723172389998 117030.5 168000
1723172402604 119850.5 172000
1723172414600 122670.5 176000
1723172426792 125490.5 180000
1723172439192 128310.5 184000
1723172451849 131130.5 188000
1723172465543 133950.5 192000
1723172478547 136770.5 196000
1723172494409 139590.5 200000
1723172507769 142410.5 204000
1723172524647 145230.5 208000
1723172546705 148050.5 212000
1723172563840 150870.5 216000
1723172581193 153690.5 220000
1723172598101 156510.5 224000
1723172613460 159330.5 228000
1723172628793 162150.5 232000
1723172644020 164970.5 236000
1723172659954 167790.5 240000
1723172675812 170610.5 244000
1723172692140 173430.5 248000
1723172707095 176250.5 252000
1723172721827 179070.5 256000
1723172738311 181890.5 260000
1723172756132 184710.5 264000
1723172771013 187530.5 268000
1723172786000 190350.5 272000
1723172800916 193170.5 276000
1723172815779 195990.5 280000
1723172830447 198810.5 284000
1723172844902 201630.5 288000
1723172859281 204450.5 292000
1723172874484 207270.5 296000
1723172889301 210090.5 300000
1723172903673 212910.5 304000
1723172919806 215730.5 308000
1723172934706 218550.5 312000
1723172948540 221370.5 316000
1723172963194 224190.5 320000
1723172977742 227010.5 324000
1723172992133 229830.5 328000
1723173006952 232650.5 332000
1723173022391 235470.5 336000
1723173036771 238290.5 340000
1723173051310 241110.5 344000
1723173065689 243930.5 348000
1723173080195 246750.5 352000
1723173094732 249570.5 356000
1723173109409 252390.5 360000
1723173125512 255210.5 364000
1723173140497 258030.5 368000
1723173155655 260850.5 372000
1723173171535 263670.5 376000
1723173186405 266490.5 380000
1723173201461 269310.5 384000
1723173216096 272130.5 388000
1723173230973 274950.5 392000
1723173245636 277770.5 396000
1723173259826 280590.5 400000
1723173274628 283410.5 404000
1723173289065 286230.5 408000
1723173302877 289050.5 412000
1723173317071 291870.5 416000
1723173331061 294690.5 420000
1723173344729 297510.5 424000
1723173359357 300330.5 428000
1723173374478 303150.5 432000
1723173388044 305970.5 436000
1723173401069 308790.5 440000
1723173417307 311610.5 444000
1723173434378 314430.5 448000
1723173452306 317250.5 452000
1723173472646 320070.5 456000
1723173492640 322890.5 460000
1723173511570 325710.5 464000
1723173529378 328530.5 468000
1723173544128 331350.5 472000
1723173568100 334170.5 476000
1723173585321 336990.5 480000
1723173600888 339810.5 484000
1723173616380 342630.5 488000
1723173631769 345450.5 492000
1723173646246 348270.5 496000
1723173661999 351090.5 500000
1723173679557 353910.5 504000
1723173698998 356730.5 508000
1723173715875 359550.5 512000
1723173729855 362370.5 516000
1723173741853 365190.5 520000
1723173754010 368010.5 524000
1723173766893 370830.5 528000
1723173779513 373650.5 532000
1723173796123 376470.5 536000
1723173814646 379290.5 540000
1723173834490 382110.5 544000
1723173855056 384930.5 548000
1723173868931 387750.5 552000
1723173887171 390570.5 556000
1723173903185 393390.5 560000
1723173916615 396210.5 564000
1723173942243 399030.5 568000
1723173958494 401850.5 572000
1723173972767 404670.5 576000
1723173988089 407490.5 580000
1723174003736 410310.5 584000
1723174019238 413130.5 588000
1723174034030 415950.5 592000
1723174049973 418770.5 596000
1723174064448 421590.5 600000
1723174079901 424410.5 604000
1723174093375 427230.5 608000
1723174108924 430050.5 612000
1723174123230 432870.5 616000
1723174137226 435690.5 620000
1723174150905 438510.5 624000
1723174164519 441330.5 628000
1723174178023 444150.5 632000
1723174191338 446970.5 636000
1723174205206 449790.5 640000
1723174218585 452610.5 644000
1723174231994 455430.5 648000
1723174245413 458250.5 652000
1723174258692 461070.5 656000
1723174272739 463890.5 660000
1723174286017 466710.5 664000
1723174299389 469530.5 668000
1723174312980 472350.5 672000
1723174326438 475170.5 676000
1723174340067 477990.5 680000
1723174353433 480810.5 684000
1723174366639 483630.5 688000
1723174379053 486450.5 692000
1723174392503 489270.5 696000
1723174405879 492090.5 700000
1723174419193 494910.5 704000
1723174432567 497730.5 708000
1723174445869 500550.5 712000
1723174459139 503370.5 716000
1723174471950 506190.5 720000
1723174485508 509010.5 724000
1723174499187 511830.5 728000
1723174512517 514650.5 732000
1723174525750 517470.5 736000
1723174539776 520290.5 740000
1723174553225 523110.5 744000
1723174567154 525930.5 748000
1723174580386 528750.5 752000
1723174594430 531570.5 756000
1723174607471 534390.5 760000
1723174621243 537210.5 764000
1723174634886 540030.5 768000
1723174648392 542850.5 772000
1723174662039 545670.5 776000
1723174675974 548490.5 780000
1723174689576 551310.5 784000
1723174702906 554130.5 788000
1723174716274 556950.5 792000
1723174730055 559770.5 796000
1723174744016 562590.5 800000
1723174757150 565410.5 804000
1723174770176 568230.5 808000
1723174783243 571050.5 812000
1723174796646 573870.5 816000
1723174809878 576690.5 820000
1723174823406 579510.5 824000
1723174836721 582330.5 828000
1723174850472 585150.5 832000
1723174864170 587970.5 836000
1723174877657 590790.5 840000
1723174890707 593610.5 844000
1723174904402 596430.5 848000
1723174917575 599250.5 852000
1723174930517 602070.5 856000
1723174943694 604890.5 860000
1723174957229 607710.5 864000
1723174971328 610530.5 868000
1723174984853 613350.5 872000
1723174998294 616170.5 876000
1723175011785 618990.5 880000
1723175025652 621810.5 884000
1723175039012 624630.5 888000
1723175052021 627450.5 892000
1723175065369 630270.5 896000
1723175078913 633090.5 900000
1723175092002 635910.5 904000
1723175105091 638730.5 908000
1723175118366 641550.5 912000
1723175131974 644370.5 916000
1723175145253 647190.5 920000
1723175158697 650010.5 924000
1723175172581 652830.5 928000
1723175186592 655650.5 932000
1723175200705 658470.5 936000
1723175214909 661290.5 940000
1723175228642 664110.5 944000
1723175242215 666930.5 948000
1723175255910 669750.5 952000
1723175269375 672570.5 956000
1723175283357 675390.5 960000
1723175296972 678210.5 964000
1723175310754 681030.5 968000
1723175324623 683850.5 972000
1723175338174 686670.5 976000
1723175351528 689490.5 980000
1723175365062 692310.5 984000
1723175378289 695130.5 988000
1723175392487 697950.5 992000
1723175406023 700770.5 996000
1723175419167 703590.5 1000000
1723175432322 706410.5 1004000
1723175445742 709230.5 1008000
1723175459175 712050.5 1012000
1723175472634 714870.5 1016000
1723175487654 717690.5 1020000
1723175501196 720510.5 1024000
1723175514746 723330.5 1028000
1723175528080 726150.5 1032000
1723175541350 728970.5 1036000
1723175555345 731790.5 1040000
1723175570003 734610.5 1044000
1723175583690 737430.5 1048000
1723175597304 740250.5 1052000
1723175611063 743070.5 1056000
1723175624546 745890.5 1060000
1723175638007 748710.5 1064000
1723175652557 751530.5 1068000
1723175666236 754350.5 1072000
1723175679517 757170.5 1076000
1723175693241 759990.5 1080000
1723175706883 762810.5 1084000
1723175720306 765630.5 1088000
1723175733634 768450.5 1092000
1723175747168 771270.5 1096000
1723175761005 774090.5 1100000
1723175773100 776910.5 1104000
1723175786945 779730.5 1108000
1723175800079 782550.5 1112000
1723175813609 785370.5 1116000
1723175827613 788190.5 1120000
1723175841380 791010.5 1124000
1723175853692 793830.5 1128000
1723175868036 796650.5 1132000
1723175881533 799470.5 1136000
1723175895189 802290.5 1140000
1723175908457 805110.5 1144000
1723175922389 807930.5 1148000
1723175936482 810750.5 1152000
1723175950267 813570.5 1156000
1723175963905 816390.5 1160000
1723175977124 819210.5 1164000
1723175990462 822030.5 1168000
1723176003983 824850.5 1172000
1723176017097 827670.5 1176000
1723176030476 830490.5 1180000
1723176044372 833310.5 1184000
1723176058815 836130.5 1188000
1723176072190 838950.5 1192000
1723176085250 841770.5 1196000
1723176099105 844590.5 1200000
1723176112976 847410.5 1204000
1723176126694 850230.5 1208000
1723176139985 853050.5 1212000
1723176154460 855870.5 1216000
1723176168419 858690.5 1220000
1723176182151 861510.5 1224000
1723176195855 864330.5 1228000
1723176209030 867150.5 1232000
1723176222189 869970.5 1236000
1723176236064 872790.5 1240000
1723176249559 875610.5 1244000
1723176262366 878430.5 1248000
1723176274807 881250.5 1252000
1723176287990 884070.5 1256000
1723176301101 886890.5 1260000
1723176314511 889710.5 1264000
1723176327900 892530.5 1268000
1723176341162 895350.5 1272000
1723176355111 898170.5 1276000
1723176368920 900990.5 1280000
1723176383325 903810.5 1284000
1723176395547 906630.5 1288000
1723176408692 909450.5 1292000
1723176422087 912270.5 1296000
1723176435194 915090.5 1300000
1723176448930 917910.5 1304000
1723176462152 920730.5 1308000
1723176475901 923550.5 1312000
1723176490092 926370.5 1316000
1723176502749 929190.5 1320000
1723176516132 932010.5 1324000
1723176530459 934830.5 1328000
1723176544869 937650.5 1332000
1723176558176 940470.5 1336000
1723176572135 943290.5 1340000
1723176585661 946110.5 1344000
1723176599581 948930.5 1348000
1723176613517 951750.5 1352000
1723176627241 954570.5 1356000
1723176640671 957390.5 1360000
1723176654154 960210.5 1364000
1723176667872 963030.5 1368000
1723176681442 965850.5 1372000
1723176695009 968670.5 1376000
1723176708616 971490.5 1380000
1723176722055 974310.5 1384000
1723176735519 977130.5 1388000
1723176748886 979950.5 1392000
1723176762378 982770.5 1396000
1723176776166 985590.5 1400000
1723176789976 988410.5 1404000
1723176803614 991230.5 1408000
1723176816725 994050.5 1412000
1723176830379 996870.5 1416000
1723176844091 999690.5 1420000
1723176857382 1002510.5 1424000
1723176871060 1005330.5 1428000
1723176884710 1008150.5 1432000
1723176898693 1010970.5 1436000
1723176912470 1013790.5 1440000
1723176926105 1016610.5 1444000
1723176939476 1019430.5 1448000
1723176953028 1022250.5 1452000
1723176966140 1025070.5 1456000
1723176979523 1027890.5 1460000
1723176992953 1030710.5 1464000
1723177006370 1033530.5 1468000
1723177019775 1036350.5 1472000
1723177033211 1039170.5 1476000
1723177046734 1041990.5 1480000
1723177060397 1044810.5 1484000
1723177074254 1047630.5 1488000
1723177088079 1050450.5 1492000
1723177101819 1053270.5 1496000
1723177115467 1056090.5 1500000
1723177129304 1058910.5 1504000
1723177143089 1061730.5 1508000
1723177156390 1064550.5 1512000
1723177169547 1067370.5 1516000
1723177183888 1070190.5 1520000
1723177197314 1073010.5 1524000
1723177210620 1075830.5 1528000
1723177223655 1078650.5 1532000
1723177236902 1081470.5 1536000
1723177250908 1084290.5 1540000
1723177264519 1087110.5 1544000
1723177278888 1089930.5 1548000
1723177292869 1092750.5 1552000
1723177306784 1095570.5 1556000
1723177320548 1098390.5 1560000
1723177334369 1101210.5 1564000
1723177347915 1104030.5 1568000
1723177361775 1106850.5 1572000
1723177375713 1109670.5 1576000
1723177389918 1112490.5 1580000
1723177403503 1115310.5 1584000
1723177416876 1118130.5 1588000
1723177430906 1120950.5 1592000
1723177444932 1123770.5 1596000
1723177458692 1126590.5 1600000
1723177472345 1129410.5 1604000
1723177486238 1132230.5 1608000
1723177499980 1135050.5 1612000
1723177513665 1137870.5 1616000
1723177527906 1140690.5 1620000
1723177541637 1143510.5 1624000
1723177555337 1146330.5 1628000
1723177569667 1149150.5 1632000
1723177583740 1151970.5 1636000
1723177597072 1154790.5 1640000
1723177610769 1157610.5 1644000
1723177624355 1160430.5 1648000
1723177637716 1163250.5 1652000
1723177651444 1166070.5 1656000
1723177664776 1168890.5 1660000
1723177678232 1171710.5 1664000
1723177691875 1174530.5 1668000
1723177705561 1177350.5 1672000
1723177718904 1180170.5 1676000
1723177732956 1182990.5 1680000
1723177746511 1185810.5 1684000
1723177759729 1188630.5 1688000
1723177773568 1191450.5 1692000
1723177787174 1194270.5 1696000
1723177800816 1197090.5 1700000
1723177813938 1199910.5 1704000
1723177827227 1202730.5 1708000
1723177840352 1205550.5 1712000
1723177854662 1208370.5 1716000
1723177868266 1211190.5 1720000
1723177882050 1214010.5 1724000
1723177895340 1216830.5 1728000
1723177908940 1219650.5 1732000
1723177921974 1222470.5 1736000
1723177934812 1225290.5 1740000
1723177948572 1228110.5 1744000
1723177962188 1230930.5 1748000
1723177975853 1233750.5 1752000
1723177990090 1236570.5 1756000
1723178003938 1239390.5 1760000
1723178017767 1242210.5 1764000
1723178031646 1245030.5 1768000
1723178045719 1247850.5 1772000
1723178059059 1250670.5 1776000
1723178073345 1253490.5 1780000
1723178087134 1256310.5 1784000
1723178100817 1259130.5 1788000
1723178114361 1261950.5 1792000
1723178127619 1264770.5 1796000
1723178141391 1267590.5 1800000
1723178155428 1270410.5 1804000
1723178170189 1273230.5 1808000
1723178183800 1276050.5 1812000
1723178197249 1278870.5 1816000
1723178210993 1281690.5 1820000
1723178224830 1284510.5 1824000
1723178238223 1287330.5 1828000
1723178251529 1290150.5 1832000
1723178265467 1292970.5 1836000
1723178279531 1295790.5 1840000
1723178293278 1298610.5 1844000
1723178306878 1301430.5 1848000
1723178320161 1304250.5 1852000
1723178334239 1307070.5 1856000
1723178347771 1309890.5 1860000
1723178361255 1312710.5 1864000
1723178374318 1315530.5 1868000
1723178387731 1318350.5 1872000
1723178401200 1321170.5 1876000
1723178414753 1323990.5 1880000
1723178427881 1326810.5 1884000
1723178441392 1329630.5 1888000
1723178454808 1332450.5 1892000
1723178468816 1335270.5 1896000
1723178482324 1338090.5 1900000
1723178496019 1340910.5 1904000
1723178510374 1343730.5 1908000
1723178524209 1346550.5 1912000
1723178537848 1349370.5 1916000
1723178551674 1352190.5 1920000
1723178565108 1355010.5 1924000
1723178578960 1357830.5 1928000
1723178592932 1360650.5 1932000
1723178606215 1363470.5 1936000
1723178619752 1366290.5 1940000
1723178634044 1369110.5 1944000
1723178647895 1371930.5 1948000
1723178661827 1374750.5 1952000
1723178676740 1377570.5 1956000
1723178690508 1380390.5 1960000
1723178704295 1383210.5 1964000
1723178717876 1386030.5 1968000
1723178731544 1388850.5 1972000
1723178744670 1391670.5 1976000
1723178758601 1394490.5 1980000
1723178772333 1397310.5 1984000
1723178786162 1400130.5 1988000
1723178799564 1402950.5 1992000
1723178813190 1405770.5 1996000
1723178827030 1408590.5 2000000
