1723230210673 82.76363636363637 4000
1723230217780 82.45454545454545 8000
1723230225124 82.23 12000
1723230232427 81.63 16000
1723230239465 80.9 20000
1723230246313 80.67 24000
1723230253367 80.41 28000
1723230260682 80.88 32000
1723230267895 80.25454545454546 36000
1723230275105 80.05000000000001 40000
1723230282181 80.02000000000001 44000
1723230289879 81.54545454545455 48000
1723230296938 82.61 52000
1723230304598 82.78181818181818 56000
1723230313803 82.83846153846154 60000
1723230322302 83.09166666666667 64000
1723230330434 83.38181818181818 68000
1723230338512 83.3 72000
1723230347000 83.11666666666666 76000
1723230355048 83.075 80000
