1723173953565 18514.727 4000
1723173968205 15812.756 8000
1723173984036 15262.964 12000
1723173999028 14769.18 16000
1723174014608 14614.628 20000
1723174030035 14495.304 24000
1723174046282 14527.977 28000
1723174061165 14378.699 32000
1723174078118 14493.146 36000
1723174093267 14409.849 40000
1723174108114 13777.246 44000
1723174124617 13947.201 48000
1723174139190 13849.595 52000
1723174153088 13777.101 56000
1723174167260 13666.354 60000
1723174181367 13550.387 64000
1723174195935 13397.822 68000
1723174209747 13307.813 72000
1723174224016 13055.719 76000
1723174238012 12953.291 80000
1723174252254 13018.172 84000
1723174266597 12827.117 88000
1723174280738 12779.606 92000
1723174294626 12785.375 96000
1723174308563 12752.11 100000
1723174322288 12715.34 104000
1723174335931 12620.146 108000
1723174350285 12668.834 112000
1723174364280 12640.555 116000
1723174378689 12667.453 120000
1723174394070 12697.178 124000
1723174408294 12689.961 128000
1723174422191 12664.144 132000
1723174436542 12696.21 136000
1723174450615 12701.324 140000
1723174464480 12704.729 144000
1723174478393 12730.357 148000
1723174492094 12667.297 152000
1723174505704 12633.695 156000
1723174519110 12552.436 160000
1723174532509 12446.874 164000
1723174546830 12412.072 168000
1723174560381 12377.997 172000
1723174574301 12335.289 176000
1723174588805 12383.12 180000
1723174602378 12362.941 184000
1723174616089 12341.247 188000
1723174630012 12360.987 192000
1723174643547 12333.916 196000
1723174657241 12349.25 200000
1723174671237 12395.448 204000
1723174684816 12365.039 208000
1723174698542 12377.876 212000
1723174711745 12306.007 216000
1723174725103 12202.791 220000
1723174738991 12224.337 224000
1723174752311 12185.258 228000
1723174765824 12146.504 232000
1723174779108 12138.747 236000
1723174792693 12126.826 240000
1723174806441 12103.131 244000
1723174820174 12112.649 248000
1723174833615 12091.322 252000
1723174846755 12090.223 256000
1723174860251 12093.91 260000
1723174874102 12086.09 264000
1723174887680 12117.391 268000
1723174901015 12107.061 272000
1723174914653 12132.253 276000
1723174927676 12077.95 280000
1723174941056 12043.955 284000
1723174954218 11995.009 288000
1723174967709 12001.306 292000
1723174980958 12005.821 296000
1723174994251 11979.912 300000
1723175007631 11945.183 304000
1723175020995 11918.018 308000
1723175034353 11908.437 312000
1723175047443 11856.302 316000
1723175060419 11863.829 320000
1723175073903 11879.454 324000
1723175087286 11902.034 328000
1723175100557 11888.866 332000
1723175113710 11889.337 336000
1723175127329 11929.873 340000
1723175140562 11913.833 344000
1723175153918 11909.874 348000
1723175167513 11934.238 352000
1723175181305 11997.753 356000
1723175194494 12010.884 360000
1723175208570 12012.714 364000
1723175221254 11945.546 368000
1723175234203 11911.973 372000
1723175247990 11970.17 376000
1723175261251 11932.285 380000
1723175275152 11993.892 384000
1723175288795 12022.085 388000
1723175302358 12020.783 392000
1723175315663 11980.347 396000
1723175329222 12018.0 400000
1723175342473 11992.954 404000
1723175355730 12048.437 408000
1723175368988 12074.103 412000
1723175382056 12007.382 416000
1723175395811 12057.538 420000
1723175409438 12026.875 424000
1723175422956 12017.799 428000
1723175436268 11998.677 432000
1723175449689 12005.569 436000
1723175462840 11962.765 440000
1723175476015 11951.0 444000
1723175490448 12026.68 448000
1723175503444 12001.383 452000
1723175517082 12043.931 456000
1723175529977 11955.785 460000
1723175543095 11906.768 464000
1723175555053 11756.966 468000
1723175567898 11620.359 472000
1723175581130 11611.397 476000
1723175594500 11631.311 480000
1723175607981 11667.117 484000
1723175621232 11589.107 488000
1723175634888 11644.328 492000
1723175648795 11667.496 496000
1723175662452 11734.862 500000
1723175675831 11769.337 504000
1723175689603 11951.097 508000
1723175703449 12131.65 512000
1723175717433 12202.481 516000
1723175731036 12222.133 520000
1723175744862 12251.509 524000
1723175758850 12320.141 528000
1723175773141 12384.709 532000
1723175786650 12267.266 536000
1723175800410 12184.992 540000
1723175813479 12082.946 544000
1723175826497 11900.854 548000
1723175839761 11826.754 552000
1723175853312 11782.809 556000
1723175867552 11725.566 560000
1723175881376 11615.92 564000
1723175894799 11457.112 568000
1723175910100 11419.928 572000
1723175924062 11545.427 576000
1723175936965 11527.683 580000
1723175950507 11562.594 584000
1723175963511 11576.733 588000
1723175976815 11507.039 592000
1723175990707 11445.362 596000
1723176005446 11535.535 600000
1723176019067 11623.052 604000
1723176032508 11730.167 608000
1723176045619 11618.794 612000
1723176058056 11472.904 616000
1723176071777 11526.053 620000
1723176085524 11527.39 624000
1723176099202 11593.916 628000
1723176113378 11661.86 632000
1723176126532 11615.357 636000
1723176140548 11519.183 640000
1723176153220 11383.555 644000
1723176166461 11327.705 648000
1723176180294 11426.07 652000
1723176193998 11548.579 656000
1723176207490 11589.28 660000
1723176220768 11640.344 664000
1723176234762 11753.175 668000
1723176247812 11747.849 672000
1723176261508 11868.731 676000
1723176274799 11859.458 680000
1723176289137 11963.977 684000
1723176302195 11967.681 688000
1723176314468 11821.673 692000
1723176327887 11699.408 696000
1723176341248 11591.151 700000
1723176354716 11519.556 704000
1723176368431 11398.628 708000
1723176382002 11348.132 712000
1723176395355 11315.277 716000
1723176409306 11313.409 720000
1723176423210 11305.718 724000
1723176436485 11343.965 728000
1723176448873 11354.64 732000
1723176462175 11346.635 736000
1723176475823 11373.181 740000
1723176489145 11341.736 744000
1723176502939 11358.17 748000
1723176516349 11336.492 752000
1723176529913 11239.068 756000
1723176543242 11241.01 760000
1723176556895 11276.239 764000
1723176569913 11248.102 768000
1723176583632 11368.335 772000
1723176597472 11516.074 776000
1723176610737 11579.9 780000
1723176624169 11684.382 784000
1723176637306 11707.063 788000
1723176650626 11813.468 792000
1723176663719 11886.268 796000
1723176677030 11925.206 800000
1723176690956 11957.837 804000
1723176704807 12040.578 808000
1723176718224 12024.01 812000
1723176731489 11972.59 816000
1723176744721 11961.768 820000
1723176757980 11956.936 824000
1723176771586 12002.485 828000
1723176785197 12030.873 832000
1723176798662 12063.148 836000
1723176811966 12071.928 840000
1723176825531 12044.557 844000
1723176839337 12043.473 848000
1723176852755 12045.949 852000
1723176866111 12049.945 856000
1723176879448 12059.131 860000
1723176893247 12106.148 864000
1723176907334 12143.846 868000
1723176921129 12155.242 872000
1723176934657 12158.535 876000
1723176948215 12185.273 880000
1723176961714 12173.262 884000
1723176975481 12159.071 888000
1723176988990 12167.849 892000
1723177002401 12177.662 896000
1723177015738 12171.168 900000
1723177029176 12141.909 904000
1723177042139 12037.616 908000
1723177056260 12064.033 912000
1723177069909 12078.246 916000
1723177083418 12065.691 920000
1723177097198 12078.035 924000
1723177110590 12040.785 928000
1723177124198 12041.392 932000
1723177137924 12056.428 936000
1723177151158 12056.423 940000
1723177164355 12033.719 944000
1723177177854 12085.114 948000
1723177192423 12095.686 952000
1723177205792 12067.21 956000
1723177219408 12082.227 960000
1723177232795 12059.946 964000
1723177246381 12085.096 968000
1723177260013 12092.346 972000
1723177274287 12154.46 976000
1723177287926 12192.468 980000
1723177301914 12254.826 984000
1723177315677 12276.844 988000
1723177329281 12198.165 992000
1723177342406 12173.147 996000
1723177355573 12130.655 1000000
1723177369129 12143.036 1004000
1723177382826 12148.256 1008000
1723177396516 12145.942 1012000
1723177410255 12095.922 1016000
1723177423693 12071.208 1020000
1723177437278 12043.013 1024000
1723177451041 12051.192 1028000
1723177464737 12082.153 1032000
1723177478866 12181.994 1036000
1723177492902 12255.413 1040000
1723177506824 12283.698 1044000
1723177520488 12287.543 1048000
1723177534371 12309.415 1052000
1723177548197 12310.196 1056000
1723177561761 12319.139 1060000
1723177575911 12359.674 1064000
1723177589554 12346.923 1068000
1723177602373 12272.673 1072000
1723177615540 12175.262 1076000
1723177628888 12115.019 1080000
1723177641929 12028.178 1084000
1723177655359 12002.613 1088000
1723177668801 11965.028 1092000
1723177682512 11962.085 1096000
1723177696017 11970.106 1100000
1723177709561 11932.041 1104000
1723177723052 11925.244 1108000
1723177737002 12013.993 1112000
1723177750173 12011.183 1116000
1723177763742 12020.146 1120000
1723177777116 12055.743 1124000
1723177790663 12059.183 1128000
1723177803838 12031.052 1132000
1723177816991 11973.423 1136000
1723177830494 11964.527 1140000
1723177844206 11976.658 1144000
1723177858326 11991.404 1148000
1723177871902 11965.175 1152000
1723177885565 12006.907 1156000
1723177899083 12010.676 1160000
1723177912682 12030.898 1164000
1723177925672 11983.66 1168000
1723177939284 12036.162 1172000
1723177952275 12018.931 1176000
1723177965625 12011.11 1180000
1723177979089 11988.562 1184000
1723177993021 12009.288 1188000
1723178006507 12000.087 1192000
1723178019728 11966.852 1196000
1723178032996 11915.978 1200000
1723178045112 11763.216 1204000
1723178058628 11756.182 1208000
1723178071564 11608.749 1212000
1723178084900 11645.576 1216000
1723178097766 11590.489 1220000
1723178111092 11582.344 1224000
1723178124298 11504.509 1228000
1723178137629 11486.538 1232000
1723178151373 11525.334 1236000
1723178165130 11605.011 1240000
1723178178574 11745.476 1244000
1723178191643 11761.108 1248000
1723178205014 11879.148 1252000
1723178218916 11926.611 1256000
1723178232247 11968.515 1260000
1723178245667 11970.872 1264000
1723178259178 12004.241 1268000
1723178272999 12047.375 1272000
1723178286305 12012.034 1276000
1723178299503 11959.566 1280000
1723178312855 11955.962 1284000
1723178326891 12048.475 1288000
1723178340838 12090.63 1292000
1723178354454 12061.316 1296000
1723178367786 12063.926 1300000
1723178381079 12054.685 1304000
1723178394676 12063.414 1308000
1723178407656 11984.161 1312000
1723178420856 11982.817 1316000
1723178434359 12013.945 1320000
1723178447690 12008.883 1324000
1723178461182 11957.59 1328000
1723178474718 11922.742 1332000
1723178488195 11912.667 1336000
1723178501644 11920.466 1340000
1723178515670 11946.959 1344000
1723178529870 11971.753 1348000
1723178543369 12016.837 1352000
1723178556910 12031.546 1356000
1723178570337 12019.296 1360000
1723178583482 11992.519 1364000
1723178597061 11982.498 1368000
1723178610276 11951.899 1372000
1723178623432 11926.916 1376000
1723178636564 11892.084 1380000
1723178649881 11858.391 1384000
1723178662560 11706.395 1388000
1723178675095 11596.569 1392000
1723178688452 11600.868 1396000
1723178701559 11569.059 1400000
1723178714897 11598.516 1404000
1723178728534 11618.286 1408000
1723178742316 11681.691 1412000
1723178755553 11671.765 1416000
1723178769294 11726.944 1420000
1723178782817 11743.388 1424000
1723178796255 11850.787 1428000
1723178809827 11984.276 1432000
1723178823181 11978.272 1436000
1723178836078 11954.073 1440000
1723178847485 11772.151 1444000
1723178859284 11605.641 1448000
1723178871018 11411.427 1452000
1723178882992 11313.33 1456000
1723178894997 11169.418 1460000
1723178907040 11045.515 1464000
1723178918339 10851.639 1468000
1723178929908 10664.351 1472000
1723178942164 10571.422 1476000
1723178953840 10466.454 1480000
1723178965749 10510.549 1484000
1723178977681 10523.205 1488000
1723178989819 10554.941 1492000
1723179001692 10540.388 1496000
1723179013709 10539.871 1500000
1723179025326 10495.66 1504000
1723179037247 10554.23 1508000
1723179048972 10569.02 1512000
1723179060613 10506.777 1516000
1723179072585 10536.311 1520000
1723179084894 10576.102 1524000
1723179096555 10546.641 1528000
1723179108062 10491.362 1532000
1723179119669 10463.858 1536000
1723179131430 10407.691 1540000
1723179143214 10413.75 1544000
1723179154760 10381.157 1548000
1723179166476 10383.279 1552000
1723179177934 10364.878 1556000
1723179189771 10351.533 1560000
1723179201053 10241.674 1564000
1723179212690 10233.805 1568000
1723179224368 10250.987 1572000
1723179236281 10284.186 1576000
1723179247897 10303.211 1580000
1723179259090 10250.996 1584000
1723179270693 10256.697 1588000
1723179282386 10252.314 1592000
1723179293745 10237.724 1596000
1723179305030 10179.14 1600000
1723179316138 10176.042 1604000
1723179327950 10201.595 1608000
1723179339508 10187.686 1612000
1723179350904 10130.079 1616000
1723179362296 10104.607 1620000
1723179373583 10115.224 1624000
1723179384934 10088.307 1628000
1723179396185 10043.08 1632000
1723179407375 10031.365 1636000
1723179418861 10053.911 1640000
1723179430539 10087.283 1644000
1723179441889 10037.815 1648000
1723179453237 10016.657 1652000
1723179464638 10023.596 1656000
1723179475943 10016.364 1660000
1723179487760 10063.586 1664000
1723179499176 10065.996 1668000
1723179510713 10093.027 1672000
1723179522252 10126.35 1676000
1723179533894 10122.255 1680000
1723179544914 10080.564 1684000
1723179556174 10071.013 1688000
1723179567661 10080.653 1692000
1723179579053 10078.312 1696000
1723179590432 10078.342 1700000
1723179601800 10041.699 1704000
1723179613098 10033.314 1708000
1723179624244 9993.839 1712000
1723179635664 9975.129 1716000
1723179646923 9958.936 1720000
1723179658426 10002.691 1724000
1723179669851 10022.834 1728000
1723179681144 10007.1 1732000
1723179692495 10005.785 1736000
1723179703941 10015.583 1740000
1723179715193 10005.332 1744000
1723179726645 10008.484 1748000
1723179738099 10028.773 1752000
1723179749502 10027.794 1756000
1723179760699 10019.577 1760000
1723179772144 10007.811 1764000
1723179784147 10064.822 1768000
1723179795941 10110.4 1772000
1723179807412 10118.867 1776000
1723179818841 10117.37 1780000
1723179830365 10138.53 1784000
1723179842540 10188.701 1788000
1723179853800 10181.594 1792000
1723179865321 10197.546 1796000
1723179876360 10181.288 1800000
1723179887975 10169.734 1804000
1723179899431 10113.126 1808000
1723179910982 10088.82 1812000
1723179922356 10080.751 1816000
1723179933789 10081.971 1820000
1723179945109 10055.238 1824000
1723179956348 9998.136 1828000
1723179967920 10025.79 1832000
1723179979223 10004.016 1836000
1723179990715 10048.872 1840000
1723180002098 10062.963 1844000
1723180013277 10030.362 1848000
1723180024866 10041.227 1852000
1723180036508 10064.236 1856000
1723180048181 10082.65 1860000
1723180059716 10114.238 1864000
1723180071057 10120.663 1868000
1723180082466 10107.116 1872000
1723180093843 10114.323 1876000
1723180105014 10076.645 1880000
1723180116336 10064.627 1884000
1723180127813 10097.136 1888000
1723180139342 10088.895 1892000
1723180150842 10068.818 1896000
1723180161987 10019.934 1900000
1723180173233 9992.694 1904000
1723180184517 9988.555 1908000
1723180196112 10003.531 1912000
1723180207573 10013.279 1916000
1723180218969 10040.665 1920000
1723180230454 10061.484 1924000
1723180241718 10041.978 1928000
1723180253440 10051.598 1932000
1723180264922 10056.459 1936000
1723180276051 10056.203 1940000
1723180287509 10077.309 1944000
1723180298741 10072.687 1948000
1723180310095 10050.905 1952000
1723180321868 10082.038 1956000
1723180333001 10056.501 1960000
1723180344482 10053.243 1964000
1723180356127 10082.388 1968000
1723180367613 10066.364 1972000
1723180379119 10070.203 1976000
1723180390500 10095.635 1980000
1723180401905 10087.554 1984000
1723180413575 10132.43 1988000
1723180425334 10172.32 1992000
1723180436784 10127.54 1996000
1723180448632 10175.883 2000000
