1723173953565 2070.336 4000
1723173968204 1650.084 8000
1723173984035 1561.513 12000
1723173999028 1529.06 16000
1723174014608 1496.803 20000
1723174030035 1466.885 24000
1723174046282 1434.08 28000
1723174061164 1417.744 32000
1723174078117 1408.868 36000
1723174093266 1393.97 40000
1723174108114 1428.922 44000
1723174124617 1453.293 48000
1723174139190 1430.513 52000
1723174153088 1403.814 56000
1723174167259 1378.77 60000
1723174181367 1366.016 64000
1723174195935 1361.537 68000
1723174209746 1345.488 72000
1723174224016 1328.124 76000
1723174238011 1313.693 80000
1723174252254 1188.389 84000
1723174266596 1161.811 88000
1723174280738 1165.797 92000
1723174294625 1159.83 96000
1723174308563 1165.383 100000
1723174322287 1165.088 104000
1723174335931 1164.633 108000
1723174350284 1172.84 112000
1723174364279 1174.526 116000
1723174378689 1192.098 120000
1723174394069 1278.013 124000
1723174408293 1275.711 128000
1723174422190 1279.615 132000
1723174436542 1290.155 136000
1723174450615 1291.731 140000
1723174464480 1296.62 144000
1723174478393 1292.863 148000
1723174492094 1286.851 152000
1723174505704 1285.078 156000
1723174519110 1271.3 160000
1723174532509 1184.284 164000
1723174546829 1228.068 168000
1723174560381 1229.448 172000
1723174574300 1225.635 176000
1723174588805 1226.736 180000
1723174602378 1222.164 184000
1723174616089 1228.12 188000
1723174630012 1228.989 192000
1723174643547 1238.649 196000
1723174657241 1239.859 200000
1723174671237 1244.564 204000
1723174684815 1199.696 208000
1723174698542 1198.899 212000
1723174711745 1205.763 216000
1723174725103 1198.692 220000
1723174738991 1204.577 224000
1723174752311 1202.385 228000
1723174765823 1208.89 232000
1723174779107 1196.25 236000
1723174792693 1198.784 240000
1723174806440 1195.002 244000
1723174820174 1201.516 248000
1723174833615 1201.763 252000
1723174846755 1192.728 256000
1723174860250 1197.452 260000
1723174874101 1201.037 264000
1723174887680 1197.582 268000
1723174901014 1185.576 272000
1723174914652 1190.7 276000
1723174927676 1192.939 280000
1723174941056 1191.802 284000
1723174954218 1188.0 288000
1723174967709 1181.724 292000
1723174980957 1186.216 296000
1723174994250 1191.011 300000
1723175007631 1178.316 304000
1723175020995 1183.301 308000
1723175034352 1190.265 312000
1723175047443 1192.477 316000
1723175060418 1185.433 320000
1723175073903 1188.279 324000
1723175087286 1186.553 328000
1723175100556 1182.019 332000
1723175113710 1175.128 336000
1723175127329 1171.537 340000
1723175140562 1172.066 344000
1723175153918 1172.367 348000
1723175167513 1171.484 352000
1723175181304 1173.939 356000
1723175194494 1180.958 360000
1723175208570 1230.45 364000
1723175221254 1228.301 368000
1723175234203 1228.513 372000
1723175247990 1230.968 376000
1723175261250 1232.227 380000
1723175275152 1236.12 384000
1723175288794 1230.857 388000
1723175302358 1227.077 392000
1723175315663 1221.753 396000
1723175329221 1217.857 400000
1723175342472 1167.772 404000
1723175355730 1166.454 408000
1723175368987 1171.157 412000
1723175382056 1169.699 416000
1723175395810 1165.449 420000
1723175409438 1163.827 424000
1723175422956 1166.325 428000
1723175436268 1166.032 432000
1723175449689 1168.908 436000
1723175462840 1172.45 440000
1723175476014 1173.686 444000
1723175490448 1210.815 448000
1723175503443 1210.656 452000
1723175517081 1216.443 456000
1723175529977 1218.397 460000
1723175543095 1220.702 464000
1723175555053 1219.677 468000
1723175567898 1314.364 472000
1723175581130 1310.366 476000
1723175594499 1310.15 480000
1723175607980 1304.808 484000
1723175621232 1271.995 488000
1723175634887 1270.743 492000
1723175648795 1273.34 496000
1723175662452 1275.607 500000
1723175675831 1271.053 504000
1723175689603 1268.818 508000
1723175703449 1183.479 512000
1723175717433 1184.128 516000
1723175731035 1185.347 520000
1723175744862 1189.081 524000
1723175758850 1191.514 528000
1723175773140 1196.693 532000
1723175786650 1250.866 536000
1723175800409 1326.325 540000
1723175813478 1349.813 544000
1723175826496 1452.337 548000
1723175839760 1467.104 552000
1723175853312 1469.999 556000
1723175867552 1586.501 560000
1723175881376 1687.113 564000
1723175894799 1783.14 568000
1723175910099 1871.716 572000
1723175924061 1816.287 576000
1723175936964 1749.552 580000
1723175950506 1771.352 584000
1723175963511 1728.18 588000
1723175976814 1800.028 592000
1723175990704 1878.832 596000
1723176005446 1797.455 600000
1723176019066 1696.033 604000
1723176032508 1597.231 608000
1723176045619 1502.634 612000
1723176058055 1502.361 616000
1723176071776 1553.713 620000
1723176085523 1594.558 624000
1723176099200 1598.068 628000
1723176113378 1570.294 632000
1723176126532 1497.537 636000
1723176140547 1543.908 640000
1723176153220 1566.128 644000
1723176166461 1598.636 648000
1723176180293 1607.838 652000
1723176193998 1608.817 656000
1723176207489 1546.016 660000
1723176220767 1465.24 664000
1723176234761 1403.25 668000
1723176247811 1339.257 672000
1723176261508 1326.712 676000
1723176274799 1290.42 680000
1723176289136 1347.806 684000
1723176302194 1316.734 688000
1723176314468 1309.331 692000
1723176327887 1381.327 696000
1723176341247 1455.488 700000
1723176354716 1490.616 704000
1723176368431 1584.321 708000
1723176382001 1684.488 712000
1723176395355 1686.442 716000
1723176409306 1733.576 720000
1723176423210 1669.687 724000
1723176436484 1665.818 728000
1723176448873 1664.64 732000
1723176462175 1671.701 736000
1723176475823 1673.671 740000
1723176489145 1737.796 744000
1723176502939 1722.697 748000
1723176516348 1687.01 752000
1723176529912 1785.425 756000
1723176543241 1736.371 760000
1723176556895 1727.013 764000
1723176569913 1729.118 768000
1723176583631 1733.715 772000
1723176597471 1650.12 776000
1723176610736 1569.725 780000
1723176624168 1472.998 784000
1723176637305 1401.039 788000
1723176650626 1331.132 792000
1723176663718 1231.648 796000
1723176677029 1191.488 800000
1723176690956 1186.85 804000
1723176704806 1181.731 808000
1723176718224 1175.457 812000
1723176731489 1172.75 816000
1723176744720 1174.594 820000
1723176757980 1163.132 824000
1723176771585 1158.43 828000
1723176785197 1159.585 832000
1723176798661 1163.017 836000
1723176811966 1156.559 840000
1723176825531 1151.888 844000
1723176839337 1153.798 848000
1723176852755 1155.895 852000
1723176866110 1155.822 856000
1723176879447 1157.113 860000
1723176893247 1165.91 864000
1723176907333 1170.482 868000
1723176921129 1170.608 872000
1723176934657 1173.922 876000
1723176948214 1171.953 880000
1723176961713 1174.362 884000
1723176975481 1177.775 888000
1723176988989 1176.701 892000
1723177002400 1176.334 896000
1723177015738 1188.393 900000
1723177029175 1182.808 904000
1723177042138 1175.443 908000
1723177056260 1180.153 912000
1723177069909 1175.779 916000
1723177083418 1177.319 920000
1723177097198 1185.034 924000
1723177110589 1185.273 928000
1723177124197 1189.981 932000
1723177137923 1202.029 936000
1723177151158 1191.881 940000
1723177164355 1189.012 944000
1723177177853 1191.115 948000
1723177192423 1227.958 952000
1723177205792 1228.143 956000
1723177219408 1225.94 960000
1723177232794 1219.199 964000
1723177246380 1213.411 968000
1723177260013 1213.141 972000
1723177274286 1204.679 976000
1723177287925 1202.989 980000
1723177301913 1221.465 984000
1723177315676 1223.654 988000
1723177329280 1204.329 992000
1723177342405 1205.077 996000
1723177355573 1207.92 1000000
1723177369128 1206.173 1004000
1723177382825 1212.393 1008000
1723177396516 1213.789 1012000
1723177410255 1212.868 1016000
1723177423693 1215.699 1020000
1723177437277 1201.739 1024000
1723177451041 1202.631 1028000
1723177464737 1184.724 1032000
1723177478865 1181.084 1036000
1723177492901 1183.308 1040000
1723177506823 1186.772 1044000
1723177520488 1180.84 1048000
1723177534371 1177.068 1052000
1723177548197 1178.901 1056000
1723177561761 1181.318 1060000
1723177575911 1200.567 1064000
1723177589554 1202.004 1068000
1723177602372 1195.78 1072000
1723177615540 1200.116 1076000
1723177628888 1194.671 1080000
1723177641929 1191.003 1084000
1723177655358 1195.585 1088000
1723177668801 1193.526 1092000
1723177682512 1187.545 1096000
1723177696016 1179.03 1100000
1723177709561 1159.834 1104000
1723177723051 1153.107 1108000
1723177737002 1172.278 1112000
1723177750173 1176.312 1116000
1723177763741 1180.973 1120000
1723177777115 1183.344 1124000
1723177790663 1181.32 1128000
1723177803838 1183.774 1132000
1723177816990 1189.828 1136000
1723177830494 1196.415 1140000
1723177844206 1194.473 1144000
1723177858325 1235.348 1148000
1723177871901 1224.519 1152000
1723177885565 1222.872 1156000
1723177899083 1221.734 1160000
1723177912682 1219.242 1164000
1723177925671 1220.039 1168000
1723177939283 1212.659 1172000
1723177952275 1208.76 1176000
1723177965625 1203.072 1180000
1723177979088 1203.276 1184000
1723177993020 1166.032 1188000
1723178006507 1169.525 1192000
1723178019728 1165.814 1196000
1723178032995 1165.185 1200000
1723178045111 1178.285 1204000
1723178058627 1236.501 1208000
1723178071563 1316.195 1212000
1723178084900 1317.641 1216000
1723178097766 1324.093 1220000
1723178111091 1322.116 1224000
1723178124298 1321.794 1228000
1723178137628 1314.911 1232000
1723178151372 1325.046 1236000
1723178165130 1320.176 1240000
1723178178574 1313.707 1244000
1723178191643 1255.47 1248000
1723178205014 1178.528 1252000
1723178218916 1184.947 1256000
1723178232247 1188.739 1260000
1723178245667 1187.001 1264000
1723178259177 1183.565 1268000
1723178272999 1188.75 1272000
1723178286305 1179.521 1276000
1723178299503 1182.985 1280000
1723178312854 1178.642 1284000
1723178326890 1177.746 1288000
1723178340837 1190.169 1292000
1723178354453 1189.067 1296000
1723178367786 1186.082 1300000
1723178381079 1190.69 1304000
1723178394676 1188.417 1308000
1723178407656 1186.664 1312000
1723178420856 1180.982 1316000
1723178434359 1179.722 1320000
1723178447690 1180.687 1324000
1723178461182 1178.882 1328000
1723178474718 1170.435 1332000
1723178488194 1166.679 1336000
1723178501643 1171.049 1340000
1723178515670 1201.193 1344000
1723178529870 1234.219 1348000
1723178543368 1236.475 1352000
1723178556910 1251.264 1356000
1723178570337 1249.14 1360000
1723178583482 1252.973 1364000
1723178597060 1273.043 1368000
1723178610275 1277.623 1372000
1723178623431 1275.134 1376000
1723178636564 1273.593 1380000
1723178649881 1244.787 1384000
1723178662559 1216.283 1388000
1723178675095 1220.165 1392000
1723178688451 1207.158 1396000
1723178701559 1213.144 1400000
1723178714896 1207.915 1404000
1723178728534 1192.161 1408000
1723178742316 1185.087 1412000
1723178755552 1185.329 1416000
1723178769293 1183.675 1420000
1723178782816 1183.143 1424000
1723178796255 1184.173 1428000
1723178809827 1170.831 1432000
1723178823181 1172.863 1436000
1723178836078 1176.891 1440000
1723178847485 1167.262 1444000
1723178859284 1154.746 1448000
1723178871018 1145.711 1452000
1723178882992 1136.304 1456000
1723178894997 1119.905 1460000
1723178907040 1109.2 1464000
1723178918338 1099.668 1468000
1723178929908 1092.569 1472000
1723178942164 1082.602 1476000
1723178953840 1066.527 1480000
1723178965748 1072.653 1484000
1723178977681 1072.661 1488000
1723178989818 1080.524 1492000
1723179001691 1083.664 1496000
1723179013708 1084.018 1500000
1723179025326 1082.75 1504000
1723179037247 1083.875 1508000
1723179048971 1083.494 1512000
1723179060613 1084.323 1516000
1723179072585 1084.362 1520000
1723179084894 1084.307 1524000
1723179096555 1086.481 1528000
1723179108062 1078.995 1532000
1723179119669 1078.935 1536000
1723179131429 1110.491 1540000
1723179143214 1116.48 1544000
1723179154760 1113.564 1548000
1723179166475 1111.266 1552000
1723179177934 1109.016 1556000
1723179189770 1108.24 1560000
1723179201053 1105.926 1564000
1723179212689 1110.937 1568000
1723179224367 1110.132 1572000
1723179236280 1108.575 1576000
1723179247897 1074.417 1580000
1723179259090 1074.183 1584000
1723179270692 1073.916 1588000
1723179282385 1075.546 1592000
1723179293745 1078.5 1596000
1723179305030 1075.965 1600000
1723179316138 1070.713 1604000
1723179327949 1062.67 1608000
1723179339508 1064.706 1612000
1723179350904 1070.991 1616000
1723179362295 1073.661 1620000
1723179373582 1072.17 1624000
1723179384933 1073.509 1628000
1723179396185 1074.319 1632000
1723179407374 1072.07 1636000
1723179418860 1075.229 1640000
1723179430539 1080.105 1644000
1723179441889 1083.062 1648000
1723179453237 1082.739 1652000
1723179464637 1075.183 1656000
1723179475943 1073.541 1660000
1723179487759 1070.515 1664000
1723179499176 1073.505 1668000
1723179510713 1073.728 1672000
1723179522252 1073.615 1676000
1723179533894 1071.946 1680000
1723179544914 1065.398 1684000
1723179556174 1065.809 1688000
1723179567661 1069.862 1692000
1723179579053 1071.877 1696000
1723179590431 1079.128 1700000
1723179601800 1078.951 1704000
1723179613098 1075.985 1708000
1723179624244 1077.296 1712000
1723179635664 1079.914 1716000
1723179646923 1078.63 1720000
1723179658425 1083.607 1724000
1723179669850 1080.1 1728000
1723179681143 1076.777 1732000
1723179692495 1073.664 1736000
1723179703941 1070.367 1740000
1723179715193 1069.197 1744000
1723179726645 1074.3 1748000
1723179738099 1075.006 1752000
1723179749501 1076.505 1756000
1723179760699 1078.193 1760000
1723179772143 1079.341 1764000
1723179784147 1079.333 1768000
1723179795941 1082.916 1772000
1723179807411 1086.371 1776000
1723179818841 1086.281 1780000
1723179830365 1091.489 1784000
1723179842540 1110.574 1788000
1723179853800 1107.015 1792000
1723179865320 1104.97 1796000
1723179876359 1105.026 1800000
1723179887975 1136.514 1804000
1723179899431 1137.587 1808000
1723179910982 1137.808 1812000
1723179922356 1135.539 1816000
1723179933789 1133.534 1820000
1723179945109 1131.404 1824000
1723179956348 1104.45 1828000
1723179967920 1108.092 1832000
1723179979223 1107.806 1836000
1723179990715 1108.211 1840000
1723180002098 1072.005 1844000
1723180013277 1074.158 1848000
1723180024866 1066.995 1852000
1723180036507 1070.59 1856000
1723180048181 1071.15 1860000
1723180059716 1069.071 1864000
1723180071057 1072.173 1868000
1723180082465 1069.216 1872000
1723180093842 1069.794 1876000
1723180105014 1074.062 1880000
1723180116336 1079.734 1884000
1723180127812 1079.954 1888000
1723180139341 1081.551 1892000
1723180150842 1078.235 1896000
1723180161986 1079.553 1900000
1723180173233 1078.339 1904000
1723180184516 1076.877 1908000
1723180196111 1080.325 1912000
1723180207572 1078.559 1916000
1723180218969 1074.415 1920000
1723180230453 1069.529 1924000
1723180241718 1068.065 1928000
1723180253439 1068.006 1932000
1723180264922 1069.028 1936000
1723180276051 1066.322 1940000
1723180287509 1065.372 1944000
1723180298741 1064.635 1948000
1723180310094 1061.961 1952000
1723180321867 1061.61 1956000
1723180333000 1060.111 1960000
1723180344482 1062.279 1964000
1723180356127 1064.405 1968000
1723180367612 1065.449 1972000
1723180379119 1065.063 1976000
1723180390500 1065.151 1980000
1723180401904 1067.941 1984000
1723180413574 1066.827 1988000
1723180425333 1067.395 1992000
1723180436783 1069.709 1996000
1723180448632 1092.701 2000000
