1723173953566 12.882 4000
1723173968205 16.746 8000
1723173984037 15.394 12000
1723173999029 16.611 16000
1723174014609 19.607 20000
1723174030037 19.345 24000
1723174046284 18.435 28000
1723174061166 18.614 32000
1723174078119 18.839 36000
1723174093268 19.983 40000
1723174108115 21.86 44000
1723174124618 22.115 48000
1723174139191 23.654 52000
1723174153089 22.819 56000
1723174167261 20.949 60000
1723174181368 20.443 64000
1723174195936 20.714 68000
1723174209747 19.93 72000
1723174224017 19.038 76000
1723174238012 17.446 80000
1723174252255 15.487 84000
1723174266597 14.726 88000
1723174280739 13.123 92000
1723174294627 13.199 96000
1723174308564 13.684 100000
1723174322288 13.516 104000
1723174335932 13.34 108000
1723174350285 13.893 112000
1723174364281 14.32 116000
1723174378690 14.236 120000
1723174394071 15.3 124000
1723174408294 14.985 128000
1723174422192 14.997 132000
1723174436543 14.792 136000
1723174450616 14.257 140000
1723174464481 14.327 144000
1723174478394 14.112 148000
1723174492095 13.678 152000
1723174505705 13.337 156000
1723174519111 13.287 160000
1723174532510 12.37 164000
1723174546830 12.835 168000
1723174560382 12.947 172000
1723174574301 12.922 176000
1723174588806 13.343 180000
1723174602379 13.311 184000
1723174616090 13.904 188000
1723174630013 13.706 192000
1723174643548 14.468 196000
1723174657242 15.041 200000
1723174671238 15.069 204000
1723174684816 14.641 208000
1723174698543 15.153 212000
1723174711746 15.274 216000
1723174725104 14.822 220000
1723174738992 17.066 224000
1723174752312 16.439 228000
1723174765825 16.401 232000
1723174779108 15.608 236000
1723174792694 15.07 240000
1723174806441 15.027 244000
1723174820175 15.117 248000
1723174833616 14.589 252000
1723174846756 14.689 256000
1723174860251 14.864 260000
1723174874103 13.533 264000
1723174887681 13.702 268000
1723174901015 14.252 272000
1723174914654 14.791 276000
1723174927677 14.474 280000
1723174941057 14.72 284000
1723174954219 14.617 288000
1723174967710 14.585 292000
1723174980959 15.572 296000
1723174994251 15.859 300000
1723175007632 14.924 304000
1723175020996 14.81 308000
1723175034353 14.108 312000
1723175047444 13.455 316000
1723175060420 13.334 320000
1723175073904 13.004 324000
1723175087287 12.93 328000
1723175100557 12.899 332000
1723175113711 11.83 336000
1723175127330 11.38 340000
1723175140563 11.448 344000
1723175153920 11.704 348000
1723175167514 12.36 352000
1723175181306 13.385 356000
1723175194495 13.516 360000
1723175208571 14.567 364000
1723175221255 14.632 368000
1723175234204 14.729 372000
1723175247991 14.683 376000
1723175261251 15.585 380000
1723175275153 15.866 384000
1723175288796 16.558 388000
1723175302359 16.652 392000
1723175315664 16.345 396000
1723175329222 17.001 400000
1723175342474 16.035 404000
1723175355731 15.89 408000
1723175368989 15.974 412000
1723175382057 16.08 416000
1723175395812 14.879 420000
1723175409439 15.21 424000
1723175422957 15.32 428000
1723175436269 14.791 432000
1723175449690 14.428 436000
1723175462841 13.844 440000
1723175476015 13.734 444000
1723175490449 14.671 448000
1723175503445 14.366 452000
1723175517082 14.296 456000
1723175529978 14.268 460000
1723175543096 13.648 464000
1723175555054 12.378 468000
1723175567899 12.372 472000
1723175581131 12.142 476000
1723175594500 12.159 480000
1723175607982 12.13 484000
1723175621233 11.511 488000
1723175634889 11.998 492000
1723175648796 11.947 496000
1723175662453 13.462 500000
1723175675832 13.643 504000
1723175689604 15.945 508000
1723175703450 15.919 512000
1723175717434 17.721 516000
1723175731036 17.848 520000
1723175744863 17.838 524000
1723175758851 17.876 528000
1723175773141 21.076 532000
1723175786651 21.308 536000
1723175800413 20.414 540000
1723175813479 23.842 544000
1723175826498 21.682 548000
1723175839761 23.047 552000
1723175853313 21.364 556000
1723175867553 21.32 560000
1723175881377 28.209 564000
1723175894800 28.706 568000
1723175910101 51.873 572000
1723175924062 51.866 576000
1723175936965 53.775 580000
1723175950508 51.907 584000
1723175963512 52.624 588000
1723175976816 51.231 592000
1723175990708 51.741 596000
1723176005447 52.785 600000
1723176019068 46.434 604000
1723176032509 45.997 608000
1723176045620 22.814 612000
1723176058057 23.086 616000
1723176071778 22.185 620000
1723176085525 20.613 624000
1723176099204 20.643 628000
1723176113379 21.343 632000
1723176126533 20.783 636000
1723176140549 23.051 640000
1723176153222 22.593 644000
1723176166462 22.587 648000
1723176180295 19.017 652000
1723176193999 19.268 656000
1723176207490 18.296 660000
1723176220768 18.231 664000
1723176234763 18.564 668000
1723176247813 18.47 672000
1723176261509 18.533 676000
1723176274800 15.355 680000
1723176289140 25.533 684000
1723176302196 31.042 688000
1723176314469 30.93 692000
1723176327888 31.505 696000
1723176341251 31.357 700000
1723176354717 31.133 704000
1723176368432 31.541 708000
1723176382003 31.555 712000
1723176395356 31.581 716000
1723176409307 31.627 720000
1723176423211 24.487 724000
1723176436486 18.699 728000
1723176448874 18.914 732000
1723176462176 18.209 736000
1723176475824 19.402 740000
1723176489146 19.529 744000
1723176502940 18.479 748000
1723176516350 18.096 752000
1723176529914 17.989 756000
1723176543242 17.948 760000
1723176556896 15.151 764000
1723176569914 15.387 768000
1723176583633 15.998 772000
1723176597472 15.637 776000
1723176610738 14.787 780000
1723176624170 15.282 784000
1723176637306 14.812 788000
1723176650627 14.867 792000
1723176663720 14.961 796000
1723176677030 15.509 800000
1723176690957 16.548 804000
1723176704807 17.131 808000
1723176718225 16.44 812000
1723176731490 16.223 816000
1723176744721 15.751 820000
1723176757981 15.396 824000
1723176771587 15.599 828000
1723176785198 16.717 832000
1723176798662 17.958 836000
1723176811967 17.273 840000
1723176825532 16.016 844000
1723176839338 15.413 848000
1723176852756 15.154 852000
1723176866111 15.182 856000
1723176879448 14.985 860000
1723176893248 15.228 864000
1723176907335 18.245 868000
1723176921130 17.898 872000
1723176934658 16.59 876000
1723176948216 16.746 880000
1723176961714 16.708 884000
1723176975482 16.713 888000
1723176988991 17.24 892000
1723177002401 17.335 896000
1723177015739 17.53 900000
1723177029176 16.948 904000
1723177042139 14.838 908000
1723177056261 13.636 912000
1723177069910 13.673 916000
1723177083419 13.672 920000
1723177097199 13.506 924000
1723177110591 13.346 928000
1723177124198 13.619 932000
1723177137925 13.762 936000
1723177151159 13.872 940000
1723177164356 14.075 944000
1723177177855 13.363 948000
1723177192425 14.119 952000
1723177205793 14.072 956000
1723177219409 14.092 960000
1723177232796 14.05 964000
1723177246382 14.787 968000
1723177260014 14.303 972000
1723177274287 14.162 976000
1723177287926 14.336 980000
1723177301914 14.439 984000
1723177315678 14.675 988000
1723177329282 14.718 992000
1723177342406 14.612 996000
1723177355574 14.266 1000000
1723177369129 14.757 1004000
1723177382827 15.804 1008000
1723177396517 16.712 1012000
1723177410256 17.067 1016000
1723177423694 16.601 1020000
1723177437279 16.547 1024000
1723177451042 16.212 1028000
1723177464738 15.657 1032000
1723177478867 16.453 1036000
1723177492903 16.658 1040000
1723177506825 16.455 1044000
1723177520489 14.696 1048000
1723177534372 13.806 1052000
1723177548198 13.631 1056000
1723177561762 13.686 1060000
1723177575912 14.149 1064000
1723177589555 14.18 1068000
1723177602373 14.019 1072000
1723177615541 13.068 1076000
1723177628889 12.824 1080000
1723177641930 13.265 1084000
1723177655359 13.172 1088000
1723177668802 12.901 1092000
1723177682513 12.435 1096000
1723177696018 12.805 1100000
1723177709562 12.489 1104000
1723177723053 12.513 1108000
1723177737003 12.729 1112000
1723177750174 13.026 1116000
1723177763743 15.475 1120000
1723177777117 15.169 1124000
1723177790664 15.52 1128000
1723177803839 15.919 1132000
1723177816991 15.98 1136000
1723177830495 16.736 1140000
1723177844207 16.623 1144000
1723177858327 16.215 1148000
1723177871902 16.436 1152000
1723177885566 16.828 1156000
1723177899084 14.456 1160000
1723177912683 14.731 1164000
1723177925673 14.396 1168000
1723177939285 14.109 1172000
1723177952276 14.032 1176000
1723177965626 13.197 1180000
1723177979089 13.884 1184000
1723177993022 14.755 1188000
1723178006508 14.731 1192000
1723178019729 14.421 1196000
1723178032996 19.842 1200000
1723178045112 19.598 1204000
1723178058629 19.391 1208000
1723178071565 19.582 1212000
1723178084901 19.896 1216000
1723178097767 19.735 1220000
1723178111092 18.805 1224000
1723178124299 18.462 1228000
1723178137629 18.472 1232000
1723178151373 18.823 1236000
1723178165131 14.663 1240000
1723178178575 14.233 1244000
1723178191644 14.272 1248000
1723178205015 14.413 1252000
1723178218917 14.61 1256000
1723178232248 14.399 1260000
1723178245668 14.778 1264000
1723178259178 14.759 1268000
1723178273000 14.577 1272000
1723178286306 14.093 1276000
1723178299504 13.243 1280000
1723178312856 13.483 1284000
1723178326892 13.536 1288000
1723178340839 13.977 1292000
1723178354455 13.734 1296000
1723178367787 14.016 1300000
1723178381080 14.013 1304000
1723178394677 13.96 1308000
1723178407657 13.801 1312000
1723178420857 13.85 1316000
1723178434360 13.884 1320000
1723178447691 13.819 1324000
1723178461183 14.256 1328000
1723178474719 13.599 1332000
1723178488195 14.005 1336000
1723178501645 13.833 1340000
1723178515671 14.41 1344000
1723178529871 14.817 1348000
1723178543370 14.849 1352000
1723178556911 14.629 1356000
1723178570338 14.858 1360000
1723178583483 14.79 1364000
1723178597062 14.718 1368000
1723178610276 14.617 1372000
1723178623432 14.292 1376000
1723178636565 14.18 1380000
1723178649882 13.47 1384000
1723178662563 14.951 1388000
1723178675096 15.465 1392000
1723178688453 15.73 1396000
1723178701560 15.157 1400000
1723178714897 15.164 1404000
1723178728535 14.706 1408000
1723178742317 14.887 1412000
1723178755553 15.168 1416000
1723178769295 15.826 1420000
1723178782817 15.674 1424000
1723178796256 14.063 1428000
1723178809828 15.411 1432000
1723178823182 15.469 1436000
1723178836079 15.48 1440000
1723178847486 15.655 1444000
1723178859285 15.899 1448000
1723178871019 15.805 1452000
1723178882993 15.517 1456000
1723178894998 15.026 1460000
1723178907041 15.129 1464000
1723178918339 14.601 1468000
1723178929909 12.888 1472000
1723178942165 12.668 1476000
1723178953841 12.719 1480000
1723178965749 12.675 1484000
1723178977682 12.667 1488000
1723178989819 12.706 1492000
1723179001693 12.73 1496000
1723179013709 12.721 1500000
1723179025327 12.642 1504000
1723179037248 12.554 1508000
1723179048972 12.567 1512000
1723179060614 12.622 1516000
1723179072586 12.558 1520000
1723179084895 12.389 1524000
1723179096556 12.509 1528000
1723179108063 12.317 1532000
1723179119670 12.126 1536000
1723179131430 12.112 1540000
1723179143215 12.097 1544000
1723179154761 12.165 1548000
1723179166476 11.895 1552000
1723179177935 11.777 1556000
1723179189772 11.79 1560000
1723179201054 11.822 1564000
1723179212690 11.662 1568000
1723179224368 11.715 1572000
1723179236281 11.994 1576000
1723179247898 11.911 1580000
1723179259091 12.011 1584000
1723179270693 12.017 1588000
1723179282386 12.227 1592000
1723179293746 12.24 1596000
1723179305031 12.148 1600000
1723179316139 12.122 1604000
1723179327951 12.029 1608000
1723179339509 11.863 1612000
1723179350905 11.653 1616000
1723179362296 11.716 1620000
1723179373584 11.548 1624000
1723179384935 11.407 1628000
1723179396186 11.274 1632000
1723179407375 11.213 1636000
1723179418862 11.228 1640000
1723179430540 11.2 1644000
1723179441890 11.188 1648000
1723179453238 11.336 1652000
1723179464639 11.539 1656000
1723179475944 11.477 1660000
1723179487760 11.549 1664000
1723179499177 11.69 1668000
1723179510714 11.676 1672000
1723179522253 11.93 1676000
1723179533895 14.214 1680000
1723179544915 14.2 1684000
1723179556175 14.174 1688000
1723179567662 14.112 1692000
1723179579054 13.855 1696000
1723179590432 13.921 1700000
1723179601801 14.005 1704000
1723179613099 13.964 1708000
1723179624245 14.066 1712000
1723179635665 13.811 1716000
1723179646924 11.447 1720000
1723179658426 11.424 1724000
1723179669851 11.365 1728000
1723179681145 11.26 1732000
1723179692496 11.103 1736000
1723179703942 11.033 1740000
1723179715194 10.895 1744000
1723179726646 10.86 1748000
1723179738100 10.719 1752000
1723179749502 10.778 1756000
1723179760700 10.819 1760000
1723179772145 10.851 1764000
1723179784148 10.928 1768000
1723179795942 11.072 1772000
1723179807413 11.234 1776000
1723179818842 11.147 1780000
1723179830366 11.201 1784000
1723179842541 11.202 1788000
1723179853801 11.219 1792000
1723179865321 11.206 1796000
1723179876361 11.182 1800000
1723179887976 11.126 1804000
1723179899432 11.175 1808000
1723179910983 11.178 1812000
1723179922357 11.251 1816000
1723179933790 11.567 1820000
1723179945110 11.465 1824000
1723179956349 11.338 1828000
1723179967921 11.546 1832000
1723179979224 11.432 1836000
1723179990716 11.502 1840000
1723180002099 11.586 1844000
1723180013278 11.705 1848000
1723180024867 11.68 1852000
1723180036508 11.551 1856000
1723180048182 11.356 1860000
1723180059717 11.496 1864000
1723180071058 11.583 1868000
1723180082466 11.354 1872000
1723180093843 11.425 1876000
1723180105015 11.413 1880000
1723180116337 11.24 1884000
1723180127814 11.004 1888000
1723180139342 11.079 1892000
1723180150843 11.092 1896000
1723180161988 11.0 1900000
1723180173234 10.87 1904000
1723180184517 10.827 1908000
1723180196113 10.903 1912000
1723180207573 10.848 1916000
1723180218970 10.778 1920000
1723180230454 10.928 1924000
1723180241719 10.962 1928000
1723180253440 10.834 1932000
1723180264923 10.729 1936000
1723180276052 10.799 1940000
1723180287510 10.859 1944000
1723180298742 10.912 1948000
1723180310096 10.976 1952000
1723180321868 11.024 1956000
1723180333001 11.155 1960000
1723180344483 11.061 1964000
1723180356128 11.152 1968000
1723180367613 11.19 1972000
1723180379120 11.163 1976000
1723180390501 11.215 1980000
1723180401905 11.119 1984000
1723180413575 11.059 1988000
1723180425334 10.92 1992000
1723180436785 18.799 1996000
1723180448633 18.779 2000000
