1723173953563 20599.209 4000
1723173968203 17482.685 8000
1723173984034 16842.181 12000
1723173999026 16316.759 16000
1723174014607 16133.041 20000
1723174030034 15983.32 24000
1723174046280 15982.168 28000
1723174061163 15816.643 32000
1723174078116 15922.401 36000
1723174093265 15825.384 40000
1723174108113 15229.958 44000
1723174124616 15424.453 48000
1723174139189 15305.592 52000
1723174153087 15205.522 56000
1723174167258 15067.689 60000
1723174181366 14938.529 64000
1723174195933 14781.772 68000
1723174209745 14674.951 72000
1723174224015 14404.5 76000
1723174238010 14285.889 80000
1723174252252 14223.137 84000
1723174266595 14004.359 88000
1723174280736 13959.2 92000
1723174294624 13959.073 96000
1723174308561 13931.808 100000
1723174322286 13894.465 104000
1723174335929 13798.742 108000
1723174350283 13856.124 112000
1723174364278 13830.058 116000
1723174378688 13874.443 120000
1723174394068 13991.139 124000
1723174408292 13981.324 128000
1723174422189 13959.427 132000
1723174436541 14001.927 136000
1723174450614 14008.085 140000
1723174464479 14016.497 144000
1723174478392 14038.001 148000
1723174492093 13968.48 152000
1723174505703 13932.663 156000
1723174519109 13837.576 160000
1723174532508 13644.051 164000
1723174546828 13653.577 168000
1723174560379 13621.069 172000
1723174574299 13574.451 176000
1723174588804 13623.861 180000
1723174602376 13599.026 184000
1723174616088 13583.866 188000
1723174630010 13604.275 192000
1723174643545 13587.748 196000
1723174657240 13604.98 200000
1723174671236 13655.928 204000
1723174684814 13580.199 208000
1723174698541 13592.829 212000
1723174711743 13527.917 216000
1723174725101 13417.117 220000
1723174738989 13446.847 224000
1723174752310 13404.932 228000
1723174765822 13372.775 232000
1723174779106 13351.468 236000
1723174792692 13341.476 240000
1723174806439 13313.929 244000
1723174820172 13330.005 248000
1723174833614 13308.286 252000
1723174846754 13298.276 256000
1723174860249 13307.257 260000
1723174874098 13301.724 264000
1723174887678 13329.731 268000
1723174901013 13307.865 272000
1723174914651 13338.726 276000
1723174927675 13286.299 280000
1723174941054 13251.384 284000
1723174954216 13198.557 288000
1723174967707 13199.205 292000
1723174980956 13209.356 296000
1723174994249 13188.144 300000
1723175007629 13139.72 304000
1723175020993 13117.431 308000
1723175034351 13114.054 312000
1723175047441 13063.471 316000
1723175060417 13063.829 320000
1723175073902 13082.032 324000
1723175087284 13102.767 328000
1723175100555 13084.4 332000
1723175113708 13076.741 336000
1723175127327 13113.223 340000
1723175140560 13097.767 344000
1723175153917 13094.359 348000
1723175167512 13118.496 352000
1723175181303 13185.787 356000
1723175194493 13206.161 360000
1723175208568 13258.519 364000
1723175221253 13189.268 368000
1723175234202 13155.937 372000
1723175247988 13216.592 376000
1723175261249 13180.868 380000
1723175275150 13246.735 384000
1723175288793 13270.533 388000
1723175302356 13265.619 392000
1723175315662 13219.256 396000
1723175329220 13253.594 400000
1723175342471 13177.482 404000
1723175355728 13231.625 408000
1723175368986 13262.081 412000
1723175382055 13193.956 416000
1723175395809 13238.666 420000
1723175409436 13206.8 424000
1723175422954 13200.159 428000
1723175436266 13180.174 432000
1723175449687 13189.821 436000
1723175462838 13149.956 440000
1723175476013 13139.28 444000
1723175490447 13253.147 448000
1723175503442 13227.434 452000
1723175517080 13275.771 456000
1723175529975 13189.55 460000
1723175543094 13142.042 464000
1723175555052 12989.939 468000
1723175567896 12947.98 472000
1723175581129 12934.553 476000
1723175594498 12954.271 480000
1723175607979 12984.754 484000
1723175621231 12873.111 488000
1723175634886 12927.513 492000
1723175648794 12953.234 496000
1723175662451 13025.111 500000
1723175675830 13055.208 504000
1723175689602 13237.055 508000
1723175703447 13332.302 512000
1723175717431 13405.601 516000
1723175731034 13426.673 520000
1723175744861 13459.781 524000
1723175758849 13530.891 528000
1723175773139 13603.904 532000
1723175786649 13540.843 536000
1723175800405 13532.398 540000
1723175813477 13457.468 544000
1723175826495 13375.725 548000
1723175839759 13317.711 552000
1723175853311 13275.026 556000
1723175867551 13334.193 560000
1723175881375 13332.73 564000
1723175894797 13270.524 568000
1723175910098 13345.363 572000
1723175924060 13415.46 576000
1723175936963 13332.947 580000
1723175950505 13387.91 584000
1723175963510 13360.086 588000
1723175976813 13360.841 592000
1723175990703 13378.439 596000
1723176005445 13388.849 600000
1723176019065 13367.863 604000
1723176032506 13375.697 608000
1723176045617 13146.204 612000
1723176058054 13000.229 616000
1723176071772 13104.359 620000
1723176085522 13144.655 624000
1723176099198 13214.29 628000
1723176113377 13255.62 632000
1723176126531 13135.765 636000
1723176140545 13087.79 640000
1723176153218 12973.968 644000
1723176166460 12950.658 648000
1723176180292 13054.661 652000
1723176193997 13178.391 656000
1723176207488 13154.747 660000
1723176220766 13125.0 664000
1723176234760 13176.117 668000
1723176247810 13106.34 672000
1723176261507 13214.933 676000
1723176274797 13166.074 680000
1723176289135 13338.161 684000
1723176302193 13316.203 688000
1723176314466 13162.679 692000
1723176327885 13113.048 696000
1723176341244 13078.793 700000
1723176354714 13042.096 704000
1723176368429 13015.296 708000
1723176382000 13064.883 712000
1723176395353 13033.971 716000
1723176409304 13079.266 720000
1723176423209 13000.578 724000
1723176436483 13029.233 728000
1723176448871 13039.001 732000
1723176462173 13037.392 736000
1723176475821 13067.575 740000
1723176489143 13100.358 744000
1723176502938 13100.648 748000
1723176516347 13042.894 752000
1723176529911 13043.662 756000
1723176543240 12996.505 760000
1723176556893 13019.55 764000
1723176569912 12993.657 768000
1723176583630 13119.056 772000
1723176597470 13182.774 776000
1723176610735 13164.894 780000
1723176624167 13173.157 784000
1723176637304 13123.452 788000
1723176650625 13160.004 792000
1723176663717 13133.726 796000
1723176677028 13133.081 800000
1723176690955 13162.059 804000
1723176704805 13240.44 808000
1723176718222 13217.017 812000
1723176731488 13162.633 816000
1723176744719 13153.167 820000
1723176757979 13136.538 824000
1723176771584 13177.524 828000
1723176785196 13208.689 832000
1723176798660 13245.668 836000
1723176811964 13247.258 840000
1723176825529 13214.017 844000
1723176839335 13214.067 848000
1723176852754 13218.241 852000
1723176866109 13222.193 856000
1723176879446 13232.474 860000
1723176893245 13288.499 864000
1723176907332 13333.942 868000
1723176921127 13344.632 872000
1723176934656 13349.578 876000
1723176948213 13374.499 880000
1723176961712 13364.807 884000
1723176975480 13354.082 888000
1723176988988 13362.317 892000
1723177002399 13371.908 896000
1723177015737 13377.679 900000
1723177029174 13342.249 904000
1723177042137 13228.383 908000
1723177056258 13258.505 912000
1723177069907 13268.354 916000
1723177083417 13257.464 920000
1723177097196 13277.423 924000
1723177110588 13240.272 928000
1723177124196 13245.879 932000
1723177137922 13273.152 936000
1723177151157 13263.241 940000
1723177164353 13237.882 944000
1723177177852 13291.483 948000
1723177192421 13339.742 952000
1723177205790 13311.4 956000
1723177219406 13324.158 960000
1723177232793 13295.019 964000
1723177246379 13315.086 968000
1723177260011 13321.56 972000
1723177274284 13375.03 976000
1723177287924 13411.382 980000
1723177301912 13492.399 984000
1723177315675 13516.119 988000
1723177329279 13418.03 992000
1723177342404 13393.717 996000
1723177355572 13353.676 1000000
1723177369127 13364.802 1004000
1723177382824 13377.554 1008000
1723177396515 13377.654 1012000
1723177410254 13327.05 1016000
1723177423691 13304.702 1020000
1723177437276 13262.405 1024000
1723177451040 13271.075 1028000
1723177464735 13283.455 1032000
1723177478864 13380.391 1036000
1723177492900 13456.362 1040000
1723177506822 13487.907 1044000
1723177520486 13483.82 1048000
1723177534370 13500.968 1052000
1723177548196 13503.409 1056000
1723177561760 13514.879 1060000
1723177575909 13575.13 1064000
1723177589552 13563.758 1068000
1723177602371 13483.064 1072000
1723177615539 13389.231 1076000
1723177628887 13323.176 1080000
1723177641928 13233.349 1084000
1723177655357 13212.326 1088000
1723177668800 13172.36 1092000
1723177682511 13162.93 1096000
1723177696015 13162.752 1100000
1723177709559 13105.162 1104000
1723177723050 13091.666 1108000
1723177737001 13199.974 1112000
1723177750171 13201.346 1116000
1723177763740 13217.639 1120000
1723177777114 13255.059 1124000
1723177790662 13256.817 1128000
1723177803837 13231.561 1132000
1723177816989 13180.049 1136000
1723177830493 13178.561 1140000
1723177844205 13188.641 1144000
1723177858324 13243.975 1148000
1723177871900 13207.022 1152000
1723177885564 13247.463 1156000
1723177899082 13247.507 1160000
1723177912681 13265.725 1164000
1723177925670 13218.842 1168000
1723177939282 13263.655 1172000
1723177952273 13242.504 1176000
1723177965624 13228.097 1180000
1723177979087 13206.892 1184000
1723177993019 13191.301 1188000
1723178006506 13185.522 1192000
1723178019727 13148.253 1196000
1723178032994 13102.268 1200000
1723178045110 12962.149 1204000
1723178058626 13013.126 1208000
1723178071562 12945.593 1212000
1723178084899 12984.124 1216000
1723178097764 12935.332 1220000
1723178111090 12923.86 1224000
1723178124296 12845.237 1228000
1723178137627 12820.441 1232000
1723178151371 12869.729 1236000
1723178165128 12940.298 1240000
1723178178572 13073.869 1244000
1723178191642 13031.3 1248000
1723178205012 13072.535 1252000
1723178218914 13126.761 1256000
1723178232246 13172.238 1260000
1723178245666 13173.213 1264000
1723178259176 13203.068 1268000
1723178272997 13251.281 1272000
1723178286304 13206.452 1276000
1723178299502 13156.573 1280000
1723178312853 13148.901 1284000
1723178326889 13240.591 1288000
1723178340836 13295.816 1292000
1723178354452 13265.006 1296000
1723178367784 13265.022 1300000
1723178381078 13260.372 1304000
1723178394675 13266.805 1308000
1723178407654 13185.52 1312000
1723178420855 13178.314 1316000
1723178434357 13208.229 1320000
1723178447688 13204.033 1324000
1723178461180 13151.401 1328000
1723178474716 13107.235 1332000
1723178488193 13093.86 1336000
1723178501642 13105.839 1340000
1723178515668 13163.593 1344000
1723178529869 13221.906 1348000
1723178543367 13269.322 1352000
1723178556909 13298.629 1356000
1723178570335 13284.607 1360000
1723178583481 13261.59 1364000
1723178597059 13271.567 1368000
1723178610274 13245.444 1372000
1723178623430 13217.652 1376000
1723178636562 13181.094 1380000
1723178649880 13117.384 1384000
1723178662557 12938.297 1388000
1723178675094 12832.823 1392000
1723178688450 12824.408 1396000
1723178701558 12797.881 1400000
1723178714895 12822.113 1404000
1723178728532 12825.704 1408000
1723178742315 12882.214 1412000
1723178755551 12872.786 1416000
1723178769292 12926.973 1420000
1723178782815 12942.78 1424000
1723178796254 13049.548 1428000
1723178809826 13171.142 1432000
1723178823180 13167.232 1436000
1723178836077 13147.07 1440000
1723178847484 12955.693 1444000
1723178859283 12776.831 1448000
1723178871016 12573.544 1452000
1723178882991 12465.724 1456000
1723178894996 12304.954 1460000
1723178907039 12170.364 1464000
1723178918337 11966.477 1468000
1723178929907 11770.27 1472000
1723178942162 11667.095 1476000
1723178953838 11546.102 1480000
1723178965747 11596.28 1484000
1723178977679 11608.939 1488000
1723178989817 11648.521 1492000
1723179001690 11637.129 1496000
1723179013707 11636.907 1500000
1723179025324 11591.347 1504000
1723179037246 11650.906 1508000
1723179048970 11665.331 1512000
1723179060611 11603.972 1516000
1723179072584 11633.482 1520000
1723179084893 11673.045 1524000
1723179096554 11645.876 1528000
1723179108060 11582.948 1532000
1723179119668 11555.194 1536000
1723179131428 11530.566 1540000
1723179143212 11542.667 1544000
1723179154759 11507.227 1548000
1723179166474 11506.87 1552000
1723179177932 11486.1 1556000
1723179189769 11472.0 1560000
1723179201051 11359.861 1564000
1723179212688 11356.841 1568000
1723179224366 11373.247 1572000
1723179236279 11405.168 1576000
1723179247896 11389.952 1580000
1723179259089 11337.538 1584000
1723179270691 11342.972 1588000
1723179282384 11340.336 1592000
1723179293744 11328.708 1596000
1723179305028 11267.522 1600000
1723179316137 11259.147 1604000
1723179327948 11276.597 1608000
1723179339507 11264.565 1612000
1723179350903 11213.031 1616000
1723179362294 11190.345 1620000
1723179373581 11199.321 1624000
1723179384932 11173.606 1628000
1723179396183 11129.102 1632000
1723179407373 11115.084 1636000
1723179418859 11140.783 1640000
1723179430538 11179.001 1644000
1723179441888 11132.45 1648000
1723179453236 11111.117 1652000
1723179464636 11110.704 1656000
1723179475942 11101.716 1660000
1723179487758 11145.969 1664000
1723179499174 11151.562 1668000
1723179510711 11178.756 1672000
1723179522251 11212.224 1676000
1723179533893 11208.891 1680000
1723179544913 11160.642 1684000
1723179556173 11151.517 1688000
1723179567659 11165.143 1692000
1723179579051 11164.56 1696000
1723179590430 11171.916 1700000
1723179601798 11135.177 1704000
1723179613096 11123.759 1708000
1723179624242 11085.699 1712000
1723179635663 11069.4 1716000
1723179646921 11049.4 1720000
1723179658424 11098.101 1724000
1723179669849 11114.685 1728000
1723179681142 11095.57 1732000
1723179692494 11090.983 1736000
1723179703940 11097.402 1740000
1723179715191 11085.843 1744000
1723179726643 11094.036 1748000
1723179738098 11114.886 1752000
1723179749500 11115.412 1756000
1723179760698 11108.925 1760000
1723179772142 11098.35 1764000
1723179784146 11155.377 1768000
1723179795940 11204.662 1772000
1723179807410 11216.79 1776000
1723179818839 11215.119 1780000
1723179830364 11241.573 1784000
1723179842538 11310.833 1788000
1723179853799 11300.189 1792000
1723179865319 11314.081 1796000
1723179876358 11297.856 1800000
1723179887973 11317.732 1804000
1723179899430 11262.246 1808000
1723179910981 11238.177 1812000
1723179922354 11227.875 1816000
1723179933787 11227.399 1820000
1723179945107 11198.442 1824000
1723179956347 11114.259 1828000
1723179967918 11145.759 1832000
1723179979222 11123.594 1836000
1723179990714 11168.924 1840000
1723180002096 11146.885 1844000
1723180013275 11116.563 1848000
1723180024865 11120.199 1852000
1723180036506 11146.713 1856000
1723180048180 11165.499 1860000
1723180059714 11195.143 1864000
1723180071056 11204.763 1868000
1723180082464 11188.028 1872000
1723180093841 11195.875 1876000
1723180105012 11162.554 1880000
1723180116335 11156.079 1884000
1723180127811 11188.568 1888000
1723180139340 11181.999 1892000
1723180150841 11158.578 1896000
1723180161985 11110.917 1900000
1723180173232 11082.297 1904000
1723180184515 11076.649 1908000
1723180196110 11095.156 1912000
1723180207571 11103.082 1916000
1723180218967 11126.166 1920000
1723180230452 11142.257 1924000
1723180241717 11121.318 1928000
1723180253438 11130.75 1932000
1723180264921 11136.545 1936000
1723180276049 11133.653 1940000
1723180287507 11153.869 1944000
1723180298740 11148.567 1948000
1723180310093 11124.168 1952000
1723180321866 11155.05 1956000
1723180332999 11128.141 1960000
1723180344481 11126.912 1964000
1723180356126 11158.318 1968000
1723180367611 11143.421 1972000
1723180379117 11146.829 1976000
1723180390499 11172.407 1980000
1723180401903 11167.022 1984000
1723180413573 11210.763 1988000
1723180425332 11251.165 1992000
1723180436782 11217.665 1996000
1723180448631 11288.984 2000000
