1723231574390 0.0 4000
1723231581570 0.0 8000
1723231588731 0.0 12000
1723231596139 0.0 16000
1723231603495 0.0 20000
1723231610599 0.0 24000
1723231618018 0.0 28000
1723231625278 0.0 32000
1723231632681 0.0 36000
1723231640377 0.0 40000
1723231647678 0.0 44000
1723231654964 0.0 48000
1723231662319 0.0 52000
1723231669626 0.0 56000
1723231678858 0.0 60000
1723231687503 0.0 64000
1723231695512 0.0 68000
1723231704143 0.0 72000
1723231713001 0.0 76000
1723231721655 0.0 80000
1723231730027 0.0 84000
1723231738116 0.0 88000
1723231745901 0.0 92000
1723231755192 0.0 96000
1723231764895 0.0 100000
1723231772567 0.0 104000
1723231780190 0.0 108000
1723231788115 0.0 112000
1723231796948 0.0 116000
1723231804877 0.0 120000
1723231812619 0.0 124000
1723231820189 0.0 128000
1723231827938 0.0 132000
1723231835571 0.0 136000
1723231843245 0.0 140000
1723231850843 0.0 144000
1723231858644 0.0 148000
1723231866388 0.0 152000
1723231874041 0.0 156000
1723231881591 0.0 160000
1723231889487 0.0 164000
1723231897684 0.0 168000
1723231905441 0.0 172000
1723231912973 0.0 176000
1723231920628 0.0 180000
1723231928530 0.0 184000
1723231936436 0.0 188000
1723231944084 0.0 192000
1723231951852 0.0 196000
1723231959229 0.0 200000
1723231966882 0.0 204000
1723231974234 0.0 208000
1723231981785 0.0 212000
1723231989162 0.0 216000
1723231997114 0.0 220000
1723232004790 0.0 224000
1723232012339 0.0 228000
1723232019781 0.0 232000
1723232027272 0.0 236000
1723232034817 0.0 240000
1723232042392 0.0 244000
1723232050046 0.0 248000
1723232057816 0.0 252000
1723232066009 0.0 256000
1723232073738 0.0 260000
1723232080998 0.0 264000
1723232088560 0.0 268000
1723232096038 0.0 272000
1723232103548 0.0 276000
1723232111141 0.0 280000
1723232118708 0.0 284000
1723232126255 0.0 288000
1723232133856 0.0 292000
1723232141168 0.0 296000
1723232148596 0.0 300000
1723232156058 0.0 304000
1723232163468 0.0 308000
1723232171404 0.0 312000
1723232178808 0.0 316000
1723232186264 0.0 320000
1723232193523 0.0 324000
1723232201044 0.0 328000
1723232208608 0.0 332000
1723232216082 0.0 336000
1723232223680 0.0 340000
1723232231072 0.0 344000
1723232238972 0.0 348000
1723232246621 0.0 352000
1723232253883 0.0 356000
1723232261029 0.0 360000
1723232268874 0.0 364000
1723232276526 0.0 368000
1723232283970 0.0 372000
1723232291345 0.0 376000
1723232298968 0.0 380000
1723232306470 0.0 384000
1723232313957 0.0 388000
1723232321284 0.0 392000
1723232328678 0.0 396000
1723232335894 0.0 400000
1723232343421 0.0 404000
1723232350734 0.0 408000
1723232358214 0.0 412000
1723232365497 0.0 416000
1723232372731 0.0 420000
1723232379939 0.0 424000
1723232387353 0.0 428000
1723232394716 0.0 432000
1723232402096 0.0 436000
1723232409247 0.0 440000
1723232416551 0.0 444000
1723232423869 0.0 448000
1723232431235 0.0 452000
1723232438492 0.0 456000
1723232445653 0.0 460000
1723232453316 0.0 464000
1723232460552 0.0 468000
1723232467723 0.0 472000
1723232475113 0.0 476000
1723232482442 0.0 480000
1723232489695 0.0 484000
1723232497022 0.0 488000
1723232504597 0.0 492000
1723232512006 0.0 496000
1723232519528 0.0 500000
1723232526851 0.0 504000
1723232534296 0.0 508000
1723232541799 0.0 512000
1723232549503 0.0 516000
1723232556894 0.0 520000
1723232564333 0.0 524000
1723232571762 0.0 528000
1723232579103 0.0 532000
1723232586612 0.0 536000
1723232594165 0.0 540000
1723232602323 0.0 544000
1723232610014 0.0 548000
1723232617443 0.0 552000
1723232625077 0.0 556000
1723232632572 0.0 560000
1723232640073 0.0 564000
1723232647538 0.0 568000
1723232655073 0.0 572000
1723232662591 0.0 576000
1723232669982 0.0 580000
1723232677411 0.0 584000
1723232684917 0.0 588000
1723232692336 0.0 592000
1723232700450 0.0 596000
1723232708287 0.0 600000
1723232716519 0.0 604000
1723232723872 0.0 608000
1723232731363 0.0 612000
1723232738682 0.0 616000
1723232746225 0.0 620000
1723232753662 0.0 624000
1723232761315 0.0 628000
1723232768739 0.0 632000
1723232776285 0.0 636000
1723232784224 0.0 640000
1723232791908 0.0 644000
1723232799257 0.0 648000
1723232806819 0.0 652000
1723232814727 0.0 656000
1723232822528 0.0 660000
1723232829700 0.0 664000
1723232837354 0.0 668000
1723232844796 0.0 672000
1723232852926 0.0 676000
1723232860430 0.0 680000
1723232867753 0.0 684000
1723232875221 0.0 688000
1723232883084 0.0 692000
1723232890320 0.0 696000
1723232897614 0.0 700000
1723232904937 0.0 704000
1723232912202 0.0 708000
1723232919523 0.0 712000
1723232926753 0.0 716000
1723232934100 0.0 720000
1723232942126 0.0 724000
1723232949902 0.0 728000
1723232957461 0.0 732000
1723232964921 0.0 736000
1723232972465 0.0 740000
1723232980189 0.0 744000
1723232987775 0.0 748000
1723232995290 0.0 752000
1723233003009 0.0 756000
1723233010643 0.0 760000
1723233018248 0.0 764000
1723233025880 0.0 768000
1723233033578 0.0 772000
1723233040927 0.0 776000
1723233048141 0.0 780000
1723233055503 0.0 784000
1723233062728 0.0 788000
1723233069968 0.0 792000
1723233077279 0.0 796000
1723233084627 0.0 800000
