1723231574389 1.6014526120569341 4000
1723231581569 1.5954624568343794 8000
1723231588730 1.5916937775082058 12000
1723231596139 1.5950551226025536 16000
1723231603494 1.5923655105015588 20000
1723231610598 1.5898776938044836 24000
1723231618018 1.5906482523080534 28000
1723231625277 1.5885982385388127 32000
1723231632680 1.5869963801096356 36000
1723231640377 1.5899481245449611 40000
1723231647677 1.599814397317392 44000
1723231654963 1.5986633945394446 48000
1723231662318 1.5915872834346914 52000
1723231669626 1.5882351326564002 56000
1723231678858 1.583110558292853 60000
1723231687503 1.5790521033857234 64000
1723231695512 1.5760048505490418 68000
1723231704143 1.5792636464512537 72000
1723231713001 1.58649131936371 76000
1723231721655 1.5723183969971994 80000
1723231730027 1.5774485277120398 84000
1723231738115 1.5736578588763241 88000
1723231745901 1.5567338148752847 92000
1723231755191 1.5708878364512529 96000
1723231764895 1.5600945459471809 100000
1723231772567 1.5669713330647301 104000
1723231780189 1.5710021733606934 108000
1723231788114 1.5668430890986529 112000
1723231796947 1.5590577200607016 116000
1723231804876 1.5597032933008104 120000
1723231812618 1.5602794500885817 124000
1723231820188 1.575892338487837 128000
1723231827937 1.5725832133066087 132000
1723231835571 1.550161906020351 136000
1723231843244 1.546705340960669 140000
1723231850842 1.5364816571669604 144000
1723231858643 1.5290887065034695 148000
1723231866388 1.497734357314135 152000
1723231874040 1.4702588764448015 156000
1723231881590 1.4345381445354886 160000
1723231889487 1.4193533025721394 164000
1723231897684 1.4020189825189178 168000
1723231905441 1.406320748064253 172000
1723231912972 1.3747328567757178 176000
1723231920628 1.3613178598817695 180000
1723231928529 1.287581791133477 184000
1723231936436 1.2242691329547337 188000
1723231944084 1.2232929116203672 192000
1723231951852 1.2250285250799997 196000
1723231959229 1.236290098750402 200000
1723231966881 1.2103919947588886 204000
1723231974234 1.166926688239688 208000
1723231981785 1.1246581872935018 212000
1723231989162 1.0982839205908397 216000
1723231997114 1.122178130111997 220000
1723232004790 1.1508505695711368 224000
1723232012339 1.1687651156117675 228000
1723232019781 1.1938241321573813 232000
1723232027272 1.2203796372842537 236000
1723232034817 1.229218190687674 240000
1723232042392 1.2387528061236024 244000
1723232050045 1.2278691355513518 248000
1723232057816 1.2004058012255916 252000
1723232066008 1.184982491927172 256000
1723232073738 1.1847624060968873 260000
1723232080998 1.1686061871114861 264000
1723232088560 1.1636689884952767 268000
1723232096038 1.1857619416146052 272000
1723232103548 1.1669716942877997 276000
1723232111141 1.1188904012952532 280000
1723232118708 1.120951301143283 284000
1723232126254 1.0853876004774103 288000
1723232133856 1.1000676203026343 292000
1723232141167 1.0707791873386927 296000
1723232148596 1.0168161187537763 300000
1723232156058 1.0073780815752726 304000
1723232163467 0.9765500538878971 308000
1723232171404 1.0021366997686012 312000
1723232178808 1.0674552248899267 316000
1723232186263 1.0743946339718249 320000
1723232193523 1.0611444349642154 324000
1723232201044 1.0199673232262727 328000
1723232208607 1.021062991921864 332000
1723232216082 1.036463910309726 336000
1723232223680 1.0151195371277117 340000
1723232231071 0.9872380553099214 344000
1723232238972 0.9433104564903905 348000
1723232246620 0.9259119102879176 352000
1723232253882 0.8647068553185336 356000
1723232261028 0.9055250992535283 360000
1723232268874 0.8967308790280075 364000
1723232276526 0.8512348923418257 368000
1723232283970 0.911992583798353 372000
1723232291345 0.8806333082062857 376000
1723232298967 0.8262606716975964 380000
1723232306469 0.8170958390311589 384000
1723232313957 0.8517297253722236 388000
1723232321284 0.8042108157009044 392000
1723232328677 0.8198300932765638 396000
1723232335894 0.8234237254612029 400000
1723232343421 0.8299725009020044 404000
1723232350734 0.8618575093607423 408000
1723232358214 0.8267456767735658 412000
1723232365496 0.8645282896107467 416000
1723232372731 0.967102874965264 420000
1723232379938 1.0342574277252117 424000
1723232387352 1.0185065989456479 428000
1723232394715 1.0338444176805082 432000
1723232402095 1.088877884736137 436000
1723232409247 1.1757784751357225 440000
1723232416551 1.1867453032700472 444000
1723232423868 1.1848583105379942 448000
1723232431235 1.1946436413381465 452000
1723232438491 1.1975776781480778 456000
1723232445653 1.1457112819429427 460000
1723232453316 1.152536431506828 464000
1723232460552 1.1539418084280832 468000
1723232467723 1.1346428967657542 472000
1723232475112 1.12280987545296 476000
1723232482442 1.1120286508842752 480000
1723232489694 1.1462423854404025 484000
1723232497022 1.1686391510660685 488000
1723232504597 1.167326856668664 492000
1723232512005 1.196534665299471 496000
1723232519527 1.2317589713152124 500000
1723232526850 1.240720800369505 504000
1723232534296 1.2369652447877106 508000
1723232541798 1.2517308348070377 512000
1723232549503 1.2470859084179793 516000
1723232556893 1.2409110440148248 520000
1723232564333 1.2167117113789554 524000
1723232571762 1.2108255667661232 528000
1723232579103 1.1950201479846208 532000
1723232586612 1.1846081016555665 536000
1723232594165 1.1962282036347365 540000
1723232602323 1.1820607651478399 544000
1723232610013 1.1576139934479244 548000
1723232617442 1.1562823278563363 552000
1723232625077 1.1406148151745872 556000
1723232632572 1.099434037940212 560000
1723232640073 1.1254693663940227 564000
1723232647538 1.178327852077585 568000
1723232655072 1.1950123419837346 572000
1723232662590 1.2387383576423403 576000
1723232669982 1.30654013585792 580000
1723232677411 1.340604546587303 584000
1723232684917 1.3377756751403607 588000
1723232692336 1.3513657050157981 592000
1723232700450 1.3348433140093687 596000
1723232708286 1.314862683273497 600000
1723232716519 1.3415523976245254 604000
1723232723871 1.3512698961313439 608000
1723232731362 1.3606666995734764 612000
1723232738681 1.3820270284143075 616000
1723232746225 1.3569931386639833 620000
1723232753662 1.3329366491585182 624000
1723232761315 1.3075684216287402 628000
1723232768739 1.2862280860779778 632000
1723232776285 1.2636995395655355 636000
1723232784224 1.2680161756182473 640000
1723232791908 1.2590322625069392 644000
1723232799257 1.2891489363852002 648000
1723232806818 1.2412009480769042 652000
1723232814727 1.277764111662668 656000
1723232822528 1.262058045245983 660000
1723232829700 1.2456799262415164 664000
1723232837353 1.190107560157776 668000
1723232844796 1.1806569472191826 672000
1723232852926 1.18294412250872 676000
1723232860430 1.2083187201035717 680000
1723232867752 1.1691633348111754 684000
1723232875221 1.1955044378679265 688000
1723232883084 1.196897137669659 692000
1723232890319 1.1837812599681672 696000
1723232897614 1.1551695585881592 700000
1723232904936 1.1585873202041344 704000
1723232912202 1.1423857861725741 708000
1723232919522 1.1415146921677564 712000
1723232926753 1.08735129757533 716000
1723232934099 1.016126023903095 720000
1723232942126 1.0377753798923794 724000
1723232949902 1.0080497753683222 728000
1723232957461 1.0255721993862636 732000
1723232964920 1.030161798977978 736000
1723232972464 1.0720082377630566 740000
1723232980188 1.0365174406419986 744000
1723232987775 1.0016970557825906 748000
1723232995289 0.9902061505292459 752000
1723233003009 0.9817820809820973 756000
1723233010642 1.0113058565154909 760000
1723233018248 0.9860583564276417 764000
1723233025880 0.9823066672635457 768000
1723233033578 0.9435114783269388 772000
1723233040926 0.9490314949441839 776000
1723233048140 0.9238023855698803 780000
1723233055503 0.9053446389379955 784000
1723233062728 0.9174096272420631 788000
1723233069968 0.9255080317378674 792000
1723233077279 0.8829544501014488 796000
1723233084627 0.8137548470938647 800000
