1723231574388 -9.595054798025303e-06 4000
1723231581569 -4.142311515000762e-05 8000
1723231588729 4.362498641644836e-05 12000
1723231596138 -2.9990691987295e-05 16000
1723231603494 -2.103514141506619e-05 20000
1723231610597 -2.3866235894500895e-05 24000
1723231618017 -0.0002607475828241419 28000
1723231625277 -0.00013402274676731655 32000
1723231632679 -0.00017999139412370308 36000
1723231640376 -0.0001563087026908915 40000
1723231647676 -0.00010391429618552879 44000
1723231654962 1.0130865864022067e-05 48000
1723231662318 5.1740994529118614e-05 52000
1723231669625 -6.325336360426807e-05 56000
1723231678857 -5.516829314055266e-05 60000
1723231687502 6.15259326954998e-05 64000
1723231695511 8.97211057168466e-05 68000
1723231704142 -0.0002414885021391369 72000
1723231713000 -7.092795044026047e-06 76000
1723231721654 6.314651675955959e-05 80000
1723231730026 5.108906478478164e-06 84000
1723231738114 -0.000102477508877951 88000
1723231745900 -0.00012799425730629572 92000
1723231755190 -9.540010381627966e-05 96000
1723231764894 -0.00011118514827950291 100000
1723231772566 -0.0005889618207537939 104000
1723231780189 -0.0008798306581204531 108000
1723231788113 -9.602314580685247e-05 112000
1723231796946 -0.00010253604126985741 116000
1723231804876 -0.000679917436428171 120000
1723231812617 -0.0002760737345962928 124000
1723231820187 5.5746142826383076e-05 128000
1723231827937 0.00020554671211848183 132000
1723231835570 0.0001276229739819885 136000
1723231843243 -3.413242637795746e-05 140000
1723231850841 -0.00025025107873179924 144000
1723231858643 6.180780905264395e-06 148000
1723231866387 -0.00010723534715238702 152000
1723231874039 -0.00025006520054327746 156000
1723231881590 -0.00019710587446021023 160000
1723231889486 1.4949223351857019e-05 164000
1723231897683 6.379396827132613e-05 168000
1723231905440 5.5151263242045405e-05 172000
1723231912971 1.774556422359729e-05 176000
1723231920627 0.00013464149974641346 180000
1723231928526 0.00029463137268389346 184000
1723231936435 0.0001915576596739431 188000
1723231944083 5.3486622199810374e-05 192000
1723231951851 2.3789916719709124e-05 196000
1723231959228 -8.794239589146205e-06 200000
1723231966881 0.00013474080928419 204000
1723231974233 3.227670356710121e-05 208000
1723231981784 5.483330872954515e-05 212000
1723231989161 2.4989136943110715e-05 216000
1723231997113 0.00010662151392174776 220000
1723232004789 1.3980190589945152e-05 224000
1723232012338 5.154729520202314e-06 228000
1723232019780 -7.032931797088139e-05 232000
1723232027271 0.00044359028654754475 236000
1723232034816 0.00023048460168182533 240000
1723232042391 4.9710620648015746e-05 244000
1723232050045 1.1258655124240452e-06 248000
1723232057815 -0.00018116368187798395 252000
1723232066007 -0.0003643119461321957 256000
1723232073737 5.470533219594804e-05 260000
1723232080997 2.5477138145890815e-05 264000
1723232088559 9.322838177756657e-05 268000
1723232096037 0.00024657473362312113 272000
1723232103547 0.00011511123369610499 276000
1723232111140 0.000231892154330299 280000
1723232118706 0.00022715440502873175 284000
1723232126253 0.0005794219239048227 288000
1723232133855 0.000431302962479768 292000
1723232141166 0.00043875322770820093 296000
1723232148595 4.319400383681847e-05 300000
1723232156057 0.0001484515174986824 304000
1723232163466 0.00022838383755355917 308000
1723232171403 0.00019750566709609259 312000
1723232178807 0.0003708576399182516 316000
1723232186262 0.00036999122806327054 320000
1723232193522 0.00023137734680579454 324000
1723232201043 9.805153286646283e-06 328000
1723232208606 4.6924750010172525e-05 332000
1723232216081 0.0004454958060431102 336000
1723232223679 0.0005882298820233219 340000
1723232231071 0.0005398139121040466 344000
1723232238970 0.0006220440385202882 348000
1723232246620 0.0009761224032709838 352000
1723232253881 -7.1916946027644724e-06 356000
1723232261027 0.0007227308220333523 360000
1723232268873 0.0003657005135975187 364000
1723232276525 0.0004977445123056886 368000
1723232283969 0.0004988274877033536 372000
1723232291344 -0.00013603006721173646 376000
1723232298966 7.177853079699966e-05 380000
1723232306469 0.0003031703214796763 384000
1723232313956 0.00010063793293382755 388000
1723232321283 -0.00020029973731469855 392000
1723232328676 0.00021152789630587138 396000
1723232335893 -0.0001224025532051369 400000
1723232343420 -0.00033237032158664926 404000
1723232350733 0.0001975700653419293 408000
1723232358213 0.00013053357285797281 412000
1723232365495 3.317203471269557e-05 416000
1723232372730 3.259755946971752e-05 420000
1723232379937 -6.176851413868091e-05 424000
1723232387352 -8.093333118176334e-06 428000
1723232394715 1.0325101317552032e-05 432000
1723232402095 1.152447922519906e-05 436000
1723232409246 5.410083387263869e-06 440000
1723232416550 6.576631435010799e-06 444000
1723232423867 -1.1724139016772074e-06 448000
1723232431234 -6.201752909907588e-06 452000
1723232438491 -0.0001608106194349824 456000
1723232445651 -3.746747970581055e-05 460000
1723232453315 -5.792991194144759e-05 464000
1723232460551 -2.4301980538342996e-06 468000
1723232467722 0.0006276833632635692 472000
1723232475111 -0.0005748025639347299 476000
1723232482441 -0.00013041020070434246 480000
1723232489694 -0.0004342085154598983 484000
1723232497021 -0.0001930446536452682 488000
1723232504596 -0.001171780200231643 492000
1723232512005 -0.004443041735855991 496000
1723232519526 -0.0029977780170541593 500000
1723232526849 -0.003134856211445319 504000
1723232534295 -0.0018413965033475684 508000
1723232541797 -0.0012786344876365057 512000
1723232549502 -0.002896635683756026 516000
1723232556892 -0.0032375310463880107 520000
1723232564332 -0.0039705960838883015 524000
1723232571761 -0.0030492212406541936 528000
1723232579102 -0.00030266497500989803 532000
1723232586611 -0.0003525110148878955 536000
1723232594164 -0.00034372506949005934 540000
1723232602322 -0.00016901010558718728 544000
1723232610012 -4.3808467804439484e-05 548000
1723232617441 -0.0005036469489809066 552000
1723232625076 -0.0003391895660016903 556000
1723232632571 -0.0006652668355003236 560000
1723232640072 -0.0015900647829449365 564000
1723232647537 7.681726778625811e-05 568000
1723232655071 0.0009608815271387655 572000
1723232662589 0.00011679795053270128 576000
1723232669981 0.00016100709400479756 580000
1723232677410 -0.0009060771692366828 584000
1723232684916 -0.0009901057790826868 588000
1723232692335 0.0002831664034929225 592000
1723232700449 0.0005740347047331472 596000
1723232708285 -0.00242226139578239 600000
1723232716518 -5.717614971140705e-05 604000
1723232723870 -0.0021604093609663543 608000
1723232731361 0.0006785618249701444 612000
1723232738680 -0.0001579958295065259 616000
1723232746224 0.0005541323669373043 620000
1723232753661 -0.0004038914170845476 624000
1723232761314 -0.0014214119898579107 628000
1723232768738 -0.00013286651126922123 632000
1723232776284 -0.00031933172669990984 636000
1723232784223 0.00035090383398469794 640000
1723232791907 0.0005011009476172231 644000
1723232799256 0.00019364744897872683 648000
1723232806818 0.0006270172419371428 652000
1723232814726 0.0017741375183932995 656000
1723232822527 -0.000505659819910766 660000
1723232829699 0.00040377482535347103 664000
1723232837352 0.00012882777622767857 668000
1723232844795 0.00039780139923095703 672000
1723232852925 -0.00026298679371990224 676000
1723232860429 -0.00010275610540279006 680000
1723232867751 0.00045096874237060547 684000
1723232875220 0.0001975490302635879 688000
1723232883083 0.0005968092925964839 692000
1723232890318 0.0008390529445870213 696000
1723232897613 0.0009341246867306018 700000
1723232904936 0.00023028620336421583 704000
1723232912201 0.0004619094114454966 708000
1723232919521 0.0010557313760121664 712000
1723232926752 -0.0012629684001680404 716000
1723232934099 -0.0012769914177990463 720000
1723232942125 0.00039680691623183154 724000
1723232949901 0.00030806275902601777 728000
1723232957460 -0.0006246300286086148 732000
1723232964919 0.00012547998201279414 736000
1723232972464 0.0004915203682329289 740000
1723232980187 0.00035468869739108615 744000
1723232987774 0.00051324276066331 748000
1723232995288 0.00013730554353623162 752000
1723233003008 0.00013615763376629542 756000
1723233010642 0.00032572834580032914 760000
1723233018247 -3.192755911085341e-05 764000
1723233025879 0.0005846101455587559 768000
1723233033577 0.0002192521852160257 772000
1723233040925 0.00017367352253545528 776000
1723233048139 3.768886838640485e-05 780000
1723233055502 7.21010581526176e-05 784000
1723233062727 -0.0001275267235185734 788000
1723233069967 0.00013247747269887772 792000
1723233077278 -0.0001225058048490494 796000
1723233084626 0.00028270902457060637 800000
