1723157948728 1409.5 4000
1723157966448 1409.5 8000
1723157984357 1409.5 12000
1723157998304 1409.5 16000
1723158011284 1409.5 20000
1723158024103 1409.5 24000
1723158037045 1409.5 28000
1723158050929 1409.5 32000
1723158065143 1409.5 36000
1723158079153 1409.5 40000
1723158093243 1409.5 44000
1723158107385 1409.5 48000
1723158121453 1409.5 52000
1723158135492 1409.5 56000
1723158149249 1409.5 60000
1723158163294 1409.5 64000
1723158177296 1409.5 68000
1723158191704 1409.5 72000
1723158205847 1409.5 76000
1723158220127 1409.5 80000
1723158234126 1409.5 84000
1723158248257 1409.5 88000
1723158262276 1409.5 92000
1723158276269 1409.5 96000
1723158290141 1409.5 100000
1723158304310 1409.5 104000
1723158319197 1409.5 108000
1723158333668 1409.5 112000
1723158348232 1409.5 116000
1723158362656 1409.5 120000
1723158377129 1409.5 124000
1723158392867 1409.5 128000
1723158414799 1409.5 132000
1723158430090 1409.5 136000
1723158444676 1409.5 140000
1723158459000 1409.5 144000
1723158473394 1409.5 148000
1723158487803 1409.5 152000
1723158501922 1409.5 156000
1723158516165 1409.5 160000
1723158530544 1409.5 164000
1723158545585 1409.5 168000
1723158560314 1409.5 172000
1723158575038 1409.5 176000
1723158589547 1409.5 180000
1723158603500 1409.5 184000
1723158617291 1409.5 188000
1723158631395 1409.5 192000
1723158645200 1409.5 196000
1723158658754 1409.5 200000
1723158672883 1409.5 204000
1723158687430 1409.5 208000
1723158701656 1409.5 212000
1723158715824 1409.5 216000
1723158730287 1409.5 220000
1723158744612 1409.5 224000
1723158758509 1409.5 228000
1723158772798 1409.5 232000
1723158786677 1409.5 236000
1723158800666 1409.5 240000
1723158814624 1409.5 244000
1723158829065 1409.5 248000
1723158842556 1409.5 252000
1723158856413 1409.5 256000
1723158870694 1409.5 260000
1723158885422 1409.5 264000
1723158899361 1409.5 268000
1723158913964 1409.5 272000
1723158928334 1409.5 276000
1723158942299 1409.5 280000
1723158955936 1409.5 284000
1723158969826 1409.5 288000
1723158983846 1409.5 292000
1723158997353 1409.5 296000
1723159010918 1409.5 300000
1723159024492 1409.5 304000
1723159041412 1409.5 308000
1723159061440 1409.5 312000
1723159081140 1409.5 316000
1723159096112 1409.5 320000
1723159109864 1409.5 324000
1723159123395 1409.5 328000
1723159137165 1409.5 332000
1723159151093 1409.5 336000
1723159164710 1409.5 340000
1723159178380 1409.5 344000
1723159192405 1409.5 348000
1723159205704 1409.5 352000
1723159218901 1409.5 356000
1723159232528 1409.5 360000
1723159246784 1409.5 364000
1723159260179 1409.5 368000
1723159273475 1409.5 372000
1723159287077 1409.5 376000
1723159301118 1409.5 380000
1723159315244 1409.5 384000
1723159329054 1409.5 388000
1723159343068 1409.5 392000
1723159356739 1409.5 396000
1723159370516 1409.5 400000
1723159384797 1409.5 404000
1723159399021 1409.5 408000
1723159412480 1409.5 412000
1723159431072 1409.5 416000
1723159446408 1409.5 420000
1723159460595 1409.5 424000
1723159474879 1409.5 428000
1723159488985 1409.5 432000
1723159502437 1409.5 436000
1723159515671 1409.5 440000
1723159528968 1409.5 444000
1723159542650 1409.5 448000
1723159556268 1409.5 452000
1723159583045 1409.5 456000
1723159601098 1409.5 460000
1723159618341 1409.5 464000
1723159636527 1409.5 468000
1723159654283 1409.5 472000
1723159674037 1409.5 476000
1723159692940 1409.5 480000
1723159710330 1409.5 484000
1723159724973 1409.5 488000
1723159738648 1409.5 492000
1723159751937 1409.5 496000
1723159765654 1409.5 500000
1723159779342 1409.5 504000
1723159793074 1409.5 508000
1723159806575 1409.5 512000
1723159819928 1409.5 516000
1723159834694 1409.5 520000
1723159848641 1409.5 524000
1723159863098 1409.5 528000
1723159877380 1409.5 532000
1723159891413 1409.5 536000
1723159905593 1409.5 540000
1723159919847 1409.5 544000
1723159934199 1409.5 548000
1723159948070 1409.5 552000
1723159962186 1409.5 556000
1723159976453 1409.5 560000
1723159989957 1409.5 564000
1723160003572 1409.5 568000
1723160017389 1409.5 572000
1723160031094 1409.5 576000
1723160044805 1409.5 580000
1723160063099 1409.5 584000
1723160081309 1409.5 588000
1723160099168 1409.5 592000
1723160117078 1409.5 596000
1723160130388 1409.5 600000
1723160142908 1409.5 604000
1723160155507 1409.5 608000
1723160168045 1409.5 612000
1723160180807 1409.5 616000
1723160194131 1409.5 620000
1723160206868 1409.5 624000
1723160219807 1409.5 628000
1723160232687 1409.5 632000
1723160245052 1409.5 636000
1723160257913 1409.5 640000
1723160274867 1409.5 644000
1723160292092 1409.5 648000
1723160309428 1409.5 652000
1723160326978 1409.5 656000
1723160345136 1409.5 660000
1723160362690 1409.5 664000
1723160376988 1409.5 668000
1723160390034 1409.5 672000
1723160403520 1409.5 676000
1723160424888 1409.5 680000
1723160442757 1409.5 684000
1723160461015 1409.5 688000
1723160479390 1409.5 692000
1723160493600 1409.5 696000
1723160506773 1409.5 700000
1723160523380 1409.5 704000
1723160541348 1409.5 708000
1723160560179 1409.5 712000
1723160578869 1409.5 716000
1723160596251 1409.5 720000
1723160614256 1409.5 724000
1723160635006 1409.5 728000
1723160653687 1409.5 732000
1723160672999 1409.5 736000
1723160687885 1409.5 740000
1723160702111 1409.5 744000
1723160715701 1409.5 748000
1723160729211 1409.5 752000
1723160743724 1409.5 756000
1723160756874 1409.5 760000
1723160770764 1409.5 764000
1723160783633 1409.5 768000
1723160796248 1409.5 772000
1723160808868 1409.5 776000
1723160822471 1409.5 780000
1723160835276 1409.5 784000
1723160848194 1409.5 788000
1723160861071 1409.5 792000
1723160873937 1409.5 796000
1723160887752 1409.5 800000
1723160900966 1409.5 804000
1723160913983 1409.5 808000
1723160926649 1409.5 812000
1723160939238 1409.5 816000
1723160953173 1409.5 820000
1723160970968 1409.5 824000
1723160991108 1409.5 828000
1723161004975 1409.5 832000
1723161018189 1409.5 836000
1723161031887 1409.5 840000
1723161044406 1409.5 844000
1723161057114 1409.5 848000
1723161069909 1409.5 852000
1723161082617 1409.5 856000
1723161095004 1409.5 860000
1723161107814 1409.5 864000
1723161119830 1409.5 868000
1723161132247 1409.5 872000
1723161144810 1409.5 876000
1723161156963 1409.5 880000
1723161169386 1409.5 884000
1723161181915 1409.5 888000
1723161194388 1409.5 892000
1723161206537 1409.5 896000
1723161218522 1409.5 900000
1723161231055 1409.5 904000
1723161243451 1409.5 908000
1723161255390 1409.5 912000
1723161267627 1409.5 916000
1723161279740 1409.5 920000
1723161292056 1409.5 924000
1723161304031 1409.5 928000
1723161316141 1409.5 932000
1723161328507 1409.5 936000
1723161340657 1409.5 940000
1723161353135 1409.5 944000
1723161365651 1409.5 948000
1723161378410 1409.5 952000
1723161391196 1409.5 956000
1723161403151 1409.5 960000
1723161415515 1409.5 964000
1723161428073 1409.5 968000
1723161439988 1409.5 972000
1723161452556 1409.5 976000
1723161464803 1409.5 980000
1723161477302 1409.5 984000
1723161490030 1409.5 988000
1723161502746 1409.5 992000
1723161515164 1409.5 996000
1723161527506 1409.5 1000000
1723161540443 1409.5 1004000
1723161552963 1409.5 1008000
1723161565556 1409.5 1012000
1723161577927 1409.5 1016000
1723161590304 1409.5 1020000
1723161602235 1409.5 1024000
1723161614618 1409.5 1028000
1723161626840 1409.5 1032000
1723161639090 1409.5 1036000
1723161651251 1409.5 1040000
1723161663603 1409.5 1044000
1723161675780 1409.5 1048000
1723161687863 1409.5 1052000
1723161699603 1409.5 1056000
1723161711904 1409.5 1060000
1723161723768 1409.5 1064000
1723161735782 1409.5 1068000
1723161748005 1409.5 1072000
1723161760395 1409.5 1076000
1723161773114 1409.5 1080000
1723161785836 1409.5 1084000
1723161798219 1409.5 1088000
1723161810685 1409.5 1092000
1723161823126 1409.5 1096000
1723161835604 1409.5 1100000
1723161847359 1409.5 1104000
1723161859636 1409.5 1108000
1723161871993 1409.5 1112000
1723161884007 1409.5 1116000
1723161896100 1409.5 1120000
1723161908183 1409.5 1124000
1723161920478 1409.5 1128000
1723161932772 1409.5 1132000
1723161945237 1409.5 1136000
1723161957403 1409.5 1140000
1723161969667 1409.5 1144000
1723161982422 1409.5 1148000
1723161994775 1409.5 1152000
1723162007149 1409.5 1156000
1723162019589 1409.5 1160000
1723162032156 1409.5 1164000
1723162044624 1409.5 1168000
1723162057290 1409.5 1172000
1723162069685 1409.5 1176000
1723162082708 1409.5 1180000
1723162095102 1409.5 1184000
1723162108178 1409.5 1188000
1723162120797 1409.5 1192000
1723162133465 1409.5 1196000
1723162146095 1409.5 1200000
