1723157948727 1410.5 4000
1723157966447 4230.5 8000
1723157984357 7050.5 12000
1723157998304 9870.5 16000
1723158011284 12690.5 20000
1723158024102 15510.5 24000
1723158037044 18330.5 28000
1723158050928 21150.5 32000
1723158065143 23970.5 36000
1723158079153 26790.5 40000
1723158093242 29610.5 44000
1723158107384 32430.5 48000
1723158121452 35250.5 52000
1723158135491 38070.5 56000
1723158149249 40890.5 60000
1723158163293 43710.5 64000
1723158177296 46530.5 68000
1723158191703 49350.5 72000
1723158205847 52170.5 76000
1723158220126 54990.5 80000
1723158234125 57810.5 84000
1723158248257 60630.5 88000
1723158262275 63450.5 92000
1723158276269 66270.5 96000
1723158290140 69090.5 100000
1723158304310 71910.5 104000
1723158319196 74730.5 108000
1723158333668 77550.5 112000
1723158348232 80370.5 116000
1723158362656 83190.5 120000
1723158377129 86010.5 124000
1723158392866 88830.5 128000
1723158414798 91650.5 132000
1723158430089 94470.5 136000
1723158444675 97290.5 140000
1723158459000 100110.5 144000
1723158473393 102930.5 148000
1723158487803 105750.5 152000
1723158501921 108570.5 156000
1723158516165 111390.5 160000
1723158530544 114210.5 164000
1723158545585 117030.5 168000
1723158560314 119850.5 172000
1723158575037 122670.5 176000
1723158589547 125490.5 180000
1723158603500 128310.5 184000
1723158617290 131130.5 188000
1723158631395 133950.5 192000
1723158645199 136770.5 196000
1723158658753 139590.5 200000
1723158672883 142410.5 204000
1723158687430 145230.5 208000
1723158701656 148050.5 212000
1723158715824 150870.5 216000
1723158730287 153690.5 220000
1723158744612 156510.5 224000
1723158758509 159330.5 228000
1723158772797 162150.5 232000
1723158786677 164970.5 236000
1723158800665 167790.5 240000
1723158814624 170610.5 244000
1723158829064 173430.5 248000
1723158842556 176250.5 252000
1723158856412 179070.5 256000
1723158870694 181890.5 260000
1723158885422 184710.5 264000
1723158899361 187530.5 268000
1723158913963 190350.5 272000
1723158928333 193170.5 276000
1723158942299 195990.5 280000
1723158955936 198810.5 284000
1723158969825 201630.5 288000
1723158983846 204450.5 292000
1723158997353 207270.5 296000
1723159010917 210090.5 300000
1723159024492 212910.5 304000
1723159041412 215730.5 308000
1723159061440 218550.5 312000
1723159081139 221370.5 316000
1723159096112 224190.5 320000
1723159109864 227010.5 324000
1723159123395 229830.5 328000
1723159137165 232650.5 332000
1723159151093 235470.5 336000
1723159164710 238290.5 340000
1723159178380 241110.5 344000
1723159192405 243930.5 348000
1723159205704 246750.5 352000
1723159218900 249570.5 356000
1723159232528 252390.5 360000
1723159246784 255210.5 364000
1723159260179 258030.5 368000
1723159273475 260850.5 372000
1723159287076 263670.5 376000
1723159301118 266490.5 380000
1723159315244 269310.5 384000
1723159329053 272130.5 388000
1723159343067 274950.5 392000
1723159356738 277770.5 396000
1723159370515 280590.5 400000
1723159384797 283410.5 404000
1723159399021 286230.5 408000
1723159412480 289050.5 412000
1723159431072 291870.5 416000
1723159446408 294690.5 420000
1723159460595 297510.5 424000
1723159474879 300330.5 428000
1723159488985 303150.5 432000
1723159502437 305970.5 436000
1723159515671 308790.5 440000
1723159528968 311610.5 444000
1723159542649 314430.5 448000
1723159556267 317250.5 452000
1723159583044 320070.5 456000
1723159601098 322890.5 460000
1723159618341 325710.5 464000
1723159636527 328530.5 468000
1723159654283 331350.5 472000
1723159674037 334170.5 476000
1723159692940 336990.5 480000
1723159710330 339810.5 484000
1723159724973 342630.5 488000
1723159738648 345450.5 492000
1723159751936 348270.5 496000
1723159765654 351090.5 500000
1723159779342 353910.5 504000
1723159793073 356730.5 508000
1723159806574 359550.5 512000
1723159819928 362370.5 516000
1723159834694 365190.5 520000
1723159848641 368010.5 524000
1723159863097 370830.5 528000
1723159877379 373650.5 532000
1723159891412 376470.5 536000
1723159905592 379290.5 540000
1723159919847 382110.5 544000
1723159934198 384930.5 548000
1723159948070 387750.5 552000
1723159962186 390570.5 556000
1723159976453 393390.5 560000
1723159989957 396210.5 564000
1723160003571 399030.5 568000
1723160017388 401850.5 572000
1723160031094 404670.5 576000
1723160044804 407490.5 580000
1723160063098 410310.5 584000
1723160081308 413130.5 588000
1723160099167 415950.5 592000
1723160117078 418770.5 596000
1723160130387 421590.5 600000
1723160142908 424410.5 604000
1723160155506 427230.5 608000
1723160168045 430050.5 612000
1723160180806 432870.5 616000
1723160194131 435690.5 620000
1723160206868 438510.5 624000
1723160219806 441330.5 628000
1723160232686 444150.5 632000
1723160245052 446970.5 636000
1723160257912 449790.5 640000
1723160274866 452610.5 644000
1723160292091 455430.5 648000
1723160309427 458250.5 652000
1723160326977 461070.5 656000
1723160345135 463890.5 660000
1723160362689 466710.5 664000
1723160376987 469530.5 668000
1723160390034 472350.5 672000
1723160403519 475170.5 676000
1723160424888 477990.5 680000
1723160442756 480810.5 684000
1723160461015 483630.5 688000
1723160479389 486450.5 692000
1723160493600 489270.5 696000
1723160506772 492090.5 700000
1723160523380 494910.5 704000
1723160541347 497730.5 708000
1723160560179 500550.5 712000
1723160578869 503370.5 716000
1723160596250 506190.5 720000
1723160614256 509010.5 724000
1723160635006 511830.5 728000
1723160653687 514650.5 732000
1723160672999 517470.5 736000
1723160687884 520290.5 740000
1723160702110 523110.5 744000
1723160715700 525930.5 748000
1723160729211 528750.5 752000
1723160743723 531570.5 756000
1723160756874 534390.5 760000
1723160770763 537210.5 764000
1723160783633 540030.5 768000
1723160796248 542850.5 772000
1723160808868 545670.5 776000
1723160822471 548490.5 780000
1723160835275 551310.5 784000
1723160848193 554130.5 788000
1723160861070 556950.5 792000
1723160873937 559770.5 796000
1723160887752 562590.5 800000
1723160900965 565410.5 804000
1723160913983 568230.5 808000
1723160926649 571050.5 812000
1723160939238 573870.5 816000
1723160953173 576690.5 820000
1723160970967 579510.5 824000
1723160991108 582330.5 828000
1723161004974 585150.5 832000
1723161018188 587970.5 836000
1723161031887 590790.5 840000
1723161044406 593610.5 844000
1723161057114 596430.5 848000
1723161069909 599250.5 852000
1723161082617 602070.5 856000
1723161095004 604890.5 860000
1723161107814 607710.5 864000
1723161119830 610530.5 868000
1723161132246 613350.5 872000
1723161144810 616170.5 876000
1723161156962 618990.5 880000
1723161169386 621810.5 884000
1723161181915 624630.5 888000
1723161194388 627450.5 892000
1723161206537 630270.5 896000
1723161218522 633090.5 900000
1723161231055 635910.5 904000
1723161243451 638730.5 908000
1723161255390 641550.5 912000
1723161267626 644370.5 916000
1723161279740 647190.5 920000
1723161292056 650010.5 924000
1723161304030 652830.5 928000
1723161316141 655650.5 932000
1723161328507 658470.5 936000
1723161340657 661290.5 940000
1723161353135 664110.5 944000
1723161365650 666930.5 948000
1723161378409 669750.5 952000
1723161391196 672570.5 956000
1723161403151 675390.5 960000
1723161415515 678210.5 964000
1723161428073 681030.5 968000
1723161439987 683850.5 972000
1723161452555 686670.5 976000
1723161464803 689490.5 980000
1723161477302 692310.5 984000
1723161490029 695130.5 988000
1723161502745 697950.5 992000
1723161515164 700770.5 996000
1723161527506 703590.5 1000000
1723161540443 706410.5 1004000
1723161552962 709230.5 1008000
1723161565556 712050.5 1012000
1723161577927 714870.5 1016000
1723161590304 717690.5 1020000
1723161602235 720510.5 1024000
1723161614618 723330.5 1028000
1723161626840 726150.5 1032000
1723161639090 728970.5 1036000
1723161651250 731790.5 1040000
1723161663603 734610.5 1044000
1723161675780 737430.5 1048000
1723161687863 740250.5 1052000
1723161699603 743070.5 1056000
1723161711903 745890.5 1060000
1723161723768 748710.5 1064000
1723161735781 751530.5 1068000
1723161748005 754350.5 1072000
1723161760394 757170.5 1076000
1723161773114 759990.5 1080000
1723161785836 762810.5 1084000
1723161798218 765630.5 1088000
1723161810685 768450.5 1092000
1723161823125 771270.5 1096000
1723161835604 774090.5 1100000
1723161847358 776910.5 1104000
1723161859635 779730.5 1108000
1723161871993 782550.5 1112000
1723161884007 785370.5 1116000
1723161896100 788190.5 1120000
1723161908183 791010.5 1124000
1723161920477 793830.5 1128000
1723161932771 796650.5 1132000
1723161945236 799470.5 1136000
1723161957402 802290.5 1140000
1723161969667 805110.5 1144000
1723161982422 807930.5 1148000
1723161994775 810750.5 1152000
1723162007148 813570.5 1156000
1723162019588 816390.5 1160000
1723162032155 819210.5 1164000
1723162044623 822030.5 1168000
1723162057290 824850.5 1172000
1723162069685 827670.5 1176000
1723162082708 830490.5 1180000
1723162095102 833310.5 1184000
1723162108178 836130.5 1188000
1723162120796 838950.5 1192000
1723162133465 841770.5 1196000
1723162146095 844590.5 1200000
