1723157948731 1.0 4000
1723157966450 1.0 8000
1723157984359 1.0 12000
1723157998306 1.0 16000
1723158011286 1.0 20000
1723158024104 1.0 24000
1723158037046 1.0 28000
1723158050930 1.0 32000
1723158065144 1.0 36000
1723158079154 1.0 40000
1723158093244 1.0 44000
1723158107386 1.0 48000
1723158121454 1.0 52000
1723158135493 1.0 56000
1723158149250 1.0 60000
1723158163295 1.0 64000
1723158177298 1.0 68000
1723158191705 1.0 72000
1723158205849 1.0 76000
1723158220128 1.0 80000
1723158234127 1.0 84000
1723158248259 1.0 88000
1723158262277 1.0 92000
1723158276270 1.0 96000
1723158290142 1.0 100000
1723158304311 1.0 104000
1723158319198 1.0 108000
1723158333669 1.0 112000
1723158348234 1.0 116000
1723158362657 1.0 120000
1723158377131 1.0 124000
1723158392868 1.0 128000
1723158414801 1.0 132000
1723158430091 1.0 136000
1723158444677 1.0 140000
1723158459001 1.0 144000
1723158473395 1.0 148000
1723158487805 1.0 152000
1723158501924 1.0 156000
1723158516167 1.0 160000
1723158530546 1.0 164000
1723158545587 1.0 168000
1723158560315 1.0 172000
1723158575039 1.0 176000
1723158589549 1.0 180000
1723158603502 1.0 184000
1723158617292 1.0 188000
1723158631396 1.0 192000
1723158645201 1.0 196000
1723158658755 1.0 200000
1723158672885 1.0 204000
1723158687431 1.0 208000
1723158701658 1.0 212000
1723158715826 1.0 216000
1723158730288 1.0 220000
1723158744613 1.0 224000
1723158758511 1.0 228000
1723158772799 1.0 232000
1723158786679 1.0 236000
1723158800667 1.0 240000
1723158814626 1.0 244000
1723158829066 1.0 248000
1723158842558 1.0 252000
1723158856414 1.0 256000
1723158870696 1.0 260000
1723158885424 1.0 264000
1723158899363 1.0 268000
1723158913965 1.0 272000
1723158928335 1.0 276000
1723158942301 1.0 280000
1723158955938 1.0 284000
1723158969827 1.0 288000
1723158983848 1.0 292000
1723158997355 1.0 296000
1723159010919 1.0 300000
1723159024493 1.0 304000
1723159041415 1.0 308000
1723159061442 1.0 312000
1723159081142 1.0 316000
1723159096114 1.0 320000
1723159109865 1.0 324000
1723159123397 1.0 328000
1723159137167 1.0 332000
1723159151095 1.0 336000
1723159164712 1.0 340000
1723159178382 1.0 344000
1723159192407 1.0 348000
1723159205705 1.0 352000
1723159218902 1.0 356000
1723159232530 1.0 360000
1723159246786 1.0 364000
1723159260181 1.0 368000
1723159273477 1.0 372000
1723159287078 1.0 376000
1723159301119 1.0 380000
1723159315246 1.0 384000
1723159329055 1.0 388000
1723159343069 1.0 392000
1723159356740 1.0 396000
1723159370517 1.0 400000
1723159384798 1.0 404000
1723159399023 1.0 408000
1723159412482 1.0 412000
1723159431073 1.0 416000
1723159446410 1.0 420000
1723159460597 1.0 424000
1723159474881 1.0 428000
1723159488986 1.0 432000
1723159502439 1.0 436000
1723159515673 1.0 440000
1723159528970 1.0 444000
1723159542651 1.0 448000
1723159556269 1.0 452000
1723159583046 1.0 456000
1723159601100 1.0 460000
1723159618343 1.0 464000
1723159636528 1.0 468000
1723159654284 1.0 472000
1723159674038 1.0 476000
1723159692942 1.0 480000
1723159710332 1.0 484000
1723159724974 1.0 488000
1723159738650 1.0 492000
1723159751938 1.0 496000
1723159765655 1.0 500000
1723159779344 1.0 504000
1723159793075 1.0 508000
1723159806576 1.0 512000
1723159819929 1.0 516000
1723159834696 1.0 520000
1723159848642 1.0 524000
1723159863099 1.0 528000
1723159877381 1.0 532000
1723159891414 1.0 536000
1723159905594 1.0 540000
1723159919848 1.0 544000
1723159934200 1.0 548000
1723159948072 1.0 552000
1723159962188 1.0 556000
1723159976455 1.0 560000
1723159989958 1.0 564000
1723160003573 1.0 568000
1723160017390 1.0 572000
1723160031095 1.0 576000
1723160044806 1.0 580000
1723160063100 1.0 584000
1723160081310 1.0 588000
1723160099169 1.0 592000
1723160117080 1.0 596000
1723160130389 1.0 600000
1723160142910 1.0 604000
1723160155508 1.0 608000
1723160168047 1.0 612000
1723160180808 1.0 616000
1723160194133 1.0 620000
1723160206870 1.0 624000
1723160219808 1.0 628000
1723160232688 1.0 632000
1723160245054 1.0 636000
1723160257914 1.0 640000
1723160274868 1.0 644000
1723160292093 1.0 648000
1723160309429 1.0 652000
1723160326980 1.0 656000
1723160345137 1.0 660000
1723160362691 1.0 664000
1723160376989 1.0 668000
1723160390036 1.0 672000
1723160403521 1.0 676000
1723160424890 1.0 680000
1723160442759 1.0 684000
1723160461017 1.0 688000
1723160479391 1.0 692000
1723160493602 1.0 696000
1723160506774 1.0 700000
1723160523382 1.0 704000
1723160541349 1.0 708000
1723160560180 1.0 712000
1723160578871 1.0 716000
1723160596252 1.0 720000
1723160614258 1.0 724000
1723160635008 1.0 728000
1723160653689 1.0 732000
1723160673001 1.0 736000
1723160687886 1.0 740000
1723160702112 1.0 744000
1723160715702 1.0 748000
1723160729213 1.0 752000
1723160743725 1.0 756000
1723160756876 1.0 760000
1723160770765 1.0 764000
1723160783634 1.0 768000
1723160796250 1.0 772000
1723160808870 1.0 776000
1723160822472 1.0 780000
1723160835277 1.0 784000
1723160848195 1.0 788000
1723160861072 1.0 792000
1723160873939 1.0 796000
1723160887754 1.0 800000
1723160900967 1.0 804000
1723160913984 1.0 808000
1723160926651 1.0 812000
1723160939240 1.0 816000
1723160953174 1.0 820000
1723160970969 1.0 824000
1723160991110 1.0 828000
1723161004976 1.0 832000
1723161018191 1.0 836000
1723161031889 1.0 840000
1723161044407 1.0 844000
1723161057115 1.0 848000
1723161069911 1.0 852000
1723161082618 1.0 856000
1723161095006 1.0 860000
1723161107816 1.0 864000
1723161119832 1.0 868000
1723161132248 1.0 872000
1723161144812 1.0 876000
1723161156964 1.0 880000
1723161169388 1.0 884000
1723161181916 1.0 888000
1723161194390 1.0 892000
1723161206538 1.0 896000
1723161218524 1.0 900000
1723161231056 1.0 904000
1723161243453 1.0 908000
1723161255391 1.0 912000
1723161267628 1.0 916000
1723161279741 1.0 920000
1723161292058 1.0 924000
1723161304032 1.0 928000
1723161316143 1.0 932000
1723161328509 1.0 936000
1723161340658 1.0 940000
1723161353137 1.0 944000
1723161365652 1.0 948000
1723161378411 1.0 952000
1723161391197 1.0 956000
1723161403153 1.0 960000
1723161415517 1.0 964000
1723161428075 1.0 968000
1723161439989 1.0 972000
1723161452557 1.0 976000
1723161464805 1.0 980000
1723161477303 1.0 984000
1723161490031 1.0 988000
1723161502747 1.0 992000
1723161515166 1.0 996000
1723161527508 1.0 1000000
1723161540445 1.0 1004000
1723161552964 1.0 1008000
1723161565558 1.0 1012000
1723161577929 1.0 1016000
1723161590305 1.0 1020000
1723161602237 1.0 1024000
1723161614619 1.0 1028000
1723161626842 1.0 1032000
1723161639092 1.0 1036000
1723161651252 1.0 1040000
1723161663605 1.0 1044000
1723161675781 1.0 1048000
1723161687865 1.0 1052000
1723161699605 1.0 1056000
1723161711905 1.0 1060000
1723161723769 1.0 1064000
1723161735783 1.0 1068000
1723161748006 1.0 1072000
1723161760396 1.0 1076000
1723161773116 1.0 1080000
1723161785838 1.0 1084000
1723161798220 1.0 1088000
1723161810687 1.0 1092000
1723161823127 1.0 1096000
1723161835606 1.0 1100000
1723161847360 1.0 1104000
1723161859637 1.0 1108000
1723161871994 1.0 1112000
1723161884009 1.0 1116000
1723161896102 1.0 1120000
1723161908185 1.0 1124000
1723161920479 1.0 1128000
1723161932773 1.0 1132000
1723161945238 1.0 1136000
1723161957404 1.0 1140000
1723161969669 1.0 1144000
1723161982423 1.0 1148000
1723161994776 1.0 1152000
1723162007150 1.0 1156000
1723162019590 1.0 1160000
1723162032157 1.0 1164000
1723162044625 1.0 1168000
1723162057292 1.0 1172000
1723162069687 1.0 1176000
1723162082709 1.0 1180000
1723162095104 1.0 1184000
1723162108180 1.0 1188000
1723162120798 1.0 1192000
1723162133467 1.0 1196000
1723162146097 1.0 1200000
