1723172544903 0.0 4000
1723172560122 0.0 8000
1723172575127 0.0 12000
1723172590167 0.0 16000
1723172604657 0.0 20000
1723172619007 0.0 24000
1723172633133 0.0 28000
1723172647646 0.0 32000
1723172662292 0.0 36000
1723172675411 0.0 40000
1723172689931 0.0 44000
1723172704090 0.0 48000
1723172718078 0.0 52000
1723172732125 0.0 56000
1723172749591 0.0 60000
1723172763951 0.0 64000
1723172778416 0.0 68000
1723172793056 0.0 72000
1723172807217 0.0 76000
1723172821277 0.0 80000
1723172835255 0.0 84000
1723172849132 0.0 88000
1723172863051 0.0 92000
1723172877205 0.0 96000
1723172891051 0.0 100000
1723172904786 0.0 104000
1723172918037 0.0 108000
1723172932053 0.0 112000
1723172946284 0.0 116000
1723172960187 0.0 120000
1723172974304 0.0 124000
1723172988183 0.0 128000
1723173002116 0.0 132000
1723173016066 0.0 136000
1723173030012 0.0 140000
1723173043974 0.0 144000
1723173057999 0.0 148000
1723173071875 0.0 152000
1723173085801 0.0 156000
1723173099490 0.0 160000
1723173113996 0.0 164000
1723173128518 0.0 168000
1723173142499 0.0 172000
1723173155517 0.0 176000
1723173169565 0.0 180000
1723173183325 0.0 184000
1723173197366 0.0 188000
1723173211529 0.0 192000
1723173225535 0.0 196000
1723173239453 0.0 200000
1723173253039 0.0 204000
1723173266817 0.0 208000
1723173280499 0.0 212000
1723173294170 0.0 216000
1723173307681 0.0 220000
1723173321478 0.0 224000
1723173335092 0.0 228000
1723173348759 0.0 232000
1723173362531 0.0 236000
