1723172544910 0.0 4000
1723172560126 0.0 8000
1723172575133 0.0 12000
1723172590170 0.0 16000
1723172604661 0.0 20000
1723172619011 0.0 24000
1723172633137 0.0 28000
1723172647651 0.0 32000
1723172662296 0.0 36000
1723172675415 0.0 40000
1723172689935 0.0 44000
1723172704094 0.0 48000
1723172718082 0.0 52000
1723172732129 0.0 56000
1723172749596 0.0 60000
1723172763955 0.0 64000
1723172778420 0.0 68000
1723172793060 0.0 72000
1723172807221 0.0 76000
1723172821280 0.0 80000
1723172835259 0.0 84000
1723172849135 0.0 88000
1723172863055 0.0 92000
1723172877209 0.0 96000
1723172891055 0.0 100000
1723172904790 0.0 104000
1723172918040 0.0 108000
1723172932057 0.0 112000
1723172946288 0.0 116000
1723172960191 0.0 120000
1723172974308 0.0 124000
1723172988187 0.0 128000
1723173002119 0.0 132000
1723173016070 0.0 136000
1723173030016 0.0 140000
1723173043979 0.0 144000
1723173058003 0.0 148000
1723173071879 0.0 152000
1723173085805 0.0 156000
1723173099494 0.0 160000
1723173114000 0.0 164000
1723173128522 0.0 168000
1723173142503 0.0 172000
1723173155521 0.0 176000
1723173169569 0.0 180000
1723173183329 0.0 184000
1723173197370 0.0 188000
1723173211532 0.0 192000
1723173225539 0.0 196000
1723173239457 0.0 200000
1723173253043 0.0 204000
1723173266821 0.0 208000
1723173280503 0.0 212000
1723173294175 0.0 216000
1723173307685 0.0 220000
1723173321482 0.0 224000
1723173335097 0.0 228000
1723173348763 0.0 232000
1723173362536 0.0 236000
