1723172544909 1.6014494303270435 4000
1723172560126 1.5851496607699294 8000
1723172575132 1.5706857756097266 12000
1723172590170 1.5467458693693716 16000
1723172604661 1.521236236678793 20000
1723172619010 1.513634370573869 24000
1723172633136 1.5022277670126434 28000
1723172647650 1.4756817066500374 32000
1723172662295 1.439891015215123 36000
1723172675415 1.4345872473209462 40000
1723172689935 1.3914446960104272 44000
1723172704094 1.3718473893530825 48000
1723172718082 1.3380656177693224 52000
1723172732129 1.3145002091184574 56000
1723172749595 1.2972027377879365 60000
1723172763954 1.2691659303844398 64000
1723172778419 1.237467454722587 68000
1723172793060 1.2208776391989795 72000
1723172807220 1.2014114546437635 76000
1723172821280 1.1849336767450291 80000
1723172835259 1.1549551695373887 84000
1723172849135 1.1466338864454986 88000
1723172863054 1.1246174634771144 92000
1723172877208 1.1133367584529499 96000
1723172891054 1.0738676087019292 100000
1723172904789 1.0376857392754115 104000
1723172918040 1.0333929317851438 108000
1723172932056 1.0244264305694728 112000
1723172946288 1.0118566329386218 116000
1723172960191 1.0188918725818608 120000
1723172974308 0.9945659352532515 124000
1723172988187 0.9965720756679562 128000
1723173002119 0.9964046851963017 132000
1723173016070 0.966991685341436 136000
1723173030015 0.9610738531283453 140000
1723173043979 0.9543118920943415 144000
1723173058003 0.9111047073036221 148000
1723173071879 0.8975229563231164 152000
1723173085804 0.8878504194477771 156000
1723173099493 0.9156781265287535 160000
1723173113999 0.87067414839217 164000
1723173128521 0.8784657905287776 168000
1723173142502 0.8406295617632832 172000
1723173155521 0.816666444332887 176000
1723173169568 0.806456790198671 180000
1723173183329 0.810492735276831 184000
1723173197370 0.7693803160325855 188000
1723173211532 0.735200088138276 192000
1723173225539 0.7158757021241154 196000
1723173239457 0.7074902214057056 200000
1723173253042 0.7198555216087518 204000
1723173266820 0.6827223054060699 208000
1723173280503 0.6857852731190675 212000
1723173294174 0.6900487398213528 216000
1723173307684 0.6704928037122632 220000
1723173321481 0.6401389389173359 224000
1723173335096 0.6433633427670662 228000
1723173348763 0.6262474301119223 232000
1723173362535 0.6035013686680625 236000
