1723172544906 -0.006965262159632506 4000
1723172560124 -0.00872628224257843 8000
1723172575131 -0.010127581390504748 12000
1723172590168 -0.009516021252381912 16000
1723172604659 -0.010888946976129573 20000
1723172619009 -0.010602665151112732 24000
1723172633135 -0.01119686901859992 28000
1723172647649 -0.011973663670025727 32000
1723172662294 -0.010580003201542091 36000
1723172675413 -0.01030145961591472 40000
1723172689933 -0.012707182480573839 44000
1723172704092 -0.012278097468768477 48000
1723172718080 -0.011375170011000694 52000
1723172732127 -0.0118329175568767 56000
1723172749594 -0.014399051307565375 60000
1723172763953 -0.011577909311167367 64000
1723172778418 -0.012192971591923571 68000
1723172793058 -0.011548954238107837 72000
1723172807219 -0.01257744626441792 76000
1723172821278 -0.012735607297859875 80000
1723172835257 -0.011637479298193245 84000
1723172849134 -0.013724704817142205 88000
1723172863053 -0.013951620064404998 92000
1723172877207 -0.01565978042905199 96000
1723172891053 -0.013285919783212962 100000
1723172904788 -0.014586677809814751 104000
1723172918039 -0.014138363315129375 108000
1723172932055 -0.014275541839004884 112000
1723172946286 -0.015030419970716016 116000
1723172960189 -0.014426389709280157 120000
1723172974306 -0.015747364305111693 124000
1723172988185 -0.01405234052128035 128000
1723173002118 -0.014541885970781246 132000
1723173016068 -0.01777539070487577 136000
1723173030014 -0.016803104054770625 140000
1723173043977 -0.015977894334892037 144000
1723173058001 -0.016287476598167074 148000
1723173071877 -0.015734632773298427 152000
1723173085802 -0.016938377743428375 156000
1723173099492 -0.01878874592294385 160000
1723173113998 -0.0165455620566937 164000
1723173128520 -0.016339770286733696 168000
1723173142501 -0.01957022064755149 172000
1723173155519 -0.017328950681154788 176000
1723173169567 -0.01845875982887026 180000
1723173183327 -0.017493734790967094 184000
1723173197368 -0.018411969291607697 188000
1723173211530 -0.01949755597542988 192000
1723173225537 -0.019748572318803136 196000
1723173239455 -0.018271349123654333 200000
1723173253041 -0.018881212346243806 204000
1723173266819 -0.018376953199056658 208000
1723173280501 -0.019730427820757297 212000
1723173294172 -0.01901143752676286 216000
1723173307683 -0.02136692543029422 220000
1723173321480 -0.01942647760222065 224000
1723173335094 -0.019438235214184838 228000
1723173348761 -0.020905733378443054 232000
1723173362534 -0.018262611244349403 236000
