1723172544906 0.7119769642539058 4000
1723172560124 1.442982615963787 8000
1723172575130 1.5393205266895023 12000
1723172590168 1.3898700237485533 16000
1723172604659 2.0160739389294426 20000
1723172619008 1.6911799780020478 24000
1723172633134 1.9881430612388231 28000
1723172647648 2.225349014828391 32000
1723172662293 2.208704932319357 36000
1723172675413 2.7838979764610317 40000
1723172689933 2.5544876265610363 44000
1723172704092 2.596989468479833 48000
1723172718080 2.384983147754737 52000
1723172732127 2.872203321533 56000
1723172749593 2.5245347191678715 60000
1723172763952 2.4524030733615794 64000
1723172778417 2.929245373839182 68000
1723172793058 3.1372448189038757 72000
1723172807218 3.231715195398804 76000
1723172821278 2.7414210701242405 80000
1723172835257 2.4570476257209237 84000
1723172849133 3.038030830384992 88000
1723172863053 3.1152792247474617 92000
1723172877206 3.206248465497443 96000
1723172891052 3.0031353811845714 100000
1723172904787 3.8093882720521157 104000
1723172918038 2.5247557568211927 108000
1723172932054 3.539573656244481 112000
1723172946286 3.4488497271605416 116000
1723172960189 3.917214568794196 120000
1723172974306 2.9302899180997346 124000
1723172988185 3.2619146253200286 128000
1723173002117 3.2095810693206515 132000
1723173016068 3.57868866463925 136000
1723173030013 3.1420999141449624 140000
1723173043977 3.477984918601124 144000
1723173058001 3.4824836901739133 148000
1723173071877 3.562910592471454 152000
1723173085802 3.539913036129999 156000
1723173099492 3.635085173278836 160000
1723173113997 3.564796885953727 164000
1723173128520 3.7450303076006843 168000
1723173142501 3.7916796773038013 172000
1723173155519 4.246881991075286 176000
1723173169566 3.693177725068221 180000
1723173183327 3.8814718761342637 184000
1723173197368 3.467943955144138 188000
1723173211530 3.9795394434151072 192000
1723173225537 4.043323431539197 196000
1723173239454 4.398314745121814 200000
1723173253040 3.5501758736076083 204000
1723173266818 4.58774361238412 208000
1723173280501 3.8037079277613484 212000
1723173294172 3.919667226879309 216000
1723173307682 3.929532294324104 220000
1723173321480 4.043791701776762 224000
1723173335094 4.266429409913138 228000
1723173348761 3.9678863080680795 232000
1723173362533 3.8751471624306753 236000
