1723147967109 0.0 4000
1723147979831 0.0 8000
1723147994322 0.0 12000
1723148013946 0.0 16000
1723148031054 0.0 20000
1723148046232 0.0 24000
1723148059796 0.0 28000
1723148071898 0.0 32000
1723148084715 0.0 36000
1723148097960 0.0 40000
1723148111831 0.0 44000
1723148124199 0.0 48000
1723148142624 0.0 52000
1723148155855 0.0 56000
1723148169099 0.0 60000
1723148181749 0.0 64000
1723148194578 0.0 68000
1723148209398 0.0 72000
1723148227436 0.0 76000
1723148243845 0.0 80000
1723148256650 0.0 84000
1723148271471 0.0 88000
1723148289396 0.0 92000
1723148307017 0.0 96000
1723148319619 0.0 100000
1723148331189 0.0 104000
1723148345226 0.0 108000
1723148365672 0.0 112000
1723148379142 0.0 116000
1723148392506 0.0 120000
1723148406273 0.0 124000
1723148418863 0.0 128000
1723148431907 0.0 132000
1723148444631 0.0 136000
1723148457891 0.0 140000
1723148470812 0.0 144000
1723148488487 0.0 148000
1723148501558 0.0 152000
1723148514674 0.0 156000
1723148529263 0.0 160000
1723148542139 0.0 164000
1723148554974 0.0 168000
1723148567378 0.0 172000
1723148583191 0.0 176000
1723148596466 0.0 180000
1723148610350 0.0 184000
1723148622765 0.0 188000
1723148636038 0.0 192000
1723148651227 0.0 196000
1723148665394 0.0 200000
1723148677461 0.0 204000
1723148689096 0.0 208000
1723148707242 0.0 212000
1723148723866 0.0 216000
1723148740379 0.0 220000
1723148756456 0.0 224000
1723148772487 0.0 228000
1723148789315 0.0 232000
1723148808663 0.0 236000
1723148823946 0.0 240000
1723148835918 0.0 244000
1723148848836 0.0 248000
1723148865049 0.0 252000
1723148884079 0.0 256000
1723148904706 0.0 260000
1723148916596 0.0 264000
1723148928560 0.0 268000
1723148940716 0.0 272000
1723148952395 0.0 276000
1723148963996 0.0 280000
1723148977287 0.0 284000
1723148988975 0.0 288000
1723149002171 0.0 292000
1723149014655 0.0 296000
1723149025918 0.0 300000
1723149037295 0.0 304000
1723149049591 0.0 308000
1723149067536 0.0 312000
1723149084200 0.0 316000
1723149103794 0.0 320000
1723149117471 0.0 324000
1723149131891 0.0 328000
1723149150978 0.0 332000
1723149166425 0.0 336000
1723149183032 0.0 340000
1723149199364 0.0 344000
1723149215909 0.0 348000
1723149234159 0.0 352000
1723149247244 0.0 356000
1723149259558 0.0 360000
1723149271973 0.0 364000
1723149283824 0.0 368000
1723149295711 0.0 372000
1723149307892 0.0 376000
1723149320438 0.0 380000
1723149332529 0.0 384000
1723149344623 0.0 388000
1723149356961 0.0 392000
1723149369065 0.0 396000
1723149380516 0.0 400000
1723149392327 0.0 404000
1723149403817 0.0 408000
1723149415326 0.0 412000
1723149427134 0.0 416000
1723149446047 0.0 420000
1723149459039 0.0 424000
1723149470543 0.0 428000
1723149481975 0.0 432000
1723149493713 0.0 436000
1723149505927 0.0 440000
1723149518246 0.0 444000
1723149529926 0.0 448000
1723149541622 0.0 452000
1723149552995 0.0 456000
1723149564543 0.0 460000
1723149576764 0.0 464000
1723149588390 0.0 468000
1723149599688 0.0 472000
1723149611058 0.0 476000
1723149622440 0.0 480000
1723149633600 0.0 484000
1723149645002 0.0 488000
1723149656070 0.0 492000
1723149667639 0.0 496000
1723149679020 0.0 500000
1723149690374 0.0 504000
1723149701707 0.0 508000
1723149713001 0.0 512000
1723149724377 0.0 516000
1723149735806 0.0 520000
1723149747290 0.0 524000
1723149759222 0.0 528000
1723149770860 0.0 532000
1723149782175 0.0 536000
1723149793488 0.0 540000
1723149804481 0.0 544000
1723149815917 0.0 548000
1723149826986 0.0 552000
1723149838279 0.0 556000
1723149850122 0.0 560000
1723149861300 0.0 564000
1723149872998 0.0 568000
1723149884365 0.0 572000
1723149895723 0.0 576000
1723149906931 0.0 580000
1723149918462 0.0 584000
1723149929878 0.0 588000
1723149941583 0.0 592000
1723149953005 0.0 596000
1723149964858 0.0 600000
1723149976124 0.0 604000
1723149987537 0.0 608000
1723149999073 0.0 612000
1723150010288 0.0 616000
1723150021645 0.0 620000
1723150032938 0.0 624000
1723150044399 0.0 628000
1723150055838 0.0 632000
1723150067229 0.0 636000
1723150078869 0.0 640000
1723150090652 0.0 644000
1723150101976 0.0 648000
1723150113499 0.0 652000
1723150124840 0.0 656000
1723150136272 0.0 660000
1723150147535 0.0 664000
1723150158515 0.0 668000
1723150169722 0.0 672000
1723150180992 0.0 676000
1723150192327 0.0 680000
1723150203423 0.0 684000
1723150214430 0.0 688000
1723150225906 0.0 692000
1723150237267 0.0 696000
1723150249187 0.0 700000
1723150260667 0.0 704000
1723150272139 0.0 708000
1723150283665 0.0 712000
1723150295550 0.0 716000
1723150306753 0.0 720000
1723150319461 0.0 724000
1723150330857 0.0 728000
1723150342167 0.0 732000
1723150353458 0.0 736000
1723150365044 0.0 740000
1723150376356 0.0 744000
1723150387710 0.0 748000
1723150399150 0.0 752000
1723150410875 0.0 756000
1723150422333 0.0 760000
1723150433810 0.0 764000
1723150445049 0.0 768000
1723150456480 0.0 772000
1723150467483 0.0 776000
1723150479407 0.0 780000
1723150490819 0.0 784000
1723150505653 0.0 788000
1723150524394 0.0 792000
1723150543351 0.0 796000
1723150557346 0.0 800000
