1723217327565 0.25013119735953115 4000
1723217342795 0.24494355857897282 8000
1723217358140 0.24895555335151162 12000
1723217373455 0.24648936876584973 16000
1723217388886 0.24467631759424796 20000
1723217404283 0.24179164118915625 24000
1723217419649 0.2403059011147914 28000
1723217434861 0.2385366132305602 32000
1723217450222 0.23721049392361523 36000
1723217465794 0.23725680785239076 40000
1723217481299 0.23686039901473283 44000
1723217496660 0.23601622366035296 48000
1723217512001 0.23535134208119768 52000
1723217527280 0.2350469741259766 56000
1723217542584 0.23463116440627738 60000
1723217557860 0.23450743599397908 64000
1723217573158 0.23386886427908296 68000
1723217588790 0.23352503089046306 72000
1723217604184 0.23338712123050742 76000
1723217621372 0.23339228370845017 80000
1723217639494 0.23318532543538353 84000
1723217657393 0.23317381315373853 88000
1723217674771 0.23291944728256714 92000
1723217691922 0.23295323915844482 96000
1723217709658 0.23305996267440032 100000
1723217727093 0.233226793694594 104000
1723217744563 0.23335203251826836 108000
1723217762431 0.23312612633497642 112000
1723217780517 0.23345596521750855 116000
1723217799557 0.23398056421291724 120000
1723217817304 0.23392435316379231 124000
1723217834921 0.23369454694860353 128000
1723217852499 0.23348649704240468 132000
1723217869883 0.23367254460261364 136000
1723217887178 0.23355355161156893 140000
1723217904179 0.23349840194952926 144000
1723217920809 0.23352587794034055 148000
1723217937831 0.2335744237543347 152000
1723217954885 0.23329055122364536 156000
1723217972276 0.23312741918316787 160000
1723217989583 0.23278379959033 164000
1723218006918 0.2540079399550001 168000
1723218024237 0.253478308766406 172000
1723218041548 0.25291899658560607 176000
1723218059844 0.25223129447627995 180000
1723218077314 0.2515983860317495 184000
1723218094191 0.2510107068046456 188000
1723218111976 0.25043571710149165 192000
1723218129550 0.25019923039544195 196000
1723218147176 0.24985334337900875 200000
1723218164007 0.2493611325331636 204000
1723218181104 0.249091478635718 208000
1723218197932 0.2488433009278754 212000
1723218216471 0.24977519384376207 216000
1723218233524 0.24973067803137228 220000
1723218250413 0.24932823691375955 224000
1723218267507 0.24898234837151628 228000
1723218284808 0.2485323771636535 232000
1723218301900 0.2483272408304682 236000
1723218318857 0.24788728724806272 240000
1723218335886 0.24762914652826348 244000
1723218352792 0.24734728235309986 248000
1723218370107 0.2471401602053673 252000
1723218386499 0.24682162707098165 256000
1723218403190 0.2464846524789977 260000
1723218420296 0.2462451280822679 264000
1723218437921 0.24614813421446619 268000
1723218455421 0.24602537390818152 272000
1723218474296 0.24591719625971828 276000
1723218491411 0.24571528725639435 280000
1723218508593 0.2454680164001418 284000
1723218525599 0.24520481146794781 288000
1723218541973 0.24489272769209042 292000
1723218559307 0.2445964019997353 296000
1723218576503 0.24432036219891257 300000
1723218594961 0.24432142799571782 304000
1723218611856 0.24406629493451995 308000
1723218629111 0.2437260934142922 312000
1723218645678 0.24347610143227347 316000
1723218663009 0.243261593511662 320000
1723218679992 0.24316326345016176 324000
1723218696916 0.24289379542514514 328000
1723218821480 0.24272058245506067 332000
1723218838837 0.2426539137636141 336000
1723218855754 0.2424977849615949 340000
1723218872788 0.24228601550283965 344000
1723218891856 0.2445868183203694 348000
1723218908452 0.2444224950839144 352000
1723218925013 0.24416433514002656 356000
1723218941376 0.24392036936520178 360000
1723218958383 0.24380314666821282 364000
1723218975180 0.2436455334543108 368000
1723218998693 0.2435704419034105 372000
1723219018701 0.2443962047335484 376000
1723219035862 0.24422189722745744 380000
1723219052727 0.24412641779976993 384000
1723219071155 0.2455112656860493 388000
1723219088044 0.24534445359068002 392000
1723219104687 0.24515530098266058 396000
1723219121683 0.24501006345471252 400000
1723219138523 0.2448708260208235 404000
1723219155892 0.24475902291013427 408000
1723219173111 0.24470416357198807 412000
1723219190778 0.2447211379088437 416000
1723219208253 0.244971407996297 420000
1723219225489 0.24482995195714075 424000
1723219241874 0.24474310073370809 428000
1723219258177 0.24459135893341843 432000
1723219274827 0.24443971061470327 436000
1723219290884 0.24422073454042598 440000
1723219307034 0.2440112313029627 444000
1723219322786 0.24385424853255305 448000
1723219339927 0.24369199833364447 452000
1723219358146 0.24394207009696925 456000
1723219375664 0.24384499350342045 460000
1723219392185 0.24367783383841193 464000
1723219408729 0.24358098398274247 468000
1723219425224 0.24345881009335366 472000
1723219442570 0.24438113714868637 476000
1723219458942 0.24424717343015362 480000
1723219475703 0.24413472734042543 484000
1723219492470 0.24397754354932327 488000
1723219509084 0.24382865105654467 492000
1723219525712 0.2437100914368335 496000
1723219541971 0.24355378818870696 500000
1723219558369 0.24343082553825254 504000
1723219574771 0.24328905736957607 508000
1723219591119 0.2432241999180292 512000
1723219606531 0.24317772234926202 516000
1723219622879 0.24304398328816396 520000
1723219640254 0.24322750424980613 524000
1723219657037 0.24315550590184778 528000
1723219673979 0.2430536235807167 532000
1723219690225 0.24292712360885857 536000
1723219706426 0.2428946019159119 540000
1723219722699 0.2428114223545617 544000
1723219739211 0.24272001031631776 548000
1723219757221 0.2426255526818123 552000
1723219774093 0.24251937178163502 556000
1723219791184 0.24468725795993054 560000
1723219807927 0.24450559682987758 564000
1723219825331 0.24455489586572057 568000
1723219842243 0.2444658790547707 572000
1723219858715 0.24439610430425235 576000
1723219876161 0.2442939817068304 580000
1723219891620 0.24420796415113954 584000
1723219907257 0.24412307187844984 588000
1723219923043 0.2440368609040202 592000
1723219939772 0.2439060672754912 596000
1723219956237 0.24385068652252048 600000
1723219972268 0.2437758302186113 604000
1723219988225 0.24368489061759513 608000
1723220004940 0.24361275716442374 612000
1723220021162 0.24354871984645476 616000
1723220037544 0.24351494206150795 620000
1723220054771 0.24455032941249027 624000
1723220071797 0.24456099016744132 628000
1723220088587 0.24451291128198643 632000
1723220104888 0.24454394461513027 636000
1723220121230 0.2444599022069954 640000
1723220137554 0.2443767484625769 644000
1723220153535 0.24440460348620816 648000
1723220169623 0.24431481693639268 652000
1723220186505 0.2442507573489258 656000
1723220202896 0.24417314318777855 660000
1723220219317 0.24409156767418783 664000
1723220235625 0.244155900641616 668000
1723220252356 0.24403120535937914 672000
1723220268722 0.2439733394634834 676000
1723220285418 0.24391381086837496 680000
1723220302200 0.24394727971599242 684000
1723220318739 0.24390641914505817 688000
1723220335552 0.24498745358821752 692000
1723220351666 0.24494598021972844 696000
1723220368059 0.24482375780183172 700000
1723220383938 0.2447643867457858 704000
1723220400062 0.244816801115563 708000
1723220416025 0.24470254615931472 712000
1723220432920 0.2446124503079685 716000
1723220448620 0.24460520823220389 720000
1723220465034 0.2445072424890694 724000
1723220481697 0.24451559574590256 728000
1723220498803 0.24449518004745788 732000
1723220515581 0.2444738476206867 736000
1723220532051 0.24439115175816575 740000
1723220548737 0.24433484858258306 744000
1723220565226 0.24437687599499816 748000
1723220581696 0.24440440861942278 752000
1723220598545 0.2459838842798641 756000
1723220614726 0.24592783001083693 760000
1723220629428 0.2457390403095954 764000
1723220643201 0.24577630666993258 768000
1723220657087 0.24554111768224463 772000
1723220671611 0.24539617168116698 776000
1723220686055 0.24549259536102655 780000
1723220700281 0.24534455309634418 784000
1723220714281 0.2451877787168717 788000
1723220728705 0.2450316855555046 792000
1723220742916 0.2448937326545695 796000
1723220756688 0.2447502651086062 800000
1723220770474 0.24470927767453057 804000
1723220784582 0.24458037031633156 808000
1723220798606 0.24446066163977626 812000
1723220812484 0.24433658856223056 816000
1723220826197 0.244296304902287 820000
1723220839949 0.24398798776538178 824000
1723220859531 0.24396825444064926 828000
1723220874383 0.24398789296598533 832000
1723220888617 0.24396408987867352 836000
1723220902325 0.24372576165300988 840000
1723220916563 0.2435925999304286 844000
1723220930656 0.24355320790220528 848000
1723220944177 0.24349368324311058 852000
1723220958345 0.2433011185031605 856000
1723220972378 0.24319301027199347 860000
1723220986739 0.243007139095738 864000
1723221000995 0.24305395515624917 868000
1723221015018 0.24283551924041336 872000
1723221029253 0.24273096452030582 876000
1723221043457 0.24260976140539595 880000
1723221057388 0.24249192903249098 884000
1723221071247 0.24237748975180062 888000
1723221085126 0.24226052505866127 892000
1723221099269 0.24213541715708045 896000
1723221113366 0.24204031998367315 900000
1723221127192 0.24195425831481163 904000
1723221141279 0.24187975766414838 908000
1723221156005 0.24179618919311732 912000
1723221169924 0.24177340717484774 916000
1723221184355 0.24182870599301 920000
1723221198443 0.24164935855945355 924000
1723221212370 0.24159134615156924 928000
1723221226487 0.2414881259682317 932000
1723221240314 0.24148189448803953 936000
1723221253975 0.24130171003230028 940000
1723221268507 0.24113467875992045 944000
1723221282656 0.24112818858690868 948000
1723221297308 0.24116316853565076 952000
1723221311373 0.24099853758993642 956000
1723221326016 0.24089909662221054 960000
1723221340180 0.24075430497519448 964000
1723221354071 0.24079424138114316 968000
1723221368498 0.2406116297738155 972000
1723221382797 0.2405071111720606 976000
1723221396742 0.240475717571223 980000
1723221410831 0.24038937492422008 984000
1723221425041 0.2403021628853655 988000
1723221438969 0.24021616148046718 992000
1723221453628 0.24014046210189363 996000
1723221467805 0.24006375928026033 1000000
1723221482021 0.23994616131444418 1004000
1723221496479 0.23987487376273484 1008000
1723221510564 0.2397892083581469 1012000
1723221524041 0.23968756107443698 1016000
1723221538507 0.23967205716842901 1020000
1723221552780 0.23946759966390366 1024000
1723221567156 0.23947402148809505 1028000
1723221581276 0.23938517956545108 1032000
1723221594951 0.23935422324386008 1036000
1723221609162 0.23920425080251526 1040000
1723221623268 0.23905141735317595 1044000
1723221637170 0.23903672242647517 1048000
1723221651257 0.23903013960848768 1052000
1723221665190 0.2388778316718448 1056000
1723221678997 0.23880442054489562 1060000
1723221693550 0.2386767231699252 1064000
1723221707852 0.23874423065995726 1068000
1723221722202 0.23862249622676177 1072000
1723221736172 0.2385543004981344 1076000
1723221750481 0.23847859514246075 1080000
1723221764040 0.23841065776210266 1084000
1723221777865 0.23834711966131883 1088000
1723221791822 0.23827350179936782 1092000
1723221805757 0.23819792426274014 1096000
1723221820296 0.23810378682397126 1100000
1723221834531 0.23802190324024686 1104000
1723221848869 0.23796716918465752 1108000
1723221863427 0.23788188642871363 1112000
1723221877027 0.23782486012792503 1116000
1723221890180 0.23782173896931436 1120000
1723221903740 0.23761789819986862 1124000
1723221917632 0.23759180662849533 1128000
1723221930931 0.23754324976940644 1132000
1723221944587 0.23753495621924436 1136000
1723221958152 0.23741564121953473 1140000
1723221971640 0.23728738195547827 1144000
1723221986480 0.23729071671574264 1148000
1723221999815 0.23728891156855114 1152000
1723222013451 0.23715169434030453 1156000
1723222026893 0.23708094082558548 1160000
1723222040526 0.23696541423233264 1164000
1723222054938 0.237021907115765 1168000
1723222068799 0.23689100111854539 1172000
1723222082718 0.23682421253451014 1176000
1723222096598 0.23684406819382758 1180000
1723222110826 0.23677493465635985 1184000
1723222123930 0.23672715884372278 1188000
1723222136925 0.23667038146992658 1192000
1723222149440 0.23661697184895233 1196000
1723222162209 0.23655444909707873 1200000
1723222175314 0.23651994099664486 1204000
1723222188806 0.2364408994873907 1208000
1723222202278 0.23638170327169675 1212000
1723222215278 0.23633293166191507 1216000
1723222228996 0.23634653259257948 1220000
1723222242167 0.23617278912033354 1224000
1723222255193 0.2361614149151512 1228000
1723222268354 0.23609934442538927 1232000
1723222281537 0.2361177801654893 1236000
1723222295292 0.23603119540003673 1240000
1723222308808 0.23595673012641907 1244000
1723222322495 0.23596824088574248 1248000
1723222335248 0.23594824350886082 1252000
1723222348673 0.23581604093915837 1256000
1723222361260 0.23573709661790998 1260000
1723222374135 0.23560859965189418 1264000
1723222386839 0.23568558743256152 1268000
1723222399971 0.23558388639555752 1272000
1723222413331 0.23556080257915096 1276000
1723222426990 0.23551749395947172 1280000
1723222440316 0.2354732917486549 1284000
1723222453884 0.2354270693968186 1288000
1723222467651 0.2353770849417937 1292000
1723222480649 0.23532896844827828 1296000
1723222494030 0.23528965932620163 1300000
1723222507113 0.2352365117259926 1304000
1723222520168 0.2351943662419946 1308000
1723222533955 0.23516210686974148 1312000
1723222547153 0.2351186948700382 1316000
1723222560686 0.2351189594128725 1320000
1723222574237 0.23497684712179098 1324000
1723222587860 0.23499146208270374 1328000
1723222601041 0.234954333557357 1332000
1723222614095 0.23493841757823836 1336000
1723222627205 0.23481734557115944 1340000
1723222639819 0.2352967554203503 1344000
1723222654042 0.23634019408844342 1348000
1723222667015 0.23633625041305872 1352000
1723222680566 0.23624864560808173 1356000
1723222694110 0.2361873016922518 1360000
1723222707166 0.23608271396515096 1364000
1723222720656 0.23612179520696297 1368000
1723222733950 0.23601140957689637 1372000
1723222747202 0.23594429415321175 1376000
1723222760473 0.2358653426690974 1380000
1723222773984 0.23581182072316217 1384000
1723222787451 0.235761953697013 1388000
1723222800625 0.23571626380941937 1392000
1723222813824 0.23566343498639894 1396000
1723222828091 0.23562373252743105 1400000
1723222841806 0.23560715182850123 1404000
1723222855123 0.23557450450118328 1408000
1723222868609 0.2355391367848323 1412000
1723222882020 0.23549054777669037 1416000
1723222895789 0.23550754294560378 1420000
1723222908857 0.2353915504622887 1424000
1723222922305 0.23539086674156903 1428000
1723222935961 0.2353397423217896 1432000
1723222949687 0.23534382325941963 1436000
1723222963267 0.23525924636151477 1440000
1723222976463 0.23518871144674852 1444000
1723222990390 0.23519291237100354 1448000
1723223003774 0.2351867605136541 1452000
1723223017043 0.23510248149450222 1456000
1723223030125 0.2350679408091335 1460000
1723223042804 0.234990211603726 1464000
1723223056191 0.2350265337426448 1468000
1723223070099 0.2349515761394613 1472000
1723223083756 0.2349260908952387 1476000
1723223097268 0.23488974678855032 1480000
1723223110384 0.23486759176072447 1484000
1723223124801 0.234832462632867 1488000
1723223138698 0.23477825545059375 1492000
1723223152265 0.2347612747886295 1496000
1723223166367 0.23472395538922017 1500000
1723223179644 0.2346913564895677 1504000
1723223193436 0.2346573829218356 1508000
1723223206798 0.23462032884246298 1512000
1723223219865 0.2345887136310492 1516000
1723223233020 0.2346033397415206 1520000
1723223246603 0.23450405049001144 1524000
1723223259846 0.23450477925553384 1528000
1723223273377 0.23446970858533703 1532000
1723223286849 0.23446338760563892 1536000
1723223300850 0.2344001735325771 1540000
1723223314105 0.2343093426346415 1544000
1723223327352 0.23430701243949043 1548000
1723223340678 0.234316452128445 1552000
1723223354172 0.23424243143118675 1556000
1723223367641 0.23421059111934783 1560000
1723223380799 0.23414645067284712 1564000
1723223393725 0.23416769080035768 1568000
1723223407246 0.23409362839150827 1572000
1723223420674 0.23404862666623688 1576000
1723223434322 0.2340179076201808 1580000
1723223447439 0.2339884381975924 1584000
1723223460631 0.23396216555884897 1588000
1723223473959 0.233919565355526 1592000
1723223488004 0.233901995978058 1596000
1723223501145 0.23387269468597802 1600000
1723223514374 0.23383943129984808 1604000
1723223527899 0.2338096945850313 1608000
1723224062016 0.2337847566005664 1612000
1723224075866 0.23383463286469955 1616000
1723224088984 0.23383032580895038 1620000
1723224102281 0.2337143567458276 1624000
1723224274565 0.23370314443198767 1628000
1723224291368 0.23377756566535238 1632000
1723224305084 0.233785095928795 1636000
1723224319988 0.2337237450148383 1640000
1723224333012 0.23363666553827145 1644000
1723224345837 0.23360849042624587 1648000
1723224359062 0.2335866165564058 1652000
1723224372721 0.23348114376246448 1656000
1723224386795 0.2334232821084433 1660000
1723224418227 0.2333552657009058 1664000
1723224438101 0.2334585732238628 1668000
1723224844411 0.23342031314517214 1672000
1723224857844 0.23336255817121287 1676000
1723224870253 0.23329509014870659 1680000
1723225074292 0.23322004623297748 1684000
1723225091741 0.23336056838684333 1688000
1723225104983 0.2333014069540212 1692000
1723225148483 0.23324642292517825 1696000
1723225161631 0.23318450986835948 1700000
1723225174402 0.23315026986242948 1704000
1723225187307 0.23307949917735837 1708000
1723225259232 0.2330142080606477 1712000
1723225271477 0.23293986233918915 1716000
1723225283924 0.2328864397590643 1720000
1723225296466 0.23273743708902198 1724000
1723226306043 0.2326950074566497 1728000
1723226318451 0.23261519981693604 1732000
1723226331232 0.2325662248187465 1736000
1723226344124 0.23245807959939235 1740000
1723226356767 0.2323520952555996 1744000
1723226369059 0.23230745524107205 1748000
1723226382122 0.2332818716463451 1752000
1723226394391 0.23314241917899153 1756000
1723226406882 0.2330504200812773 1760000
1723226419379 0.23289442212638228 1764000
1723226431800 0.23292043038052943 1768000
1723226444219 0.23280419214370754 1772000
1723226456621 0.23272262475866293 1776000
1723226468924 0.2326407530510738 1780000
1723226481691 0.2325281231801194 1784000
1723226493747 0.2324496394016068 1788000
1723226506077 0.23236952464265126 1792000
1723226518692 0.23228533965009154 1796000
1723226530832 0.2322009289013632 1800000
1723226543148 0.2321208641142396 1804000
1723226555694 0.23206289668589636 1808000
1723226568073 0.23197630088193227 1812000
1723226580443 0.2318980120789698 1816000
1723226592818 0.23187521491677987 1820000
1723226604821 0.23169312432894992 1824000
1723226617060 0.23167612699812468 1828000
1723226629678 0.23158913995999983 1832000
1723226642280 0.2315729051335397 1836000
1723226654416 0.2314415546513802 1840000
1723226666743 0.2313006956577207 1844000
1723226678963 0.23128224859724295 1848000
1723226691379 0.23125482407968662 1852000
1723226703718 0.2311225706041472 1856000
1723226715807 0.23104898648648797 1860000
1723226728472 0.23092295802734278 1864000
1723226740799 0.230959081280016 1868000
1723226753250 0.23081775913173014 1872000
1723226765508 0.23074256566351656 1876000
1723226777537 0.23067160291637778 1880000
1723226789649 0.23058721979704266 1884000
1723226801859 0.23051396433059546 1888000
1723226814070 0.2304393220836192 1892000
1723226826218 0.2303681550699335 1896000
1723226838946 0.23046703400592017 1900000
1723226851111 0.23038435435429144 1904000
1723226863405 0.23030104394233064 1908000
1723226875634 0.2302303424429896 1912000
1723226887623 0.23016148970455447 1916000
1723226899789 0.2301434125947138 1920000
1723226911451 0.2299615427426445 1924000
1723226923235 0.22994349492111135 1928000
1723226935316 0.22991121640032292 1932000
1723226948562 0.23015392226392342 1936000
1723226965105 0.23092720961672403 1940000
1723226981411 0.23184949994080442 1944000
1723226999854 0.23288725531448945 1948000
1723227017802 0.23417731411684203 1952000
1723227035390 0.23508819359755803 1956000
1723227053303 0.23620198436319198 1960000
1723227071381 0.2372684363450555 1964000
1723227089407 0.23841974977372415 1968000
1723227106775 0.23931134771179696 1972000
1723227123653 0.24018580105961587 1976000
1723227139168 0.24097530783843243 1980000
1723227155083 0.24174873391373858 1984000
1723227170258 0.24249066915213957 1988000
1723227185233 0.24324585804347248 1992000
1723227203128 0.24393479354292974 1996000
1723227218942 0.24478374295817174 2000000
