1723235371655 1.0 4000
1723235378928 1.0 8000
1723235386256 1.0 12000
1723235393501 1.0 16000
1723235401586 1.0 20000
1723235409717 1.0 24000
1723235417445 1.0 28000
1723235425114 1.0 32000
1723235432810 1.0 36000
1723235440410 1.0 40000
1723235447967 1.0 44000
1723235455377 1.0 48000
1723235463678 1.0 52000
1723235472482 1.0 56000
1723235480508 1.0 60000
1723235488365 1.0 64000
1723235496395 1.0 68000
1723235504181 1.0 72000
1723235511852 1.0 76000
1723235519496 1.0 80000
1723235527146 1.0 84000
1723235535247 1.0 88000
1723235543159 1.0 92000
1723235550875 1.0 96000
1723235558563 1.0 100000
1723235566508 1.0 104000
1723235574137 1.0 108000
1723235581762 1.0 112000
1723235589253 1.0 116000
1723235597028 1.0 120000
1723235604810 1.0 124000
1723235612443 1.0 128000
1723235620022 1.0 132000
1723235627491 1.0 136000
1723235635044 1.0 140000
1723235642601 1.0 144000
1723235649995 1.0 148000
1723235658157 1.0 152000
1723235665657 1.0 156000
1723235673113 1.0 160000
1723235680591 1.0 164000
1723235688328 1.0 168000
1723235696268 1.0 172000
1723235704175 1.0 176000
1723235712328 1.0 180000
1723235720694 1.0 184000
1723235728516 1.0 188000
1723235736323 1.0 192000
1723235745104 1.0 196000
1723235753672 1.0 200000
1723235761916 1.0 204000
1723235770809 1.0 208000
1723235779618 1.0 212000
1723235787725 1.0 216000
1723235795545 1.0 220000
1723235803406 1.0 224000
1723235811878 1.0 228000
1723235819873 1.0 232000
1723235828098 1.0 236000
1723235837189 1.0 240000
1723235846439 1.0 244000
1723235854669 1.0 248000
1723235862687 1.0 252000
1723235871606 1.0 256000
1723235879807 1.0 260000
1723235887675 1.0 264000
1723235895448 1.0 268000
1723235903244 1.0 272000
1723235910874 1.0 276000
1723235918390 1.0 280000
1723235925822 1.0 284000
1723235933346 1.0 288000
1723235940801 1.0 292000
1723235948493 1.0 296000
1723235956701 1.0 300000
1723235964332 1.0 304000
1723235971891 1.0 308000
1723235979266 1.0 312000
1723235986649 1.0 316000
1723235994149 1.0 320000
1723236001696 1.0 324000
1723236009528 1.0 328000
1723236017779 1.0 332000
1723236025221 1.0 336000
1723236032678 1.0 340000
1723236039847 1.0 344000
1723236047285 1.0 348000
1723236054634 1.0 352000
1723236062033 1.0 356000
1723236069576 1.0 360000
1723236077507 1.0 364000
1723236085038 1.0 368000
1723236092470 1.0 372000
1723236099651 1.0 376000
1723236107173 1.0 380000
1723236114616 1.0 384000
1723236122011 1.0 388000
1723236129395 1.0 392000
1723236137543 1.0 396000
1723236145314 1.0 400000
1723236153313 1.0 404000
1723236160696 1.0 408000
1723236168467 1.0 412000
1723236175891 1.0 416000
1723236183220 1.0 420000
1723236190717 1.0 424000
1723236199057 1.0 428000
1723236207013 1.0 432000
1723236214520 1.0 436000
1723236221926 1.0 440000
1723236229336 1.0 444000
1723236237235 1.0 448000
1723236244783 1.0 452000
1723236252160 1.0 456000
1723236259978 1.0 460000
1723236267707 1.0 464000
1723236275127 1.0 468000
1723236282688 1.0 472000
1723236290643 1.0 476000
1723236298115 1.0 480000
1723236305552 1.0 484000
1723236313028 1.0 488000
1723236320560 1.0 492000
1723236328063 1.0 496000
1723236335533 1.0 500000
1723236342864 1.0 504000
1723236350207 1.0 508000
1723236357628 1.0 512000
1723236365115 1.0 516000
1723236372301 1.0 520000
1723236380404 1.0 524000
1723236387832 1.0 528000
1723236395168 1.0 532000
1723236402660 1.0 536000
1723236409892 1.0 540000
1723236417388 1.0 544000
1723236424774 1.0 548000
1723236432168 1.0 552000
1723236440461 1.0 556000
1723236448132 1.0 560000
1723236455533 1.0 564000
1723236462904 1.0 568000
1723236470407 1.0 572000
1723236477763 1.0 576000
1723236485192 1.0 580000
1723236492700 1.0 584000
1723236501159 1.0 588000
1723236509215 1.0 592000
1723236516794 1.0 596000
1723236524804 1.0 600000
1723236532709 1.0 604000
1723236540370 1.0 608000
1723236548004 1.0 612000
1723236555551 1.0 616000
1723236563378 1.0 620000
1723236571087 1.0 624000
1723236579076 1.0 628000
1723236587244 1.0 632000
1723236595889 1.0 636000
1723236606222 1.0 640000
1723236614518 1.0 644000
1723236622848 1.0 648000
1723236631056 1.0 652000
1723236639443 1.0 656000
1723236647315 1.0 660000
1723236654958 1.0 664000
1723236662552 1.0 668000
1723236670117 1.0 672000
1723236677676 1.0 676000
1723236685341 1.0 680000
1723236693006 1.0 684000
1723236700929 1.0 688000
1723236708869 1.0 692000
1723236716406 1.0 696000
1723236724219 1.0 700000
1723236731978 1.0 704000
1723236740019 1.0 708000
1723236748388 1.0 712000
1723236756297 1.0 716000
1723236764565 1.0 720000
1723236773327 1.0 724000
1723236781629 1.0 728000
1723236789999 1.0 732000
1723236798063 1.0 736000
1723236806076 1.0 740000
1723236813748 1.0 744000
1723236821786 1.0 748000
1723236829360 1.0 752000
1723236836755 1.0 756000
1723236844325 1.0 760000
1723236851854 1.0 764000
1723236860142 1.0 768000
1723236867645 1.0 772000
1723236875110 1.0 776000
1723236882503 1.0 780000
1723236890093 1.0 784000
1723236897575 1.0 788000
1723236905136 1.0 792000
1723236912737 1.0 796000
1723236920342 1.0 800000
