1723235371654 2.0 4000
1723235378927 2.0 8000
1723235386256 2.0 12000
1723235393500 2.0 16000
1723235401585 2.0 20000
1723235409717 2.0 24000
1723235417444 2.0 28000
1723235425113 2.0 32000
1723235432810 2.0 36000
1723235440409 2.0 40000
1723235447966 2.0 44000
1723235455377 2.0 48000
1723235463677 2.0 52000
1723235472480 2.0 56000
1723235480507 2.0 60000
1723235488365 2.0 64000
1723235496394 2.0 68000
1723235504180 2.0 72000
1723235511851 2.0 76000
1723235519496 2.0 80000
1723235527145 2.0 84000
1723235535246 2.0 88000
1723235543159 2.0 92000
1723235550874 2.0 96000
1723235558562 2.0 100000
1723235566507 2.0 104000
1723235574136 2.0 108000
1723235581761 2.0 112000
1723235589252 2.0 116000
1723235597027 2.0 120000
1723235604810 2.0 124000
1723235612442 2.0 128000
1723235620021 2.0 132000
1723235627490 2.0 136000
1723235635043 2.0 140000
1723235642600 2.0 144000
1723235649994 2.0 148000
1723235658157 2.0 152000
1723235665656 2.0 156000
1723235673112 2.0 160000
1723235680591 2.0 164000
1723235688327 2.0 168000
1723235696267 2.0 172000
1723235704174 2.0 176000
1723235712327 2.0 180000
1723235720693 2.0 184000
1723235728516 2.0 188000
1723235736322 2.0 192000
1723235745103 2.0 196000
1723235753672 2.0 200000
1723235761915 2.0 204000
1723235770809 2.0 208000
1723235779617 2.0 212000
1723235787724 2.0 216000
1723235795544 2.0 220000
1723235803406 2.0 224000
1723235811877 2.0 228000
1723235819872 2.0 232000
1723235828097 2.0 236000
1723235837188 2.0 240000
1723235846438 2.0 244000
1723235854668 2.0 248000
1723235862686 2.0 252000
1723235871605 2.0 256000
1723235879806 2.0 260000
1723235887674 2.0 264000
1723235895448 2.0 268000
1723235903243 2.0 272000
1723235910874 2.0 276000
1723235918389 2.0 280000
1723235925821 2.0 284000
1723235933346 2.0 288000
1723235940800 2.0 292000
1723235948492 2.0 296000
1723235956700 2.0 300000
1723235964331 2.0 304000
1723235971890 2.0 308000
1723235979265 2.0 312000
1723235986649 2.0 316000
1723235994148 2.0 320000
1723236001696 2.0 324000
1723236009527 2.0 328000
1723236017778 2.0 332000
1723236025220 2.0 336000
1723236032677 2.0 340000
1723236039846 2.0 344000
1723236047284 2.0 348000
1723236054634 2.0 352000
1723236062032 2.0 356000
1723236069575 2.0 360000
1723236077507 2.0 364000
1723236085037 2.0 368000
1723236092469 2.0 372000
1723236099650 2.0 376000
1723236107173 2.0 380000
1723236114615 2.0 384000
1723236122010 2.0 388000
1723236129394 2.0 392000
1723236137542 2.0 396000
1723236145313 2.0 400000
1723236153312 2.0 404000
1723236160695 2.0 408000
1723236168466 2.0 412000
1723236175891 2.0 416000
1723236183219 2.0 420000
1723236190716 2.0 424000
1723236199056 2.0 428000
1723236207013 2.0 432000
1723236214520 2.0 436000
1723236221925 2.0 440000
1723236229336 2.0 444000
1723236237234 2.0 448000
1723236244782 2.0 452000
1723236252159 2.0 456000
1723236259977 2.0 460000
1723236267706 2.0 464000
1723236275126 2.0 468000
1723236282688 2.0 472000
1723236290642 2.0 476000
1723236298114 2.0 480000
1723236305551 2.0 484000
1723236313027 2.0 488000
1723236320559 2.0 492000
1723236328062 2.0 496000
1723236335532 2.0 500000
1723236342863 2.0 504000
1723236350206 2.0 508000
1723236357627 2.0 512000
1723236365114 2.0 516000
1723236372300 2.0 520000
1723236380403 2.0 524000
1723236387831 2.0 528000
1723236395167 2.0 532000
1723236402659 2.0 536000
1723236409892 2.0 540000
1723236417388 2.0 544000
1723236424773 2.0 548000
1723236432167 2.0 552000
1723236440460 2.0 556000
1723236448131 2.0 560000
1723236455533 2.0 564000
1723236462903 2.0 568000
1723236470406 2.0 572000
1723236477763 2.0 576000
1723236485191 2.0 580000
1723236492699 2.0 584000
1723236501158 2.0 588000
1723236509214 2.0 592000
1723236516793 2.0 596000
1723236524803 2.0 600000
1723236532709 2.0 604000
1723236540369 2.0 608000
1723236548003 2.0 612000
1723236555550 2.0 616000
1723236563377 2.0 620000
1723236571086 2.0 624000
1723236579075 2.0 628000
1723236587243 2.0 632000
1723236595888 2.0 636000
1723236606221 2.0 640000
1723236614517 2.0 644000
1723236622847 2.0 648000
1723236631055 2.0 652000
1723236639442 2.0 656000
1723236647314 2.0 660000
1723236654958 2.0 664000
1723236662552 2.0 668000
1723236670117 2.0 672000
1723236677675 2.0 676000
1723236685340 2.0 680000
1723236693005 2.0 684000
1723236700929 2.0 688000
1723236708868 2.0 692000
1723236716405 2.0 696000
1723236724219 2.0 700000
1723236731977 2.0 704000
1723236740018 2.0 708000
1723236748387 2.0 712000
1723236756296 2.0 716000
1723236764564 2.0 720000
1723236773327 2.0 724000
1723236781628 2.0 728000
1723236789998 2.0 732000
1723236798063 2.0 736000
1723236806075 2.0 740000
1723236813747 2.0 744000
1723236821785 2.0 748000
1723236829359 2.0 752000
1723236836754 2.0 756000
1723236844324 2.0 760000
1723236851853 2.0 764000
1723236860141 2.0 768000
1723236867645 2.0 772000
1723236875109 2.0 776000
1723236882503 2.0 780000
1723236890092 2.0 784000
1723236897574 2.0 788000
1723236905136 2.0 792000
1723236912736 2.0 796000
1723236920341 2.0 800000
