1723235371654 0.0 4000
1723235378927 0.0 8000
1723235386256 0.0 12000
1723235393500 0.0 16000
1723235401585 0.0 20000
1723235409717 0.0 24000
1723235417445 0.0 28000
1723235425114 0.0 32000
1723235432810 0.0 36000
1723235440409 0.0 40000
1723235447967 0.0 44000
1723235455377 0.0 48000
1723235463678 0.0 52000
1723235472481 0.0 56000
1723235480508 0.0 60000
1723235488365 0.0 64000
1723235496394 0.0 68000
1723235504181 0.0 72000
1723235511852 0.0 76000
1723235519496 0.0 80000
1723235527146 0.0 84000
1723235535247 0.0 88000
1723235543159 0.0 92000
1723235550874 0.0 96000
1723235558562 0.0 100000
1723235566508 0.0 104000
1723235574137 0.0 108000
1723235581761 0.0 112000
1723235589252 0.0 116000
1723235597027 0.0 120000
1723235604810 0.0 124000
1723235612443 0.0 128000
1723235620022 0.0 132000
1723235627491 0.0 136000
1723235635043 0.0 140000
1723235642601 0.0 144000
1723235649994 0.0 148000
1723235658157 0.0 152000
1723235665656 0.0 156000
1723235673112 0.0 160000
1723235680591 0.0 164000
1723235688328 0.0 168000
1723235696267 0.0 172000
1723235704174 0.0 176000
1723235712327 0.0 180000
1723235720693 0.0 184000
1723235728516 0.0 188000
1723235736323 0.0 192000
1723235745104 0.0 196000
1723235753672 0.0 200000
1723235761916 0.0 204000
1723235770809 0.0 208000
1723235779618 0.0 212000
1723235787725 0.0 216000
1723235795544 0.0 220000
1723235803406 0.0 224000
1723235811877 0.0 228000
1723235819872 0.0 232000
1723235828097 0.0 236000
1723235837189 0.0 240000
1723235846439 0.0 244000
1723235854669 0.0 248000
1723235862686 0.0 252000
1723235871606 0.0 256000
1723235879806 0.0 260000
1723235887675 0.0 264000
1723235895448 0.0 268000
1723235903244 0.0 272000
1723235910874 0.0 276000
1723235918390 0.0 280000
1723235925821 0.0 284000
1723235933346 0.0 288000
1723235940800 0.0 292000
1723235948492 0.0 296000
1723235956700 0.0 300000
1723235964332 0.0 304000
1723235971890 0.0 308000
1723235979265 0.0 312000
1723235986649 0.0 316000
1723235994148 0.0 320000
1723236001696 0.0 324000
1723236009528 0.0 328000
1723236017778 0.0 332000
1723236025221 0.0 336000
1723236032677 0.0 340000
1723236039847 0.0 344000
1723236047284 0.0 348000
1723236054634 0.0 352000
1723236062032 0.0 356000
1723236069575 0.0 360000
1723236077507 0.0 364000
1723236085038 0.0 368000
1723236092470 0.0 372000
1723236099651 0.0 376000
1723236107173 0.0 380000
1723236114616 0.0 384000
1723236122010 0.0 388000
1723236129395 0.0 392000
1723236137542 0.0 396000
1723236145313 0.0 400000
1723236153312 0.0 404000
1723236160695 0.0 408000
1723236168467 0.0 412000
1723236175891 0.0 416000
1723236183220 0.0 420000
1723236190717 0.0 424000
1723236199056 0.0 428000
1723236207013 0.0 432000
1723236214520 0.0 436000
1723236221926 0.0 440000
1723236229336 0.0 444000
1723236237234 0.0 448000
1723236244783 0.0 452000
1723236252160 0.0 456000
1723236259977 0.0 460000
1723236267706 0.0 464000
1723236275127 0.0 468000
1723236282688 0.0 472000
1723236290643 0.0 476000
1723236298114 0.0 480000
1723236305552 0.0 484000
1723236313027 0.0 488000
1723236320559 0.0 492000
1723236328063 0.0 496000
1723236335533 0.0 500000
1723236342864 0.0 504000
1723236350206 0.0 508000
1723236357627 0.0 512000
1723236365115 0.0 516000
1723236372300 0.0 520000
1723236380404 0.0 524000
1723236387832 0.0 528000
1723236395168 0.0 532000
1723236402660 0.0 536000
1723236409892 0.0 540000
1723236417388 0.0 544000
1723236424773 0.0 548000
1723236432167 0.0 552000
1723236440461 0.0 556000
1723236448131 0.0 560000
1723236455533 0.0 564000
1723236462903 0.0 568000
1723236470407 0.0 572000
1723236477763 0.0 576000
1723236485192 0.0 580000
1723236492700 0.0 584000
1723236501159 0.0 588000
1723236509215 0.0 592000
1723236516794 0.0 596000
1723236524803 0.0 600000
1723236532709 0.0 604000
1723236540369 0.0 608000
1723236548004 0.0 612000
1723236555550 0.0 616000
1723236563377 0.0 620000
1723236571086 0.0 624000
1723236579075 0.0 628000
1723236587244 0.0 632000
1723236595889 0.0 636000
1723236606221 0.0 640000
1723236614517 0.0 644000
1723236622847 0.0 648000
1723236631055 0.0 652000
1723236639443 0.0 656000
1723236647315 0.0 660000
1723236654958 0.0 664000
1723236662552 0.0 668000
1723236670117 0.0 672000
1723236677675 0.0 676000
1723236685341 0.0 680000
1723236693005 0.0 684000
1723236700929 0.0 688000
1723236708868 0.0 692000
1723236716405 0.0 696000
1723236724219 0.0 700000
1723236731978 0.0 704000
1723236740019 0.0 708000
1723236748387 0.0 712000
1723236756297 0.0 716000
1723236764564 0.0 720000
1723236773327 0.0 724000
1723236781628 0.0 728000
1723236789998 0.0 732000
1723236798063 0.0 736000
1723236806076 0.0 740000
1723236813747 0.0 744000
1723236821785 0.0 748000
1723236829359 0.0 752000
1723236836755 0.0 756000
1723236844324 0.0 760000
1723236851854 0.0 764000
1723236860142 0.0 768000
1723236867645 0.0 772000
1723236875109 0.0 776000
1723236882503 0.0 780000
1723236890092 0.0 784000
1723236897575 0.0 788000
1723236905136 0.0 792000
1723236912737 0.0 796000
1723236920342 0.0 800000
