1723157948693 60.0 4000
1723157966428 50.0 8000
1723157984338 40.0 12000
1723157998286 50.0 16000
1723158011267 70.0 20000
1723158024085 40.0 24000
1723158037027 60.0 28000
1723158050911 60.0 32000
1723158065125 90.0 36000
1723158079135 50.0 40000
1723158093225 40.0 44000
1723158107367 90.0 48000
1723158121434 60.0 52000
1723158135474 80.0 56000
1723158149231 70.0 60000
1723158163275 70.0 64000
1723158177277 80.0 68000
1723158191686 70.0 72000
1723158205829 70.0 76000
1723158220109 80.0 80000
1723158234108 90.0 84000
1723158248239 100.0 88000
1723158262257 90.0 92000
1723158276251 80.0 96000
1723158290122 110.0 100000
1723158304291 100.0 104000
1723158319178 110.0 108000
1723158333650 80.0 112000
1723158348214 110.0 116000
1723158362638 90.0 120000
1723158377111 100.0 124000
1723158392842 170.0 128000
1723158414779 80.0 132000
1723158430072 110.0 136000
1723158444658 80.0 140000
1723158458982 80.0 144000
1723158473376 90.0 148000
1723158487785 120.0 152000
1723158501903 120.0 156000
1723158516147 100.0 160000
1723158530526 110.0 164000
1723158545567 120.0 168000
1723158560296 100.0 172000
1723158575019 80.0 176000
1723158589530 140.0 180000
1723158603483 90.0 184000
1723158617270 120.0 188000
1723158631376 100.0 192000
1723158645181 120.0 196000
1723158658736 80.0 200000
1723158672865 140.0 204000
1723158687412 100.0 208000
1723158701638 80.0 212000
1723158715806 70.0 216000
1723158730269 100.0 220000
1723158744594 80.0 224000
1723158758492 90.0 228000
1723158772780 80.0 232000
1723158786658 70.0 236000
1723158800648 100.0 240000
1723158814606 90.0 244000
1723158829046 70.0 248000
1723158842539 90.0 252000
1723158856394 80.0 256000
1723158870670 80.0 260000
1723158885404 90.0 264000
1723158899343 110.0 268000
1723158913945 60.0 272000
1723158928315 120.0 276000
1723158942282 110.0 280000
1723158955919 90.0 284000
1723158969800 70.0 288000
1723158983827 110.0 292000
1723158997335 100.0 296000
1723159010900 60.0 300000
1723159024475 100.0 304000
1723159041387 70.0 308000
1723159061421 60.0 312000
1723159081120 100.0 316000
1723159096094 90.0 320000
1723159109844 80.0 324000
1723159123377 80.0 328000
1723159137148 70.0 332000
1723159151075 60.0 336000
1723159164692 70.0 340000
1723159178362 60.0 344000
1723159192384 100.0 348000
1723159205686 60.0 352000
1723159218883 60.0 356000
1723159232509 70.0 360000
1723159246766 80.0 364000
1723159260162 60.0 368000
1723159273457 90.0 372000
1723159287059 70.0 376000
1723159301099 90.0 380000
1723159315227 80.0 384000
1723159329035 60.0 388000
1723159343049 100.0 392000
1723159356721 60.0 396000
1723159370498 70.0 400000
1723159384779 70.0 404000
1723159399003 60.0 408000
1723159412462 60.0 412000
1723159431053 80.0 416000
1723159446389 80.0 420000
1723159460578 70.0 424000
1723159474861 60.0 428000
1723159488968 80.0 432000
1723159502420 60.0 436000
1723159515653 60.0 440000
1723159528950 60.0 444000
1723159542631 60.0 448000
1723159556250 50.0 452000
1723159583024 100.0 456000
1723159601080 60.0 460000
1723159618322 60.0 464000
1723159636509 60.0 468000
1723159654264 70.0 472000
1723159674018 50.0 476000
1723159692921 60.0 480000
1723159710313 80.0 484000
1723159724955 60.0 488000
1723159738630 60.0 492000
1723159751919 70.0 496000
1723159765636 60.0 500000
1723159779325 60.0 504000
1723159793055 70.0 508000
1723159806555 60.0 512000
1723159819910 80.0 516000
1723159834676 80.0 520000
1723159848623 90.0 524000
1723159863080 80.0 528000
1723159877362 50.0 532000
1723159891394 70.0 536000
1723159905574 80.0 540000
1723159919829 80.0 544000
1723159934180 60.0 548000
1723159948052 60.0 552000
1723159962167 50.0 556000
1723159976435 90.0 560000
1723159989939 70.0 564000
1723160003554 70.0 568000
1723160017369 50.0 572000
1723160031075 100.0 576000
1723160044784 60.0 580000
1723160063079 60.0 584000
1723160081290 60.0 588000
1723160099150 50.0 592000
1723160117057 60.0 596000
1723160130370 70.0 600000
1723160142890 80.0 604000
1723160155488 110.0 608000
1723160168028 60.0 612000
1723160180789 70.0 616000
1723160194112 90.0 620000
1723160206850 70.0 624000
1723160219789 80.0 628000
1723160232669 90.0 632000
1723160245034 80.0 636000
1723160257894 70.0 640000
1723160274844 80.0 644000
1723160292073 50.0 648000
1723160309410 60.0 652000
1723160326960 70.0 656000
1723160345114 70.0 660000
1723160362670 80.0 664000
1723160376968 70.0 668000
1723160390017 90.0 672000
1723160403502 60.0 676000
1723160424867 70.0 680000
1723160442735 60.0 684000
1723160460993 80.0 688000
1723160479370 70.0 692000
1723160493582 70.0 696000
1723160506755 70.0 700000
1723160523362 50.0 704000
1723160541328 90.0 708000
1723160560160 70.0 712000
1723160578848 70.0 716000
1723160596231 60.0 720000
1723160614238 90.0 724000
1723160634986 70.0 728000
1723160653668 80.0 732000
1723160672979 70.0 736000
1723160687866 60.0 740000
1723160702092 90.0 744000
1723160715676 70.0 748000
1723160729193 110.0 752000
1723160743705 60.0 756000
1723160756856 50.0 760000
1723160770746 90.0 764000
1723160783615 60.0 768000
1723160796230 120.0 772000
1723160808850 70.0 776000
1723160822453 50.0 780000
1723160835258 50.0 784000
1723160848176 60.0 788000
1723160861053 90.0 792000
1723160873918 70.0 796000
1723160887734 60.0 800000
1723160900947 60.0 804000
1723160913964 90.0 808000
1723160926631 60.0 812000
1723160939212 80.0 816000
1723160953154 70.0 820000
1723160970949 70.0 824000
1723160991088 80.0 828000
1723161004957 60.0 832000
1723161018171 50.0 836000
1723161031869 60.0 840000
1723161044388 60.0 844000
1723161057096 70.0 848000
1723161069891 70.0 852000
1723161082599 80.0 856000
1723161094986 60.0 860000
1723161107796 70.0 864000
1723161119811 70.0 868000
1723161132228 80.0 872000
1723161144792 70.0 876000
1723161156944 70.0 880000
1723161169368 70.0 884000
1723161181898 90.0 888000
1723161194369 90.0 892000
1723161206519 80.0 896000
1723161218504 70.0 900000
1723161231036 80.0 904000
1723161243433 70.0 908000
1723161255371 60.0 912000
1723161267608 80.0 916000
1723161279722 70.0 920000
1723161292037 60.0 924000
1723161304013 50.0 928000
1723161316124 60.0 932000
1723161328489 70.0 936000
1723161340639 70.0 940000
1723161353117 90.0 944000
1723161365632 70.0 948000
1723161378392 70.0 952000
1723161391177 70.0 956000
1723161403133 70.0 960000
1723161415497 60.0 964000
1723161428055 70.0 968000
1723161439970 60.0 972000
1723161452538 60.0 976000
1723161464785 90.0 980000
1723161477284 60.0 984000
1723161490010 70.0 988000
1723161502727 70.0 992000
1723161515146 80.0 996000
1723161527487 50.0 1000000
1723161540424 90.0 1004000
1723161552945 60.0 1008000
1723161565538 70.0 1012000
1723161577909 60.0 1016000
1723161590285 50.0 1020000
1723161602217 50.0 1024000
1723161614600 90.0 1028000
1723161626822 60.0 1032000
1723161639072 60.0 1036000
1723161651232 60.0 1040000
1723161663585 70.0 1044000
1723161675762 70.0 1048000
1723161687845 60.0 1052000
1723161699585 60.0 1056000
1723161711886 70.0 1060000
1723161723749 50.0 1064000
1723161735763 60.0 1068000
1723161747987 60.0 1072000
1723161760376 60.0 1076000
1723161773096 70.0 1080000
1723161785818 80.0 1084000
1723161798201 110.0 1088000
1723161810667 60.0 1092000
1723161823108 60.0 1096000
1723161835585 50.0 1100000
1723161847340 60.0 1104000
1723161859617 70.0 1108000
1723161871975 80.0 1112000
1723161883989 70.0 1116000
1723161896081 90.0 1120000
1723161908165 80.0 1124000
1723161920458 60.0 1128000
1723161932754 80.0 1132000
1723161945217 80.0 1136000
1723161957385 110.0 1140000
1723161969649 80.0 1144000
1723161982405 70.0 1148000
1723161994757 50.0 1152000
1723162007131 90.0 1156000
1723162019570 100.0 1160000
1723162032138 60.0 1164000
1723162044605 50.0 1168000
1723162057272 90.0 1172000
1723162069668 60.0 1176000
1723162082689 60.0 1180000
1723162095084 90.0 1184000
1723162108161 80.0 1188000
1723162120778 90.0 1192000
1723162133446 100.0 1196000
1723162146076 80.0 1200000
