1723171812037 0.0 4000
1723171825426 0.0 8000
1723171838151 0.0 12000
1723171851731 0.0 16000
1723171869902 0.0 20000
1723171886404 0.0 24000
1723171904839 0.0 28000
1723171922386 0.0 32000
1723171940898 0.0 36000
1723171958885 0.0 40000
1723171977188 0.0 44000
1723171994382 0.0 48000
1723172010938 0.0 52000
1723172029639 0.0 56000
1723172044727 0.0 60000
1723172058652 0.0 64000
1723172072288 0.0 68000
1723172086215 0.0 72000
1723172099970 0.0 76000
1723172113401 0.0 80000
1723172125987 0.0 84000
1723172139036 0.0 88000
1723172151525 0.0 92000
1723172163970 0.0 96000
1723172176715 0.0 100000
1723172189591 0.0 104000
1723172201798 0.0 108000
1723172214551 0.0 112000
1723172227408 0.0 116000
1723172240084 0.0 120000
1723172252893 0.0 124000
1723172265471 0.0 128000
1723172278116 0.0 132000
1723172290508 0.0 136000
1723172302996 0.0 140000
1723172315581 0.0 144000
1723172328090 0.0 148000
1723172340424 0.0 152000
1723172352997 0.0 156000
1723172365058 0.0 160000
1723172376910 0.0 164000
1723172389966 0.0 168000
1723172402572 0.0 172000
1723172414569 0.0 176000
1723172426760 0.0 180000
1723172439160 0.0 184000
1723172451817 0.0 188000
1723172465509 0.0 192000
1723172478513 0.0 196000
1723172494377 0.0 200000
1723172507737 0.0 204000
1723172524611 0.0 208000
1723172546672 0.0 212000
1723172563799 0.0 216000
1723172581155 0.0 220000
1723172598063 0.0 224000
1723172613428 0.0 228000
1723172628760 0.0 232000
1723172643989 0.0 236000
1723172659919 0.0 240000
1723172675756 0.0 244000
1723172692107 0.0 248000
1723172707063 0.0 252000
1723172721794 0.0 256000
1723172738274 0.0 260000
1723172756101 0.0 264000
1723172770981 0.0 268000
1723172785967 0.0 272000
1723172800884 0.0 276000
1723172815748 0.0 280000
1723172830414 0.0 284000
1723172844867 0.0 288000
1723172859249 0.0 292000
1723172874451 0.0 296000
1723172889270 0.0 300000
1723172903641 0.0 304000
1723172919774 0.0 308000
1723172934675 0.0 312000
1723172948507 0.0 316000
1723172963161 0.0 320000
1723172977710 0.0 324000
1723172992099 0.0 328000
1723173006919 0.0 332000
1723173022360 0.0 336000
1723173036739 0.0 340000
1723173051277 0.0 344000
1723173065658 0.0 348000
1723173080164 0.0 352000
1723173094700 0.0 356000
1723173109378 0.0 360000
1723173125478 0.0 364000
1723173140466 0.0 368000
1723173155600 0.0 372000
1723173171497 0.0 376000
1723173186372 0.0 380000
1723173201423 0.0 384000
1723173216064 0.0 388000
1723173230941 0.0 392000
1723173245605 0.0 396000
1723173259793 0.0 400000
1723173274596 0.0 404000
1723173289033 0.0 408000
1723173302846 0.0 412000
1723173317036 0.0 416000
1723173331030 0.0 420000
1723173344697 0.0 424000
1723173359325 0.0 428000
1723173374445 0.0 432000
1723173388014 0.0 436000
1723173401038 0.0 440000
1723173417275 0.0 444000
1723173434343 0.0 448000
1723173452270 0.0 452000
1723173472612 0.0 456000
1723173492605 0.0 460000
1723173511537 0.0 464000
1723173529338 0.0 468000
1723173544089 0.0 472000
1723173568067 0.0 476000
1723173585289 0.0 480000
1723173600853 0.0 484000
1723173616348 0.0 488000
1723173631730 0.0 492000
1723173646152 0.0 496000
1723173661964 0.0 500000
1723173679519 0.0 504000
1723173698944 0.0 508000
1723173715834 0.0 512000
1723173729823 0.0 516000
1723173741819 0.0 520000
1723173753979 0.0 524000
1723173766855 0.0 528000
1723173779481 0.0 532000
1723173796090 0.0 536000
1723173814606 0.0 540000
1723173834457 0.0 544000
1723173855022 0.0 548000
1723173868894 0.0 552000
1723173887136 0.0 556000
1723173903153 0.0 560000
1723173916584 0.0 564000
1723173942194 0.0 568000
1723173958459 0.0 572000
1723173972734 0.0 576000
1723173988055 0.0 580000
1723174003700 0.0 584000
1723174019206 0.0 588000
1723174033972 0.0 592000
1723174049939 0.0 596000
1723174064413 0.0 600000
1723174079867 0.0 604000
1723174093336 0.0 608000
1723174108887 0.0 612000
1723174123191 0.0 616000
1723174137193 0.0 620000
1723174150871 0.0 624000
1723174164482 0.0 628000
1723174177987 0.0 632000
1723174191293 0.0 636000
1723174205168 0.0 640000
1723174218551 0.0 644000
1723174231960 0.0 648000
1723174245379 0.0 652000
1723174258657 0.0 656000
1723174272700 0.0 660000
1723174285983 0.0 664000
1723174299355 0.0 668000
1723174312946 0.0 672000
1723174326404 0.0 676000
1723174340034 0.0 680000
1723174353398 0.0 684000
1723174366606 0.0 688000
1723174379016 0.0 692000
1723174392468 0.0 696000
1723174405846 0.0 700000
1723174419159 0.0 704000
1723174432533 0.0 708000
1723174445835 0.0 712000
1723174459104 0.0 716000
1723174471916 0.0 720000
1723174485472 0.0 724000
1723174499153 0.0 728000
1723174512480 0.0 732000
1723174525715 0.0 736000
1723174539743 0.0 740000
1723174553190 0.0 744000
1723174567117 0.0 748000
1723174580348 0.0 752000
1723174594397 0.0 756000
1723174607432 0.0 760000
1723174621208 0.0 764000
1723174634853 0.0 768000
1723174648358 0.0 772000
1723174662004 0.0 776000
1723174675941 0.0 780000
1723174689542 0.0 784000
1723174702870 0.0 788000
1723174716239 0.0 792000
1723174730021 0.0 796000
1723174743981 0.0 800000
1723174757115 0.0 804000
1723174770141 0.0 808000
1723174783210 0.0 812000
1723174796612 0.0 816000
1723174809843 0.0 820000
1723174823369 0.0 824000
1723174836686 0.0 828000
1723174850436 0.0 832000
1723174864135 0.0 836000
1723174877624 0.0 840000
1723174890672 0.0 844000
1723174904365 0.0 848000
1723174917541 0.0 852000
1723174930480 0.0 856000
1723174943660 0.0 860000
1723174957195 0.0 864000
1723174971288 0.0 868000
1723174984794 0.0 872000
1723174998260 0.0 876000
1723175011751 0.0 880000
1723175025618 0.0 884000
1723175038976 0.0 888000
1723175051970 0.0 892000
1723175065336 0.0 896000
1723175078879 0.0 900000
1723175091969 0.0 904000
1723175105054 0.0 908000
1723175118332 0.0 912000
1723175131941 0.0 916000
1723175145219 0.0 920000
1723175158663 0.0 924000
1723175172546 0.0 928000
1723175186557 0.0 932000
1723175200671 0.0 936000
1723175214874 0.0 940000
1723175228609 0.0 944000
1723175242178 0.0 948000
1723175255875 0.0 952000
1723175269342 0.0 956000
1723175283322 0.0 960000
1723175296933 0.0 964000
1723175310720 0.0 968000
1723175324587 0.0 972000
1723175338140 0.0 976000
1723175351491 0.0 980000
1723175365022 0.0 984000
1723175378256 0.0 988000
1723175392453 0.0 992000
1723175405987 0.0 996000
1723175419132 0.0 1000000
1723175432286 0.0 1004000
1723175445708 0.0 1008000
1723175459139 0.0 1012000
1723175472599 0.0 1016000
1723175487620 0.0 1020000
1723175501162 0.0 1024000
1723175514710 0.0 1028000
1723175528044 0.0 1032000
1723175541316 0.0 1036000
1723175555303 0.0 1040000
1723175569968 0.0 1044000
1723175583653 0.0 1048000
1723175597270 0.0 1052000
1723175611026 0.0 1056000
1723175624513 0.0 1060000
1723175637973 0.0 1064000
1723175652523 0.0 1068000
1723175666202 0.0 1072000
1723175679484 0.0 1076000
1723175693204 0.0 1080000
1723175706845 0.0 1084000
1723175720268 0.0 1088000
1723175733599 0.0 1092000
1723175747134 0.0 1096000
1723175760970 0.0 1100000
1723175773066 0.0 1104000
1723175786902 0.0 1108000
1723175800042 0.0 1112000
1723175813570 0.0 1116000
1723175827573 0.0 1120000
1723175841348 0.0 1124000
1723175853640 0.0 1128000
1723175867993 0.0 1132000
1723175881481 0.0 1136000
1723175895153 0.0 1140000
1723175908419 0.0 1144000
1723175922351 0.0 1148000
1723175936445 0.0 1152000
1723175950225 0.0 1156000
1723175963833 0.0 1160000
1723175977080 0.0 1164000
1723175990425 0.0 1168000
1723176003949 0.0 1172000
1723176017062 0.0 1176000
1723176030442 0.0 1180000
1723176044333 0.0 1184000
1723176058777 0.0 1188000
1723176072141 0.0 1192000
1723176085216 0.0 1196000
1723176099072 0.0 1200000
1723176112942 0.0 1204000
1723176126639 0.0 1208000
1723176139950 0.0 1212000
1723176154420 0.0 1216000
1723176168383 0.0 1220000
1723176182117 0.0 1224000
1723176195820 0.0 1228000
1723176208995 0.0 1232000
1723176222154 0.0 1236000
1723176236020 0.0 1240000
1723176249524 0.0 1244000
1723176262321 0.0 1248000
1723176274771 0.0 1252000
1723176287954 0.0 1256000
1723176301067 0.0 1260000
1723176314472 0.0 1264000
1723176327857 0.0 1268000
1723176341126 0.0 1272000
1723176355046 0.0 1276000
1723176368884 0.0 1280000
1723176383287 0.0 1284000
1723176395475 0.0 1288000
1723176408655 0.0 1292000
1723176422053 0.0 1296000
1723176435160 0.0 1300000
1723176448891 0.0 1304000
1723176462119 0.0 1308000
1723176475863 0.0 1312000
1723176490042 0.0 1316000
1723176502715 0.0 1320000
1723176516098 0.0 1324000
1723176530403 0.0 1328000
1723176544834 0.0 1332000
1723176558135 0.0 1336000
1723176572101 0.0 1340000
1723176585625 0.0 1344000
1723176599548 0.0 1348000
1723176613481 0.0 1352000
1723176627205 0.0 1356000
1723176640633 0.0 1360000
1723176654119 0.0 1364000
1723176667838 0.0 1368000
1723176681408 0.0 1372000
1723176694972 0.0 1376000
1723176708581 0.0 1380000
1723176722019 0.0 1384000
1723176735485 0.0 1388000
1723176748851 0.0 1392000
1723176762343 0.0 1396000
1723176776131 0.0 1400000
1723176789941 0.0 1404000
1723176803579 0.0 1408000
1723176816690 0.0 1412000
1723176830337 0.0 1416000
1723176844050 0.0 1420000
1723176857347 0.0 1424000
1723176871026 0.0 1428000
1723176884668 0.0 1432000
1723176898656 0.0 1436000
1723176912436 0.0 1440000
1723176926070 0.0 1444000
1723176939442 0.0 1448000
1723176952989 0.0 1452000
1723176966105 0.0 1456000
1723176979488 0.0 1460000
1723176992918 0.0 1464000
1723177006334 0.0 1468000
1723177019742 0.0 1472000
1723177033177 0.0 1476000
1723177046700 0.0 1480000
1723177060360 0.0 1484000
1723177074220 0.0 1488000
1723177088045 0.0 1492000
1723177101785 0.0 1496000
1723177115433 0.0 1500000
1723177129269 0.0 1504000
1723177143054 0.0 1508000
1723177156355 0.0 1512000
1723177169512 0.0 1516000
1723177183852 0.0 1520000
1723177197279 0.0 1524000
1723177210586 0.0 1528000
1723177223620 0.0 1532000
1723177236868 0.0 1536000
1723177250871 0.0 1540000
1723177264485 0.0 1544000
1723177278854 0.0 1548000
1723177292832 0.0 1552000
1723177306749 0.0 1556000
1723177320514 0.0 1560000
1723177334334 0.0 1564000
1723177347881 0.0 1568000
1723177361740 0.0 1572000
1723177375678 0.0 1576000
1723177389883 0.0 1580000
1723177403468 0.0 1584000
1723177416840 0.0 1588000
1723177430871 0.0 1592000
1723177444896 0.0 1596000
1723177458658 0.0 1600000
1723177472309 0.0 1604000
1723177486206 0.0 1608000
1723177499944 0.0 1612000
1723177513630 0.0 1616000
1723177527871 0.0 1620000
1723177541601 0.0 1624000
1723177555297 0.0 1628000
1723177569623 0.0 1632000
1723177583703 0.0 1636000
1723177597038 0.0 1640000
1723177610734 0.0 1644000
1723177624320 0.0 1648000
1723177637681 0.0 1652000
1723177651400 0.0 1656000
1723177664740 0.0 1660000
1723177678196 0.0 1664000
1723177691842 0.0 1668000
1723177705526 0.0 1672000
1723177718870 0.0 1676000
1723177732922 0.0 1680000
1723177746476 0.0 1684000
1723177759687 0.0 1688000
1723177773527 0.0 1692000
1723177787139 0.0 1696000
1723177800781 0.0 1700000
1723177813903 0.0 1704000
1723177827193 0.0 1708000
1723177840316 0.0 1712000
1723177854627 0.0 1716000
1723177868226 0.0 1720000
1723177882012 0.0 1724000
1723177895305 0.0 1728000
1723177908907 0.0 1732000
1723177921939 0.0 1736000
1723177934775 0.0 1740000
1723177948536 0.0 1744000
1723177962153 0.0 1748000
1723177975820 0.0 1752000
1723177990055 0.0 1756000
1723178003903 0.0 1760000
1723178017731 0.0 1764000
1723178031613 0.0 1768000
1723178045681 0.0 1772000
1723178059000 0.0 1776000
1723178073310 0.0 1780000
1723178087099 0.0 1784000
1723178100782 0.0 1788000
1723178114320 0.0 1792000
1723178127585 0.0 1796000
1723178141356 0.0 1800000
1723178155386 0.0 1804000
1723178170156 0.0 1808000
1723178183765 0.0 1812000
1723178197215 0.0 1816000
1723178210959 0.0 1820000
1723178224795 0.0 1824000
1723178238186 0.0 1828000
1723178251495 0.0 1832000
1723178265433 0.0 1836000
1723178279494 0.0 1840000
1723178293243 0.0 1844000
1723178306832 0.0 1848000
1723178320126 0.0 1852000
1723178334199 0.0 1856000
1723178347737 0.0 1860000
1723178361217 0.0 1864000
1723178374283 0.0 1868000
1723178387695 0.0 1872000
1723178401165 0.0 1876000
1723178414717 0.0 1880000
1723178427845 0.0 1884000
1723178441357 0.0 1888000
1723178454771 0.0 1892000
1723178468781 0.0 1896000
1723178482290 0.0 1900000
1723178495984 0.0 1904000
1723178510339 0.0 1908000
1723178524174 0.0 1912000
1723178537809 0.0 1916000
1723178551640 0.0 1920000
1723178565074 0.0 1924000
1723178578924 0.0 1928000
1723178592898 0.0 1932000
1723178606178 0.0 1936000
1723178619712 0.0 1940000
1723178634010 0.0 1944000
1723178647860 0.0 1948000
1723178661790 0.0 1952000
1723178676707 0.0 1956000
1723178690470 0.0 1960000
1723178704260 0.0 1964000
1723178717841 0.0 1968000
1723178731508 0.0 1972000
1723178744636 0.0 1976000
1723178758559 0.0 1980000
1723178772298 0.0 1984000
1723178786127 0.0 1988000
1723178799525 0.0 1992000
1723178813153 0.0 1996000
1723178826994 0.0 2000000
