1723171812006 0.0 4000
1723171825400 0.0 8000
1723171838127 0.0 12000
1723171851707 0.0 16000
1723171869874 0.0 20000
1723171886379 0.0 24000
1723171904797 0.0 28000
1723171922358 0.0 32000
1723171940871 0.0 36000
1723171958850 0.0 40000
1723171977151 0.0 44000
1723171994358 0.0 48000
1723172010909 0.0 52000
1723172029591 0.0 56000
1723172044703 0.0 60000
1723172058627 0.0 64000
1723172072259 0.0 68000
1723172086192 0.0 72000
1723172099945 0.0 76000
1723172113375 0.0 80000
1723172125963 0.0 84000
1723172139012 0.0 88000
1723172151501 0.0 92000
1723172163946 0.0 96000
1723172176691 0.0 100000
1723172189567 0.0 104000
1723172201773 0.0 108000
1723172214527 0.0 112000
1723172227384 0.0 116000
1723172240060 0.0 120000
1723172252869 0.0 124000
1723172265446 0.0 128000
1723172278091 0.0 132000
1723172290481 0.0 136000
1723172302971 0.0 140000
1723172315557 0.0 144000
1723172328064 0.0 148000
1723172340400 0.0 152000
1723172352973 0.0 156000
1723172365033 0.0 160000
1723172376886 0.0 164000
1723172389941 0.0 168000
1723172402548 0.0 172000
1723172414545 0.0 176000
1723172426736 0.0 180000
1723172439136 0.0 184000
1723172451791 0.0 188000
1723172465484 0.0 192000
1723172478486 0.0 196000
1723172494354 0.0 200000
1723172507713 0.0 204000
1723172524579 0.0 208000
1723172546645 0.0 212000
1723172563761 0.0 216000
1723172581126 0.0 220000
1723172598035 0.0 224000
1723172613401 0.0 228000
1723172628736 0.0 232000
1723172643963 0.0 236000
1723172659894 0.0 240000
1723172675709 0.0 244000
1723172692079 0.0 248000
1723172707039 0.0 252000
1723172721768 0.0 256000
1723172738247 0.0 260000
1723172756075 0.0 264000
1723172770956 0.0 268000
1723172785943 0.0 272000
1723172800859 0.0 276000
1723172815724 0.0 280000
1723172830389 0.0 284000
1723172844842 0.0 288000
1723172859225 0.0 292000
1723172874425 0.0 296000
1723172889246 0.0 300000
1723172903616 0.0 304000
1723172919750 0.0 308000
1723172934650 0.0 312000
1723172948483 0.0 316000
1723172963136 0.0 320000
1723172977685 0.0 324000
1723172992074 0.0 328000
1723173006888 0.0 332000
1723173022335 0.0 336000
1723173036715 0.0 340000
1723173051253 0.0 344000
1723173065629 0.0 348000
1723173080140 0.0 352000
1723173094675 0.0 356000
1723173109354 0.0 360000
1723173125453 0.0 364000
1723173140441 0.0 368000
1723173155541 0.0 372000
1723173171471 0.0 376000
1723173186348 0.0 380000
1723173201396 0.0 384000
1723173216040 0.0 388000
1723173230916 0.0 392000
1723173245580 0.0 396000
1723173259769 0.0 400000
1723173274571 0.0 404000
1723173289008 0.0 408000
1723173302821 0.0 412000
1723173317010 0.0 416000
1723173331006 0.0 420000
1723173344672 0.0 424000
1723173359300 0.0 428000
1723173374419 0.0 432000
1723173387989 0.0 436000
1723173401013 0.0 440000
1723173417248 0.0 444000
1723173434316 0.0 448000
1723173452240 0.0 452000
1723173472586 0.0 456000
1723173492580 0.0 460000
1723173511512 0.0 464000
1723173529309 0.0 468000
1723173544064 0.0 472000
1723173568037 0.0 476000
1723173585263 0.0 480000
1723173600828 0.0 484000
1723173616323 0.0 488000
1723173631701 0.0 492000
1723173646093 0.0 496000
1723173661906 0.0 500000
1723173679491 0.0 504000
1723173698910 0.0 508000
1723173715808 0.0 512000
1723173729798 0.0 516000
1723173741793 0.0 520000
1723173753954 0.0 524000
1723173766828 0.0 528000
1723173779456 0.0 532000
1723173796066 0.0 536000
1723173814568 0.0 540000
1723173834428 0.0 544000
1723173854995 0.0 548000
1723173868866 0.0 552000
1723173887105 0.0 556000
1723173903129 0.0 560000
1723173916558 0.0 564000
1723173942150 0.0 568000
1723173958432 0.0 572000
1723173972708 0.0 576000
1723173988030 0.0 580000
1723174003675 0.0 584000
1723174019181 0.0 588000
1723174033939 0.0 592000
1723174049912 0.0 596000
1723174064384 0.0 600000
1723174079841 0.0 604000
1723174093300 0.0 608000
1723174108849 0.0 612000
1723174123163 0.0 616000
1723174137166 0.0 620000
1723174150845 0.0 624000
1723174164456 0.0 628000
1723174177961 0.0 632000
1723174191267 0.0 636000
1723174205141 0.0 640000
1723174218525 0.0 644000
1723174231934 0.0 648000
1723174245353 0.0 652000
1723174258631 0.0 656000
1723174272666 0.0 660000
1723174285957 0.0 664000
1723174299329 0.0 668000
1723174312920 0.0 672000
1723174326378 0.0 676000
1723174340007 0.0 680000
1723174353372 0.0 684000
1723174366578 0.0 688000
1723174378989 0.0 692000
1723174392443 0.0 696000
1723174405819 0.0 700000
1723174419134 0.0 704000
1723174432507 0.0 708000
1723174445807 0.0 712000
1723174459077 0.0 716000
1723174471891 0.0 720000
1723174485445 0.0 724000
1723174499127 0.0 728000
1723174512455 0.0 732000
1723174525689 0.0 736000
1723174539718 0.0 740000
1723174553164 0.0 744000
1723174567090 0.0 748000
1723174580320 0.0 752000
1723174594373 0.0 756000
1723174607402 0.0 760000
1723174621183 0.0 764000
1723174634829 0.0 768000
1723174648328 0.0 772000
1723174661976 0.0 776000
1723174675914 0.0 780000
1723174689514 0.0 784000
1723174702844 0.0 788000
1723174716208 0.0 792000
1723174729995 0.0 796000
1723174743954 0.0 800000
1723174757089 0.0 804000
1723174770115 0.0 808000
1723174783182 0.0 812000
1723174796585 0.0 816000
1723174809816 0.0 820000
1723174823342 0.0 824000
1723174836660 0.0 828000
1723174850408 0.0 832000
1723174864109 0.0 836000
1723174877598 0.0 840000
1723174890641 0.0 844000
1723174904337 0.0 848000
1723174917504 0.0 852000
1723174930448 0.0 856000
1723174943633 0.0 860000
1723174957169 0.0 864000
1723174971262 0.0 868000
1723174984767 0.0 872000
1723174998225 0.0 876000
1723175011724 0.0 880000
1723175025592 0.0 884000
1723175038950 0.0 888000
1723175051942 0.0 892000
1723175065306 0.0 896000
1723175078853 0.0 900000
1723175091942 0.0 904000
1723175105025 0.0 908000
1723175118305 0.0 912000
1723175131915 0.0 916000
1723175145189 0.0 920000
1723175158636 0.0 924000
1723175172520 0.0 928000
1723175186532 0.0 932000
1723175200644 0.0 936000
1723175214848 0.0 940000
1723175228583 0.0 944000
1723175242150 0.0 948000
1723175255847 0.0 952000
1723175269315 0.0 956000
1723175283298 0.0 960000
1723175296905 0.0 964000
1723175310693 0.0 968000
1723175324561 0.0 972000
1723175338113 0.0 976000
1723175351464 0.0 980000
1723175364988 0.0 984000
1723175378230 0.0 988000
1723175392426 0.0 992000
1723175405958 0.0 996000
1723175419105 0.0 1000000
1723175432259 0.0 1004000
1723175445683 0.0 1008000
1723175459112 0.0 1012000
1723175472573 0.0 1016000
1723175487594 0.0 1020000
1723175501136 0.0 1024000
1723175514680 0.0 1028000
1723175528018 0.0 1032000
1723175541289 0.0 1036000
1723175555269 0.0 1040000
1723175569938 0.0 1044000
1723175583625 0.0 1048000
1723175597238 0.0 1052000
1723175610998 0.0 1056000
1723175624478 0.0 1060000
1723175637947 0.0 1064000
1723175652497 0.0 1068000
1723175666176 0.0 1072000
1723175679458 0.0 1076000
1723175693177 0.0 1080000
1723175706816 0.0 1084000
1723175720240 0.0 1088000
1723175733573 0.0 1092000
1723175747109 0.0 1096000
1723175760944 0.0 1100000
1723175773038 0.0 1104000
1723175786856 0.0 1108000
1723175800014 0.0 1112000
1723175813536 0.0 1116000
1723175827543 0.0 1120000
1723175841323 0.0 1124000
1723175853610 0.0 1128000
1723175867950 0.0 1132000
1723175881451 0.0 1136000
1723175895126 0.0 1140000
1723175908388 0.0 1144000
1723175922317 0.0 1148000
1723175936418 0.0 1152000
1723175950195 0.0 1156000
1723175963800 0.0 1160000
1723175977045 0.0 1164000
1723175990397 0.0 1168000
1723176003923 0.0 1172000
1723176017035 0.0 1176000
1723176030415 0.0 1180000
1723176044307 0.0 1184000
1723176058748 0.0 1188000
1723176072092 0.0 1192000
1723176085191 0.0 1196000
1723176099014 0.0 1200000
1723176112916 0.0 1204000
1723176126611 0.0 1208000
1723176139921 0.0 1212000
1723176154387 0.0 1216000
1723176168356 0.0 1220000
1723176182090 0.0 1224000
1723176195793 0.0 1228000
1723176208969 0.0 1232000
1723176222128 0.0 1236000
1723176235988 0.0 1240000
1723176249497 0.0 1244000
1723176262279 0.0 1248000
1723176274746 0.0 1252000
1723176287927 0.0 1256000
1723176301041 0.0 1260000
1723176314443 0.0 1264000
1723176327832 0.0 1268000
1723176341100 0.0 1272000
1723176355017 0.0 1276000
1723176368855 0.0 1280000
1723176383257 0.0 1284000
1723176395441 0.0 1288000
1723176408626 0.0 1292000
1723176422026 0.0 1296000
1723176435134 0.0 1300000
1723176448860 0.0 1304000
1723176462093 0.0 1308000
1723176475831 0.0 1312000
1723176489999 0.0 1316000
1723176502689 0.0 1320000
1723176516072 0.0 1324000
1723176530372 0.0 1328000
1723176544806 0.0 1332000
1723176558097 0.0 1336000
1723176572075 0.0 1340000
1723176585595 0.0 1344000
1723176599521 0.0 1348000
1723176613454 0.0 1352000
1723176627178 0.0 1356000
1723176640607 0.0 1360000
1723176654092 0.0 1364000
1723176667812 0.0 1368000
1723176681380 0.0 1372000
1723176694945 0.0 1376000
1723176708553 0.0 1380000
1723176721992 0.0 1384000
1723176735458 0.0 1388000
1723176748823 0.0 1392000
1723176762316 0.0 1396000
1723176776105 0.0 1400000
1723176789914 0.0 1404000
1723176803550 0.0 1408000
1723176816665 0.0 1412000
1723176830311 0.0 1416000
1723176844024 0.0 1420000
1723176857320 0.0 1424000
1723176870999 0.0 1428000
1723176884640 0.0 1432000
1723176898624 0.0 1436000
1723176912409 0.0 1440000
1723176926043 0.0 1444000
1723176939415 0.0 1448000
1723176952962 0.0 1452000
1723176966079 0.0 1456000
1723176979461 0.0 1460000
1723176992890 0.0 1464000
1723177006307 0.0 1468000
1723177019714 0.0 1472000
1723177033151 0.0 1476000
1723177046674 0.0 1480000
1723177060328 0.0 1484000
1723177074193 0.0 1488000
1723177088018 0.0 1492000
1723177101757 0.0 1496000
1723177115406 0.0 1500000
1723177129242 0.0 1504000
1723177143027 0.0 1508000
1723177156329 0.0 1512000
1723177169482 0.0 1516000
1723177183825 0.0 1520000
1723177197244 0.0 1524000
1723177210557 0.0 1528000
1723177223592 0.0 1532000
1723177236840 0.0 1536000
1723177250845 0.0 1540000
1723177264459 0.0 1544000
1723177278827 0.0 1548000
1723177292803 0.0 1552000
1723177306722 0.0 1556000
1723177320487 0.0 1560000
1723177334308 0.0 1564000
1723177347854 0.0 1568000
1723177361713 0.0 1572000
1723177375651 0.0 1576000
1723177389857 0.0 1580000
1723177403440 0.0 1584000
1723177416814 0.0 1588000
1723177430844 0.0 1592000
1723177444869 0.0 1596000
1723177458631 0.0 1600000
1723177472283 0.0 1604000
1723177486180 0.0 1608000
1723177499917 0.0 1612000
1723177513602 0.0 1616000
1723177527844 0.0 1620000
1723177541574 0.0 1624000
1723177555269 0.0 1628000
1723177569595 0.0 1632000
1723177583677 0.0 1636000
1723177597011 0.0 1640000
1723177610706 0.0 1644000
1723177624293 0.0 1648000
1723177637654 0.0 1652000
1723177651369 0.0 1656000
1723177664712 0.0 1660000
1723177678164 0.0 1664000
1723177691815 0.0 1668000
1723177705499 0.0 1672000
1723177718843 0.0 1676000
1723177732895 0.0 1680000
1723177746450 0.0 1684000
1723177759661 0.0 1688000
1723177773500 0.0 1692000
1723177787112 0.0 1696000
1723177800753 0.0 1700000
1723177813876 0.0 1704000
1723177827160 0.0 1708000
1723177840288 0.0 1712000
1723177854600 0.0 1716000
1723177868200 0.0 1720000
1723177881985 0.0 1724000
1723177895279 0.0 1728000
1723177908880 0.0 1732000
1723177921909 0.0 1736000
1723177934747 0.0 1740000
1723177948508 0.0 1744000
1723177962126 0.0 1748000
1723177975794 0.0 1752000
1723177990028 0.0 1756000
1723178003876 0.0 1760000
1723178017704 0.0 1764000
1723178031587 0.0 1768000
1723178045653 0.0 1772000
1723178058948 0.0 1776000
1723178073282 0.0 1780000
1723178087073 0.0 1784000
1723178100752 0.0 1788000
1723178114289 0.0 1792000
1723178127556 0.0 1796000
1723178141329 0.0 1800000
1723178155357 0.0 1804000
1723178170129 0.0 1808000
1723178183738 0.0 1812000
1723178197188 0.0 1816000
1723178210933 0.0 1820000
1723178224769 0.0 1824000
1723178238159 0.0 1828000
1723178251468 0.0 1832000
1723178265406 0.0 1836000
1723178279464 0.0 1840000
1723178293216 0.0 1844000
1723178306805 0.0 1848000
1723178320099 0.0 1852000
1723178334164 0.0 1856000
1723178347710 0.0 1860000
1723178361186 0.0 1864000
1723178374256 0.0 1868000
1723178387668 0.0 1872000
1723178401139 0.0 1876000
1723178414692 0.0 1880000
1723178427819 0.0 1884000
1723178441328 0.0 1888000
1723178454743 0.0 1892000
1723178468754 0.0 1896000
1723178482264 0.0 1900000
1723178495957 0.0 1904000
1723178510311 0.0 1908000
1723178524147 0.0 1912000
1723178537782 0.0 1916000
1723178551612 0.0 1920000
1723178565048 0.0 1924000
1723178578896 0.0 1928000
1723178592871 0.0 1932000
1723178606149 0.0 1936000
1723178619681 0.0 1940000
1723178633985 0.0 1944000
1723178647833 0.0 1948000
1723178661764 0.0 1952000
1723178676680 0.0 1956000
1723178690442 0.0 1960000
1723178704233 0.0 1964000
1723178717815 0.0 1968000
1723178731482 0.0 1972000
1723178744609 0.0 1976000
1723178758524 0.0 1980000
1723178772271 0.0 1984000
1723178786096 0.0 1988000
1723178799499 0.0 1992000
1723178813119 0.0 1996000
1723178826964 0.0 2000000
