1723171812041 -1.0 4000
1723171825430 -1.0 8000
1723171838154 -1.0 12000
1723171851734 -1.0 16000
1723171869905 -1.0 20000
1723171886407 -1.0 24000
1723171904844 -1.0 28000
1723171922389 -1.0 32000
1723171940902 -1.0 36000
1723171958889 -1.0 40000
1723171977194 -1.0 44000
1723171994386 -1.0 48000
1723172010942 -1.0 52000
1723172029643 -1.0 56000
1723172044731 -1.0 60000
1723172058656 -1.0 64000
1723172072291 -1.0 68000
1723172086219 -1.0 72000
1723172099973 -1.0 76000
1723172113404 -1.0 80000
1723172125990 -1.0 84000
1723172139040 -1.0 88000
1723172151528 -1.0 92000
1723172163973 -1.0 96000
1723172176718 -1.0 100000
1723172189594 -1.0 104000
1723172201801 -1.0 108000
1723172214554 -1.0 112000
1723172227411 -1.0 116000
1723172240088 -1.0 120000
1723172252896 -1.0 124000
1723172265475 -1.0 128000
1723172278119 -1.0 132000
1723172290511 -1.0 136000
1723172302999 -1.0 140000
1723172315584 -1.0 144000
1723172328094 -1.0 148000
1723172340428 -1.0 152000
1723172353000 -1.0 156000
1723172365061 -1.0 160000
1723172376913 -1.0 164000
1723172389969 -1.0 168000
1723172402576 -1.0 172000
1723172414572 -1.0 176000
1723172426763 -1.0 180000
1723172439163 -1.0 184000
1723172451820 -1.0 188000
1723172465512 -1.0 192000
1723172478518 -1.0 196000
1723172494380 -1.0 200000
1723172507741 -1.0 204000
1723172524615 -1.0 208000
1723172546675 -1.0 212000
1723172563803 -1.0 216000
1723172581158 -1.0 220000
1723172598067 -1.0 224000
1723172613431 -1.0 228000
1723172628763 -1.0 232000
1723172643992 -1.0 236000
1723172659922 -1.0 240000
1723172675764 -1.0 244000
1723172692111 -1.0 248000
1723172707067 -1.0 252000
1723172721798 -1.0 256000
1723172738278 -1.0 260000
1723172756104 -1.0 264000
1723172770984 -1.0 268000
1723172785971 -1.0 272000
1723172800887 -1.0 276000
1723172815751 -1.0 280000
1723172830418 -1.0 284000
1723172844870 -1.0 288000
1723172859253 -1.0 292000
1723172874455 -1.0 296000
1723172889273 -1.0 300000
1723172903644 -1.0 304000
1723172919778 -1.0 308000
1723172934678 -1.0 312000
1723172948510 -1.0 316000
1723172963164 -1.0 320000
1723172977713 -1.0 324000
1723172992102 -1.0 328000
1723173006922 -1.0 332000
1723173022363 -1.0 336000
1723173036742 -1.0 340000
1723173051280 -1.0 344000
1723173065661 -1.0 348000
1723173080167 -1.0 352000
1723173094703 -1.0 356000
1723173109381 -1.0 360000
1723173125482 -1.0 364000
1723173140469 -1.0 368000
1723173155606 -1.0 372000
1723173171501 -1.0 376000
1723173186375 -1.0 380000
1723173201427 -1.0 384000
1723173216067 -1.0 388000
1723173230945 -1.0 392000
1723173245608 -1.0 396000
1723173259797 -1.0 400000
1723173274599 -1.0 404000
1723173289037 -1.0 408000
1723173302849 -1.0 412000
1723173317040 -1.0 416000
1723173331033 -1.0 420000
1723173344700 -1.0 424000
1723173359329 -1.0 428000
1723173374448 -1.0 432000
1723173388017 -1.0 436000
1723173401041 -1.0 440000
1723173417278 -1.0 444000
1723173434346 -1.0 448000
1723173452273 -1.0 452000
1723173472615 -1.0 456000
1723173492609 -1.0 460000
1723173511541 -1.0 464000
1723173529341 -1.0 468000
1723173544092 -1.0 472000
1723173568071 -1.0 476000
1723173585292 -1.0 480000
1723173600856 -1.0 484000
1723173616352 -1.0 488000
1723173631735 -1.0 492000
1723173646163 -1.0 496000
1723173661968 -1.0 500000
1723173679523 -1.0 504000
1723173698948 -1.0 508000
1723173715837 -1.0 512000
1723173729826 -1.0 516000
1723173741823 -1.0 520000
1723173753982 -1.0 524000
1723173766859 -1.0 528000
1723173779484 -1.0 532000
1723173796094 -1.0 536000
1723173814610 -1.0 540000
1723173834461 -1.0 544000
1723173855026 -1.0 548000
1723173868900 -1.0 552000
1723173887139 -1.0 556000
1723173903156 -1.0 560000
1723173916587 -1.0 564000
1723173942198 -1.0 568000
1723173958463 -1.0 572000
1723173972737 -1.0 576000
1723173988058 -1.0 580000
1723174003703 -1.0 584000
1723174019209 -1.0 588000
1723174033979 -1.0 592000
1723174049942 -1.0 596000
1723174064417 -1.0 600000
1723174079871 -1.0 604000
1723174093340 -1.0 608000
1723174108891 -1.0 612000
1723174123195 -1.0 616000
1723174137196 -1.0 620000
1723174150875 -1.0 624000
1723174164486 -1.0 628000
1723174177991 -1.0 632000
1723174191298 -1.0 636000
1723174205172 -1.0 640000
1723174218554 -1.0 644000
1723174231964 -1.0 648000
1723174245382 -1.0 652000
1723174258661 -1.0 656000
1723174272704 -1.0 660000
1723174285986 -1.0 664000
1723174299358 -1.0 668000
1723174312950 -1.0 672000
1723174326408 -1.0 676000
1723174340038 -1.0 680000
1723174353402 -1.0 684000
1723174366609 -1.0 688000
1723174379019 -1.0 692000
1723174392472 -1.0 696000
1723174405849 -1.0 700000
1723174419163 -1.0 704000
1723174432537 -1.0 708000
1723174445838 -1.0 712000
1723174459108 -1.0 716000
1723174471919 -1.0 720000
1723174485475 -1.0 724000
1723174499156 -1.0 728000
1723174512484 -1.0 732000
1723174525718 -1.0 736000
1723174539746 -1.0 740000
1723174553193 -1.0 744000
1723174567121 -1.0 748000
1723174580351 -1.0 752000
1723174594400 -1.0 756000
1723174607436 -1.0 760000
1723174621212 -1.0 764000
1723174634857 -1.0 768000
1723174648362 -1.0 772000
1723174662008 -1.0 776000
1723174675944 -1.0 780000
1723174689546 -1.0 784000
1723174702873 -1.0 788000
1723174716244 -1.0 792000
1723174730024 -1.0 796000
1723174743985 -1.0 800000
1723174757119 -1.0 804000
1723174770145 -1.0 808000
1723174783213 -1.0 812000
1723174796615 -1.0 816000
1723174809846 -1.0 820000
1723174823372 -1.0 824000
1723174836690 -1.0 828000
1723174850440 -1.0 832000
1723174864139 -1.0 836000
1723174877627 -1.0 840000
1723174890676 -1.0 844000
1723174904368 -1.0 848000
1723174917545 -1.0 852000
1723174930484 -1.0 856000
1723174943664 -1.0 860000
1723174957198 -1.0 864000
1723174971292 -1.0 868000
1723174984797 -1.0 872000
1723174998264 -1.0 876000
1723175011754 -1.0 880000
1723175025622 -1.0 884000
1723175038980 -1.0 888000
1723175051975 -1.0 892000
1723175065340 -1.0 896000
1723175078882 -1.0 900000
1723175091972 -1.0 904000
1723175105058 -1.0 908000
1723175118336 -1.0 912000
1723175131944 -1.0 916000
1723175145222 -1.0 920000
1723175158666 -1.0 924000
1723175172550 -1.0 928000
1723175186561 -1.0 932000
1723175200674 -1.0 936000
1723175214878 -1.0 940000
1723175228612 -1.0 944000
1723175242182 -1.0 948000
1723175255879 -1.0 952000
1723175269345 -1.0 956000
1723175283326 -1.0 960000
1723175296938 -1.0 964000
1723175310723 -1.0 968000
1723175324591 -1.0 972000
1723175338144 -1.0 976000
1723175351495 -1.0 980000
1723175365028 -1.0 984000
1723175378259 -1.0 988000
1723175392456 -1.0 992000
1723175405991 -1.0 996000
1723175419136 -1.0 1000000
1723175432291 -1.0 1004000
1723175445712 -1.0 1008000
1723175459142 -1.0 1012000
1723175472603 -1.0 1016000
1723175487623 -1.0 1020000
1723175501165 -1.0 1024000
1723175514714 -1.0 1028000
1723175528048 -1.0 1032000
1723175541320 -1.0 1036000
1723175555308 -1.0 1040000
1723175569971 -1.0 1044000
1723175583657 -1.0 1048000
1723175597274 -1.0 1052000
1723175611030 -1.0 1056000
1723175624516 -1.0 1060000
1723175637976 -1.0 1064000
1723175652526 -1.0 1068000
1723175666206 -1.0 1072000
1723175679488 -1.0 1076000
1723175693208 -1.0 1080000
1723175706849 -1.0 1084000
1723175720272 -1.0 1088000
1723175733603 -1.0 1092000
1723175747138 -1.0 1096000
1723175760973 -1.0 1100000
1723175773070 -1.0 1104000
1723175786906 -1.0 1108000
1723175800046 -1.0 1112000
1723175813574 -1.0 1116000
1723175827577 -1.0 1120000
1723175841351 -1.0 1124000
1723175853644 -1.0 1128000
1723175867997 -1.0 1132000
1723175881485 -1.0 1136000
1723175895157 -1.0 1140000
1723175908422 -1.0 1144000
1723175922356 -1.0 1148000
1723175936449 -1.0 1152000
1723175950228 -1.0 1156000
1723175963837 -1.0 1160000
1723175977084 -1.0 1164000
1723175990429 -1.0 1168000
1723176003953 -1.0 1172000
1723176017066 -1.0 1176000
1723176030445 -1.0 1180000
1723176044336 -1.0 1184000
1723176058781 -1.0 1188000
1723176072146 -1.0 1192000
1723176085220 -1.0 1196000
1723176099076 -1.0 1200000
1723176112946 -1.0 1204000
1723176126643 -1.0 1208000
1723176139953 -1.0 1212000
1723176154424 -1.0 1216000
1723176168387 -1.0 1220000
1723176182120 -1.0 1224000
1723176195823 -1.0 1228000
1723176208998 -1.0 1232000
1723176222158 -1.0 1236000
1723176236027 -1.0 1240000
1723176249527 -1.0 1244000
1723176262334 -1.0 1248000
1723176274774 -1.0 1252000
1723176287958 -1.0 1256000
1723176301071 -1.0 1260000
1723176314476 -1.0 1264000
1723176327861 -1.0 1268000
1723176341131 -1.0 1272000
1723176355049 -1.0 1276000
1723176368888 -1.0 1280000
1723176383291 -1.0 1284000
1723176395480 -1.0 1288000
1723176408659 -1.0 1292000
1723176422056 -1.0 1296000
1723176435163 -1.0 1300000
1723176448896 -1.0 1304000
1723176462123 -1.0 1308000
1723176475867 -1.0 1312000
1723176490046 -1.0 1316000
1723176502719 -1.0 1320000
1723176516102 -1.0 1324000
1723176530407 -1.0 1328000
1723176544838 -1.0 1332000
1723176558139 -1.0 1336000
1723176572105 -1.0 1340000
1723176585629 -1.0 1344000
1723176599551 -1.0 1348000
1723176613485 -1.0 1352000
1723176627208 -1.0 1356000
1723176640637 -1.0 1360000
1723176654123 -1.0 1364000
1723176667841 -1.0 1368000
1723176681412 -1.0 1372000
1723176694976 -1.0 1376000
1723176708585 -1.0 1380000
1723176722023 -1.0 1384000
1723176735488 -1.0 1388000
1723176748855 -1.0 1392000
1723176762347 -1.0 1396000
1723176776135 -1.0 1400000
1723176789945 -1.0 1404000
1723176803583 -1.0 1408000
1723176816694 -1.0 1412000
1723176830341 -1.0 1416000
1723176844053 -1.0 1420000
1723176857350 -1.0 1424000
1723176871029 -1.0 1428000
1723176884671 -1.0 1432000
1723176898660 -1.0 1436000
1723176912439 -1.0 1440000
1723176926073 -1.0 1444000
1723176939445 -1.0 1448000
1723176952993 -1.0 1452000
1723176966109 -1.0 1456000
1723176979492 -1.0 1460000
1723176992921 -1.0 1464000
1723177006338 -1.0 1468000
1723177019746 -1.0 1472000
1723177033180 -1.0 1476000
1723177046704 -1.0 1480000
1723177060363 -1.0 1484000
1723177074223 -1.0 1488000
1723177088048 -1.0 1492000
1723177101788 -1.0 1496000
1723177115436 -1.0 1500000
1723177129273 -1.0 1504000
1723177143058 -1.0 1508000
1723177156359 -1.0 1512000
1723177169517 -1.0 1516000
1723177183856 -1.0 1520000
1723177197283 -1.0 1524000
1723177210589 -1.0 1528000
1723177223623 -1.0 1532000
1723177236871 -1.0 1536000
1723177250875 -1.0 1540000
1723177264489 -1.0 1544000
1723177278857 -1.0 1548000
1723177292835 -1.0 1552000
1723177306753 -1.0 1556000
1723177320517 -1.0 1560000
1723177334338 -1.0 1564000
1723177347884 -1.0 1568000
1723177361744 -1.0 1572000
1723177375682 -1.0 1576000
1723177389887 -1.0 1580000
1723177403472 -1.0 1584000
1723177416844 -1.0 1588000
1723177430875 -1.0 1592000
1723177444900 -1.0 1596000
1723177458661 -1.0 1600000
1723177472313 -1.0 1604000
1723177486209 -1.0 1608000
1723177499948 -1.0 1612000
1723177513633 -1.0 1616000
1723177527875 -1.0 1620000
1723177541605 -1.0 1624000
1723177555300 -1.0 1628000
1723177569629 -1.0 1632000
1723177583707 -1.0 1636000
1723177597042 -1.0 1640000
1723177610738 -1.0 1644000
1723177624324 -1.0 1648000
1723177637684 -1.0 1652000
1723177651406 -1.0 1656000
1723177664744 -1.0 1660000
1723177678200 -1.0 1664000
1723177691845 -1.0 1668000
1723177705530 -1.0 1672000
1723177718874 -1.0 1676000
1723177732925 -1.0 1680000
1723177746480 -1.0 1684000
1723177759690 -1.0 1688000
1723177773531 -1.0 1692000
1723177787143 -1.0 1696000
1723177800784 -1.0 1700000
1723177813906 -1.0 1704000
1723177827197 -1.0 1708000
1723177840320 -1.0 1712000
1723177854630 -1.0 1716000
1723177868230 -1.0 1720000
1723177882015 -1.0 1724000
1723177895309 -1.0 1728000
1723177908910 -1.0 1732000
1723177921942 -1.0 1736000
1723177934781 -1.0 1740000
1723177948539 -1.0 1744000
1723177962156 -1.0 1748000
1723177975823 -1.0 1752000
1723177990059 -1.0 1756000
1723178003907 -1.0 1760000
1723178017735 -1.0 1764000
1723178031617 -1.0 1768000
1723178045685 -1.0 1772000
1723178059006 -1.0 1776000
1723178073314 -1.0 1780000
1723178087103 -1.0 1784000
1723178100786 -1.0 1788000
1723178114325 -1.0 1792000
1723178127588 -1.0 1796000
1723178141359 -1.0 1800000
1723178155390 -1.0 1804000
1723178170159 -1.0 1808000
1723178183769 -1.0 1812000
1723178197218 -1.0 1816000
1723178210962 -1.0 1820000
1723178224799 -1.0 1824000
1723178238190 -1.0 1828000
1723178251498 -1.0 1832000
1723178265437 -1.0 1836000
1723178279498 -1.0 1840000
1723178293247 -1.0 1844000
1723178306835 -1.0 1848000
1723178320130 -1.0 1852000
1723178334204 -1.0 1856000
1723178347740 -1.0 1860000
1723178361221 -1.0 1864000
1723178374287 -1.0 1868000
1723178387698 -1.0 1872000
1723178401169 -1.0 1876000
1723178414721 -1.0 1880000
1723178427849 -1.0 1884000
1723178441360 -1.0 1888000
1723178454774 -1.0 1892000
1723178468785 -1.0 1896000
1723178482294 -1.0 1900000
1723178495988 -1.0 1904000
1723178510343 -1.0 1908000
1723178524178 -1.0 1912000
1723178537813 -1.0 1916000
1723178551643 -1.0 1920000
1723178565078 -1.0 1924000
1723178578928 -1.0 1928000
1723178592901 -1.0 1932000
1723178606182 -1.0 1936000
1723178619717 -1.0 1940000
1723178634014 -1.0 1944000
1723178647863 -1.0 1948000
1723178661794 -1.0 1952000
1723178676710 -1.0 1956000
1723178690473 -1.0 1960000
1723178704263 -1.0 1964000
1723178717845 -1.0 1968000
1723178731512 -1.0 1972000
1723178744639 -1.0 1976000
1723178758563 -1.0 1980000
1723178772302 -1.0 1984000
1723178786131 -1.0 1988000
1723178799528 -1.0 1992000
1723178813157 -1.0 1996000
1723178826997 -1.0 2000000
