1723171812009 1.0 4000
1723171825403 1.0 8000
1723171838130 1.0 12000
1723171851710 1.0 16000
1723171869877 1.0 20000
1723171886382 1.0 24000
1723171904801 1.0 28000
1723171922361 1.0 32000
1723171940874 1.0 36000
1723171958853 1.0 40000
1723171977154 1.0 44000
1723171994361 1.0 48000
1723172010912 1.0 52000
1723172029598 1.0 56000
1723172044706 1.0 60000
1723172058630 1.0 64000
1723172072262 1.0 68000
1723172086195 1.0 72000
1723172099948 1.0 76000
1723172113378 1.0 80000
1723172125966 1.0 84000
1723172139015 1.0 88000
1723172151504 1.0 92000
1723172163949 1.0 96000
1723172176694 1.0 100000
1723172189570 1.0 104000
1723172201776 1.0 108000
1723172214530 1.0 112000
1723172227387 1.0 116000
1723172240062 1.0 120000
1723172252872 1.0 124000
1723172265450 1.0 128000
1723172278094 1.0 132000
1723172290484 1.0 136000
1723172302974 1.0 140000
1723172315560 1.0 144000
1723172328067 1.0 148000
1723172340402 1.0 152000
1723172352976 1.0 156000
1723172365036 1.0 160000
1723172376889 1.0 164000
1723172389945 1.0 168000
1723172402550 1.0 172000
1723172414548 1.0 176000
1723172426739 1.0 180000
1723172439139 1.0 184000
1723172451794 1.0 188000
1723172465487 1.0 192000
1723172478489 1.0 196000
1723172494357 1.0 200000
1723172507716 1.0 204000
1723172524583 1.0 208000
1723172546648 1.0 212000
1723172563773 1.0 216000
1723172581130 1.0 220000
1723172598038 1.0 224000
1723172613405 1.0 228000
1723172628739 1.0 232000
1723172643966 1.0 236000
1723172659897 1.0 240000
1723172675712 1.0 244000
1723172692082 1.0 248000
1723172707042 1.0 252000
1723172721771 1.0 256000
1723172738250 1.0 260000
1723172756078 1.0 264000
1723172770959 1.0 268000
1723172785946 1.0 272000
1723172800862 1.0 276000
1723172815727 1.0 280000
1723172830391 1.0 284000
1723172844846 1.0 288000
1723172859228 1.0 292000
1723172874428 1.0 296000
1723172889249 1.0 300000
1723172903619 1.0 304000
1723172919753 1.0 308000
1723172934653 1.0 312000
1723172948486 1.0 316000
1723172963139 1.0 320000
1723172977688 1.0 324000
1723172992077 1.0 328000
1723173006890 1.0 332000
1723173022338 1.0 336000
1723173036718 1.0 340000
1723173051256 1.0 344000
1723173065634 1.0 348000
1723173080143 1.0 352000
1723173094678 1.0 356000
1723173109357 1.0 360000
1723173125456 1.0 364000
1723173140444 1.0 368000
1723173155546 1.0 372000
1723173171475 1.0 376000
1723173186351 1.0 380000
1723173201399 1.0 384000
1723173216043 1.0 388000
1723173230919 1.0 392000
1723173245583 1.0 396000
1723173259772 1.0 400000
1723173274574 1.0 404000
1723173289012 1.0 408000
1723173302824 1.0 412000
1723173317013 1.0 416000
1723173331009 1.0 420000
1723173344675 1.0 424000
1723173359303 1.0 428000
1723173374423 1.0 432000
1723173387993 1.0 436000
1723173401016 1.0 440000
1723173417251 1.0 444000
1723173434319 1.0 448000
1723173452244 1.0 452000
1723173472589 1.0 456000
1723173492583 1.0 460000
1723173511516 1.0 464000
1723173529312 1.0 468000
1723173544067 1.0 472000
1723173568041 1.0 476000
1723173585267 1.0 480000
1723173600832 1.0 484000
1723173616326 1.0 488000
1723173631705 1.0 492000
1723173646113 1.0 496000
1723173661925 1.0 500000
1723173679495 1.0 504000
1723173698914 1.0 508000
1723173715811 1.0 512000
1723173729801 1.0 516000
1723173741796 1.0 520000
1723173753957 1.0 524000
1723173766831 1.0 528000
1723173779459 1.0 532000
1723173796068 1.0 536000
1723173814572 1.0 540000
1723173834432 1.0 544000
1723173854998 1.0 548000
1723173868869 1.0 552000
1723173887109 1.0 556000
1723173903132 1.0 560000
1723173916561 1.0 564000
1723173942157 1.0 568000
1723173958436 1.0 572000
1723173972711 1.0 576000
1723173988033 1.0 580000
1723174003677 1.0 584000
1723174019184 1.0 588000
1723174033943 1.0 592000
1723174049915 1.0 596000
1723174064387 1.0 600000
1723174079844 1.0 604000
1723174093305 1.0 608000
1723174108852 1.0 612000
1723174123166 1.0 616000
1723174137169 1.0 620000
1723174150848 1.0 624000
1723174164459 1.0 628000
1723174177964 1.0 632000
1723174191270 1.0 636000
1723174205144 1.0 640000
1723174218529 1.0 644000
1723174231937 1.0 648000
1723174245356 1.0 652000
1723174258634 1.0 656000
1723174272670 1.0 660000
1723174285960 1.0 664000
1723174299332 1.0 668000
1723174312923 1.0 672000
1723174326381 1.0 676000
1723174340010 1.0 680000
1723174353376 1.0 684000
1723174366581 1.0 688000
1723174378992 1.0 692000
1723174392446 1.0 696000
1723174405822 1.0 700000
1723174419137 1.0 704000
1723174432510 1.0 708000
1723174445810 1.0 712000
1723174459081 1.0 716000
1723174471895 1.0 720000
1723174485449 1.0 724000
1723174499130 1.0 728000
1723174512458 1.0 732000
1723174525692 1.0 736000
1723174539721 1.0 740000
1723174553167 1.0 744000
1723174567093 1.0 748000
1723174580324 1.0 752000
1723174594375 1.0 756000
1723174607406 1.0 760000
1723174621186 1.0 764000
1723174634832 1.0 768000
1723174648332 1.0 772000
1723174661979 1.0 776000
1723174675917 1.0 780000
1723174689518 1.0 784000
1723174702847 1.0 788000
1723174716211 1.0 792000
1723174729998 1.0 796000
1723174743958 1.0 800000
1723174757092 1.0 804000
1723174770118 1.0 808000
1723174783186 1.0 812000
1723174796589 1.0 816000
1723174809819 1.0 820000
1723174823346 1.0 824000
1723174836663 1.0 828000
1723174850412 1.0 832000
1723174864112 1.0 836000
1723174877602 1.0 840000
1723174890644 1.0 844000
1723174904340 1.0 848000
1723174917508 1.0 852000
1723174930452 1.0 856000
1723174943637 1.0 860000
1723174957172 1.0 864000
1723174971265 1.0 868000
1723174984770 1.0 872000
1723174998229 1.0 876000
1723175011728 1.0 880000
1723175025595 1.0 884000
1723175038953 1.0 888000
1723175051946 1.0 892000
1723175065309 1.0 896000
1723175078856 1.0 900000
1723175091945 1.0 904000
1723175105029 1.0 908000
1723175118308 1.0 912000
1723175131918 1.0 916000
1723175145192 1.0 920000
1723175158640 1.0 924000
1723175172523 1.0 928000
1723175186535 1.0 932000
1723175200648 1.0 936000
1723175214851 1.0 940000
1723175228586 1.0 944000
1723175242153 1.0 948000
1723175255851 1.0 952000
1723175269318 1.0 956000
1723175283301 1.0 960000
1723175296909 1.0 964000
1723175310696 1.0 968000
1723175324564 1.0 972000
1723175338117 1.0 976000
1723175351467 1.0 980000
1723175364995 1.0 984000
1723175378234 1.0 988000
1723175392429 1.0 992000
1723175405961 1.0 996000
1723175419109 1.0 1000000
1723175432263 1.0 1004000
1723175445686 1.0 1008000
1723175459115 1.0 1012000
1723175472576 1.0 1016000
1723175487597 1.0 1020000
1723175501139 1.0 1024000
1723175514683 1.0 1028000
1723175528021 1.0 1032000
1723175541292 1.0 1036000
1723175555273 1.0 1040000
1723175569942 1.0 1044000
1723175583628 1.0 1048000
1723175597242 1.0 1052000
1723175611001 1.0 1056000
1723175624482 1.0 1060000
1723175637950 1.0 1064000
1723175652500 1.0 1068000
1723175666179 1.0 1072000
1723175679461 1.0 1076000
1723175693180 1.0 1080000
1723175706819 1.0 1084000
1723175720243 1.0 1088000
1723175733576 1.0 1092000
1723175747112 1.0 1096000
1723175760947 1.0 1100000
1723175773041 1.0 1104000
1723175786859 1.0 1108000
1723175800017 1.0 1112000
1723175813540 1.0 1116000
1723175827546 1.0 1120000
1723175841326 1.0 1124000
1723175853614 1.0 1128000
1723175867961 1.0 1132000
1723175881454 1.0 1136000
1723175895129 1.0 1140000
1723175908394 1.0 1144000
1723175922320 1.0 1148000
1723175936422 1.0 1152000
1723175950198 1.0 1156000
1723175963803 1.0 1160000
1723175977048 1.0 1164000
1723175990401 1.0 1168000
1723176003926 1.0 1172000
1723176017039 1.0 1176000
1723176030418 1.0 1180000
1723176044310 1.0 1184000
1723176058751 1.0 1188000
1723176072098 1.0 1192000
1723176085194 1.0 1196000
1723176099017 1.0 1200000
1723176112919 1.0 1204000
1723176126615 1.0 1208000
1723176139925 1.0 1212000
1723176154390 1.0 1216000
1723176168359 1.0 1220000
1723176182093 1.0 1224000
1723176195796 1.0 1228000
1723176208972 1.0 1232000
1723176222131 1.0 1236000
1723176235991 1.0 1240000
1723176249500 1.0 1244000
1723176262282 1.0 1248000
1723176274749 1.0 1252000
1723176287930 1.0 1256000
1723176301044 1.0 1260000
1723176314446 1.0 1264000
1723176327835 1.0 1268000
1723176341103 1.0 1272000
1723176355021 1.0 1276000
1723176368860 1.0 1280000
1723176383261 1.0 1284000
1723176395444 1.0 1288000
1723176408630 1.0 1292000
1723176422028 1.0 1296000
1723176435137 1.0 1300000
1723176448864 1.0 1304000
1723176462096 1.0 1308000
1723176475835 1.0 1312000
1723176490002 1.0 1316000
1723176502692 1.0 1320000
1723176516075 1.0 1324000
1723176530375 1.0 1328000
1723176544809 1.0 1332000
1723176558100 1.0 1336000
1723176572078 1.0 1340000
1723176585599 1.0 1344000
1723176599524 1.0 1348000
1723176613458 1.0 1352000
1723176627181 1.0 1356000
1723176640610 1.0 1360000
1723176654095 1.0 1364000
1723176667815 1.0 1368000
1723176681384 1.0 1372000
1723176694948 1.0 1376000
1723176708557 1.0 1380000
1723176721996 1.0 1384000
1723176735462 1.0 1388000
1723176748827 1.0 1392000
1723176762320 1.0 1396000
1723176776108 1.0 1400000
1723176789917 1.0 1404000
1723176803554 1.0 1408000
1723176816668 1.0 1412000
1723176830314 1.0 1416000
1723176844028 1.0 1420000
1723176857323 1.0 1424000
1723176871003 1.0 1428000
1723176884644 1.0 1432000
1723176898627 1.0 1436000
1723176912412 1.0 1440000
1723176926046 1.0 1444000
1723176939418 1.0 1448000
1723176952965 1.0 1452000
1723176966082 1.0 1456000
1723176979464 1.0 1460000
1723176992893 1.0 1464000
1723177006310 1.0 1468000
1723177019718 1.0 1472000
1723177033154 1.0 1476000
1723177046677 1.0 1480000
1723177060332 1.0 1484000
1723177074197 1.0 1488000
1723177088021 1.0 1492000
1723177101760 1.0 1496000
1723177115409 1.0 1500000
1723177129246 1.0 1504000
1723177143030 1.0 1508000
1723177156332 1.0 1512000
1723177169485 1.0 1516000
1723177183828 1.0 1520000
1723177197248 1.0 1524000
1723177210560 1.0 1528000
1723177223595 1.0 1532000
1723177236843 1.0 1536000
1723177250848 1.0 1540000
1723177264462 1.0 1544000
1723177278830 1.0 1548000
1723177292806 1.0 1552000
1723177306725 1.0 1556000
1723177320490 1.0 1560000
1723177334311 1.0 1564000
1723177347857 1.0 1568000
1723177361716 1.0 1572000
1723177375653 1.0 1576000
1723177389860 1.0 1580000
1723177403443 1.0 1584000
1723177416817 1.0 1588000
1723177430847 1.0 1592000
1723177444872 1.0 1596000
1723177458634 1.0 1600000
1723177472286 1.0 1604000
1723177486183 1.0 1608000
1723177499921 1.0 1612000
1723177513606 1.0 1616000
1723177527848 1.0 1620000
1723177541577 1.0 1624000
1723177555272 1.0 1628000
1723177569598 1.0 1632000
1723177583680 1.0 1636000
1723177597014 1.0 1640000
1723177610709 1.0 1644000
1723177624296 1.0 1648000
1723177637658 1.0 1652000
1723177651372 1.0 1656000
1723177664715 1.0 1660000
1723177678168 1.0 1664000
1723177691818 1.0 1668000
1723177705503 1.0 1672000
1723177718847 1.0 1676000
1723177732898 1.0 1680000
1723177746454 1.0 1684000
1723177759663 1.0 1688000
1723177773504 1.0 1692000
1723177787116 1.0 1696000
1723177800756 1.0 1700000
1723177813880 1.0 1704000
1723177827163 1.0 1708000
1723177840291 1.0 1712000
1723177854604 1.0 1716000
1723177868203 1.0 1720000
1723177881988 1.0 1724000
1723177895282 1.0 1728000
1723177908884 1.0 1732000
1723177921912 1.0 1736000
1723177934751 1.0 1740000
1723177948511 1.0 1744000
1723177962130 1.0 1748000
1723177975798 1.0 1752000
1723177990031 1.0 1756000
1723178003879 1.0 1760000
1723178017707 1.0 1764000
1723178031590 1.0 1768000
1723178045657 1.0 1772000
1723178058951 1.0 1776000
1723178073285 1.0 1780000
1723178087076 1.0 1784000
1723178100756 1.0 1788000
1723178114293 1.0 1792000
1723178127559 1.0 1796000
1723178141332 1.0 1800000
1723178155361 1.0 1804000
1723178170132 1.0 1808000
1723178183741 1.0 1812000
1723178197191 1.0 1816000
1723178210936 1.0 1820000
1723178224772 1.0 1824000
1723178238162 1.0 1828000
1723178251471 1.0 1832000
1723178265409 1.0 1836000
1723178279468 1.0 1840000
1723178293220 1.0 1844000
1723178306808 1.0 1848000
1723178320102 1.0 1852000
1723178334168 1.0 1856000
1723178347713 1.0 1860000
1723178361190 1.0 1864000
1723178374260 1.0 1868000
1723178387671 1.0 1872000
1723178401142 1.0 1876000
1723178414695 1.0 1880000
1723178427822 1.0 1884000
1723178441332 1.0 1888000
1723178454747 1.0 1892000
1723178468757 1.0 1896000
1723178482267 1.0 1900000
1723178495960 1.0 1904000
1723178510314 1.0 1908000
1723178524150 1.0 1912000
1723178537785 1.0 1916000
1723178551616 1.0 1920000
1723178565051 1.0 1924000
1723178578899 1.0 1928000
1723178592874 1.0 1932000
1723178606152 1.0 1936000
1723178619684 1.0 1940000
1723178633988 1.0 1944000
1723178647836 1.0 1948000
1723178661767 1.0 1952000
1723178676684 1.0 1956000
1723178690446 1.0 1960000
1723178704236 1.0 1964000
1723178717818 1.0 1968000
1723178731485 1.0 1972000
1723178744612 1.0 1976000
1723178758530 1.0 1980000
1723178772274 1.0 1984000
1723178786101 1.0 1988000
1723178799502 1.0 1992000
1723178813123 1.0 1996000
1723178826968 1.0 2000000
