1723171812008 0.0 4000
1723171825402 0.0 8000
1723171838129 0.0 12000
1723171851709 0.0 16000
1723171869877 0.0 20000
1723171886382 0.0 24000
1723171904800 0.0 28000
1723171922360 0.0 32000
1723171940873 0.0 36000
1723171958852 0.0 40000
1723171977153 0.0 44000
1723171994360 0.0 48000
1723172010911 0.0 52000
1723172029597 0.0 56000
1723172044705 0.0 60000
1723172058630 0.0 64000
1723172072261 0.0 68000
1723172086194 0.0 72000
1723172099947 0.0 76000
1723172113377 0.0 80000
1723172125965 0.0 84000
1723172139015 0.0 88000
1723172151503 0.0 92000
1723172163949 0.0 96000
1723172176694 0.0 100000
1723172189569 0.0 104000
1723172201775 0.0 108000
1723172214529 0.0 112000
1723172227386 0.0 116000
1723172240062 0.0 120000
1723172252871 0.0 124000
1723172265448 0.0 128000
1723172278093 0.0 132000
1723172290483 0.0 136000
1723172302973 0.0 140000
1723172315559 0.0 144000
1723172328066 0.0 148000
1723172340402 0.0 152000
1723172352975 0.0 156000
1723172365035 0.0 160000
1723172376888 0.0 164000
1723172389944 0.0 168000
1723172402550 0.0 172000
1723172414547 0.0 176000
1723172426738 0.0 180000
1723172439138 0.0 184000
1723172451793 0.0 188000
1723172465486 0.0 192000
1723172478489 0.0 196000
1723172494356 0.0 200000
1723172507715 0.0 204000
1723172524582 0.0 208000
1723172546647 0.0 212000
1723172563772 0.0 216000
1723172581129 0.0 220000
1723172598037 0.0 224000
1723172613404 0.0 228000
1723172628738 0.0 232000
1723172643966 0.0 236000
1723172659896 0.0 240000
1723172675711 0.0 244000
1723172692081 0.0 248000
1723172707041 0.0 252000
1723172721770 0.0 256000
1723172738249 0.0 260000
1723172756077 0.0 264000
1723172770958 0.0 268000
1723172785945 0.0 272000
1723172800861 0.0 276000
1723172815727 0.0 280000
1723172830391 0.0 284000
1723172844845 0.0 288000
1723172859227 0.0 292000
1723172874427 0.0 296000
1723172889248 0.0 300000
1723172903618 0.0 304000
1723172919752 0.0 308000
1723172934652 0.0 312000
1723172948485 0.0 316000
1723172963138 0.0 320000
1723172977687 0.0 324000
1723172992076 0.0 328000
1723173006890 0.0 332000
1723173022337 0.0 336000
1723173036717 0.0 340000
1723173051255 0.0 344000
1723173065633 0.0 348000
1723173080142 0.0 352000
1723173094677 0.0 356000
1723173109356 0.0 360000
1723173125455 0.0 364000
1723173140443 0.0 368000
1723173155545 0.0 372000
1723173171474 0.0 376000
1723173186350 0.0 380000
1723173201398 0.0 384000
1723173216042 0.0 388000
1723173230918 0.0 392000
1723173245582 0.0 396000
1723173259771 0.0 400000
1723173274574 0.0 404000
1723173289011 0.0 408000
1723173302824 0.0 412000
1723173317012 0.0 416000
1723173331008 0.0 420000
1723173344675 0.0 424000
1723173359302 0.0 428000
1723173374422 0.0 432000
1723173387992 0.0 436000
1723173401015 0.0 440000
1723173417251 0.0 444000
1723173434318 0.0 448000
1723173452243 0.0 452000
1723173472588 0.0 456000
1723173492582 0.0 460000
1723173511515 0.0 464000
1723173529311 0.0 468000
1723173544066 0.0 472000
1723173568040 0.0 476000
1723173585266 0.0 480000
1723173600831 0.0 484000
1723173616326 0.0 488000
1723173631704 0.0 492000
1723173646109 0.0 496000
1723173661917 0.0 500000
1723173679494 0.0 504000
1723173698913 0.0 508000
1723173715810 0.0 512000
1723173729800 0.0 516000
1723173741796 0.0 520000
1723173753957 0.0 524000
1723173766831 0.0 528000
1723173779459 0.0 532000
1723173796068 0.0 536000
1723173814571 0.0 540000
1723173834432 0.0 544000
1723173854997 0.0 548000
1723173868868 0.0 552000
1723173887108 0.0 556000
1723173903131 0.0 560000
1723173916560 0.0 564000
1723173942154 0.0 568000
1723173958435 0.0 572000
1723173972710 0.0 576000
1723173988032 0.0 580000
1723174003677 0.0 584000
1723174019184 0.0 588000
1723174033942 0.0 592000
1723174049915 0.0 596000
1723174064386 0.0 600000
1723174079843 0.0 604000
1723174093304 0.0 608000
1723174108852 0.0 612000
1723174123165 0.0 616000
1723174137169 0.0 620000
1723174150848 0.0 624000
1723174164458 0.0 628000
1723174177963 0.0 632000
1723174191269 0.0 636000
1723174205143 0.0 640000
1723174218528 0.0 644000
1723174231937 0.0 648000
1723174245355 0.0 652000
1723174258633 0.0 656000
1723174272669 0.0 660000
1723174285960 0.0 664000
1723174299331 0.0 668000
1723174312922 0.0 672000
1723174326381 0.0 676000
1723174340009 0.0 680000
1723174353375 0.0 684000
1723174366580 0.0 688000
1723174378992 0.0 692000
1723174392445 0.0 696000
1723174405822 0.0 700000
1723174419136 0.0 704000
1723174432509 0.0 708000
1723174445809 0.0 712000
1723174459080 0.0 716000
1723174471894 0.0 720000
1723174485448 0.0 724000
1723174499129 0.0 728000
1723174512457 0.0 732000
1723174525691 0.0 736000
1723174539721 0.0 740000
1723174553166 0.0 744000
1723174567092 0.0 748000
1723174580323 0.0 752000
1723174594375 0.0 756000
1723174607405 0.0 760000
1723174621186 0.0 764000
1723174634831 0.0 768000
1723174648331 0.0 772000
1723174661978 0.0 776000
1723174675916 0.0 780000
1723174689517 0.0 784000
1723174702846 0.0 788000
1723174716210 0.0 792000
1723174729997 0.0 796000
1723174743957 0.0 800000
1723174757091 0.0 804000
1723174770117 0.0 808000
1723174783185 0.0 812000
1723174796588 0.0 816000
1723174809818 0.0 820000
1723174823345 0.0 824000
1723174836663 0.0 828000
1723174850411 0.0 832000
1723174864111 0.0 836000
1723174877601 0.0 840000
1723174890643 0.0 844000
1723174904339 0.0 848000
1723174917507 0.0 852000
1723174930451 0.0 856000
1723174943636 0.0 860000
1723174957171 0.0 864000
1723174971264 0.0 868000
1723174984769 0.0 872000
1723174998227 0.0 876000
1723175011727 0.0 880000
1723175025595 0.0 884000
1723175038952 0.0 888000
1723175051945 0.0 892000
1723175065308 0.0 896000
1723175078855 0.0 900000
1723175091944 0.0 904000
1723175105028 0.0 908000
1723175118308 0.0 912000
1723175131917 0.0 916000
1723175145191 0.0 920000
1723175158639 0.0 924000
1723175172522 0.0 928000
1723175186535 0.0 932000
1723175200647 0.0 936000
1723175214850 0.0 940000
1723175228585 0.0 944000
1723175242152 0.0 948000
1723175255850 0.0 952000
1723175269317 0.0 956000
1723175283300 0.0 960000
1723175296908 0.0 964000
1723175310695 0.0 968000
1723175324563 0.0 972000
1723175338116 0.0 976000
1723175351466 0.0 980000
1723175364993 0.0 984000
1723175378233 0.0 988000
1723175392428 0.0 992000
1723175405960 0.0 996000
1723175419108 0.0 1000000
1723175432262 0.0 1004000
1723175445685 0.0 1008000
1723175459114 0.0 1012000
1723175472575 0.0 1016000
1723175487596 0.0 1020000
1723175501139 0.0 1024000
1723175514682 0.0 1028000
1723175528020 0.0 1032000
1723175541292 0.0 1036000
1723175555272 0.0 1040000
1723175569941 0.0 1044000
1723175583627 0.0 1048000
1723175597241 0.0 1052000
1723175611000 0.0 1056000
1723175624481 0.0 1060000
1723175637950 0.0 1064000
1723175652499 0.0 1068000
1723175666179 0.0 1072000
1723175679460 0.0 1076000
1723175693179 0.0 1080000
1723175706818 0.0 1084000
1723175720242 0.0 1088000
1723175733576 0.0 1092000
1723175747111 0.0 1096000
1723175760946 0.0 1100000
1723175773041 0.0 1104000
1723175786859 0.0 1108000
1723175800016 0.0 1112000
1723175813539 0.0 1116000
1723175827546 0.0 1120000
1723175841325 0.0 1124000
1723175853613 0.0 1128000
1723175867958 0.0 1132000
1723175881453 0.0 1136000
1723175895128 0.0 1140000
1723175908393 0.0 1144000
1723175922320 0.0 1148000
1723175936421 0.0 1152000
1723175950197 0.0 1156000
1723175963802 0.0 1160000
1723175977047 0.0 1164000
1723175990400 0.0 1168000
1723176003925 0.0 1172000
1723176017038 0.0 1176000
1723176030418 0.0 1180000
1723176044309 0.0 1184000
1723176058750 0.0 1188000
1723176072097 0.0 1192000
1723176085194 0.0 1196000
1723176099016 0.0 1200000
1723176112918 0.0 1204000
1723176126614 0.0 1208000
1723176139924 0.0 1212000
1723176154389 0.0 1216000
1723176168358 0.0 1220000
1723176182093 0.0 1224000
1723176195795 0.0 1228000
1723176208971 0.0 1232000
1723176222130 0.0 1236000
1723176235990 0.0 1240000
1723176249499 0.0 1244000
1723176262282 0.0 1248000
1723176274748 0.0 1252000
1723176287930 0.0 1256000
1723176301043 0.0 1260000
1723176314445 0.0 1264000
1723176327834 0.0 1268000
1723176341103 0.0 1272000
1723176355020 0.0 1276000
1723176368859 0.0 1280000
1723176383260 0.0 1284000
1723176395444 0.0 1288000
1723176408629 0.0 1292000
1723176422028 0.0 1296000
1723176435136 0.0 1300000
1723176448863 0.0 1304000
1723176462095 0.0 1308000
1723176475833 0.0 1312000
1723176490001 0.0 1316000
1723176502691 0.0 1320000
1723176516074 0.0 1324000
1723176530374 0.0 1328000
1723176544808 0.0 1332000
1723176558099 0.0 1336000
1723176572077 0.0 1340000
1723176585598 0.0 1344000
1723176599523 0.0 1348000
1723176613457 0.0 1352000
1723176627181 0.0 1356000
1723176640609 0.0 1360000
1723176654094 0.0 1364000
1723176667814 0.0 1368000
1723176681383 0.0 1372000
1723176694947 0.0 1376000
1723176708556 0.0 1380000
1723176721995 0.0 1384000
1723176735461 0.0 1388000
1723176748826 0.0 1392000
1723176762319 0.0 1396000
1723176776107 0.0 1400000
1723176789917 0.0 1404000
1723176803553 0.0 1408000
1723176816667 0.0 1412000
1723176830314 0.0 1416000
1723176844027 0.0 1420000
1723176857323 0.0 1424000
1723176871002 0.0 1428000
1723176884643 0.0 1432000
1723176898626 0.0 1436000
1723176912411 0.0 1440000
1723176926045 0.0 1444000
1723176939418 0.0 1448000
1723176952965 0.0 1452000
1723176966081 0.0 1456000
1723176979463 0.0 1460000
1723176992893 0.0 1464000
1723177006310 0.0 1468000
1723177019717 0.0 1472000
1723177033153 0.0 1476000
1723177046676 0.0 1480000
1723177060331 0.0 1484000
1723177074196 0.0 1488000
1723177088020 0.0 1492000
1723177101759 0.0 1496000
1723177115408 0.0 1500000
1723177129245 0.0 1504000
1723177143029 0.0 1508000
1723177156331 0.0 1512000
1723177169484 0.0 1516000
1723177183828 0.0 1520000
1723177197247 0.0 1524000
1723177210559 0.0 1528000
1723177223595 0.0 1532000
1723177236842 0.0 1536000
1723177250847 0.0 1540000
1723177264461 0.0 1544000
1723177278830 0.0 1548000
1723177292805 0.0 1552000
1723177306724 0.0 1556000
1723177320489 0.0 1560000
1723177334310 0.0 1564000
1723177347856 0.0 1568000
1723177361715 0.0 1572000
1723177375653 0.0 1576000
1723177389859 0.0 1580000
1723177403442 0.0 1584000
1723177416816 0.0 1588000
1723177430846 0.0 1592000
1723177444871 0.0 1596000
1723177458633 0.0 1600000
1723177472285 0.0 1604000
1723177486182 0.0 1608000
1723177499920 0.0 1612000
1723177513605 0.0 1616000
1723177527847 0.0 1620000
1723177541577 0.0 1624000
1723177555272 0.0 1628000
1723177569598 0.0 1632000
1723177583680 0.0 1636000
1723177597014 0.0 1640000
1723177610709 0.0 1644000
1723177624295 0.0 1648000
1723177637657 0.0 1652000
1723177651371 0.0 1656000
1723177664714 0.0 1660000
1723177678167 0.0 1664000
1723177691817 0.0 1668000
1723177705502 0.0 1672000
1723177718846 0.0 1676000
1723177732898 0.0 1680000
1723177746453 0.0 1684000
1723177759663 0.0 1688000
1723177773503 0.0 1692000
1723177787115 0.0 1696000
1723177800756 0.0 1700000
1723177813879 0.0 1704000
1723177827162 0.0 1708000
1723177840290 0.0 1712000
1723177854603 0.0 1716000
1723177868202 0.0 1720000
1723177881987 0.0 1724000
1723177895281 0.0 1728000
1723177908883 0.0 1732000
1723177921911 0.0 1736000
1723177934750 0.0 1740000
1723177948511 0.0 1744000
1723177962129 0.0 1748000
1723177975797 0.0 1752000
1723177990030 0.0 1756000
1723178003879 0.0 1760000
1723178017706 0.0 1764000
1723178031589 0.0 1768000
1723178045656 0.0 1772000
1723178058951 0.0 1776000
1723178073284 0.0 1780000
1723178087075 0.0 1784000
1723178100755 0.0 1788000
1723178114292 0.0 1792000
1723178127558 0.0 1796000
1723178141332 0.0 1800000
1723178155360 0.0 1804000
1723178170132 0.0 1808000
1723178183740 0.0 1812000
1723178197190 0.0 1816000
1723178210935 0.0 1820000
1723178224771 0.0 1824000
1723178238161 0.0 1828000
1723178251470 0.0 1832000
1723178265408 0.0 1836000
1723178279467 0.0 1840000
1723178293219 0.0 1844000
1723178306807 0.0 1848000
1723178320102 0.0 1852000
1723178334167 0.0 1856000
1723178347712 0.0 1860000
1723178361189 0.0 1864000
1723178374259 0.0 1868000
1723178387670 0.0 1872000
1723178401141 0.0 1876000
1723178414695 0.0 1880000
1723178427821 0.0 1884000
1723178441331 0.0 1888000
1723178454746 0.0 1892000
1723178468757 0.0 1896000
1723178482266 0.0 1900000
1723178495959 0.0 1904000
1723178510313 0.0 1908000
1723178524149 0.0 1912000
1723178537784 0.0 1916000
1723178551615 0.0 1920000
1723178565051 0.0 1924000
1723178578898 0.0 1928000
1723178592873 0.0 1932000
1723178606151 0.0 1936000
1723178619683 0.0 1940000
1723178633987 0.0 1944000
1723178647836 0.0 1948000
1723178661766 0.0 1952000
1723178676683 0.0 1956000
1723178690445 0.0 1960000
1723178704236 0.0 1964000
1723178717817 0.0 1968000
1723178731484 0.0 1972000
1723178744612 0.0 1976000
1723178758529 0.0 1980000
1723178772273 0.0 1984000
1723178786100 0.0 1988000
1723178799501 0.0 1992000
1723178813122 0.0 1996000
1723178826967 0.0 2000000
