1723171812029 0.0 4000
1723171825419 0.0 8000
1723171838145 0.0 12000
1723171851725 0.0 16000
1723171869895 0.0 20000
1723171886398 0.0 24000
1723171904829 0.0 28000
1723171922376 0.0 32000
1723171940892 0.0 36000
1723171958871 0.0 40000
1723171977174 0.0 44000
1723171994376 0.0 48000
1723172010930 0.0 52000
1723172029628 0.0 56000
1723172044722 0.0 60000
1723172058646 0.0 64000
1723172072282 0.0 68000
1723172086210 0.0 72000
1723172099964 0.0 76000
1723172113395 0.0 80000
1723172125981 0.0 84000
1723172139031 0.0 88000
1723172151519 0.0 92000
1723172163965 0.0 96000
1723172176710 0.0 100000
1723172189585 0.0 104000
1723172201792 0.0 108000
1723172214545 0.0 112000
1723172227402 0.0 116000
1723172240078 0.0 120000
1723172252887 0.0 124000
1723172265465 0.0 128000
1723172278110 0.0 132000
1723172290501 0.0 136000
1723172302990 0.0 140000
1723172315575 0.0 144000
1723172328084 0.0 148000
1723172340418 0.0 152000
1723172352991 0.0 156000
1723172365052 0.0 160000
1723172376904 0.0 164000
1723172389960 0.0 168000
1723172402567 0.0 172000
1723172414563 0.0 176000
1723172426754 0.0 180000
1723172439154 0.0 184000
1723172451811 0.0 188000
1723172465503 0.0 192000
1723172478505 0.0 196000
1723172494372 0.0 200000
1723172507731 0.0 204000
1723172524602 0.0 208000
1723172546665 0.0 212000
1723172563792 0.0 216000
1723172581148 0.0 220000
1723172598057 0.0 224000
1723172613421 0.0 228000
1723172628754 0.0 232000
1723172643983 0.0 236000
1723172659913 0.0 240000
1723172675744 0.0 244000
1723172692101 0.0 248000
1723172707058 0.0 252000
1723172721787 0.0 256000
1723172738267 0.0 260000
1723172756095 0.0 264000
1723172770975 0.0 268000
1723172785961 0.0 272000
1723172800878 0.0 276000
1723172815743 0.0 280000
1723172830409 0.0 284000
1723172844861 0.0 288000
1723172859243 0.0 292000
1723172874446 0.0 296000
1723172889264 0.0 300000
1723172903635 0.0 304000
1723172919768 0.0 308000
1723172934668 0.0 312000
1723172948501 0.0 316000
1723172963155 0.0 320000
1723172977704 0.0 324000
1723172992093 0.0 328000
1723173006913 0.0 332000
1723173022353 0.0 336000
1723173036733 0.0 340000
1723173051272 0.0 344000
1723173065652 0.0 348000
1723173080158 0.0 352000
1723173094694 0.0 356000
1723173109373 0.0 360000
1723173125472 0.0 364000
1723173140460 0.0 368000
1723173155580 0.0 372000
1723173171491 0.0 376000
1723173186366 0.0 380000
1723173201414 0.0 384000
1723173216058 0.0 388000
1723173230935 0.0 392000
1723173245599 0.0 396000
1723173259788 0.0 400000
1723173274590 0.0 404000
1723173289027 0.0 408000
1723173302840 0.0 412000
1723173317029 0.0 416000
1723173331024 0.0 420000
1723173344691 0.0 424000
1723173359319 0.0 428000
1723173374439 0.0 432000
1723173388008 0.0 436000
1723173401032 0.0 440000
1723173417268 0.0 444000
1723173434337 0.0 448000
1723173452263 0.0 452000
1723173472605 0.0 456000
1723173492599 0.0 460000
1723173511531 0.0 464000
1723173529329 0.0 468000
1723173544083 0.0 472000
1723173568058 0.0 476000
1723173585283 0.0 480000
1723173600847 0.0 484000
1723173616342 0.0 488000
1723173631721 0.0 492000
1723173646143 0.0 496000
1723173661958 0.0 500000
1723173679512 0.0 504000
1723173698936 0.0 508000
1723173715828 0.0 512000
1723173729817 0.0 516000
1723173741813 0.0 520000
1723173753973 0.0 524000
1723173766847 0.0 528000
1723173779475 0.0 532000
1723173796084 0.0 536000
1723173814590 0.0 540000
1723173834451 0.0 544000
1723173855015 0.0 548000
1723173868887 0.0 552000
1723173887127 0.0 556000
1723173903147 0.0 560000
1723173916577 0.0 564000
1723173942185 0.0 568000
1723173958453 0.0 572000
1723173972728 0.0 576000
1723173988049 0.0 580000
1723174003693 0.0 584000
1723174019200 0.0 588000
1723174033960 0.0 592000
1723174049933 0.0 596000
1723174064406 0.0 600000
1723174079861 0.0 604000
1723174093327 0.0 608000
1723174108877 0.0 612000
1723174123185 0.0 616000
1723174137186 0.0 620000
1723174150865 0.0 624000
1723174164476 0.0 628000
1723174177981 0.0 632000
1723174191287 0.0 636000
1723174205161 0.0 640000
1723174218545 0.0 644000
1723174231954 0.0 648000
1723174245372 0.0 652000
1723174258651 0.0 656000
1723174272693 0.0 660000
1723174285977 0.0 664000
1723174299348 0.0 668000
1723174312940 0.0 672000
1723174326398 0.0 676000
1723174340028 0.0 680000
1723174353392 0.0 684000
1723174366599 0.0 688000
1723174379009 0.0 692000
1723174392462 0.0 696000
1723174405839 0.0 700000
1723174419153 0.0 704000
1723174432527 0.0 708000
1723174445828 0.0 712000
1723174459098 0.0 716000
1723174471910 0.0 720000
1723174485465 0.0 724000
1723174499146 0.0 728000
1723174512475 0.0 732000
1723174525709 0.0 736000
1723174539737 0.0 740000
1723174553184 0.0 744000
1723174567110 0.0 748000
1723174580341 0.0 752000
1723174594391 0.0 756000
1723174607424 0.0 760000
1723174621202 0.0 764000
1723174634848 0.0 768000
1723174648352 0.0 772000
1723174661998 0.0 776000
1723174675935 0.0 780000
1723174689536 0.0 784000
1723174702863 0.0 788000
1723174716230 0.0 792000
1723174730015 0.0 796000
1723174743975 0.0 800000
1723174757109 0.0 804000
1723174770135 0.0 808000
1723174783203 0.0 812000
1723174796605 0.0 816000
1723174809836 0.0 820000
1723174823363 0.0 824000
1723174836680 0.0 828000
1723174850430 0.0 832000
1723174864129 0.0 836000
1723174877618 0.0 840000
1723174890666 0.0 844000
1723174904358 0.0 848000
1723174917535 0.0 852000
1723174930472 0.0 856000
1723174943654 0.0 860000
1723174957189 0.0 864000
1723174971282 0.0 868000
1723174984787 0.0 872000
1723174998254 0.0 876000
1723175011744 0.0 880000
1723175025613 0.0 884000
1723175038970 0.0 888000
1723175051963 0.0 892000
1723175065330 0.0 896000
1723175078873 0.0 900000
1723175091962 0.0 904000
1723175105047 0.0 908000
1723175118326 0.0 912000
1723175131934 0.0 916000
1723175145211 0.0 920000
1723175158656 0.0 924000
1723175172540 0.0 928000
1723175186551 0.0 932000
1723175200664 0.0 936000
1723175214868 0.0 940000
1723175228603 0.0 944000
1723175242170 0.0 948000
1723175255869 0.0 952000
1723175269335 0.0 956000
1723175283316 0.0 960000
1723175296926 0.0 964000
1723175310713 0.0 968000
1723175324581 0.0 972000
1723175338133 0.0 976000
1723175351484 0.0 980000
1723175365015 0.0 984000
1723175378250 0.0 988000
1723175392447 0.0 992000
1723175405979 0.0 996000
1723175419126 0.0 1000000
1723175432279 0.0 1004000
1723175445702 0.0 1008000
1723175459132 0.0 1012000
1723175472593 0.0 1016000
1723175487614 0.0 1020000
1723175501155 0.0 1024000
1723175514702 0.0 1028000
1723175528038 0.0 1032000
1723175541309 0.0 1036000
1723175555294 0.0 1040000
1723175569961 0.0 1044000
1723175583646 0.0 1048000
1723175597265 0.0 1052000
1723175611019 0.0 1056000
1723175624506 0.0 1060000
1723175637967 0.0 1064000
1723175652517 0.0 1068000
1723175666196 0.0 1072000
1723175679478 0.0 1076000
1723175693197 0.0 1080000
1723175706838 0.0 1084000
1723175720262 0.0 1088000
1723175733593 0.0 1092000
1723175747127 0.0 1096000
1723175760963 0.0 1100000
1723175773060 0.0 1104000
1723175786892 0.0 1108000
1723175800035 0.0 1112000
1723175813561 0.0 1116000
1723175827565 0.0 1120000
1723175841342 0.0 1124000
1723175853633 0.0 1128000
1723175867987 0.0 1132000
1723175881474 0.0 1136000
1723175895147 0.0 1140000
1723175908412 0.0 1144000
1723175922341 0.0 1148000
1723175936439 0.0 1152000
1723175950216 0.0 1156000
1723175963826 0.0 1160000
1723175977072 0.0 1164000
1723175990418 0.0 1168000
1723176003943 0.0 1172000
1723176017056 0.0 1176000
1723176030435 0.0 1180000
1723176044326 0.0 1184000
1723176058770 0.0 1188000
1723176072131 0.0 1192000
1723176085210 0.0 1196000
1723176099066 0.0 1200000
1723176112935 0.0 1204000
1723176126633 0.0 1208000
1723176139943 0.0 1212000
1723176154412 0.0 1216000
1723176168376 0.0 1220000
1723176182110 0.0 1224000
1723176195813 0.0 1228000
1723176208989 0.0 1232000
1723176222148 0.0 1236000
1723176236010 0.0 1240000
1723176249517 0.0 1244000
1723176262311 0.0 1248000
1723176274765 0.0 1252000
1723176287948 0.0 1256000
1723176301061 0.0 1260000
1723176314466 0.0 1264000
1723176327851 0.0 1268000
1723176341120 0.0 1272000
1723176355039 0.0 1276000
1723176368878 0.0 1280000
1723176383280 0.0 1284000
1723176395466 0.0 1288000
1723176408649 0.0 1292000
1723176422047 0.0 1296000
1723176435154 0.0 1300000
1723176448884 0.0 1304000
1723176462113 0.0 1308000
1723176475855 0.0 1312000
1723176490025 0.0 1316000
1723176502709 0.0 1320000
1723176516092 0.0 1324000
1723176530393 0.0 1328000
1723176544827 0.0 1332000
1723176558128 0.0 1336000
1723176572095 0.0 1340000
1723176585618 0.0 1344000
1723176599541 0.0 1348000
1723176613475 0.0 1352000
1723176627198 0.0 1356000
1723176640627 0.0 1360000
1723176654113 0.0 1364000
1723176667831 0.0 1368000
1723176681401 0.0 1372000
1723176694966 0.0 1376000
1723176708575 0.0 1380000
1723176722013 0.0 1384000
1723176735478 0.0 1388000
1723176748844 0.0 1392000
1723176762337 0.0 1396000
1723176776125 0.0 1400000
1723176789934 0.0 1404000
1723176803573 0.0 1408000
1723176816684 0.0 1412000
1723176830331 0.0 1416000
1723176844044 0.0 1420000
1723176857340 0.0 1424000
1723176871020 0.0 1428000
1723176884661 0.0 1432000
1723176898649 0.0 1436000
1723176912429 0.0 1440000
1723176926063 0.0 1444000
1723176939435 0.0 1448000
1723176952983 0.0 1452000
1723176966099 0.0 1456000
1723176979482 0.0 1460000
1723176992911 0.0 1464000
1723177006328 0.0 1468000
1723177019735 0.0 1472000
1723177033171 0.0 1476000
1723177046694 0.0 1480000
1723177060354 0.0 1484000
1723177074214 0.0 1488000
1723177088038 0.0 1492000
1723177101778 0.0 1496000
1723177115426 0.0 1500000
1723177129263 0.0 1504000
1723177143048 0.0 1508000
1723177156349 0.0 1512000
1723177169502 0.0 1516000
1723177183846 0.0 1520000
1723177197272 0.0 1524000
1723177210580 0.0 1528000
1723177223613 0.0 1532000
1723177236861 0.0 1536000
1723177250865 0.0 1540000
1723177264479 0.0 1544000
1723177278848 0.0 1548000
1723177292826 0.0 1552000
1723177306742 0.0 1556000
1723177320507 0.0 1560000
1723177334328 0.0 1564000
1723177347875 0.0 1568000
1723177361733 0.0 1572000
1723177375672 0.0 1576000
1723177389877 0.0 1580000
1723177403461 0.0 1584000
1723177416834 0.0 1588000
1723177430865 0.0 1592000
1723177444890 0.0 1596000
1723177458651 0.0 1600000
1723177472303 0.0 1604000
1723177486199 0.0 1608000
1723177499938 0.0 1612000
1723177513623 0.0 1616000
1723177527865 0.0 1620000
1723177541595 0.0 1624000
1723177555290 0.0 1628000
1723177569616 0.0 1632000
1723177583697 0.0 1636000
1723177597032 0.0 1640000
1723177610726 0.0 1644000
1723177624314 0.0 1648000
1723177637674 0.0 1652000
1723177651391 0.0 1656000
1723177664734 0.0 1660000
1723177678189 0.0 1664000
1723177691836 0.0 1668000
1723177705520 0.0 1672000
1723177718864 0.0 1676000
1723177732915 0.0 1680000
1723177746470 0.0 1684000
1723177759681 0.0 1688000
1723177773521 0.0 1692000
1723177787133 0.0 1696000
1723177800775 0.0 1700000
1723177813896 0.0 1704000
1723177827186 0.0 1708000
1723177840309 0.0 1712000
1723177854621 0.0 1716000
1723177868219 0.0 1720000
1723177882005 0.0 1724000
1723177895299 0.0 1728000
1723177908900 0.0 1732000
1723177921930 0.0 1736000
1723177934768 0.0 1740000
1723177948529 0.0 1744000
1723177962146 0.0 1748000
1723177975814 0.0 1752000
1723177990048 0.0 1756000
1723178003897 0.0 1760000
1723178017725 0.0 1764000
1723178031607 0.0 1768000
1723178045675 0.0 1772000
1723178058987 0.0 1776000
1723178073304 0.0 1780000
1723178087093 0.0 1784000
1723178100774 0.0 1788000
1723178114311 0.0 1792000
1723178127578 0.0 1796000
1723178141349 0.0 1800000
1723178155379 0.0 1804000
1723178170149 0.0 1808000
1723178183759 0.0 1812000
1723178197208 0.0 1816000
1723178210952 0.0 1820000
1723178224789 0.0 1824000
1723178238180 0.0 1828000
1723178251488 0.0 1832000
1723178265426 0.0 1836000
1723178279488 0.0 1840000
1723178293237 0.0 1844000
1723178306825 0.0 1848000
1723178320119 0.0 1852000
1723178334189 0.0 1856000
1723178347730 0.0 1860000
1723178361210 0.0 1864000
1723178374277 0.0 1868000
1723178387688 0.0 1872000
1723178401159 0.0 1876000
1723178414711 0.0 1880000
1723178427839 0.0 1884000
1723178441351 0.0 1888000
1723178454764 0.0 1892000
1723178468774 0.0 1896000
1723178482284 0.0 1900000
1723178495977 0.0 1904000
1723178510332 0.0 1908000
1723178524168 0.0 1912000
1723178537803 0.0 1916000
1723178551633 0.0 1920000
1723178565068 0.0 1924000
1723178578917 0.0 1928000
1723178592891 0.0 1932000
1723178606171 0.0 1936000
1723178619702 0.0 1940000
1723178634004 0.0 1944000
1723178647853 0.0 1948000
1723178661783 0.0 1952000
1723178676700 0.0 1956000
1723178690463 0.0 1960000
1723178704253 0.0 1964000
1723178717835 0.0 1968000
1723178731502 0.0 1972000
1723178744629 0.0 1976000
1723178758552 0.0 1980000
1723178772292 0.0 1984000
1723178786120 0.0 1988000
1723178799519 0.0 1992000
1723178813145 0.0 1996000
1723178826988 0.0 2000000
