1723171812017 0.99 4000
1723171825409 0.99 8000
1723171838135 0.99 12000
1723171851716 0.99 16000
1723171869884 0.99 20000
1723171886388 0.99 24000
1723171904811 0.99 28000
1723171922367 0.99 32000
1723171940881 0.99 36000
1723171958860 0.99 40000
1723171977161 0.99 44000
1723171994367 0.99 48000
1723172010919 0.99 52000
1723172029611 0.99 56000
1723172044712 0.99 60000
1723172058636 0.99 64000
1723172072271 0.99 68000
1723172086200 0.99 72000
1723172099954 0.99 76000
1723172113384 0.99 80000
1723172125972 0.99 84000
1723172139021 0.99 88000
1723172151510 0.99 92000
1723172163955 0.99 96000
1723172176700 0.99 100000
1723172189576 0.99 104000
1723172201782 0.99 108000
1723172214536 0.99 112000
1723172227393 0.99 116000
1723172240069 0.99 120000
1723172252878 0.99 124000
1723172265455 0.99 128000
1723172278099 0.99 132000
1723172290490 0.99 136000
1723172302980 0.99 140000
1723172315566 0.99 144000
1723172328074 0.99 148000
1723172340408 0.99 152000
1723172352982 0.99 156000
1723172365042 0.99 160000
1723172376894 0.99 164000
1723172389950 0.99 168000
1723172402556 0.99 172000
1723172414553 0.99 176000
1723172426745 0.99 180000
1723172439145 0.99 184000
1723172451801 0.99 188000
1723172465493 0.99 192000
1723172478495 0.99 196000
1723172494362 0.99 200000
1723172507722 0.99 204000
1723172524589 0.99 208000
1723172546655 0.99 212000
1723172563780 0.99 216000
1723172581136 0.99 220000
1723172598045 0.99 224000
1723172613411 0.99 228000
1723172628745 0.99 232000
1723172643972 0.99 236000
1723172659903 0.99 240000
1723172675727 0.99 244000
1723172692088 0.99 248000
1723172707047 0.99 252000
1723172721777 0.99 256000
1723172738256 0.99 260000
1723172756084 0.99 264000
1723172770965 0.99 268000
1723172785951 0.99 272000
1723172800868 0.99 276000
1723172815733 0.99 280000
1723172830397 0.99 284000
1723172844851 0.99 288000
1723172859234 0.99 292000
1723172874435 0.99 296000
1723172889254 0.99 300000
1723172903625 0.99 304000
1723172919758 0.99 308000
1723172934658 0.99 312000
1723172948491 0.99 316000
1723172963145 0.99 320000
1723172977693 0.99 324000
1723172992083 0.99 328000
1723173006896 0.99 332000
1723173022344 0.99 336000
1723173036724 0.99 340000
1723173051262 0.99 344000
1723173065642 0.99 348000
1723173080148 0.99 352000
1723173094684 0.99 356000
1723173109363 0.99 360000
1723173125462 0.99 364000
1723173140450 0.99 368000
1723173155560 0.99 372000
1723173171480 0.99 376000
1723173186357 0.99 380000
1723173201404 0.99 384000
1723173216048 0.99 388000
1723173230925 0.99 392000
1723173245589 0.99 396000
1723173259778 0.99 400000
1723173274580 0.99 404000
1723173289017 0.99 408000
1723173302830 0.99 412000
1723173317018 0.99 416000
1723173331014 0.99 420000
1723173344681 0.99 424000
1723173359309 0.99 428000
1723173374429 0.99 432000
1723173387998 0.99 436000
1723173401021 0.99 440000
1723173417258 0.99 444000
1723173434325 0.99 448000
1723173452251 0.99 452000
1723173472596 0.99 456000
1723173492589 0.99 460000
1723173511522 0.99 464000
1723173529318 0.99 468000
1723173544073 0.99 472000
1723173568047 0.99 476000
1723173585273 0.99 480000
1723173600837 0.99 484000
1723173616332 0.99 488000
1723173631710 0.99 492000
1723173646127 0.99 496000
1723173661947 0.99 500000
1723173679502 0.99 504000
1723173698925 0.99 508000
1723173715817 0.99 512000
1723173729806 0.99 516000
1723173741802 0.99 520000
1723173753963 0.99 524000
1723173766837 0.99 528000
1723173779465 0.99 532000
1723173796074 0.99 536000
1723173814579 0.99 540000
1723173834439 0.99 544000
1723173855004 0.99 548000
1723173868876 0.99 552000
1723173887116 0.99 556000
1723173903138 0.99 560000
1723173916567 0.99 564000
1723173942166 0.99 568000
1723173958442 0.99 572000
1723173972718 0.99 576000
1723173988039 0.99 580000
1723174003683 0.99 584000
1723174019190 0.99 588000
1723174033949 0.99 592000
1723174049922 0.99 596000
1723174064393 0.99 600000
1723174079850 0.99 604000
1723174093313 0.99 608000
1723174108859 0.99 612000
1723174123172 0.99 616000
1723174137176 0.99 620000
1723174150854 0.99 624000
1723174164465 0.99 628000
1723174177970 0.99 632000
1723174191276 0.99 636000
1723174205151 0.99 640000
1723174218535 0.99 644000
1723174231943 0.99 648000
1723174245362 0.99 652000
1723174258640 0.99 656000
1723174272679 0.99 660000
1723174285967 0.99 664000
1723174299338 0.99 668000
1723174312929 0.99 672000
1723174326387 0.99 676000
1723174340017 0.99 680000
1723174353382 0.99 684000
1723174366587 0.99 688000
1723174378999 0.99 692000
1723174392452 0.99 696000
1723174405829 0.99 700000
1723174419142 0.99 704000
1723174432516 0.99 708000
1723174445817 0.99 712000
1723174459087 0.99 716000
1723174471900 0.99 720000
1723174485455 0.99 724000
1723174499136 0.99 728000
1723174512464 0.99 732000
1723174525698 0.99 736000
1723174539728 0.99 740000
1723174553173 0.99 744000
1723174567100 0.99 748000
1723174580330 0.99 752000
1723174594381 0.99 756000
1723174607412 0.99 760000
1723174621192 0.99 764000
1723174634838 0.99 768000
1723174648341 0.99 772000
1723174661987 0.99 776000
1723174675923 0.99 780000
1723174689526 0.99 784000
1723174702853 0.99 788000
1723174716217 0.99 792000
1723174730004 0.99 796000
1723174743964 0.99 800000
1723174757098 0.99 804000
1723174770124 0.99 808000
1723174783192 0.99 812000
1723174796594 0.99 816000
1723174809825 0.99 820000
1723174823352 0.99 824000
1723174836670 0.99 828000
1723174850418 0.99 832000
1723174864118 0.99 836000
1723174877608 0.99 840000
1723174890651 0.99 844000
1723174904346 0.99 848000
1723174917525 0.99 852000
1723174930462 0.99 856000
1723174943643 0.99 860000
1723174957178 0.99 864000
1723174971271 0.99 868000
1723174984776 0.99 872000
1723174998236 0.99 876000
1723175011734 0.99 880000
1723175025602 0.99 884000
1723175038959 0.99 888000
1723175051952 0.99 892000
1723175065316 0.99 896000
1723175078863 0.99 900000
1723175091951 0.99 904000
1723175105036 0.99 908000
1723175118315 0.99 912000
1723175131924 0.99 916000
1723175145198 0.99 920000
1723175158645 0.99 924000
1723175172530 0.99 928000
1723175186541 0.99 932000
1723175200654 0.99 936000
1723175214857 0.99 940000
1723175228592 0.99 944000
1723175242159 0.99 948000
1723175255858 0.99 952000
1723175269324 0.99 956000
1723175283306 0.99 960000
1723175296915 0.99 964000
1723175310703 0.99 968000
1723175324570 0.99 972000
1723175338123 0.99 976000
1723175351474 0.99 980000
1723175365005 0.99 984000
1723175378240 0.99 988000
1723175392435 0.99 992000
1723175405967 0.99 996000
1723175419115 0.99 1000000
1723175432269 0.99 1004000
1723175445692 0.99 1008000
1723175459121 0.99 1012000
1723175472582 0.99 1016000
1723175487603 0.99 1020000
1723175501145 0.99 1024000
1723175514690 0.99 1028000
1723175528027 0.99 1032000
1723175541299 0.99 1036000
1723175555280 0.99 1040000
1723175569950 0.99 1044000
1723175583634 0.99 1048000
1723175597254 0.99 1052000
1723175611008 0.99 1056000
1723175624494 0.99 1060000
1723175637956 0.99 1064000
1723175652506 0.99 1068000
1723175666186 0.99 1072000
1723175679467 0.99 1076000
1723175693186 0.99 1080000
1723175706826 0.99 1084000
1723175720249 0.99 1088000
1723175733582 0.99 1092000
1723175747117 0.99 1096000
1723175760953 0.99 1100000
1723175773048 0.99 1104000
1723175786869 0.99 1108000
1723175800023 0.99 1112000
1723175813548 0.99 1116000
1723175827553 0.99 1120000
1723175841332 0.99 1124000
1723175853621 0.99 1128000
1723175867976 0.99 1132000
1723175881462 0.99 1136000
1723175895136 0.99 1140000
1723175908401 0.99 1144000
1723175922327 0.99 1148000
1723175936428 0.99 1152000
1723175950205 0.99 1156000
1723175963811 0.99 1160000
1723175977060 0.99 1164000
1723175990407 0.99 1168000
1723176003932 0.99 1172000
1723176017045 0.99 1176000
1723176030425 0.99 1180000
1723176044315 0.99 1184000
1723176058759 0.99 1188000
1723176072111 0.99 1192000
1723176085200 0.99 1196000
1723176099023 0.99 1200000
1723176112925 0.99 1204000
1723176126622 0.99 1208000
1723176139931 0.99 1212000
1723176154397 0.99 1216000
1723176168365 0.99 1220000
1723176182100 0.99 1224000
1723176195802 0.99 1228000
1723176208979 0.99 1232000
1723176222138 0.99 1236000
1723176235997 0.99 1240000
1723176249506 0.99 1244000
1723176262289 0.99 1248000
1723176274755 0.99 1252000
1723176287937 0.99 1256000
1723176301050 0.99 1260000
1723176314453 0.99 1264000
1723176327841 0.99 1268000
1723176341109 0.99 1272000
1723176355028 0.99 1276000
1723176368866 0.99 1280000
1723176383269 0.99 1284000
1723176395452 0.99 1288000
1723176408636 0.99 1292000
1723176422036 0.99 1296000
1723176435143 0.99 1300000
1723176448872 0.99 1304000
1723176462103 0.99 1308000
1723176475842 0.99 1312000
1723176490010 0.99 1316000
1723176502699 0.99 1320000
1723176516081 0.99 1324000
1723176530381 0.99 1328000
1723176544816 0.99 1332000
1723176558116 0.99 1336000
1723176572085 0.99 1340000
1723176585605 0.99 1344000
1723176599530 0.99 1348000
1723176613464 0.99 1352000
1723176627187 0.99 1356000
1723176640617 0.99 1360000
1723176654102 0.99 1364000
1723176667821 0.99 1368000
1723176681390 0.99 1372000
1723176694954 0.99 1376000
1723176708564 0.99 1380000
1723176722002 0.99 1384000
1723176735468 0.99 1388000
1723176748833 0.99 1392000
1723176762326 0.99 1396000
1723176776114 0.99 1400000
1723176789924 0.99 1404000
1723176803562 0.99 1408000
1723176816674 0.99 1412000
1723176830321 0.99 1416000
1723176844033 0.99 1420000
1723176857330 0.99 1424000
1723176871009 0.99 1428000
1723176884650 0.99 1432000
1723176898635 0.99 1436000
1723176912418 0.99 1440000
1723176926053 0.99 1444000
1723176939425 0.99 1448000
1723176952972 0.99 1452000
1723176966088 0.99 1456000
1723176979470 0.99 1460000
1723176992901 0.99 1464000
1723177006317 0.99 1468000
1723177019725 0.99 1472000
1723177033160 0.99 1476000
1723177046684 0.99 1480000
1723177060339 0.99 1484000
1723177074203 0.99 1488000
1723177088027 0.99 1492000
1723177101766 0.99 1496000
1723177115416 0.99 1500000
1723177129252 0.99 1504000
1723177143037 0.99 1508000
1723177156339 0.99 1512000
1723177169491 0.99 1516000
1723177183835 0.99 1520000
1723177197254 0.99 1524000
1723177210568 0.99 1528000
1723177223603 0.99 1532000
1723177236850 0.99 1536000
1723177250854 0.99 1540000
1723177264468 0.99 1544000
1723177278837 0.99 1548000
1723177292813 0.99 1552000
1723177306731 0.99 1556000
1723177320496 0.99 1560000
1723177334317 0.99 1564000
1723177347863 0.99 1568000
1723177361722 0.99 1572000
1723177375660 0.99 1576000
1723177389866 0.99 1580000
1723177403449 0.99 1584000
1723177416824 0.99 1588000
1723177430854 0.99 1592000
1723177444879 0.99 1596000
1723177458641 0.99 1600000
1723177472292 0.99 1604000
1723177486189 0.99 1608000
1723177499927 0.99 1612000
1723177513612 0.99 1616000
1723177527854 0.99 1620000
1723177541584 0.99 1624000
1723177555279 0.99 1628000
1723177569604 0.99 1632000
1723177583687 0.99 1636000
1723177597021 0.99 1640000
1723177610716 0.99 1644000
1723177624303 0.99 1648000
1723177637664 0.99 1652000
1723177651379 0.99 1656000
1723177664721 0.99 1660000
1723177678177 0.99 1664000
1723177691825 0.99 1668000
1723177705509 0.99 1672000
1723177718853 0.99 1676000
1723177732905 0.99 1680000
1723177746460 0.99 1684000
1723177759670 0.99 1688000
1723177773510 0.99 1692000
1723177787122 0.99 1696000
1723177800763 0.99 1700000
1723177813885 0.99 1704000
1723177827170 0.99 1708000
1723177840298 0.99 1712000
1723177854610 0.99 1716000
1723177868209 0.99 1720000
1723177881994 0.99 1724000
1723177895288 0.99 1728000
1723177908890 0.99 1732000
1723177921919 0.99 1736000
1723177934757 0.99 1740000
1723177948518 0.99 1744000
1723177962136 0.99 1748000
1723177975803 0.99 1752000
1723177990037 0.99 1756000
1723178003886 0.99 1760000
1723178017713 0.99 1764000
1723178031596 0.99 1768000
1723178045664 0.99 1772000
1723178058963 0.99 1776000
1723178073292 0.99 1780000
1723178087082 0.99 1784000
1723178100762 0.99 1788000
1723178114298 0.99 1792000
1723178127566 0.99 1796000
1723178141339 0.99 1800000
1723178155367 0.99 1804000
1723178170138 0.99 1808000
1723178183748 0.99 1812000
1723178197197 0.99 1816000
1723178210942 0.99 1820000
1723178224778 0.99 1824000
1723178238169 0.99 1828000
1723178251478 0.99 1832000
1723178265415 0.99 1836000
1723178279475 0.99 1840000
1723178293226 0.99 1844000
1723178306814 0.99 1848000
1723178320109 0.99 1852000
1723178334177 0.99 1856000
1723178347719 0.99 1860000
1723178361197 0.99 1864000
1723178374266 0.99 1868000
1723178387677 0.99 1872000
1723178401148 0.99 1876000
1723178414701 0.99 1880000
1723178427828 0.99 1884000
1723178441339 0.99 1888000
1723178454754 0.99 1892000
1723178468764 0.99 1896000
1723178482273 0.99 1900000
1723178495966 0.99 1904000
1723178510320 0.99 1908000
1723178524157 0.99 1912000
1723178537791 0.99 1916000
1723178551622 0.99 1920000
1723178565057 0.99 1924000
1723178578905 0.99 1928000
1723178592880 0.99 1932000
1723178606159 0.99 1936000
1723178619690 0.99 1940000
1723178633994 0.99 1944000
1723178647843 0.99 1948000
1723178661773 0.99 1952000
1723178676689 0.99 1956000
1723178690452 0.99 1960000
1723178704243 0.99 1964000
1723178717824 0.99 1968000
1723178731491 0.99 1972000
1723178744618 0.99 1976000
1723178758536 0.99 1980000
1723178772281 0.99 1984000
1723178786108 0.99 1988000
1723178799508 0.99 1992000
1723178813133 0.99 1996000
1723178826977 0.99 2000000
