1723171812019 2.0 4000
1723171825410 2.0 8000
1723171838137 2.0 12000
1723171851717 2.0 16000
1723171869885 2.0 20000
1723171886390 2.0 24000
1723171904815 2.0 28000
1723171922368 2.0 32000
1723171940882 2.0 36000
1723171958861 2.0 40000
1723171977163 2.0 44000
1723171994368 2.0 48000
1723172010920 2.0 52000
1723172029613 2.0 56000
1723172044713 2.0 60000
1723172058637 2.0 64000
1723172072273 2.0 68000
1723172086202 2.0 72000
1723172099955 2.0 76000
1723172113386 2.0 80000
1723172125973 2.0 84000
1723172139022 2.0 88000
1723172151511 2.0 92000
1723172163956 2.0 96000
1723172176701 2.0 100000
1723172189577 2.0 104000
1723172201783 2.0 108000
1723172214537 2.0 112000
1723172227394 2.0 116000
1723172240070 2.0 120000
1723172252879 2.0 124000
1723172265457 2.0 128000
1723172278101 2.0 132000
1723172290492 2.0 136000
1723172302981 2.0 140000
1723172315567 2.0 144000
1723172328075 2.0 148000
1723172340410 2.0 152000
1723172352983 2.0 156000
1723172365043 2.0 160000
1723172376896 2.0 164000
1723172389952 2.0 168000
1723172402557 2.0 172000
1723172414555 2.0 176000
1723172426746 2.0 180000
1723172439146 2.0 184000
1723172451802 2.0 188000
1723172465495 2.0 192000
1723172478497 2.0 196000
1723172494364 2.0 200000
1723172507723 2.0 204000
1723172524591 2.0 208000
1723172546657 2.0 212000
1723172563782 2.0 216000
1723172581138 2.0 220000
1723172598047 2.0 224000
1723172613413 2.0 228000
1723172628746 2.0 232000
1723172643974 2.0 236000
1723172659904 2.0 240000
1723172675729 2.0 244000
1723172692089 2.0 248000
1723172707049 2.0 252000
1723172721778 2.0 256000
1723172738258 2.0 260000
1723172756085 2.0 264000
1723172770966 2.0 268000
1723172785953 2.0 272000
1723172800870 2.0 276000
1723172815734 2.0 280000
1723172830399 2.0 284000
1723172844853 2.0 288000
1723172859235 2.0 292000
1723172874437 2.0 296000
1723172889256 2.0 300000
1723172903627 2.0 304000
1723172919760 2.0 308000
1723172934660 2.0 312000
1723172948493 2.0 316000
1723172963147 2.0 320000
1723172977695 2.0 324000
1723172992084 2.0 328000
1723173006898 2.0 332000
1723173022345 2.0 336000
1723173036725 2.0 340000
1723173051263 2.0 344000
1723173065643 2.0 348000
1723173080150 2.0 352000
1723173094685 2.0 356000
1723173109364 2.0 360000
1723173125463 2.0 364000
1723173140452 2.0 368000
1723173155564 2.0 372000
1723173171482 2.0 376000
1723173186358 2.0 380000
1723173201406 2.0 384000
1723173216050 2.0 388000
1723173230926 2.0 392000
1723173245590 2.0 396000
1723173259779 2.0 400000
1723173274582 2.0 404000
1723173289019 2.0 408000
1723173302832 2.0 412000
1723173317020 2.0 416000
1723173331016 2.0 420000
1723173344683 2.0 424000
1723173359311 2.0 428000
1723173374430 2.0 432000
1723173388000 2.0 436000
1723173401023 2.0 440000
1723173417260 2.0 444000
1723173434327 2.0 448000
1723173452253 2.0 452000
1723173472597 2.0 456000
1723173492591 2.0 460000
1723173511523 2.0 464000
1723173529320 2.0 468000
1723173544075 2.0 472000
1723173568049 2.0 476000
1723173585274 2.0 480000
1723173600839 2.0 484000
1723173616334 2.0 488000
1723173631712 2.0 492000
1723173646131 2.0 496000
1723173661949 2.0 500000
1723173679503 2.0 504000
1723173698926 2.0 508000
1723173715819 2.0 512000
1723173729808 2.0 516000
1723173741804 2.0 520000
1723173753965 2.0 524000
1723173766839 2.0 528000
1723173779467 2.0 532000
1723173796076 2.0 536000
1723173814581 2.0 540000
1723173834441 2.0 544000
1723173855006 2.0 548000
1723173868877 2.0 552000
1723173887117 2.0 556000
1723173903139 2.0 560000
1723173916569 2.0 564000
1723173942168 2.0 568000
1723173958444 2.0 572000
1723173972719 2.0 576000
1723173988041 2.0 580000
1723174003685 2.0 584000
1723174019192 2.0 588000
1723174033951 2.0 592000
1723174049923 2.0 596000
1723174064395 2.0 600000
1723174079852 2.0 604000
1723174093316 2.0 608000
1723174108863 2.0 612000
1723174123173 2.0 616000
1723174137177 2.0 620000
1723174150856 2.0 624000
1723174164467 2.0 628000
1723174177971 2.0 632000
1723174191278 2.0 636000
1723174205153 2.0 640000
1723174218536 2.0 644000
1723174231945 2.0 648000
1723174245364 2.0 652000
1723174258642 2.0 656000
1723174272681 2.0 660000
1723174285968 2.0 664000
1723174299340 2.0 668000
1723174312930 2.0 672000
1723174326389 2.0 676000
1723174340019 2.0 680000
1723174353384 2.0 684000
1723174366590 2.0 688000
1723174379000 2.0 692000
1723174392453 2.0 696000
1723174405830 2.0 700000
1723174419144 2.0 704000
1723174432518 2.0 708000
1723174445819 2.0 712000
1723174459089 2.0 716000
1723174471902 2.0 720000
1723174485457 2.0 724000
1723174499137 2.0 728000
1723174512466 2.0 732000
1723174525700 2.0 736000
1723174539729 2.0 740000
1723174553175 2.0 744000
1723174567101 2.0 748000
1723174580331 2.0 752000
1723174594383 2.0 756000
1723174607414 2.0 760000
1723174621194 2.0 764000
1723174634839 2.0 768000
1723174648343 2.0 772000
1723174661988 2.0 776000
1723174675926 2.0 780000
1723174689527 2.0 784000
1723174702854 2.0 788000
1723174716219 2.0 792000
1723174730006 2.0 796000
1723174743966 2.0 800000
1723174757100 2.0 804000
1723174770126 2.0 808000
1723174783194 2.0 812000
1723174796596 2.0 816000
1723174809827 2.0 820000
1723174823354 2.0 824000
1723174836671 2.0 828000
1723174850420 2.0 832000
1723174864120 2.0 836000
1723174877609 2.0 840000
1723174890653 2.0 844000
1723174904348 2.0 848000
1723174917526 2.0 852000
1723174930463 2.0 856000
1723174943644 2.0 860000
1723174957180 2.0 864000
1723174971273 2.0 868000
1723174984778 2.0 872000
1723174998238 2.0 876000
1723175011736 2.0 880000
1723175025604 2.0 884000
1723175038961 2.0 888000
1723175051953 2.0 892000
1723175065318 2.0 896000
1723175078864 2.0 900000
1723175091953 2.0 904000
1723175105037 2.0 908000
1723175118316 2.0 912000
1723175131926 2.0 916000
1723175145200 2.0 920000
1723175158647 2.0 924000
1723175172531 2.0 928000
1723175186543 2.0 932000
1723175200655 2.0 936000
1723175214859 2.0 940000
1723175228594 2.0 944000
1723175242161 2.0 948000
1723175255859 2.0 952000
1723175269326 2.0 956000
1723175283308 2.0 960000
1723175296917 2.0 964000
1723175310704 2.0 968000
1723175324572 2.0 972000
1723175338124 2.0 976000
1723175351475 2.0 980000
1723175365006 2.0 984000
1723175378242 2.0 988000
1723175392437 2.0 992000
1723175405969 2.0 996000
1723175419117 2.0 1000000
1723175432271 2.0 1004000
1723175445693 2.0 1008000
1723175459123 2.0 1012000
1723175472584 2.0 1016000
1723175487605 2.0 1020000
1723175501147 2.0 1024000
1723175514692 2.0 1028000
1723175528029 2.0 1032000
1723175541300 2.0 1036000
1723175555281 2.0 1040000
1723175569952 2.0 1044000
1723175583636 2.0 1048000
1723175597256 2.0 1052000
1723175611010 2.0 1056000
1723175624497 2.0 1060000
1723175637958 2.0 1064000
1723175652508 2.0 1068000
1723175666187 2.0 1072000
1723175679469 2.0 1076000
1723175693187 2.0 1080000
1723175706828 2.0 1084000
1723175720251 2.0 1088000
1723175733584 2.0 1092000
1723175747119 2.0 1096000
1723175760954 2.0 1100000
1723175773051 2.0 1104000
1723175786871 2.0 1108000
1723175800025 2.0 1112000
1723175813550 2.0 1116000
1723175827555 2.0 1120000
1723175841333 2.0 1124000
1723175853622 2.0 1128000
1723175867977 2.0 1132000
1723175881464 2.0 1136000
1723175895137 2.0 1140000
1723175908402 2.0 1144000
1723175922329 2.0 1148000
1723175936429 2.0 1152000
1723175950206 2.0 1156000
1723175963812 2.0 1160000
1723175977062 2.0 1164000
1723175990408 2.0 1168000
1723176003934 2.0 1172000
1723176017047 2.0 1176000
1723176030426 2.0 1180000
1723176044317 2.0 1184000
1723176058760 2.0 1188000
1723176072112 2.0 1192000
1723176085202 2.0 1196000
1723176099025 2.0 1200000
1723176112926 2.0 1204000
1723176126624 2.0 1208000
1723176139933 2.0 1212000
1723176154399 2.0 1216000
1723176168367 2.0 1220000
1723176182101 2.0 1224000
1723176195804 2.0 1228000
1723176208980 2.0 1232000
1723176222139 2.0 1236000
1723176235999 2.0 1240000
1723176249508 2.0 1244000
1723176262291 2.0 1248000
1723176274756 2.0 1252000
1723176287938 2.0 1256000
1723176301052 2.0 1260000
1723176314455 2.0 1264000
1723176327843 2.0 1268000
1723176341111 2.0 1272000
1723176355030 2.0 1276000
1723176368868 2.0 1280000
1723176383270 2.0 1284000
1723176395454 2.0 1288000
1723176408638 2.0 1292000
1723176422038 2.0 1296000
1723176435145 2.0 1300000
1723176448874 2.0 1304000
1723176462104 2.0 1308000
1723176475844 2.0 1312000
1723176490013 2.0 1316000
1723176502700 2.0 1320000
1723176516083 2.0 1324000
1723176530383 2.0 1328000
1723176544818 2.0 1332000
1723176558118 2.0 1336000
1723176572086 2.0 1340000
1723176585607 2.0 1344000
1723176599532 2.0 1348000
1723176613466 2.0 1352000
1723176627189 2.0 1356000
1723176640618 2.0 1360000
1723176654104 2.0 1364000
1723176667823 2.0 1368000
1723176681392 2.0 1372000
1723176694956 2.0 1376000
1723176708565 2.0 1380000
1723176722004 2.0 1384000
1723176735469 2.0 1388000
1723176748834 2.0 1392000
1723176762328 2.0 1396000
1723176776116 2.0 1400000
1723176789925 2.0 1404000
1723176803564 2.0 1408000
1723176816676 2.0 1412000
1723176830322 2.0 1416000
1723176844035 2.0 1420000
1723176857331 2.0 1424000
1723176871010 2.0 1428000
1723176884652 2.0 1432000
1723176898636 2.0 1436000
1723176912420 2.0 1440000
1723176926054 2.0 1444000
1723176939426 2.0 1448000
1723176952974 2.0 1452000
1723176966090 2.0 1456000
1723176979472 2.0 1460000
1723176992902 2.0 1464000
1723177006319 2.0 1468000
1723177019726 2.0 1472000
1723177033162 2.0 1476000
1723177046685 2.0 1480000
1723177060341 2.0 1484000
1723177074204 2.0 1488000
1723177088029 2.0 1492000
1723177101768 2.0 1496000
1723177115417 2.0 1500000
1723177129254 2.0 1504000
1723177143038 2.0 1508000
1723177156340 2.0 1512000
1723177169492 2.0 1516000
1723177183836 2.0 1520000
1723177197262 2.0 1524000
1723177210570 2.0 1528000
1723177223604 2.0 1532000
1723177236852 2.0 1536000
1723177250856 2.0 1540000
1723177264470 2.0 1544000
1723177278838 2.0 1548000
1723177292815 2.0 1552000
1723177306733 2.0 1556000
1723177320498 2.0 1560000
1723177334319 2.0 1564000
1723177347865 2.0 1568000
1723177361724 2.0 1572000
1723177375662 2.0 1576000
1723177389868 2.0 1580000
1723177403451 2.0 1584000
1723177416825 2.0 1588000
1723177430855 2.0 1592000
1723177444880 2.0 1596000
1723177458642 2.0 1600000
1723177472294 2.0 1604000
1723177486190 2.0 1608000
1723177499928 2.0 1612000
1723177513614 2.0 1616000
1723177527855 2.0 1620000
1723177541586 2.0 1624000
1723177555280 2.0 1628000
1723177569606 2.0 1632000
1723177583688 2.0 1636000
1723177597022 2.0 1640000
1723177610717 2.0 1644000
1723177624304 2.0 1648000
1723177637665 2.0 1652000
1723177651381 2.0 1656000
1723177664723 2.0 1660000
1723177678179 2.0 1664000
1723177691826 2.0 1668000
1723177705510 2.0 1672000
1723177718855 2.0 1676000
1723177732906 2.0 1680000
1723177746461 2.0 1684000
1723177759672 2.0 1688000
1723177773511 2.0 1692000
1723177787123 2.0 1696000
1723177800765 2.0 1700000
1723177813887 2.0 1704000
1723177827174 2.0 1708000
1723177840300 2.0 1712000
1723177854612 2.0 1716000
1723177868211 2.0 1720000
1723177881996 2.0 1724000
1723177895289 2.0 1728000
1723177908891 2.0 1732000
1723177921920 2.0 1736000
1723177934759 2.0 1740000
1723177948520 2.0 1744000
1723177962138 2.0 1748000
1723177975805 2.0 1752000
1723177990039 2.0 1756000
1723178003888 2.0 1760000
1723178017715 2.0 1764000
1723178031598 2.0 1768000
1723178045666 2.0 1772000
1723178058966 2.0 1776000
1723178073294 2.0 1780000
1723178087084 2.0 1784000
1723178100764 2.0 1788000
1723178114300 2.0 1792000
1723178127567 2.0 1796000
1723178141340 2.0 1800000
1723178155369 2.0 1804000
1723178170140 2.0 1808000
1723178183750 2.0 1812000
1723178197199 2.0 1816000
1723178210944 2.0 1820000
1723178224780 2.0 1824000
1723178238170 2.0 1828000
1723178251479 2.0 1832000
1723178265417 2.0 1836000
1723178279476 2.0 1840000
1723178293228 2.0 1844000
1723178306816 2.0 1848000
1723178320111 2.0 1852000
1723178334179 2.0 1856000
1723178347721 2.0 1860000
1723178361199 2.0 1864000
1723178374268 2.0 1868000
1723178387678 2.0 1872000
1723178401150 2.0 1876000
1723178414703 2.0 1880000
1723178427830 2.0 1884000
1723178441341 2.0 1888000
1723178454755 2.0 1892000
1723178468765 2.0 1896000
1723178482275 2.0 1900000
1723178495968 2.0 1904000
1723178510322 2.0 1908000
1723178524159 2.0 1912000
1723178537793 2.0 1916000
1723178551624 2.0 1920000
1723178565059 2.0 1924000
1723178578907 2.0 1928000
1723178592882 2.0 1932000
1723178606161 2.0 1936000
1723178619692 2.0 1940000
1723178633995 2.0 1944000
1723178647844 2.0 1948000
1723178661774 2.0 1952000
1723178676691 2.0 1956000
1723178690454 2.0 1960000
1723178704244 2.0 1964000
1723178717826 2.0 1968000
1723178731493 2.0 1972000
1723178744620 2.0 1976000
1723178758538 2.0 1980000
1723178772282 2.0 1984000
1723178786110 2.0 1988000
1723178799510 2.0 1992000
1723178813135 2.0 1996000
1723178826979 2.0 2000000
