1723171812028 0.0 4000
1723171825419 0.0 8000
1723171838144 0.0 12000
1723171851725 0.0 16000
1723171869894 0.0 20000
1723171886398 0.0 24000
1723171904828 0.0 28000
1723171922376 0.0 32000
1723171940891 0.0 36000
1723171958870 0.0 40000
1723171977173 0.0 44000
1723171994376 0.0 48000
1723172010928 0.0 52000
1723172029626 0.0 56000
1723172044721 0.0 60000
1723172058645 0.0 64000
1723172072281 0.0 68000
1723172086209 0.0 72000
1723172099963 0.0 76000
1723172113394 0.0 80000
1723172125981 0.0 84000
1723172139030 0.0 88000
1723172151518 0.0 92000
1723172163964 0.0 96000
1723172176709 0.0 100000
1723172189585 0.0 104000
1723172201791 0.0 108000
1723172214544 0.0 112000
1723172227401 0.0 116000
1723172240078 0.0 120000
1723172252887 0.0 124000
1723172265465 0.0 128000
1723172278110 0.0 132000
1723172290500 0.0 136000
1723172302989 0.0 140000
1723172315575 0.0 144000
1723172328083 0.0 148000
1723172340417 0.0 152000
1723172352990 0.0 156000
1723172365051 0.0 160000
1723172376903 0.0 164000
1723172389959 0.0 168000
1723172402566 0.0 172000
1723172414562 0.0 176000
1723172426754 0.0 180000
1723172439154 0.0 184000
1723172451810 0.0 188000
1723172465502 0.0 192000
1723172478505 0.0 196000
1723172494371 0.0 200000
1723172507731 0.0 204000
1723172524601 0.0 208000
1723172546665 0.0 212000
1723172563791 0.0 216000
1723172581147 0.0 220000
1723172598056 0.0 224000
1723172613421 0.0 228000
1723172628754 0.0 232000
1723172643982 0.0 236000
1723172659912 0.0 240000
1723172675743 0.0 244000
1723172692101 0.0 248000
1723172707057 0.0 252000
1723172721786 0.0 256000
1723172738266 0.0 260000
1723172756094 0.0 264000
1723172770975 0.0 268000
1723172785960 0.0 272000
1723172800877 0.0 276000
1723172815742 0.0 280000
1723172830407 0.0 284000
1723172844860 0.0 288000
1723172859243 0.0 292000
1723172874445 0.0 296000
1723172889264 0.0 300000
1723172903634 0.0 304000
1723172919767 0.0 308000
1723172934668 0.0 312000
1723172948500 0.0 316000
1723172963155 0.0 320000
1723172977703 0.0 324000
1723172992092 0.0 328000
1723173006908 0.0 332000
1723173022353 0.0 336000
1723173036732 0.0 340000
1723173051271 0.0 344000
1723173065651 0.0 348000
1723173080157 0.0 352000
1723173094693 0.0 356000
1723173109372 0.0 360000
1723173125471 0.0 364000
1723173140459 0.0 368000
1723173155575 0.0 372000
1723173171490 0.0 376000
1723173186365 0.0 380000
1723173201413 0.0 384000
1723173216058 0.0 388000
1723173230934 0.0 392000
1723173245598 0.0 396000
1723173259787 0.0 400000
1723173274589 0.0 404000
1723173289026 0.0 408000
1723173302839 0.0 412000
1723173317028 0.0 416000
1723173331023 0.0 420000
1723173344690 0.0 424000
1723173359318 0.0 428000
1723173374438 0.0 432000
1723173388007 0.0 436000
1723173401031 0.0 440000
1723173417268 0.0 444000
1723173434336 0.0 448000
1723173452262 0.0 452000
1723173472605 0.0 456000
1723173492598 0.0 460000
1723173511531 0.0 464000
1723173529328 0.0 468000
1723173544082 0.0 472000
1723173568057 0.0 476000
1723173585282 0.0 480000
1723173600847 0.0 484000
1723173616341 0.0 488000
1723173631720 0.0 492000
1723173646142 0.0 496000
1723173661957 0.0 500000
1723173679512 0.0 504000
1723173698936 0.0 508000
1723173715827 0.0 512000
1723173729816 0.0 516000
1723173741813 0.0 520000
1723173753972 0.0 524000
1723173766847 0.0 528000
1723173779474 0.0 532000
1723173796084 0.0 536000
1723173814589 0.0 540000
1723173834450 0.0 544000
1723173855014 0.0 548000
1723173868886 0.0 552000
1723173887126 0.0 556000
1723173903147 0.0 560000
1723173916577 0.0 564000
1723173942184 0.0 568000
1723173958452 0.0 572000
1723173972727 0.0 576000
1723173988048 0.0 580000
1723174003693 0.0 584000
1723174019199 0.0 588000
1723174033959 0.0 592000
1723174049932 0.0 596000
1723174064406 0.0 600000
1723174079860 0.0 604000
1723174093326 0.0 608000
1723174108876 0.0 612000
1723174123184 0.0 616000
1723174137186 0.0 620000
1723174150864 0.0 624000
1723174164475 0.0 628000
1723174177980 0.0 632000
1723174191286 0.0 636000
1723174205160 0.0 640000
1723174218544 0.0 644000
1723174231953 0.0 648000
1723174245372 0.0 652000
1723174258650 0.0 656000
1723174272692 0.0 660000
1723174285976 0.0 664000
1723174299348 0.0 668000
1723174312939 0.0 672000
1723174326397 0.0 676000
1723174340027 0.0 680000
1723174353392 0.0 684000
1723174366598 0.0 688000
1723174379009 0.0 692000
1723174392461 0.0 696000
1723174405838 0.0 700000
1723174419152 0.0 704000
1723174432526 0.0 708000
1723174445827 0.0 712000
1723174459097 0.0 716000
1723174471909 0.0 720000
1723174485465 0.0 724000
1723174499145 0.0 728000
1723174512474 0.0 732000
1723174525708 0.0 736000
1723174539737 0.0 740000
1723174553183 0.0 744000
1723174567109 0.0 748000
1723174580340 0.0 752000
1723174594390 0.0 756000
1723174607424 0.0 760000
1723174621202 0.0 764000
1723174634847 0.0 768000
1723174648351 0.0 772000
1723174661997 0.0 776000
1723174675934 0.0 780000
1723174689535 0.0 784000
1723174702863 0.0 788000
1723174716228 0.0 792000
1723174730014 0.0 796000
1723174743974 0.0 800000
1723174757108 0.0 804000
1723174770134 0.0 808000
1723174783202 0.0 812000
1723174796604 0.0 816000
1723174809835 0.0 820000
1723174823362 0.0 824000
1723174836679 0.0 828000
1723174850429 0.0 832000
1723174864128 0.0 836000
1723174877617 0.0 840000
1723174890665 0.0 844000
1723174904357 0.0 848000
1723174917534 0.0 852000
1723174930472 0.0 856000
1723174943653 0.0 860000
1723174957188 0.0 864000
1723174971281 0.0 868000
1723174984787 0.0 872000
1723174998253 0.0 876000
1723175011744 0.0 880000
1723175025612 0.0 884000
1723175038969 0.0 888000
1723175051962 0.0 892000
1723175065329 0.0 896000
1723175078872 0.0 900000
1723175091961 0.0 904000
1723175105046 0.0 908000
1723175118325 0.0 912000
1723175131934 0.0 916000
1723175145210 0.0 920000
1723175158656 0.0 924000
1723175172539 0.0 928000
1723175186551 0.0 932000
1723175200663 0.0 936000
1723175214867 0.0 940000
1723175228602 0.0 944000
1723175242169 0.0 948000
1723175255868 0.0 952000
1723175269335 0.0 956000
1723175283316 0.0 960000
1723175296925 0.0 964000
1723175310713 0.0 968000
1723175324580 0.0 972000
1723175338133 0.0 976000
1723175351483 0.0 980000
1723175365014 0.0 984000
1723175378249 0.0 988000
1723175392446 0.0 992000
1723175405978 0.0 996000
1723175419125 0.0 1000000
1723175432279 0.0 1004000
1723175445701 0.0 1008000
1723175459131 0.0 1012000
1723175472592 0.0 1016000
1723175487613 0.0 1020000
1723175501154 0.0 1024000
1723175514701 0.0 1028000
1723175528037 0.0 1032000
1723175541309 0.0 1036000
1723175555293 0.0 1040000
1723175569960 0.0 1044000
1723175583645 0.0 1048000
1723175597264 0.0 1052000
1723175611018 0.0 1056000
1723175624505 0.0 1060000
1723175637966 0.0 1064000
1723175652516 0.0 1068000
1723175666196 0.0 1072000
1723175679477 0.0 1076000
1723175693196 0.0 1080000
1723175706837 0.0 1084000
1723175720260 0.0 1088000
1723175733593 0.0 1092000
1723175747127 0.0 1096000
1723175760962 0.0 1100000
1723175773059 0.0 1104000
1723175786891 0.0 1108000
1723175800034 0.0 1112000
1723175813560 0.0 1116000
1723175827564 0.0 1120000
1723175841341 0.0 1124000
1723175853632 0.0 1128000
1723175867986 0.0 1132000
1723175881473 0.0 1136000
1723175895146 0.0 1140000
1723175908411 0.0 1144000
1723175922340 0.0 1148000
1723175936438 0.0 1152000
1723175950215 0.0 1156000
1723175963825 0.0 1160000
1723175977071 0.0 1164000
1723175990417 0.0 1168000
1723176003942 0.0 1172000
1723176017055 0.0 1176000
1723176030435 0.0 1180000
1723176044325 0.0 1184000
1723176058769 0.0 1188000
1723176072130 0.0 1192000
1723176085210 0.0 1196000
1723176099065 0.0 1200000
1723176112935 0.0 1204000
1723176126632 0.0 1208000
1723176139942 0.0 1212000
1723176154411 0.0 1216000
1723176168376 0.0 1220000
1723176182109 0.0 1224000
1723176195812 0.0 1228000
1723176208988 0.0 1232000
1723176222147 0.0 1236000
1723176236009 0.0 1240000
1723176249516 0.0 1244000
1723176262310 0.0 1248000
1723176274764 0.0 1252000
1723176287947 0.0 1256000
1723176301060 0.0 1260000
1723176314465 0.0 1264000
1723176327851 0.0 1268000
1723176341119 0.0 1272000
1723176355038 0.0 1276000
1723176368877 0.0 1280000
1723176383279 0.0 1284000
1723176395465 0.0 1288000
1723176408648 0.0 1292000
1723176422046 0.0 1296000
1723176435153 0.0 1300000
1723176448883 0.0 1304000
1723176462112 0.0 1308000
1723176475854 0.0 1312000
1723176490025 0.0 1316000
1723176502708 0.0 1320000
1723176516091 0.0 1324000
1723176530392 0.0 1328000
1723176544826 0.0 1332000
1723176558127 0.0 1336000
1723176572094 0.0 1340000
1723176585616 0.0 1344000
1723176599541 0.0 1348000
1723176613474 0.0 1352000
1723176627197 0.0 1356000
1723176640626 0.0 1360000
1723176654112 0.0 1364000
1723176667831 0.0 1368000
1723176681401 0.0 1372000
1723176694965 0.0 1376000
1723176708574 0.0 1380000
1723176722012 0.0 1384000
1723176735477 0.0 1388000
1723176748844 0.0 1392000
1723176762336 0.0 1396000
1723176776124 0.0 1400000
1723176789934 0.0 1404000
1723176803572 0.0 1408000
1723176816684 0.0 1412000
1723176830330 0.0 1416000
1723176844043 0.0 1420000
1723176857339 0.0 1424000
1723176871019 0.0 1428000
1723176884660 0.0 1432000
1723176898648 0.0 1436000
1723176912428 0.0 1440000
1723176926062 0.0 1444000
1723176939434 0.0 1448000
1723176952982 0.0 1452000
1723176966098 0.0 1456000
1723176979481 0.0 1460000
1723176992911 0.0 1464000
1723177006327 0.0 1468000
1723177019734 0.0 1472000
1723177033170 0.0 1476000
1723177046693 0.0 1480000
1723177060353 0.0 1484000
1723177074213 0.0 1488000
1723177088037 0.0 1492000
1723177101777 0.0 1496000
1723177115425 0.0 1500000
1723177129262 0.0 1504000
1723177143047 0.0 1508000
1723177156348 0.0 1512000
1723177169501 0.0 1516000
1723177183845 0.0 1520000
1723177197271 0.0 1524000
1723177210579 0.0 1528000
1723177223613 0.0 1532000
1723177236860 0.0 1536000
1723177250864 0.0 1540000
1723177264478 0.0 1544000
1723177278847 0.0 1548000
1723177292825 0.0 1552000
1723177306741 0.0 1556000
1723177320506 0.0 1560000
1723177334327 0.0 1564000
1723177347874 0.0 1568000
1723177361733 0.0 1572000
1723177375671 0.0 1576000
1723177389876 0.0 1580000
1723177403460 0.0 1584000
1723177416833 0.0 1588000
1723177430864 0.0 1592000
1723177444889 0.0 1596000
1723177458650 0.0 1600000
1723177472302 0.0 1604000
1723177486199 0.0 1608000
1723177499937 0.0 1612000
1723177513622 0.0 1616000
1723177527864 0.0 1620000
1723177541594 0.0 1624000
1723177555289 0.0 1628000
1723177569615 0.0 1632000
1723177583696 0.0 1636000
1723177597031 0.0 1640000
1723177610725 0.0 1644000
1723177624313 0.0 1648000
1723177637674 0.0 1652000
1723177651390 0.0 1656000
1723177664733 0.0 1660000
1723177678188 0.0 1664000
1723177691835 0.0 1668000
1723177705519 0.0 1672000
1723177718863 0.0 1676000
1723177732915 0.0 1680000
1723177746469 0.0 1684000
1723177759680 0.0 1688000
1723177773520 0.0 1692000
1723177787132 0.0 1696000
1723177800774 0.0 1700000
1723177813895 0.0 1704000
1723177827186 0.0 1708000
1723177840308 0.0 1712000
1723177854620 0.0 1716000
1723177868219 0.0 1720000
1723177882004 0.0 1724000
1723177895298 0.0 1728000
1723177908899 0.0 1732000
1723177921929 0.0 1736000
1723177934767 0.0 1740000
1723177948528 0.0 1744000
1723177962146 0.0 1748000
1723177975813 0.0 1752000
1723177990047 0.0 1756000
1723178003896 0.0 1760000
1723178017724 0.0 1764000
1723178031606 0.0 1768000
1723178045674 0.0 1772000
1723178058984 0.0 1776000
1723178073303 0.0 1780000
1723178087092 0.0 1784000
1723178100774 0.0 1788000
1723178114310 0.0 1792000
1723178127577 0.0 1796000
1723178141349 0.0 1800000
1723178155378 0.0 1804000
1723178170148 0.0 1808000
1723178183758 0.0 1812000
1723178197207 0.0 1816000
1723178210952 0.0 1820000
1723178224788 0.0 1824000
1723178238179 0.0 1828000
1723178251487 0.0 1832000
1723178265426 0.0 1836000
1723178279487 0.0 1840000
1723178293236 0.0 1844000
1723178306824 0.0 1848000
1723178320119 0.0 1852000
1723178334188 0.0 1856000
1723178347729 0.0 1860000
1723178361209 0.0 1864000
1723178374276 0.0 1868000
1723178387687 0.0 1872000
1723178401158 0.0 1876000
1723178414710 0.0 1880000
1723178427838 0.0 1884000
1723178441350 0.0 1888000
1723178454763 0.0 1892000
1723178468774 0.0 1896000
1723178482283 0.0 1900000
1723178495977 0.0 1904000
1723178510331 0.0 1908000
1723178524167 0.0 1912000
1723178537802 0.0 1916000
1723178551632 0.0 1920000
1723178565067 0.0 1924000
1723178578916 0.0 1928000
1723178592890 0.0 1932000
1723178606170 0.0 1936000
1723178619702 0.0 1940000
1723178634003 0.0 1944000
1723178647852 0.0 1948000
1723178661783 0.0 1952000
1723178676699 0.0 1956000
1723178690462 0.0 1960000
1723178704252 0.0 1964000
1723178717834 0.0 1968000
1723178731501 0.0 1972000
1723178744628 0.0 1976000
1723178758551 0.0 1980000
1723178772291 0.0 1984000
1723178786119 0.0 1988000
1723178799518 0.0 1992000
1723178813144 0.0 1996000
1723178826987 0.0 2000000
