1723171812034 100.0 4000
1723171825424 100.0 8000
1723171838149 100.0 12000
1723171851729 100.0 16000
1723171869900 100.0 20000
1723171886402 100.0 24000
1723171904836 100.0 28000
1723171922384 100.0 32000
1723171940896 100.0 36000
1723171958882 100.0 40000
1723171977180 100.0 44000
1723171994380 100.0 48000
1723172010936 100.0 52000
1723172029635 100.0 56000
1723172044726 100.0 60000
1723172058650 100.0 64000
1723172072286 100.0 68000
1723172086214 100.0 72000
1723172099968 100.0 76000
1723172113399 100.0 80000
1723172125985 100.0 84000
1723172139035 100.0 88000
1723172151523 100.0 92000
1723172163969 100.0 96000
1723172176713 100.0 100000
1723172189589 100.0 104000
1723172201796 100.0 108000
1723172214549 100.0 112000
1723172227406 100.0 116000
1723172240082 100.0 120000
1723172252891 100.0 124000
1723172265469 100.0 128000
1723172278114 100.0 132000
1723172290506 100.0 136000
1723172302994 100.0 140000
1723172315579 100.0 144000
1723172328088 100.0 148000
1723172340422 100.0 152000
1723172352995 100.0 156000
1723172365056 100.0 160000
1723172376908 100.0 164000
1723172389964 100.0 168000
1723172402570 100.0 172000
1723172414567 100.0 176000
1723172426758 100.0 180000
1723172439158 100.0 184000
1723172451815 100.0 188000
1723172465507 100.0 192000
1723172478510 100.0 196000
1723172494376 100.0 200000
1723172507735 100.0 204000
1723172524608 100.0 208000
1723172546670 100.0 212000
1723172563797 100.0 216000
1723172581153 100.0 220000
1723172598061 100.0 224000
1723172613426 100.0 228000
1723172628758 100.0 232000
1723172643987 100.0 236000
1723172659917 100.0 240000
1723172675754 100.0 244000
1723172692106 100.0 248000
1723172707062 100.0 252000
1723172721791 100.0 256000
1723172738271 100.0 260000
1723172756099 100.0 264000
1723172770979 100.0 268000
1723172785965 100.0 272000
1723172800882 100.0 276000
1723172815747 100.0 280000
1723172830413 100.0 284000
1723172844865 100.0 288000
1723172859247 100.0 292000
1723172874450 100.0 296000
1723172889268 100.0 300000
1723172903639 100.0 304000
1723172919772 100.0 308000
1723172934673 100.0 312000
1723172948505 100.0 316000
1723172963159 100.0 320000
1723172977708 100.0 324000
1723172992097 100.0 328000
1723173006917 100.0 332000
1723173022358 100.0 336000
1723173036737 100.0 340000
1723173051275 100.0 344000
1723173065656 100.0 348000
1723173080162 100.0 352000
1723173094698 100.0 356000
1723173109376 100.0 360000
1723173125476 100.0 364000
1723173140464 100.0 368000
1723173155595 100.0 372000
1723173171496 100.0 376000
1723173186370 100.0 380000
1723173201420 100.0 384000
1723173216062 100.0 388000
1723173230939 100.0 392000
1723173245603 100.0 396000
1723173259792 100.0 400000
1723173274594 100.0 404000
1723173289031 100.0 408000
1723173302844 100.0 412000
1723173317034 100.0 416000
1723173331028 100.0 420000
1723173344695 100.0 424000
1723173359323 100.0 428000
1723173374443 100.0 432000
1723173388012 100.0 436000
1723173401036 100.0 440000
1723173417273 100.0 444000
1723173434341 100.0 448000
1723173452268 100.0 452000
1723173472609 100.0 456000
1723173492604 100.0 460000
1723173511535 100.0 464000
1723173529335 100.0 468000
1723173544087 100.0 472000
1723173568062 100.0 476000
1723173585287 100.0 480000
1723173600851 100.0 484000
1723173616346 100.0 488000
1723173631727 100.0 492000
1723173646150 100.0 496000
1723173661963 100.0 500000
1723173679517 100.0 504000
1723173698942 100.0 508000
1723173715832 100.0 512000
1723173729821 100.0 516000
1723173741818 100.0 520000
1723173753977 100.0 524000
1723173766852 100.0 528000
1723173779479 100.0 532000
1723173796089 100.0 536000
1723173814598 100.0 540000
1723173834455 100.0 544000
1723173855020 100.0 548000
1723173868891 100.0 552000
1723173887134 100.0 556000
1723173903151 100.0 560000
1723173916582 100.0 564000
1723173942191 100.0 568000
1723173958457 100.0 572000
1723173972732 100.0 576000
1723173988053 100.0 580000
1723174003698 100.0 584000
1723174019204 100.0 588000
1723174033964 100.0 592000
1723174049937 100.0 596000
1723174064411 100.0 600000
1723174079865 100.0 604000
1723174093334 100.0 608000
1723174108883 100.0 612000
1723174123189 100.0 616000
1723174137191 100.0 620000
1723174150869 100.0 624000
1723174164480 100.0 628000
1723174177985 100.0 632000
1723174191291 100.0 636000
1723174205166 100.0 640000
1723174218549 100.0 644000
1723174231959 100.0 648000
1723174245377 100.0 652000
1723174258655 100.0 656000
1723174272697 100.0 660000
1723174285981 100.0 664000
1723174299353 100.0 668000
1723174312944 100.0 672000
1723174326402 100.0 676000
1723174340032 100.0 680000
1723174353396 100.0 684000
1723174366604 100.0 688000
1723174379014 100.0 692000
1723174392466 100.0 696000
1723174405844 100.0 700000
1723174419157 100.0 704000
1723174432531 100.0 708000
1723174445833 100.0 712000
1723174459102 100.0 716000
1723174471914 100.0 720000
1723174485470 100.0 724000
1723174499151 100.0 728000
1723174512478 100.0 732000
1723174525713 100.0 736000
1723174539741 100.0 740000
1723174553188 100.0 744000
1723174567114 100.0 748000
1723174580346 100.0 752000
1723174594395 100.0 756000
1723174607430 100.0 760000
1723174621207 100.0 764000
1723174634852 100.0 768000
1723174648356 100.0 772000
1723174662002 100.0 776000
1723174675939 100.0 780000
1723174689541 100.0 784000
1723174702868 100.0 788000
1723174716236 100.0 792000
1723174730019 100.0 796000
1723174743979 100.0 800000
1723174757114 100.0 804000
1723174770139 100.0 808000
1723174783208 100.0 812000
1723174796610 100.0 816000
1723174809841 100.0 820000
1723174823367 100.0 824000
1723174836685 100.0 828000
1723174850434 100.0 832000
1723174864133 100.0 836000
1723174877622 100.0 840000
1723174890670 100.0 844000
1723174904363 100.0 848000
1723174917539 100.0 852000
1723174930477 100.0 856000
1723174943658 100.0 860000
1723174957193 100.0 864000
1723174971286 100.0 868000
1723174984792 100.0 872000
1723174998258 100.0 876000
1723175011749 100.0 880000
1723175025617 100.0 884000
1723175038974 100.0 888000
1723175051968 100.0 892000
1723175065334 100.0 896000
1723175078877 100.0 900000
1723175091967 100.0 904000
1723175105052 100.0 908000
1723175118330 100.0 912000
1723175131939 100.0 916000
1723175145217 100.0 920000
1723175158661 100.0 924000
1723175172544 100.0 928000
1723175186556 100.0 932000
1723175200669 100.0 936000
1723175214873 100.0 940000
1723175228607 100.0 944000
1723175242175 100.0 948000
1723175255873 100.0 952000
1723175269340 100.0 956000
1723175283320 100.0 960000
1723175296930 100.0 964000
1723175310718 100.0 968000
1723175324585 100.0 972000
1723175338138 100.0 976000
1723175351489 100.0 980000
1723175365020 100.0 984000
1723175378254 100.0 988000
1723175392451 100.0 992000
1723175405983 100.0 996000
1723175419130 100.0 1000000
1723175432284 100.0 1004000
1723175445706 100.0 1008000
1723175459136 100.0 1012000
1723175472597 100.0 1016000
1723175487618 100.0 1020000
1723175501160 100.0 1024000
1723175514707 100.0 1028000
1723175528042 100.0 1032000
1723175541314 100.0 1036000
1723175555299 100.0 1040000
1723175569966 100.0 1044000
1723175583651 100.0 1048000
1723175597268 100.0 1052000
1723175611024 100.0 1056000
1723175624511 100.0 1060000
1723175637971 100.0 1064000
1723175652521 100.0 1068000
1723175666200 100.0 1072000
1723175679482 100.0 1076000
1723175693202 100.0 1080000
1723175706843 100.0 1084000
1723175720267 100.0 1088000
1723175733597 100.0 1092000
1723175747132 100.0 1096000
1723175760968 100.0 1100000
1723175773064 100.0 1104000
1723175786896 100.0 1108000
1723175800040 100.0 1112000
1723175813568 100.0 1116000
1723175827570 100.0 1120000
1723175841346 100.0 1124000
1723175853638 100.0 1128000
1723175867991 100.0 1132000
1723175881478 100.0 1136000
1723175895151 100.0 1140000
1723175908417 100.0 1144000
1723175922348 100.0 1148000
1723175936443 100.0 1152000
1723175950222 100.0 1156000
1723175963831 100.0 1160000
1723175977078 100.0 1164000
1723175990423 100.0 1168000
1723176003947 100.0 1172000
1723176017060 100.0 1176000
1723176030440 100.0 1180000
1723176044331 100.0 1184000
1723176058775 100.0 1188000
1723176072138 100.0 1192000
1723176085214 100.0 1196000
1723176099070 100.0 1200000
1723176112940 100.0 1204000
1723176126637 100.0 1208000
1723176139947 100.0 1212000
1723176154417 100.0 1216000
1723176168381 100.0 1220000
1723176182115 100.0 1224000
1723176195818 100.0 1228000
1723176208994 100.0 1232000
1723176222152 100.0 1236000
1723176236016 100.0 1240000
1723176249522 100.0 1244000
1723176262319 100.0 1248000
1723176274769 100.0 1252000
1723176287952 100.0 1256000
1723176301065 100.0 1260000
1723176314470 100.0 1264000
1723176327855 100.0 1268000
1723176341125 100.0 1272000
1723176355044 100.0 1276000
1723176368882 100.0 1280000
1723176383285 100.0 1284000
1723176395473 100.0 1288000
1723176408653 100.0 1292000
1723176422051 100.0 1296000
1723176435158 100.0 1300000
1723176448889 100.0 1304000
1723176462117 100.0 1308000
1723176475861 100.0 1312000
1723176490040 100.0 1316000
1723176502713 100.0 1320000
1723176516096 100.0 1324000
1723176530400 100.0 1328000
1723176544832 100.0 1332000
1723176558133 100.0 1336000
1723176572099 100.0 1340000
1723176585623 100.0 1344000
1723176599546 100.0 1348000
1723176613479 100.0 1352000
1723176627203 100.0 1356000
1723176640631 100.0 1360000
1723176654117 100.0 1364000
1723176667836 100.0 1368000
1723176681405 100.0 1372000
1723176694970 100.0 1376000
1723176708579 100.0 1380000
1723176722017 100.0 1384000
1723176735483 100.0 1388000
1723176748849 100.0 1392000
1723176762341 100.0 1396000
1723176776129 100.0 1400000
1723176789939 100.0 1404000
1723176803577 100.0 1408000
1723176816689 100.0 1412000
1723176830335 100.0 1416000
1723176844048 100.0 1420000
1723176857345 100.0 1424000
1723176871024 100.0 1428000
1723176884666 100.0 1432000
1723176898654 100.0 1436000
1723176912434 100.0 1440000
1723176926068 100.0 1444000
1723176939440 100.0 1448000
1723176952987 100.0 1452000
1723176966104 100.0 1456000
1723176979486 100.0 1460000
1723176992915 100.0 1464000
1723177006332 100.0 1468000
1723177019740 100.0 1472000
1723177033175 100.0 1476000
1723177046698 100.0 1480000
1723177060358 100.0 1484000
1723177074217 100.0 1488000
1723177088042 100.0 1492000
1723177101782 100.0 1496000
1723177115431 100.0 1500000
1723177129267 100.0 1504000
1723177143052 100.0 1508000
1723177156353 100.0 1512000
1723177169509 100.0 1516000
1723177183850 100.0 1520000
1723177197276 100.0 1524000
1723177210584 100.0 1528000
1723177223618 100.0 1532000
1723177236865 100.0 1536000
1723177250870 100.0 1540000
1723177264483 100.0 1544000
1723177278852 100.0 1548000
1723177292830 100.0 1552000
1723177306747 100.0 1556000
1723177320512 100.0 1560000
1723177334332 100.0 1564000
1723177347879 100.0 1568000
1723177361738 100.0 1572000
1723177375676 100.0 1576000
1723177389881 100.0 1580000
1723177403466 100.0 1584000
1723177416838 100.0 1588000
1723177430869 100.0 1592000
1723177444894 100.0 1596000
1723177458656 100.0 1600000
1723177472307 100.0 1604000
1723177486204 100.0 1608000
1723177499942 100.0 1612000
1723177513628 100.0 1616000
1723177527869 100.0 1620000
1723177541599 100.0 1624000
1723177555295 100.0 1628000
1723177569621 100.0 1632000
1723177583701 100.0 1636000
1723177597036 100.0 1640000
1723177610732 100.0 1644000
1723177624318 100.0 1648000
1723177637679 100.0 1652000
1723177651396 100.0 1656000
1723177664738 100.0 1660000
1723177678193 100.0 1664000
1723177691840 100.0 1668000
1723177705524 100.0 1672000
1723177718868 100.0 1676000
1723177732920 100.0 1680000
1723177746475 100.0 1684000
1723177759685 100.0 1688000
1723177773525 100.0 1692000
1723177787137 100.0 1696000
1723177800779 100.0 1700000
1723177813901 100.0 1704000
1723177827191 100.0 1708000
1723177840314 100.0 1712000
1723177854625 100.0 1716000
1723177868223 100.0 1720000
1723177882010 100.0 1724000
1723177895303 100.0 1728000
1723177908905 100.0 1732000
1723177921936 100.0 1736000
1723177934773 100.0 1740000
1723177948534 100.0 1744000
1723177962151 100.0 1748000
1723177975818 100.0 1752000
1723177990053 100.0 1756000
1723178003901 100.0 1760000
1723178017729 100.0 1764000
1723178031611 100.0 1768000
1723178045679 100.0 1772000
1723178058991 100.0 1776000
1723178073308 100.0 1780000
1723178087097 100.0 1784000
1723178100780 100.0 1788000
1723178114318 100.0 1792000
1723178127582 100.0 1796000
1723178141354 100.0 1800000
1723178155384 100.0 1804000
1723178170153 100.0 1808000
1723178183764 100.0 1812000
1723178197213 100.0 1816000
1723178210957 100.0 1820000
1723178224793 100.0 1824000
1723178238184 100.0 1828000
1723178251492 100.0 1832000
1723178265431 100.0 1836000
1723178279492 100.0 1840000
1723178293241 100.0 1844000
1723178306830 100.0 1848000
1723178320124 100.0 1852000
1723178334197 100.0 1856000
1723178347734 100.0 1860000
1723178361215 100.0 1864000
1723178374281 100.0 1868000
1723178387693 100.0 1872000
1723178401163 100.0 1876000
1723178414715 100.0 1880000
1723178427843 100.0 1884000
1723178441355 100.0 1888000
1723178454769 100.0 1892000
1723178468779 100.0 1896000
1723178482288 100.0 1900000
1723178495982 100.0 1904000
1723178510336 100.0 1908000
1723178524172 100.0 1912000
1723178537807 100.0 1916000
1723178551637 100.0 1920000
1723178565072 100.0 1924000
1723178578922 100.0 1928000
1723178592896 100.0 1932000
1723178606176 100.0 1936000
1723178619709 100.0 1940000
1723178634008 100.0 1944000
1723178647858 100.0 1948000
1723178661788 100.0 1952000
1723178676705 100.0 1956000
1723178690468 100.0 1960000
1723178704258 100.0 1964000
1723178717839 100.0 1968000
1723178731506 100.0 1972000
1723178744634 100.0 1976000
1723178758557 100.0 1980000
1723178772296 100.0 1984000
1723178786125 100.0 1988000
1723178799523 100.0 1992000
1723178813151 100.0 1996000
1723178826992 100.0 2000000
