1723171812045 30.0 4000
1723171825434 30.0 8000
1723171838157 30.0 12000
1723171851738 30.0 16000
1723171869909 30.0 20000
1723171886411 30.0 24000
1723171904850 30.0 28000
1723171922393 30.0 32000
1723171940905 30.0 36000
1723171958894 30.0 40000
1723171977199 30.0 44000
1723171994390 30.0 48000
1723172010946 30.0 52000
1723172029647 30.0 56000
1723172044734 30.0 60000
1723172058659 30.0 64000
1723172072295 30.0 68000
1723172086222 30.0 72000
1723172099976 30.0 76000
1723172113408 30.0 80000
1723172125994 30.0 84000
1723172139043 30.0 88000
1723172151531 30.0 92000
1723172163977 30.0 96000
1723172176722 30.0 100000
1723172189597 30.0 104000
1723172201804 30.0 108000
1723172214557 30.0 112000
1723172227414 30.0 116000
1723172240091 30.0 120000
1723172252899 30.0 124000
1723172265478 30.0 128000
1723172278122 30.0 132000
1723172290515 30.0 136000
1723172303003 30.0 140000
1723172315588 30.0 144000
1723172328098 30.0 148000
1723172340431 30.0 152000
1723172353003 30.0 156000
1723172365064 30.0 160000
1723172376917 30.0 164000
1723172389972 30.0 168000
1723172402579 30.0 172000
1723172414575 30.0 176000
1723172426766 30.0 180000
1723172439167 30.0 184000
1723172451823 30.0 188000
1723172465515 30.0 192000
1723172478522 30.0 196000
1723172494384 30.0 200000
1723172507744 30.0 204000
1723172524620 30.0 208000
1723172546679 30.0 212000
1723172563806 30.0 216000
1723172581164 30.0 220000
1723172598073 30.0 224000
1723172613435 30.0 228000
1723172628767 30.0 232000
1723172643995 30.0 236000
1723172659926 30.0 240000
1723172675776 30.0 244000
1723172692114 30.0 248000
1723172707070 30.0 252000
1723172721801 30.0 256000
1723172738281 30.0 260000
1723172756107 30.0 264000
1723172770988 30.0 268000
1723172785974 30.0 272000
1723172800890 30.0 276000
1723172815755 30.0 280000
1723172830421 30.0 284000
1723172844874 30.0 288000
1723172859256 30.0 292000
1723172874458 30.0 296000
1723172889276 30.0 300000
1723172903647 30.0 304000
1723172919781 30.0 308000
1723172934681 30.0 312000
1723172948514 30.0 316000
1723172963168 30.0 320000
1723172977716 30.0 324000
1723172992106 30.0 328000
1723173006926 30.0 332000
1723173022367 30.0 336000
1723173036745 30.0 340000
1723173051284 30.0 344000
1723173065664 30.0 348000
1723173080170 30.0 352000
1723173094706 30.0 356000
1723173109385 30.0 360000
1723173125485 30.0 364000
1723173140472 30.0 368000
1723173155611 30.0 372000
1723173171504 30.0 376000
1723173186378 30.0 380000
1723173201431 30.0 384000
1723173216071 30.0 388000
1723173230948 30.0 392000
1723173245611 30.0 396000
1723173259800 30.0 400000
1723173274602 30.0 404000
1723173289040 30.0 408000
1723173302852 30.0 412000
1723173317046 30.0 416000
1723173331036 30.0 420000
1723173344703 30.0 424000
1723173359332 30.0 428000
1723173374452 30.0 432000
1723173388020 30.0 436000
1723173401044 30.0 440000
1723173417281 30.0 444000
1723173434350 30.0 448000
1723173452277 30.0 452000
1723173472618 30.0 456000
1723173492613 30.0 460000
1723173511544 30.0 464000
1723173529346 30.0 468000
1723173544099 30.0 472000
1723173568074 30.0 476000
1723173585295 30.0 480000
1723173600860 30.0 484000
1723173616355 30.0 488000
1723173631739 30.0 492000
1723173646168 30.0 496000
1723173661972 30.0 500000
1723173679526 30.0 504000
1723173698954 30.0 508000
1723173715841 30.0 512000
1723173729829 30.0 516000
1723173741826 30.0 520000
1723173753985 30.0 524000
1723173766863 30.0 528000
1723173779487 30.0 532000
1723173796097 30.0 536000
1723173814614 30.0 540000
1723173834465 30.0 544000
1723173855030 30.0 548000
1723173868904 30.0 552000
1723173887143 30.0 556000
1723173903159 30.0 560000
1723173916590 30.0 564000
1723173942202 30.0 568000
1723173958466 30.0 572000
1723173972741 30.0 576000
1723173988062 30.0 580000
1723174003708 30.0 584000
1723174019212 30.0 588000
1723174034001 30.0 592000
1723174049945 30.0 596000
1723174064420 30.0 600000
1723174079874 30.0 604000
1723174093344 30.0 608000
1723174108895 30.0 612000
1723174123198 30.0 616000
1723174137200 30.0 620000
1723174150878 30.0 624000
1723174164489 30.0 628000
1723174177995 30.0 632000
1723174191301 30.0 636000
1723174205176 30.0 640000
1723174218558 30.0 644000
1723174231967 30.0 648000
1723174245385 30.0 652000
1723174258664 30.0 656000
1723174272708 30.0 660000
1723174285990 30.0 664000
1723174299362 30.0 668000
1723174312953 30.0 672000
1723174326411 30.0 676000
1723174340041 30.0 680000
1723174353405 30.0 684000
1723174366612 30.0 688000
1723174379023 30.0 692000
1723174392476 30.0 696000
1723174405852 30.0 700000
1723174419166 30.0 704000
1723174432540 30.0 708000
1723174445842 30.0 712000
1723174459111 30.0 716000
1723174471923 30.0 720000
1723174485479 30.0 724000
1723174499160 30.0 728000
1723174512488 30.0 732000
1723174525722 30.0 736000
1723174539749 30.0 740000
1723174553197 30.0 744000
1723174567125 30.0 748000
1723174580355 30.0 752000
1723174594404 30.0 756000
1723174607440 30.0 760000
1723174621215 30.0 764000
1723174634860 30.0 768000
1723174648365 30.0 772000
1723174662011 30.0 776000
1723174675948 30.0 780000
1723174689550 30.0 784000
1723174702876 30.0 788000
1723174716247 30.0 792000
1723174730028 30.0 796000
1723174743988 30.0 800000
1723174757123 30.0 804000
1723174770148 30.0 808000
1723174783217 30.0 812000
1723174796619 30.0 816000
1723174809850 30.0 820000
1723174823376 30.0 824000
1723174836693 30.0 828000
1723174850443 30.0 832000
1723174864142 30.0 836000
1723174877630 30.0 840000
1723174890680 30.0 844000
1723174904372 30.0 848000
1723174917548 30.0 852000
1723174930489 30.0 856000
1723174943667 30.0 860000
1723174957202 30.0 864000
1723174971295 30.0 868000
1723174984800 30.0 872000
1723174998267 30.0 876000
1723175011757 30.0 880000
1723175025625 30.0 884000
1723175038983 30.0 888000
1723175051980 30.0 892000
1723175065343 30.0 896000
1723175078885 30.0 900000
1723175091976 30.0 904000
1723175105062 30.0 908000
1723175118339 30.0 912000
1723175131948 30.0 916000
1723175145226 30.0 920000
1723175158670 30.0 924000
1723175172553 30.0 928000
1723175186565 30.0 932000
1723175200677 30.0 936000
1723175214882 30.0 940000
1723175228616 30.0 944000
1723175242186 30.0 948000
1723175255883 30.0 952000
1723175269349 30.0 956000
1723175283330 30.0 960000
1723175296943 30.0 964000
1723175310727 30.0 968000
1723175324595 30.0 972000
1723175338147 30.0 976000
1723175351499 30.0 980000
1723175365032 30.0 984000
1723175378262 30.0 988000
1723175392460 30.0 992000
1723175405994 30.0 996000
1723175419139 30.0 1000000
1723175432294 30.0 1004000
1723175445715 30.0 1008000
1723175459148 30.0 1012000
1723175472607 30.0 1016000
1723175487627 30.0 1020000
1723175501169 30.0 1024000
1723175514718 30.0 1028000
1723175528052 30.0 1032000
1723175541323 30.0 1036000
1723175555313 30.0 1040000
1723175569975 30.0 1044000
1723175583661 30.0 1048000
1723175597277 30.0 1052000
1723175611034 30.0 1056000
1723175624520 30.0 1060000
1723175637980 30.0 1064000
1723175652530 30.0 1068000
1723175666209 30.0 1072000
1723175679491 30.0 1076000
1723175693213 30.0 1080000
1723175706853 30.0 1084000
1723175720275 30.0 1088000
1723175733607 30.0 1092000
1723175747142 30.0 1096000
1723175760977 30.0 1100000
1723175773074 30.0 1104000
1723175786912 30.0 1108000
1723175800050 30.0 1112000
1723175813578 30.0 1116000
1723175827581 30.0 1120000
1723175841355 30.0 1124000
1723175853649 30.0 1128000
1723175868000 30.0 1132000
1723175881491 30.0 1136000
1723175895160 30.0 1140000
1723175908426 30.0 1144000
1723175922361 30.0 1148000
1723175936453 30.0 1152000
1723175950233 30.0 1156000
1723175963841 30.0 1160000
1723175977088 30.0 1164000
1723175990434 30.0 1168000
1723176003956 30.0 1172000
1723176017069 30.0 1176000
1723176030449 30.0 1180000
1723176044340 30.0 1184000
1723176058785 30.0 1188000
1723176072154 30.0 1192000
1723176085223 30.0 1196000
1723176099079 30.0 1200000
1723176112949 30.0 1204000
1723176126647 30.0 1208000
1723176139957 30.0 1212000
1723176154428 30.0 1216000
1723176168391 30.0 1220000
1723176182124 30.0 1224000
1723176195827 30.0 1228000
1723176209003 30.0 1232000
1723176222161 30.0 1236000
1723176236030 30.0 1240000
1723176249531 30.0 1244000
1723176262338 30.0 1248000
1723176274778 30.0 1252000
1723176287962 30.0 1256000
1723176301074 30.0 1260000
1723176314481 30.0 1264000
1723176327865 30.0 1268000
1723176341134 30.0 1272000
1723176355054 30.0 1276000
1723176368892 30.0 1280000
1723176383295 30.0 1284000
1723176395489 30.0 1288000
1723176408662 30.0 1292000
1723176422060 30.0 1296000
1723176435167 30.0 1300000
1723176448901 30.0 1304000
1723176462126 30.0 1308000
1723176475872 30.0 1312000
1723176490051 30.0 1316000
1723176502722 30.0 1320000
1723176516105 30.0 1324000
1723176530411 30.0 1328000
1723176544841 30.0 1332000
1723176558144 30.0 1336000
1723176572108 30.0 1340000
1723176585633 30.0 1344000
1723176599555 30.0 1348000
1723176613489 30.0 1352000
1723176627213 30.0 1356000
1723176640640 30.0 1360000
1723176654127 30.0 1364000
1723176667845 30.0 1368000
1723176681415 30.0 1372000
1723176694980 30.0 1376000
1723176708589 30.0 1380000
1723176722027 30.0 1384000
1723176735493 30.0 1388000
1723176748859 30.0 1392000
1723176762350 30.0 1396000
1723176776139 30.0 1400000
1723176789948 30.0 1404000
1723176803586 30.0 1408000
1723176816698 30.0 1412000
1723176830346 30.0 1416000
1723176844057 30.0 1420000
1723176857353 30.0 1424000
1723176871033 30.0 1428000
1723176884675 30.0 1432000
1723176898664 30.0 1436000
1723176912443 30.0 1440000
1723176926077 30.0 1444000
1723176939449 30.0 1448000
1723176952997 30.0 1452000
1723176966112 30.0 1456000
1723176979495 30.0 1460000
1723176992924 30.0 1464000
1723177006341 30.0 1468000
1723177019749 30.0 1472000
1723177033184 30.0 1476000
1723177046707 30.0 1480000
1723177060367 30.0 1484000
1723177074226 30.0 1488000
1723177088052 30.0 1492000
1723177101791 30.0 1496000
1723177115440 30.0 1500000
1723177129276 30.0 1504000
1723177143062 30.0 1508000
1723177156362 30.0 1512000
1723177169520 30.0 1516000
1723177183860 30.0 1520000
1723177197286 30.0 1524000
1723177210593 30.0 1528000
1723177223627 30.0 1532000
1723177236875 30.0 1536000
1723177250879 30.0 1540000
1723177264492 30.0 1544000
1723177278861 30.0 1548000
1723177292839 30.0 1552000
1723177306756 30.0 1556000
1723177320521 30.0 1560000
1723177334342 30.0 1564000
1723177347888 30.0 1568000
1723177361747 30.0 1572000
1723177375685 30.0 1576000
1723177389890 30.0 1580000
1723177403476 30.0 1584000
1723177416848 30.0 1588000
1723177430878 30.0 1592000
1723177444903 30.0 1596000
1723177458664 30.0 1600000
1723177472316 30.0 1604000
1723177486213 30.0 1608000
1723177499952 30.0 1612000
1723177513637 30.0 1616000
1723177527878 30.0 1620000
1723177541608 30.0 1624000
1723177555304 30.0 1628000
1723177569633 30.0 1632000
1723177583710 30.0 1636000
1723177597045 30.0 1640000
1723177610741 30.0 1644000
1723177624327 30.0 1648000
1723177637688 30.0 1652000
1723177651410 30.0 1656000
1723177664747 30.0 1660000
1723177678204 30.0 1664000
1723177691849 30.0 1668000
1723177705534 30.0 1672000
1723177718877 30.0 1676000
1723177732929 30.0 1680000
1723177746484 30.0 1684000
1723177759694 30.0 1688000
1723177773539 30.0 1692000
1723177787147 30.0 1696000
1723177800788 30.0 1700000
1723177813910 30.0 1704000
1723177827200 30.0 1708000
1723177840324 30.0 1712000
1723177854634 30.0 1716000
1723177868233 30.0 1720000
1723177882019 30.0 1724000
1723177895312 30.0 1728000
1723177908914 30.0 1732000
1723177921946 30.0 1736000
1723177934785 30.0 1740000
1723177948542 30.0 1744000
1723177962160 30.0 1748000
1723177975827 30.0 1752000
1723177990062 30.0 1756000
1723178003911 30.0 1760000
1723178017739 30.0 1764000
1723178031620 30.0 1768000
1723178045689 30.0 1772000
1723178059011 30.0 1776000
1723178073317 30.0 1780000
1723178087107 30.0 1784000
1723178100789 30.0 1788000
1723178114331 30.0 1792000
1723178127592 30.0 1796000
1723178141363 30.0 1800000
1723178155395 30.0 1804000
1723178170162 30.0 1808000
1723178183773 30.0 1812000
1723178197222 30.0 1816000
1723178210966 30.0 1820000
1723178224803 30.0 1824000
1723178238194 30.0 1828000
1723178251501 30.0 1832000
1723178265440 30.0 1836000
1723178279502 30.0 1840000
1723178293250 30.0 1844000
1723178306840 30.0 1848000
1723178320133 30.0 1852000
1723178334210 30.0 1856000
1723178347744 30.0 1860000
1723178361225 30.0 1864000
1723178374290 30.0 1868000
1723178387702 30.0 1872000
1723178401173 30.0 1876000
1723178414724 30.0 1880000
1723178427852 30.0 1884000
1723178441365 30.0 1888000
1723178454778 30.0 1892000
1723178468788 30.0 1896000
1723178482298 30.0 1900000
1723178495991 30.0 1904000
1723178510346 30.0 1908000
1723178524181 30.0 1912000
1723178537817 30.0 1916000
1723178551647 30.0 1920000
1723178565081 30.0 1924000
1723178578931 30.0 1928000
1723178592905 30.0 1932000
1723178606186 30.0 1936000
1723178619721 30.0 1940000
1723178634017 30.0 1944000
1723178647867 30.0 1948000
1723178661798 30.0 1952000
1723178676714 30.0 1956000
1723178690477 30.0 1960000
1723178704267 30.0 1964000
1723178717849 30.0 1968000
1723178731515 30.0 1972000
1723178744643 30.0 1976000
1723178758568 30.0 1980000
1723178772305 30.0 1984000
1723178786134 30.0 1988000
1723178799532 30.0 1992000
1723178813160 30.0 1996000
1723178827002 30.0 2000000
