1723171812022 0.0 4000
1723171825414 0.0 8000
1723171838140 0.0 12000
1723171851720 0.0 16000
1723171869888 0.0 20000
1723171886393 0.0 24000
1723171904819 0.0 28000
1723171922371 0.0 32000
1723171940886 0.0 36000
1723171958865 0.0 40000
1723171977166 0.0 44000
1723171994371 0.0 48000
1723172010923 0.0 52000
1723172029616 0.0 56000
1723172044716 0.0 60000
1723172058640 0.0 64000
1723172072275 0.0 68000
1723172086205 0.0 72000
1723172099958 0.0 76000
1723172113389 0.0 80000
1723172125976 0.0 84000
1723172139025 0.0 88000
1723172151514 0.0 92000
1723172163959 0.0 96000
1723172176704 0.0 100000
1723172189580 0.0 104000
1723172201786 0.0 108000
1723172214540 0.0 112000
1723172227397 0.0 116000
1723172240073 0.0 120000
1723172252882 0.0 124000
1723172265460 0.0 128000
1723172278104 0.0 132000
1723172290495 0.0 136000
1723172302984 0.0 140000
1723172315570 0.0 144000
1723172328078 0.0 148000
1723172340412 0.0 152000
1723172352986 0.0 156000
1723172365046 0.0 160000
1723172376899 0.0 164000
1723172389954 0.0 168000
1723172402561 0.0 172000
1723172414558 0.0 176000
1723172426749 0.0 180000
1723172439149 0.0 184000
1723172451805 0.0 188000
1723172465498 0.0 192000
1723172478500 0.0 196000
1723172494367 0.0 200000
1723172507726 0.0 204000
1723172524596 0.0 208000
1723172546660 0.0 212000
1723172563786 0.0 216000
1723172581142 0.0 220000
1723172598050 0.0 224000
1723172613416 0.0 228000
1723172628749 0.0 232000
1723172643977 0.0 236000
1723172659907 0.0 240000
1723172675734 0.0 244000
1723172692093 0.0 248000
1723172707052 0.0 252000
1723172721781 0.0 256000
1723172738261 0.0 260000
1723172756088 0.0 264000
1723172770970 0.0 268000
1723172785956 0.0 272000
1723172800872 0.0 276000
1723172815737 0.0 280000
1723172830402 0.0 284000
1723172844856 0.0 288000
1723172859238 0.0 292000
1723172874440 0.0 296000
1723172889259 0.0 300000
1723172903630 0.0 304000
1723172919763 0.0 308000
1723172934663 0.0 312000
1723172948496 0.0 316000
1723172963150 0.0 320000
1723172977698 0.0 324000
1723172992088 0.0 328000
1723173006900 0.0 332000
1723173022348 0.0 336000
1723173036728 0.0 340000
1723173051266 0.0 344000
1723173065646 0.0 348000
1723173080153 0.0 352000
1723173094688 0.0 356000
1723173109367 0.0 360000
1723173125466 0.0 364000
1723173140454 0.0 368000
1723173155568 0.0 372000
1723173171486 0.0 376000
1723173186361 0.0 380000
1723173201409 0.0 384000
1723173216053 0.0 388000
1723173230929 0.0 392000
1723173245593 0.0 396000
1723173259782 0.0 400000
1723173274585 0.0 404000
1723173289022 0.0 408000
1723173302835 0.0 412000
1723173317023 0.0 416000
1723173331019 0.0 420000
1723173344685 0.0 424000
1723173359313 0.0 428000
1723173374434 0.0 432000
1723173388003 0.0 436000
1723173401026 0.0 440000
1723173417262 0.0 444000
1723173434331 0.0 448000
1723173452256 0.0 452000
1723173472600 0.0 456000
1723173492594 0.0 460000
1723173511526 0.0 464000
1723173529323 0.0 468000
1723173544078 0.0 472000
1723173568052 0.0 476000
1723173585277 0.0 480000
1723173600842 0.0 484000
1723173616337 0.0 488000
1723173631715 0.0 492000
1723173646136 0.0 496000
1723173661952 0.0 500000
1723173679506 0.0 504000
1723173698930 0.0 508000
1723173715822 0.0 512000
1723173729811 0.0 516000
1723173741808 0.0 520000
1723173753967 0.0 524000
1723173766842 0.0 528000
1723173779469 0.0 532000
1723173796079 0.0 536000
1723173814584 0.0 540000
1723173834445 0.0 544000
1723173855009 0.0 548000
1723173868880 0.0 552000
1723173887121 0.0 556000
1723173903142 0.0 560000
1723173916572 0.0 564000
1723173942173 0.0 568000
1723173958447 0.0 572000
1723173972722 0.0 576000
1723173988044 0.0 580000
1723174003688 0.0 584000
1723174019195 0.0 588000
1723174033954 0.0 592000
1723174049926 0.0 596000
1723174064399 0.0 600000
1723174079855 0.0 604000
1723174093320 0.0 608000
1723174108870 0.0 612000
1723174123177 0.0 616000
1723174137180 0.0 620000
1723174150859 0.0 624000
1723174164470 0.0 628000
1723174177975 0.0 632000
1723174191281 0.0 636000
1723174205156 0.0 640000
1723174218539 0.0 644000
1723174231948 0.0 648000
1723174245367 0.0 652000
1723174258645 0.0 656000
1723174272685 0.0 660000
1723174285971 0.0 664000
1723174299343 0.0 668000
1723174312933 0.0 672000
1723174326392 0.0 676000
1723174340022 0.0 680000
1723174353387 0.0 684000
1723174366593 0.0 688000
1723174379003 0.0 692000
1723174392456 0.0 696000
1723174405833 0.0 700000
1723174419147 0.0 704000
1723174432521 0.0 708000
1723174445822 0.0 712000
1723174459092 0.0 716000
1723174471905 0.0 720000
1723174485460 0.0 724000
1723174499141 0.0 728000
1723174512469 0.0 732000
1723174525703 0.0 736000
1723174539732 0.0 740000
1723174553178 0.0 744000
1723174567105 0.0 748000
1723174580335 0.0 752000
1723174594385 0.0 756000
1723174607417 0.0 760000
1723174621197 0.0 764000
1723174634842 0.0 768000
1723174648346 0.0 772000
1723174661992 0.0 776000
1723174675929 0.0 780000
1723174689530 0.0 784000
1723174702858 0.0 788000
1723174716222 0.0 792000
1723174730009 0.0 796000
1723174743969 0.0 800000
1723174757103 0.0 804000
1723174770129 0.0 808000
1723174783198 0.0 812000
1723174796599 0.0 816000
1723174809830 0.0 820000
1723174823357 0.0 824000
1723174836674 0.0 828000
1723174850423 0.0 832000
1723174864123 0.0 836000
1723174877613 0.0 840000
1723174890659 0.0 844000
1723174904351 0.0 848000
1723174917529 0.0 852000
1723174930466 0.0 856000
1723174943648 0.0 860000
1723174957183 0.0 864000
1723174971276 0.0 868000
1723174984781 0.0 872000
1723174998248 0.0 876000
1723175011739 0.0 880000
1723175025607 0.0 884000
1723175038964 0.0 888000
1723175051957 0.0 892000
1723175065321 0.0 896000
1723175078867 0.0 900000
1723175091956 0.0 904000
1723175105041 0.0 908000
1723175118319 0.0 912000
1723175131929 0.0 916000
1723175145204 0.0 920000
1723175158650 0.0 924000
1723175172534 0.0 928000
1723175186546 0.0 932000
1723175200659 0.0 936000
1723175214862 0.0 940000
1723175228597 0.0 944000
1723175242164 0.0 948000
1723175255863 0.0 952000
1723175269329 0.0 956000
1723175283311 0.0 960000
1723175296920 0.0 964000
1723175310707 0.0 968000
1723175324575 0.0 972000
1723175338128 0.0 976000
1723175351478 0.0 980000
1723175365009 0.0 984000
1723175378245 0.0 988000
1723175392441 0.0 992000
1723175405973 0.0 996000
1723175419120 0.0 1000000
1723175432274 0.0 1004000
1723175445696 0.0 1008000
1723175459126 0.0 1012000
1723175472587 0.0 1016000
1723175487608 0.0 1020000
1723175501150 0.0 1024000
1723175514695 0.0 1028000
1723175528032 0.0 1032000
1723175541303 0.0 1036000
1723175555285 0.0 1040000
1723175569955 0.0 1044000
1723175583639 0.0 1048000
1723175597258 0.0 1052000
1723175611013 0.0 1056000
1723175624500 0.0 1060000
1723175637961 0.0 1064000
1723175652511 0.0 1068000
1723175666191 0.0 1072000
1723175679472 0.0 1076000
1723175693190 0.0 1080000
1723175706831 0.0 1084000
1723175720255 0.0 1088000
1723175733587 0.0 1092000
1723175747122 0.0 1096000
1723175760958 0.0 1100000
1723175773054 0.0 1104000
1723175786874 0.0 1108000
1723175800028 0.0 1112000
1723175813554 0.0 1116000
1723175827558 0.0 1120000
1723175841336 0.0 1124000
1723175853625 0.0 1128000
1723175867981 0.0 1132000
1723175881467 0.0 1136000
1723175895140 0.0 1140000
1723175908406 0.0 1144000
1723175922332 0.0 1148000
1723175936432 0.0 1152000
1723175950209 0.0 1156000
1723175963816 0.0 1160000
1723175977065 0.0 1164000
1723175990412 0.0 1168000
1723176003937 0.0 1172000
1723176017050 0.0 1176000
1723176030429 0.0 1180000
1723176044320 0.0 1184000
1723176058764 0.0 1188000
1723176072116 0.0 1192000
1723176085204 0.0 1196000
1723176099061 0.0 1200000
1723176112929 0.0 1204000
1723176126627 0.0 1208000
1723176139937 0.0 1212000
1723176154403 0.0 1216000
1723176168370 0.0 1220000
1723176182104 0.0 1224000
1723176195807 0.0 1228000
1723176208983 0.0 1232000
1723176222142 0.0 1236000
1723176236003 0.0 1240000
1723176249511 0.0 1244000
1723176262296 0.0 1248000
1723176274759 0.0 1252000
1723176287941 0.0 1256000
1723176301055 0.0 1260000
1723176314458 0.0 1264000
1723176327846 0.0 1268000
1723176341114 0.0 1272000
1723176355033 0.0 1276000
1723176368872 0.0 1280000
1723176383273 0.0 1284000
1723176395458 0.0 1288000
1723176408643 0.0 1292000
1723176422041 0.0 1296000
1723176435148 0.0 1300000
1723176448877 0.0 1304000
1723176462107 0.0 1308000
1723176475848 0.0 1312000
1723176490019 0.0 1316000
1723176502703 0.0 1320000
1723176516086 0.0 1324000
1723176530386 0.0 1328000
1723176544821 0.0 1332000
1723176558122 0.0 1336000
1723176572089 0.0 1340000
1723176585610 0.0 1344000
1723176599535 0.0 1348000
1723176613469 0.0 1352000
1723176627192 0.0 1356000
1723176640621 0.0 1360000
1723176654107 0.0 1364000
1723176667826 0.0 1368000
1723176681395 0.0 1372000
1723176694959 0.0 1376000
1723176708568 0.0 1380000
1723176722007 0.0 1384000
1723176735472 0.0 1388000
1723176748838 0.0 1392000
1723176762331 0.0 1396000
1723176776119 0.0 1400000
1723176789929 0.0 1404000
1723176803567 0.0 1408000
1723176816679 0.0 1412000
1723176830325 0.0 1416000
1723176844038 0.0 1420000
1723176857334 0.0 1424000
1723176871014 0.0 1428000
1723176884655 0.0 1432000
1723176898640 0.0 1436000
1723176912423 0.0 1440000
1723176926057 0.0 1444000
1723176939429 0.0 1448000
1723176952977 0.0 1452000
1723176966093 0.0 1456000
1723176979475 0.0 1460000
1723176992905 0.0 1464000
1723177006322 0.0 1468000
1723177019730 0.0 1472000
1723177033165 0.0 1476000
1723177046688 0.0 1480000
1723177060346 0.0 1484000
1723177074208 0.0 1488000
1723177088032 0.0 1492000
1723177101772 0.0 1496000
1723177115420 0.0 1500000
1723177129257 0.0 1504000
1723177143042 0.0 1508000
1723177156343 0.0 1512000
1723177169496 0.0 1516000
1723177183839 0.0 1520000
1723177197266 0.0 1524000
1723177210574 0.0 1528000
1723177223607 0.0 1532000
1723177236855 0.0 1536000
1723177250860 0.0 1540000
1723177264473 0.0 1544000
1723177278842 0.0 1548000
1723177292819 0.0 1552000
1723177306736 0.0 1556000
1723177320501 0.0 1560000
1723177334322 0.0 1564000
1723177347868 0.0 1568000
1723177361727 0.0 1572000
1723177375666 0.0 1576000
1723177389871 0.0 1580000
1723177403454 0.0 1584000
1723177416828 0.0 1588000
1723177430859 0.0 1592000
1723177444884 0.0 1596000
1723177458645 0.0 1600000
1723177472297 0.0 1604000
1723177486194 0.0 1608000
1723177499932 0.0 1612000
1723177513617 0.0 1616000
1723177527858 0.0 1620000
1723177541589 0.0 1624000
1723177555284 0.0 1628000
1723177569610 0.0 1632000
1723177583691 0.0 1636000
1723177597026 0.0 1640000
1723177610720 0.0 1644000
1723177624307 0.0 1648000
1723177637668 0.0 1652000
1723177651384 0.0 1656000
1723177664726 0.0 1660000
1723177678183 0.0 1664000
1723177691830 0.0 1668000
1723177705514 0.0 1672000
1723177718858 0.0 1676000
1723177732910 0.0 1680000
1723177746464 0.0 1684000
1723177759675 0.0 1688000
1723177773515 0.0 1692000
1723177787127 0.0 1696000
1723177800769 0.0 1700000
1723177813890 0.0 1704000
1723177827178 0.0 1708000
1723177840303 0.0 1712000
1723177854615 0.0 1716000
1723177868214 0.0 1720000
1723177881999 0.0 1724000
1723177895293 0.0 1728000
1723177908895 0.0 1732000
1723177921923 0.0 1736000
1723177934762 0.0 1740000
1723177948523 0.0 1744000
1723177962141 0.0 1748000
1723177975808 0.0 1752000
1723177990042 0.0 1756000
1723178003891 0.0 1760000
1723178017718 0.0 1764000
1723178031601 0.0 1768000
1723178045669 0.0 1772000
1723178058973 0.0 1776000
1723178073297 0.0 1780000
1723178087087 0.0 1784000
1723178100767 0.0 1788000
1723178114304 0.0 1792000
1723178127571 0.0 1796000
1723178141343 0.0 1800000
1723178155373 0.0 1804000
1723178170143 0.0 1808000
1723178183753 0.0 1812000
1723178197202 0.0 1816000
1723178210947 0.0 1820000
1723178224783 0.0 1824000
1723178238173 0.0 1828000
1723178251482 0.0 1832000
1723178265420 0.0 1836000
1723178279479 0.0 1840000
1723178293231 0.0 1844000
1723178306819 0.0 1848000
1723178320114 0.0 1852000
1723178334182 0.0 1856000
1723178347724 0.0 1860000
1723178361203 0.0 1864000
1723178374271 0.0 1868000
1723178387682 0.0 1872000
1723178401153 0.0 1876000
1723178414706 0.0 1880000
1723178427833 0.0 1884000
1723178441344 0.0 1888000
1723178454758 0.0 1892000
1723178468768 0.0 1896000
1723178482278 0.0 1900000
1723178495971 0.0 1904000
1723178510325 0.0 1908000
1723178524162 0.0 1912000
1723178537796 0.0 1916000
1723178551627 0.0 1920000
1723178565062 0.0 1924000
1723178578910 0.0 1928000
1723178592885 0.0 1932000
1723178606165 0.0 1936000
1723178619696 0.0 1940000
1723178633998 0.0 1944000
1723178647847 0.0 1948000
1723178661778 0.0 1952000
1723178676695 0.0 1956000
1723178690457 0.0 1960000
1723178704247 0.0 1964000
1723178717829 0.0 1968000
1723178731496 0.0 1972000
1723178744623 0.0 1976000
1723178758542 0.0 1980000
1723178772285 0.0 1984000
1723178786114 0.0 1988000
1723178799513 0.0 1992000
1723178813138 0.0 1996000
1723178826982 0.0 2000000
