1723171812038 -1.0 4000
1723171825428 -1.0 8000
1723171838152 -1.0 12000
1723171851732 -1.0 16000
1723171869903 -1.0 20000
1723171886405 -1.0 24000
1723171904840 -1.0 28000
1723171922387 -1.0 32000
1723171940899 -1.0 36000
1723171958886 -1.0 40000
1723171977191 -1.0 44000
1723171994383 -1.0 48000
1723172010939 -1.0 52000
1723172029641 -1.0 56000
1723172044729 -1.0 60000
1723172058653 -1.0 64000
1723172072289 -1.0 68000
1723172086216 -1.0 72000
1723172099971 -1.0 76000
1723172113402 -1.0 80000
1723172125988 -1.0 84000
1723172139037 -1.0 88000
1723172151526 -1.0 92000
1723172163971 -1.0 96000
1723172176716 -1.0 100000
1723172189592 -1.0 104000
1723172201799 -1.0 108000
1723172214552 -1.0 112000
1723172227409 -1.0 116000
1723172240085 -1.0 120000
1723172252894 -1.0 124000
1723172265472 -1.0 128000
1723172278117 -1.0 132000
1723172290509 -1.0 136000
1723172302997 -1.0 140000
1723172315582 -1.0 144000
1723172328091 -1.0 148000
1723172340425 -1.0 152000
1723172352998 -1.0 156000
1723172365059 -1.0 160000
1723172376911 -1.0 164000
1723172389967 -1.0 168000
1723172402573 -1.0 172000
1723172414570 -1.0 176000
1723172426761 -1.0 180000
1723172439161 -1.0 184000
1723172451818 -1.0 188000
1723172465510 -1.0 192000
1723172478514 -1.0 196000
1723172494378 -1.0 200000
1723172507739 -1.0 204000
1723172524612 -1.0 208000
1723172546673 -1.0 212000
1723172563800 -1.0 216000
1723172581156 -1.0 220000
1723172598065 -1.0 224000
1723172613429 -1.0 228000
1723172628761 -1.0 232000
1723172643990 -1.0 236000
1723172659920 -1.0 240000
1723172675758 -1.0 244000
1723172692109 -1.0 248000
1723172707064 -1.0 252000
1723172721795 -1.0 256000
1723172738275 -1.0 260000
1723172756102 -1.0 264000
1723172770982 -1.0 268000
1723172785968 -1.0 272000
1723172800885 -1.0 276000
1723172815749 -1.0 280000
1723172830416 -1.0 284000
1723172844868 -1.0 288000
1723172859250 -1.0 292000
1723172874453 -1.0 296000
1723172889271 -1.0 300000
1723172903642 -1.0 304000
1723172919775 -1.0 308000
1723172934676 -1.0 312000
1723172948508 -1.0 316000
1723172963162 -1.0 320000
1723172977711 -1.0 324000
1723172992100 -1.0 328000
1723173006920 -1.0 332000
1723173022361 -1.0 336000
1723173036740 -1.0 340000
1723173051278 -1.0 344000
1723173065659 -1.0 348000
1723173080165 -1.0 352000
1723173094701 -1.0 356000
1723173109379 -1.0 360000
1723173125479 -1.0 364000
1723173140467 -1.0 368000
1723173155601 -1.0 372000
1723173171498 -1.0 376000
1723173186373 -1.0 380000
1723173201425 -1.0 384000
1723173216065 -1.0 388000
1723173230942 -1.0 392000
1723173245606 -1.0 396000
1723173259795 -1.0 400000
1723173274597 -1.0 404000
1723173289034 -1.0 408000
1723173302847 -1.0 412000
1723173317037 -1.0 416000
1723173331031 -1.0 420000
1723173344698 -1.0 424000
1723173359326 -1.0 428000
1723173374446 -1.0 432000
1723173388015 -1.0 436000
1723173401039 -1.0 440000
1723173417276 -1.0 444000
1723173434344 -1.0 448000
1723173452271 -1.0 452000
1723173472613 -1.0 456000
1723173492606 -1.0 460000
1723173511538 -1.0 464000
1723173529339 -1.0 468000
1723173544090 -1.0 472000
1723173568069 -1.0 476000
1723173585290 -1.0 480000
1723173600854 -1.0 484000
1723173616349 -1.0 488000
1723173631731 -1.0 492000
1723173646155 -1.0 496000
1723173661966 -1.0 500000
1723173679520 -1.0 504000
1723173698945 -1.0 508000
1723173715835 -1.0 512000
1723173729824 -1.0 516000
1723173741820 -1.0 520000
1723173753980 -1.0 524000
1723173766856 -1.0 528000
1723173779482 -1.0 532000
1723173796091 -1.0 536000
1723173814608 -1.0 540000
1723173834458 -1.0 544000
1723173855023 -1.0 548000
1723173868896 -1.0 552000
1723173887137 -1.0 556000
1723173903154 -1.0 560000
1723173916585 -1.0 564000
1723173942195 -1.0 568000
1723173958460 -1.0 572000
1723173972735 -1.0 576000
1723173988056 -1.0 580000
1723174003701 -1.0 584000
1723174019207 -1.0 588000
1723174033973 -1.0 592000
1723174049940 -1.0 596000
1723174064415 -1.0 600000
1723174079868 -1.0 604000
1723174093338 -1.0 608000
1723174108888 -1.0 612000
1723174123192 -1.0 616000
1723174137194 -1.0 620000
1723174150872 -1.0 624000
1723174164483 -1.0 628000
1723174177988 -1.0 632000
1723174191295 -1.0 636000
1723174205170 -1.0 640000
1723174218552 -1.0 644000
1723174231961 -1.0 648000
1723174245380 -1.0 652000
1723174258659 -1.0 656000
1723174272701 -1.0 660000
1723174285984 -1.0 664000
1723174299356 -1.0 668000
1723174312947 -1.0 672000
1723174326405 -1.0 676000
1723174340035 -1.0 680000
1723174353399 -1.0 684000
1723174366607 -1.0 688000
1723174379017 -1.0 692000
1723174392470 -1.0 696000
1723174405847 -1.0 700000
1723174419161 -1.0 704000
1723174432534 -1.0 708000
1723174445836 -1.0 712000
1723174459105 -1.0 716000
1723174471917 -1.0 720000
1723174485473 -1.0 724000
1723174499154 -1.0 728000
1723174512482 -1.0 732000
1723174525716 -1.0 736000
1723174539744 -1.0 740000
1723174553191 -1.0 744000
1723174567118 -1.0 748000
1723174580349 -1.0 752000
1723174594398 -1.0 756000
1723174607433 -1.0 760000
1723174621210 -1.0 764000
1723174634855 -1.0 768000
1723174648359 -1.0 772000
1723174662006 -1.0 776000
1723174675942 -1.0 780000
1723174689544 -1.0 784000
1723174702871 -1.0 788000
1723174716241 -1.0 792000
1723174730022 -1.0 796000
1723174743982 -1.0 800000
1723174757117 -1.0 804000
1723174770143 -1.0 808000
1723174783211 -1.0 812000
1723174796613 -1.0 816000
1723174809844 -1.0 820000
1723174823370 -1.0 824000
1723174836688 -1.0 828000
1723174850438 -1.0 832000
1723174864137 -1.0 836000
1723174877625 -1.0 840000
1723174890673 -1.0 844000
1723174904366 -1.0 848000
1723174917542 -1.0 852000
1723174930481 -1.0 856000
1723174943661 -1.0 860000
1723174957196 -1.0 864000
1723174971289 -1.0 868000
1723174984795 -1.0 872000
1723174998261 -1.0 876000
1723175011752 -1.0 880000
1723175025619 -1.0 884000
1723175038977 -1.0 888000
1723175051972 -1.0 892000
1723175065337 -1.0 896000
1723175078880 -1.0 900000
1723175091970 -1.0 904000
1723175105056 -1.0 908000
1723175118333 -1.0 912000
1723175131942 -1.0 916000
1723175145220 -1.0 920000
1723175158664 -1.0 924000
1723175172547 -1.0 928000
1723175186559 -1.0 932000
1723175200672 -1.0 936000
1723175214876 -1.0 940000
1723175228610 -1.0 944000
1723175242179 -1.0 948000
1723175255877 -1.0 952000
1723175269343 -1.0 956000
1723175283323 -1.0 960000
1723175296935 -1.0 964000
1723175310721 -1.0 968000
1723175324589 -1.0 972000
1723175338141 -1.0 976000
1723175351492 -1.0 980000
1723175365023 -1.0 984000
1723175378257 -1.0 988000
1723175392454 -1.0 992000
1723175405988 -1.0 996000
1723175419133 -1.0 1000000
1723175432288 -1.0 1004000
1723175445709 -1.0 1008000
1723175459140 -1.0 1012000
1723175472601 -1.0 1016000
1723175487621 -1.0 1020000
1723175501163 -1.0 1024000
1723175514711 -1.0 1028000
1723175528046 -1.0 1032000
1723175541317 -1.0 1036000
1723175555306 -1.0 1040000
1723175569969 -1.0 1044000
1723175583654 -1.0 1048000
1723175597272 -1.0 1052000
1723175611027 -1.0 1056000
1723175624514 -1.0 1060000
1723175637974 -1.0 1064000
1723175652524 -1.0 1068000
1723175666204 -1.0 1072000
1723175679485 -1.0 1076000
1723175693205 -1.0 1080000
1723175706846 -1.0 1084000
1723175720270 -1.0 1088000
1723175733600 -1.0 1092000
1723175747135 -1.0 1096000
1723175760971 -1.0 1100000
1723175773067 -1.0 1104000
1723175786903 -1.0 1108000
1723175800044 -1.0 1112000
1723175813572 -1.0 1116000
1723175827574 -1.0 1120000
1723175841349 -1.0 1124000
1723175853641 -1.0 1128000
1723175867994 -1.0 1132000
1723175881482 -1.0 1136000
1723175895154 -1.0 1140000
1723175908420 -1.0 1144000
1723175922352 -1.0 1148000
1723175936446 -1.0 1152000
1723175950226 -1.0 1156000
1723175963834 -1.0 1160000
1723175977081 -1.0 1164000
1723175990426 -1.0 1168000
1723176003950 -1.0 1172000
1723176017063 -1.0 1176000
1723176030443 -1.0 1180000
1723176044334 -1.0 1184000
1723176058778 -1.0 1188000
1723176072143 -1.0 1192000
1723176085218 -1.0 1196000
1723176099073 -1.0 1200000
1723176112943 -1.0 1204000
1723176126641 -1.0 1208000
1723176139951 -1.0 1212000
1723176154421 -1.0 1216000
1723176168385 -1.0 1220000
1723176182118 -1.0 1224000
1723176195821 -1.0 1228000
1723176208996 -1.0 1232000
1723176222156 -1.0 1236000
1723176236023 -1.0 1240000
1723176249525 -1.0 1244000
1723176262324 -1.0 1248000
1723176274772 -1.0 1252000
1723176287955 -1.0 1256000
1723176301068 -1.0 1260000
1723176314474 -1.0 1264000
1723176327859 -1.0 1268000
1723176341128 -1.0 1272000
1723176355047 -1.0 1276000
1723176368886 -1.0 1280000
1723176383288 -1.0 1284000
1723176395477 -1.0 1288000
1723176408656 -1.0 1292000
1723176422054 -1.0 1296000
1723176435161 -1.0 1300000
1723176448893 -1.0 1304000
1723176462120 -1.0 1308000
1723176475865 -1.0 1312000
1723176490043 -1.0 1316000
1723176502716 -1.0 1320000
1723176516099 -1.0 1324000
1723176530404 -1.0 1328000
1723176544835 -1.0 1332000
1723176558137 -1.0 1336000
1723176572103 -1.0 1340000
1723176585626 -1.0 1344000
1723176599549 -1.0 1348000
1723176613483 -1.0 1352000
1723176627206 -1.0 1356000
1723176640634 -1.0 1360000
1723176654121 -1.0 1364000
1723176667839 -1.0 1368000
1723176681409 -1.0 1372000
1723176694974 -1.0 1376000
1723176708583 -1.0 1380000
1723176722021 -1.0 1384000
1723176735486 -1.0 1388000
1723176748852 -1.0 1392000
1723176762344 -1.0 1396000
1723176776132 -1.0 1400000
1723176789942 -1.0 1404000
1723176803580 -1.0 1408000
1723176816692 -1.0 1412000
1723176830338 -1.0 1416000
1723176844051 -1.0 1420000
1723176857348 -1.0 1424000
1723176871027 -1.0 1428000
1723176884669 -1.0 1432000
1723176898657 -1.0 1436000
1723176912437 -1.0 1440000
1723176926071 -1.0 1444000
1723176939443 -1.0 1448000
1723176952991 -1.0 1452000
1723176966107 -1.0 1456000
1723176979489 -1.0 1460000
1723176992919 -1.0 1464000
1723177006335 -1.0 1468000
1723177019743 -1.0 1472000
1723177033178 -1.0 1476000
1723177046701 -1.0 1480000
1723177060361 -1.0 1484000
1723177074221 -1.0 1488000
1723177088046 -1.0 1492000
1723177101786 -1.0 1496000
1723177115434 -1.0 1500000
1723177129270 -1.0 1504000
1723177143056 -1.0 1508000
1723177156356 -1.0 1512000
1723177169514 -1.0 1516000
1723177183853 -1.0 1520000
1723177197280 -1.0 1524000
1723177210587 -1.0 1528000
1723177223621 -1.0 1532000
1723177236869 -1.0 1536000
1723177250873 -1.0 1540000
1723177264487 -1.0 1544000
1723177278855 -1.0 1548000
1723177292833 -1.0 1552000
1723177306750 -1.0 1556000
1723177320515 -1.0 1560000
1723177334335 -1.0 1564000
1723177347882 -1.0 1568000
1723177361741 -1.0 1572000
1723177375679 -1.0 1576000
1723177389885 -1.0 1580000
1723177403469 -1.0 1584000
1723177416842 -1.0 1588000
1723177430872 -1.0 1592000
1723177444897 -1.0 1596000
1723177458659 -1.0 1600000
1723177472311 -1.0 1604000
1723177486207 -1.0 1608000
1723177499945 -1.0 1612000
1723177513631 -1.0 1616000
1723177527872 -1.0 1620000
1723177541602 -1.0 1624000
1723177555298 -1.0 1628000
1723177569625 -1.0 1632000
1723177583704 -1.0 1636000
1723177597039 -1.0 1640000
1723177610735 -1.0 1644000
1723177624321 -1.0 1648000
1723177637682 -1.0 1652000
1723177651402 -1.0 1656000
1723177664741 -1.0 1660000
1723177678197 -1.0 1664000
1723177691843 -1.0 1668000
1723177705528 -1.0 1672000
1723177718871 -1.0 1676000
1723177732923 -1.0 1680000
1723177746478 -1.0 1684000
1723177759688 -1.0 1688000
1723177773528 -1.0 1692000
1723177787140 -1.0 1696000
1723177800782 -1.0 1700000
1723177813904 -1.0 1704000
1723177827194 -1.0 1708000
1723177840317 -1.0 1712000
1723177854628 -1.0 1716000
1723177868227 -1.0 1720000
1723177882013 -1.0 1724000
1723177895306 -1.0 1728000
1723177908908 -1.0 1732000
1723177921940 -1.0 1736000
1723177934776 -1.0 1740000
1723177948537 -1.0 1744000
1723177962154 -1.0 1748000
1723177975821 -1.0 1752000
1723177990056 -1.0 1756000
1723178003904 -1.0 1760000
1723178017732 -1.0 1764000
1723178031615 -1.0 1768000
1723178045683 -1.0 1772000
1723178059003 -1.0 1776000
1723178073311 -1.0 1780000
1723178087101 -1.0 1784000
1723178100783 -1.0 1788000
1723178114322 -1.0 1792000
1723178127586 -1.0 1796000
1723178141357 -1.0 1800000
1723178155388 -1.0 1804000
1723178170157 -1.0 1808000
1723178183767 -1.0 1812000
1723178197216 -1.0 1816000
1723178210960 -1.0 1820000
1723178224796 -1.0 1824000
1723178238188 -1.0 1828000
1723178251496 -1.0 1832000
1723178265435 -1.0 1836000
1723178279495 -1.0 1840000
1723178293244 -1.0 1844000
1723178306833 -1.0 1848000
1723178320127 -1.0 1852000
1723178334201 -1.0 1856000
1723178347738 -1.0 1860000
1723178361218 -1.0 1864000
1723178374284 -1.0 1868000
1723178387696 -1.0 1872000
1723178401166 -1.0 1876000
1723178414719 -1.0 1880000
1723178427846 -1.0 1884000
1723178441358 -1.0 1888000
1723178454772 -1.0 1892000
1723178468782 -1.0 1896000
1723178482292 -1.0 1900000
1723178495985 -1.0 1904000
1723178510340 -1.0 1908000
1723178524175 -1.0 1912000
1723178537810 -1.0 1916000
1723178551641 -1.0 1920000
1723178565075 -1.0 1924000
1723178578925 -1.0 1928000
1723178592899 -1.0 1932000
1723178606179 -1.0 1936000
1723178619714 -1.0 1940000
1723178634011 -1.0 1944000
1723178647861 -1.0 1948000
1723178661791 -1.0 1952000
1723178676708 -1.0 1956000
1723178690471 -1.0 1960000
1723178704261 -1.0 1964000
1723178717842 -1.0 1968000
1723178731509 -1.0 1972000
1723178744637 -1.0 1976000
1723178758561 -1.0 1980000
1723178772299 -1.0 1984000
1723178786128 -1.0 1988000
1723178799526 -1.0 1992000
1723178813154 -1.0 1996000
1723178826995 -1.0 2000000
