1723171812021 0.0 4000
1723171825412 0.0 8000
1723171838139 0.0 12000
1723171851719 0.0 16000
1723171869887 0.0 20000
1723171886392 0.0 24000
1723171904817 0.0 28000
1723171922370 0.0 32000
1723171940884 0.0 36000
1723171958863 0.0 40000
1723171977165 0.0 44000
1723171994370 0.0 48000
1723172010922 0.0 52000
1723172029615 0.0 56000
1723172044715 0.0 60000
1723172058639 0.0 64000
1723172072274 0.0 68000
1723172086203 0.0 72000
1723172099957 0.0 76000
1723172113388 0.0 80000
1723172125975 0.0 84000
1723172139024 0.0 88000
1723172151513 0.0 92000
1723172163958 0.0 96000
1723172176703 0.0 100000
1723172189579 0.0 104000
1723172201785 0.0 108000
1723172214539 0.0 112000
1723172227396 0.0 116000
1723172240072 0.0 120000
1723172252881 0.0 124000
1723172265459 0.0 128000
1723172278103 0.0 132000
1723172290493 0.0 136000
1723172302983 0.0 140000
1723172315569 0.0 144000
1723172328077 0.0 148000
1723172340411 0.0 152000
1723172352985 0.0 156000
1723172365045 0.0 160000
1723172376897 0.0 164000
1723172389953 0.0 168000
1723172402559 0.0 172000
1723172414557 0.0 176000
1723172426748 0.0 180000
1723172439148 0.0 184000
1723172451804 0.0 188000
1723172465496 0.0 192000
1723172478499 0.0 196000
1723172494366 0.0 200000
1723172507725 0.0 204000
1723172524594 0.0 208000
1723172546659 0.0 212000
1723172563784 0.0 216000
1723172581140 0.0 220000
1723172598049 0.0 224000
1723172613414 0.0 228000
1723172628748 0.0 232000
1723172643976 0.0 236000
1723172659906 0.0 240000
1723172675731 0.0 244000
1723172692091 0.0 248000
1723172707051 0.0 252000
1723172721780 0.0 256000
1723172738260 0.0 260000
1723172756087 0.0 264000
1723172770968 0.0 268000
1723172785955 0.0 272000
1723172800871 0.0 276000
1723172815736 0.0 280000
1723172830401 0.0 284000
1723172844855 0.0 288000
1723172859237 0.0 292000
1723172874439 0.0 296000
1723172889258 0.0 300000
1723172903628 0.0 304000
1723172919762 0.0 308000
1723172934662 0.0 312000
1723172948495 0.0 316000
1723172963149 0.0 320000
1723172977697 0.0 324000
1723172992087 0.0 328000
1723173006899 0.0 332000
1723173022347 0.0 336000
1723173036727 0.0 340000
1723173051265 0.0 344000
1723173065645 0.0 348000
1723173080152 0.0 352000
1723173094687 0.0 356000
1723173109366 0.0 360000
1723173125465 0.0 364000
1723173140453 0.0 368000
1723173155567 0.0 372000
1723173171484 0.0 376000
1723173186360 0.0 380000
1723173201408 0.0 384000
1723173216052 0.0 388000
1723173230928 0.0 392000
1723173245592 0.0 396000
1723173259781 0.0 400000
1723173274584 0.0 404000
1723173289021 0.0 408000
1723173302834 0.0 412000
1723173317022 0.0 416000
1723173331018 0.0 420000
1723173344684 0.0 424000
1723173359312 0.0 428000
1723173374432 0.0 432000
1723173388002 0.0 436000
1723173401025 0.0 440000
1723173417261 0.0 444000
1723173434330 0.0 448000
1723173452255 0.0 452000
1723173472599 0.0 456000
1723173492593 0.0 460000
1723173511525 0.0 464000
1723173529322 0.0 468000
1723173544076 0.0 472000
1723173568051 0.0 476000
1723173585276 0.0 480000
1723173600841 0.0 484000
1723173616336 0.0 488000
1723173631714 0.0 492000
1723173646133 0.0 496000
1723173661951 0.0 500000
1723173679505 0.0 504000
1723173698928 0.0 508000
1723173715821 0.0 512000
1723173729810 0.0 516000
1723173741806 0.0 520000
1723173753966 0.0 524000
1723173766841 0.0 528000
1723173779468 0.0 532000
1723173796078 0.0 536000
1723173814582 0.0 540000
1723173834443 0.0 544000
1723173855007 0.0 548000
1723173868879 0.0 552000
1723173887119 0.0 556000
1723173903141 0.0 560000
1723173916571 0.0 564000
1723173942170 0.0 568000
1723173958446 0.0 572000
1723173972721 0.0 576000
1723173988043 0.0 580000
1723174003687 0.0 584000
1723174019193 0.0 588000
1723174033953 0.0 592000
1723174049925 0.0 596000
1723174064398 0.0 600000
1723174079854 0.0 604000
1723174093318 0.0 608000
1723174108869 0.0 612000
1723174123176 0.0 616000
1723174137179 0.0 620000
1723174150858 0.0 624000
1723174164469 0.0 628000
1723174177974 0.0 632000
1723174191280 0.0 636000
1723174205154 0.0 640000
1723174218538 0.0 644000
1723174231947 0.0 648000
1723174245366 0.0 652000
1723174258644 0.0 656000
1723174272684 0.0 660000
1723174285970 0.0 664000
1723174299342 0.0 668000
1723174312932 0.0 672000
1723174326391 0.0 676000
1723174340021 0.0 680000
1723174353386 0.0 684000
1723174366592 0.0 688000
1723174379002 0.0 692000
1723174392455 0.0 696000
1723174405832 0.0 700000
1723174419146 0.0 704000
1723174432520 0.0 708000
1723174445821 0.0 712000
1723174459091 0.0 716000
1723174471904 0.0 720000
1723174485459 0.0 724000
1723174499140 0.0 728000
1723174512467 0.0 732000
1723174525702 0.0 736000
1723174539731 0.0 740000
1723174553176 0.0 744000
1723174567103 0.0 748000
1723174580333 0.0 752000
1723174594384 0.0 756000
1723174607416 0.0 760000
1723174621196 0.0 764000
1723174634841 0.0 768000
1723174648345 0.0 772000
1723174661991 0.0 776000
1723174675928 0.0 780000
1723174689529 0.0 784000
1723174702856 0.0 788000
1723174716221 0.0 792000
1723174730008 0.0 796000
1723174743968 0.0 800000
1723174757102 0.0 804000
1723174770128 0.0 808000
1723174783196 0.0 812000
1723174796598 0.0 816000
1723174809829 0.0 820000
1723174823356 0.0 824000
1723174836673 0.0 828000
1723174850422 0.0 832000
1723174864121 0.0 836000
1723174877611 0.0 840000
1723174890657 0.0 844000
1723174904350 0.0 848000
1723174917528 0.0 852000
1723174930465 0.0 856000
1723174943646 0.0 860000
1723174957182 0.0 864000
1723174971275 0.0 868000
1723174984780 0.0 872000
1723174998246 0.0 876000
1723175011738 0.0 880000
1723175025606 0.0 884000
1723175038963 0.0 888000
1723175051955 0.0 892000
1723175065320 0.0 896000
1723175078866 0.0 900000
1723175091955 0.0 904000
1723175105039 0.0 908000
1723175118318 0.0 912000
1723175131927 0.0 916000
1723175145202 0.0 920000
1723175158649 0.0 924000
1723175172533 0.0 928000
1723175186545 0.0 932000
1723175200657 0.0 936000
1723175214861 0.0 940000
1723175228595 0.0 944000
1723175242163 0.0 948000
1723175255861 0.0 952000
1723175269328 0.0 956000
1723175283310 0.0 960000
1723175296919 0.0 964000
1723175310706 0.0 968000
1723175324574 0.0 972000
1723175338127 0.0 976000
1723175351477 0.0 980000
1723175365008 0.0 984000
1723175378243 0.0 988000
1723175392439 0.0 992000
1723175405972 0.0 996000
1723175419119 0.0 1000000
1723175432273 0.0 1004000
1723175445695 0.0 1008000
1723175459125 0.0 1012000
1723175472586 0.0 1016000
1723175487607 0.0 1020000
1723175501149 0.0 1024000
1723175514694 0.0 1028000
1723175528031 0.0 1032000
1723175541302 0.0 1036000
1723175555284 0.0 1040000
1723175569954 0.0 1044000
1723175583638 0.0 1048000
1723175597257 0.0 1052000
1723175611012 0.0 1056000
1723175624499 0.0 1060000
1723175637960 0.0 1064000
1723175652510 0.0 1068000
1723175666189 0.0 1072000
1723175679471 0.0 1076000
1723175693189 0.0 1080000
1723175706830 0.0 1084000
1723175720253 0.0 1088000
1723175733586 0.0 1092000
1723175747121 0.0 1096000
1723175760957 0.0 1100000
1723175773053 0.0 1104000
1723175786873 0.0 1108000
1723175800027 0.0 1112000
1723175813552 0.0 1116000
1723175827557 0.0 1120000
1723175841335 0.0 1124000
1723175853624 0.0 1128000
1723175867979 0.0 1132000
1723175881466 0.0 1136000
1723175895139 0.0 1140000
1723175908404 0.0 1144000
1723175922331 0.0 1148000
1723175936431 0.0 1152000
1723175950208 0.0 1156000
1723175963814 0.0 1160000
1723175977064 0.0 1164000
1723175990410 0.0 1168000
1723176003935 0.0 1172000
1723176017049 0.0 1176000
1723176030428 0.0 1180000
1723176044319 0.0 1184000
1723176058762 0.0 1188000
1723176072114 0.0 1192000
1723176085203 0.0 1196000
1723176099027 0.0 1200000
1723176112928 0.0 1204000
1723176126626 0.0 1208000
1723176139936 0.0 1212000
1723176154401 0.0 1216000
1723176168369 0.0 1220000
1723176182103 0.0 1224000
1723176195806 0.0 1228000
1723176208982 0.0 1232000
1723176222141 0.0 1236000
1723176236001 0.0 1240000
1723176249510 0.0 1244000
1723176262294 0.0 1248000
1723176274758 0.0 1252000
1723176287940 0.0 1256000
1723176301054 0.0 1260000
1723176314457 0.0 1264000
1723176327845 0.0 1268000
1723176341113 0.0 1272000
1723176355032 0.0 1276000
1723176368870 0.0 1280000
1723176383272 0.0 1284000
1723176395456 0.0 1288000
1723176408641 0.0 1292000
1723176422040 0.0 1296000
1723176435147 0.0 1300000
1723176448876 0.0 1304000
1723176462106 0.0 1308000
1723176475847 0.0 1312000
1723176490018 0.0 1316000
1723176502702 0.0 1320000
1723176516085 0.0 1324000
1723176530385 0.0 1328000
1723176544820 0.0 1332000
1723176558120 0.0 1336000
1723176572088 0.0 1340000
1723176585609 0.0 1344000
1723176599534 0.0 1348000
1723176613468 0.0 1352000
1723176627191 0.0 1356000
1723176640620 0.0 1360000
1723176654106 0.0 1364000
1723176667825 0.0 1368000
1723176681394 0.0 1372000
1723176694958 0.0 1376000
1723176708567 0.0 1380000
1723176722006 0.0 1384000
1723176735471 0.0 1388000
1723176748836 0.0 1392000
1723176762330 0.0 1396000
1723176776118 0.0 1400000
1723176789927 0.0 1404000
1723176803566 0.0 1408000
1723176816678 0.0 1412000
1723176830324 0.0 1416000
1723176844037 0.0 1420000
1723176857333 0.0 1424000
1723176871012 0.0 1428000
1723176884654 0.0 1432000
1723176898639 0.0 1436000
1723176912422 0.0 1440000
1723176926056 0.0 1444000
1723176939428 0.0 1448000
1723176952976 0.0 1452000
1723176966092 0.0 1456000
1723176979474 0.0 1460000
1723176992904 0.0 1464000
1723177006321 0.0 1468000
1723177019729 0.0 1472000
1723177033164 0.0 1476000
1723177046687 0.0 1480000
1723177060344 0.0 1484000
1723177074206 0.0 1488000
1723177088031 0.0 1492000
1723177101770 0.0 1496000
1723177115419 0.0 1500000
1723177129256 0.0 1504000
1723177143041 0.0 1508000
1723177156342 0.0 1512000
1723177169494 0.0 1516000
1723177183838 0.0 1520000
1723177197265 0.0 1524000
1723177210572 0.0 1528000
1723177223606 0.0 1532000
1723177236854 0.0 1536000
1723177250858 0.0 1540000
1723177264472 0.0 1544000
1723177278840 0.0 1548000
1723177292817 0.0 1552000
1723177306735 0.0 1556000
1723177320500 0.0 1560000
1723177334321 0.0 1564000
1723177347867 0.0 1568000
1723177361726 0.0 1572000
1723177375664 0.0 1576000
1723177389870 0.0 1580000
1723177403453 0.0 1584000
1723177416827 0.0 1588000
1723177430857 0.0 1592000
1723177444882 0.0 1596000
1723177458644 0.0 1600000
1723177472296 0.0 1604000
1723177486193 0.0 1608000
1723177499931 0.0 1612000
1723177513616 0.0 1616000
1723177527857 0.0 1620000
1723177541588 0.0 1624000
1723177555283 0.0 1628000
1723177569608 0.0 1632000
1723177583690 0.0 1636000
1723177597024 0.0 1640000
1723177610719 0.0 1644000
1723177624306 0.0 1648000
1723177637667 0.0 1652000
1723177651383 0.0 1656000
1723177664724 0.0 1660000
1723177678182 0.0 1664000
1723177691828 0.0 1668000
1723177705512 0.0 1672000
1723177718857 0.0 1676000
1723177732908 0.0 1680000
1723177746463 0.0 1684000
1723177759674 0.0 1688000
1723177773514 0.0 1692000
1723177787125 0.0 1696000
1723177800768 0.0 1700000
1723177813889 0.0 1704000
1723177827177 0.0 1708000
1723177840302 0.0 1712000
1723177854614 0.0 1716000
1723177868213 0.0 1720000
1723177881998 0.0 1724000
1723177895291 0.0 1728000
1723177908894 0.0 1732000
1723177921922 0.0 1736000
1723177934761 0.0 1740000
1723177948522 0.0 1744000
1723177962140 0.0 1748000
1723177975807 0.0 1752000
1723177990041 0.0 1756000
1723178003890 0.0 1760000
1723178017717 0.0 1764000
1723178031600 0.0 1768000
1723178045667 0.0 1772000
1723178058972 0.0 1776000
1723178073296 0.0 1780000
1723178087086 0.0 1784000
1723178100766 0.0 1788000
1723178114302 0.0 1792000
1723178127570 0.0 1796000
1723178141342 0.0 1800000
1723178155371 0.0 1804000
1723178170142 0.0 1808000
1723178183752 0.0 1812000
1723178197201 0.0 1816000
1723178210946 0.0 1820000
1723178224782 0.0 1824000
1723178238172 0.0 1828000
1723178251481 0.0 1832000
1723178265419 0.0 1836000
1723178279478 0.0 1840000
1723178293230 0.0 1844000
1723178306818 0.0 1848000
1723178320113 0.0 1852000
1723178334181 0.0 1856000
1723178347723 0.0 1860000
1723178361201 0.0 1864000
1723178374270 0.0 1868000
1723178387681 0.0 1872000
1723178401152 0.0 1876000
1723178414704 0.0 1880000
1723178427832 0.0 1884000
1723178441343 0.0 1888000
1723178454757 0.0 1892000
1723178468767 0.0 1896000
1723178482277 0.0 1900000
1723178495970 0.0 1904000
1723178510324 0.0 1908000
1723178524161 0.0 1912000
1723178537795 0.0 1916000
1723178551626 0.0 1920000
1723178565061 0.0 1924000
1723178578909 0.0 1928000
1723178592884 0.0 1932000
1723178606164 0.0 1936000
1723178619695 0.0 1940000
1723178633997 0.0 1944000
1723178647846 0.0 1948000
1723178661776 0.0 1952000
1723178676694 0.0 1956000
1723178690456 0.0 1960000
1723178704246 0.0 1964000
1723178717828 0.0 1968000
1723178731495 0.0 1972000
1723178744622 0.0 1976000
1723178758540 0.0 1980000
1723178772284 0.0 1984000
1723178786112 0.0 1988000
1723178799512 0.0 1992000
1723178813137 0.0 1996000
1723178826980 0.0 2000000
