1723171812032 0.0 4000
1723171825423 0.0 8000
1723171838148 0.0 12000
1723171851728 0.0 16000
1723171869898 0.0 20000
1723171886401 0.0 24000
1723171904834 0.0 28000
1723171922380 0.0 32000
1723171940894 0.0 36000
1723171958877 0.0 40000
1723171977178 0.0 44000
1723171994379 0.0 48000
1723172010934 0.0 52000
1723172029632 0.0 56000
1723172044724 0.0 60000
1723172058649 0.0 64000
1723172072284 0.0 68000
1723172086212 0.0 72000
1723172099967 0.0 76000
1723172113398 0.0 80000
1723172125984 0.0 84000
1723172139033 0.0 88000
1723172151522 0.0 92000
1723172163967 0.0 96000
1723172176712 0.0 100000
1723172189588 0.0 104000
1723172201794 0.0 108000
1723172214547 0.0 112000
1723172227404 0.0 116000
1723172240081 0.0 120000
1723172252890 0.0 124000
1723172265468 0.0 128000
1723172278113 0.0 132000
1723172290504 0.0 136000
1723172302993 0.0 140000
1723172315578 0.0 144000
1723172328087 0.0 148000
1723172340421 0.0 152000
1723172352994 0.0 156000
1723172365054 0.0 160000
1723172376907 0.0 164000
1723172389962 0.0 168000
1723172402569 0.0 172000
1723172414566 0.0 176000
1723172426757 0.0 180000
1723172439157 0.0 184000
1723172451814 0.0 188000
1723172465506 0.0 192000
1723172478508 0.0 196000
1723172494374 0.0 200000
1723172507734 0.0 204000
1723172524605 0.0 208000
1723172546668 0.0 212000
1723172563796 0.0 216000
1723172581151 0.0 220000
1723172598060 0.0 224000
1723172613424 0.0 228000
1723172628757 0.0 232000
1723172643985 0.0 236000
1723172659915 0.0 240000
1723172675751 0.0 244000
1723172692104 0.0 248000
1723172707060 0.0 252000
1723172721789 0.0 256000
1723172738270 0.0 260000
1723172756097 0.0 264000
1723172770978 0.0 268000
1723172785964 0.0 272000
1723172800880 0.0 276000
1723172815745 0.0 280000
1723172830411 0.0 284000
1723172844863 0.0 288000
1723172859246 0.0 292000
1723172874448 0.0 296000
1723172889267 0.0 300000
1723172903637 0.0 304000
1723172919771 0.0 308000
1723172934671 0.0 312000
1723172948503 0.0 316000
1723172963158 0.0 320000
1723172977706 0.0 324000
1723172992096 0.0 328000
1723173006915 0.0 332000
1723173022356 0.0 336000
1723173036736 0.0 340000
1723173051274 0.0 344000
1723173065655 0.0 348000
1723173080161 0.0 352000
1723173094696 0.0 356000
1723173109375 0.0 360000
1723173125474 0.0 364000
1723173140462 0.0 368000
1723173155590 0.0 372000
1723173171494 0.0 376000
1723173186369 0.0 380000
1723173201418 0.0 384000
1723173216061 0.0 388000
1723173230938 0.0 392000
1723173245601 0.0 396000
1723173259790 0.0 400000
1723173274593 0.0 404000
1723173289030 0.0 408000
1723173302843 0.0 412000
1723173317032 0.0 416000
1723173331027 0.0 420000
1723173344693 0.0 424000
1723173359322 0.0 428000
1723173374442 0.0 432000
1723173388010 0.0 436000
1723173401034 0.0 440000
1723173417271 0.0 444000
1723173434339 0.0 448000
1723173452266 0.0 452000
1723173472608 0.0 456000
1723173492602 0.0 460000
1723173511534 0.0 464000
1723173529333 0.0 468000
1723173544086 0.0 472000
1723173568060 0.0 476000
1723173585285 0.0 480000
1723173600850 0.0 484000
1723173616345 0.0 488000
1723173631725 0.0 492000
1723173646148 0.0 496000
1723173661961 0.0 500000
1723173679515 0.0 504000
1723173698940 0.0 508000
1723173715830 0.0 512000
1723173729819 0.0 516000
1723173741816 0.0 520000
1723173753975 0.0 524000
1723173766850 0.0 528000
1723173779478 0.0 532000
1723173796087 0.0 536000
1723173814593 0.0 540000
1723173834454 0.0 544000
1723173855018 0.0 548000
1723173868890 0.0 552000
1723173887132 0.0 556000
1723173903150 0.0 560000
1723173916580 0.0 564000
1723173942189 0.0 568000
1723173958455 0.0 572000
1723173972730 0.0 576000
1723173988051 0.0 580000
1723174003696 0.0 584000
1723174019202 0.0 588000
1723174033963 0.0 592000
1723174049935 0.0 596000
1723174064409 0.0 600000
1723174079864 0.0 604000
1723174093332 0.0 608000
1723174108880 0.0 612000
1723174123188 0.0 616000
1723174137189 0.0 620000
1723174150868 0.0 624000
1723174164479 0.0 628000
1723174177984 0.0 632000
1723174191289 0.0 636000
1723174205165 0.0 640000
1723174218548 0.0 644000
1723174231957 0.0 648000
1723174245375 0.0 652000
1723174258654 0.0 656000
1723174272696 0.0 660000
1723174285980 0.0 664000
1723174299351 0.0 668000
1723174312942 0.0 672000
1723174326401 0.0 676000
1723174340031 0.0 680000
1723174353395 0.0 684000
1723174366602 0.0 688000
1723174379012 0.0 692000
1723174392465 0.0 696000
1723174405842 0.0 700000
1723174419156 0.0 704000
1723174432530 0.0 708000
1723174445831 0.0 712000
1723174459101 0.0 716000
1723174471913 0.0 720000
1723174485468 0.0 724000
1723174499149 0.0 728000
1723174512477 0.0 732000
1723174525711 0.0 736000
1723174539740 0.0 740000
1723174553186 0.0 744000
1723174567113 0.0 748000
1723174580345 0.0 752000
1723174594393 0.0 756000
1723174607428 0.0 760000
1723174621205 0.0 764000
1723174634850 0.0 768000
1723174648354 0.0 772000
1723174662001 0.0 776000
1723174675937 0.0 780000
1723174689539 0.0 784000
1723174702866 0.0 788000
1723174716234 0.0 792000
1723174730018 0.0 796000
1723174743978 0.0 800000
1723174757112 0.0 804000
1723174770138 0.0 808000
1723174783206 0.0 812000
1723174796608 0.0 816000
1723174809839 0.0 820000
1723174823365 0.0 824000
1723174836683 0.0 828000
1723174850432 0.0 832000
1723174864131 0.0 836000
1723174877621 0.0 840000
1723174890669 0.0 844000
1723174904361 0.0 848000
1723174917537 0.0 852000
1723174930475 0.0 856000
1723174943656 0.0 860000
1723174957192 0.0 864000
1723174971284 0.0 868000
1723174984790 0.0 872000
1723174998257 0.0 876000
1723175011747 0.0 880000
1723175025615 0.0 884000
1723175038973 0.0 888000
1723175051967 0.0 892000
1723175065332 0.0 896000
1723175078875 0.0 900000
1723175091965 0.0 904000
1723175105050 0.0 908000
1723175118328 0.0 912000
1723175131937 0.0 916000
1723175145215 0.0 920000
1723175158659 0.0 924000
1723175172543 0.0 928000
1723175186554 0.0 932000
1723175200667 0.0 936000
1723175214871 0.0 940000
1723175228605 0.0 944000
1723175242173 0.0 948000
1723175255872 0.0 952000
1723175269338 0.0 956000
1723175283319 0.0 960000
1723175296929 0.0 964000
1723175310716 0.0 968000
1723175324583 0.0 972000
1723175338136 0.0 976000
1723175351487 0.0 980000
1723175365018 0.0 984000
1723175378252 0.0 988000
1723175392449 0.0 992000
1723175405982 0.0 996000
1723175419129 0.0 1000000
1723175432283 0.0 1004000
1723175445705 0.0 1008000
1723175459135 0.0 1012000
1723175472596 0.0 1016000
1723175487617 0.0 1020000
1723175501158 0.0 1024000
1723175514706 0.0 1028000
1723175528041 0.0 1032000
1723175541312 0.0 1036000
1723175555297 0.0 1040000
1723175569964 0.0 1044000
1723175583649 0.0 1048000
1723175597267 0.0 1052000
1723175611022 0.0 1056000
1723175624509 0.0 1060000
1723175637969 0.0 1064000
1723175652519 0.0 1068000
1723175666199 0.0 1072000
1723175679481 0.0 1076000
1723175693200 0.0 1080000
1723175706841 0.0 1084000
1723175720265 0.0 1088000
1723175733596 0.0 1092000
1723175747131 0.0 1096000
1723175760966 0.0 1100000
1723175773062 0.0 1104000
1723175786895 0.0 1108000
1723175800038 0.0 1112000
1723175813565 0.0 1116000
1723175827569 0.0 1120000
1723175841345 0.0 1124000
1723175853636 0.0 1128000
1723175867990 0.0 1132000
1723175881477 0.0 1136000
1723175895149 0.0 1140000
1723175908415 0.0 1144000
1723175922346 0.0 1148000
1723175936441 0.0 1152000
1723175950220 0.0 1156000
1723175963829 0.0 1160000
1723175977076 0.0 1164000
1723175990421 0.0 1168000
1723176003945 0.0 1172000
1723176017059 0.0 1176000
1723176030438 0.0 1180000
1723176044329 0.0 1184000
1723176058773 0.0 1188000
1723176072136 0.0 1192000
1723176085213 0.0 1196000
1723176099069 0.0 1200000
1723176112938 0.0 1204000
1723176126636 0.0 1208000
1723176139946 0.0 1212000
1723176154415 0.0 1216000
1723176168379 0.0 1220000
1723176182113 0.0 1224000
1723176195816 0.0 1228000
1723176208992 0.0 1232000
1723176222151 0.0 1236000
1723176236014 0.0 1240000
1723176249520 0.0 1244000
1723176262315 0.0 1248000
1723176274767 0.0 1252000
1723176287951 0.0 1256000
1723176301064 0.0 1260000
1723176314468 0.0 1264000
1723176327854 0.0 1268000
1723176341123 0.0 1272000
1723176355042 0.0 1276000
1723176368880 0.0 1280000
1723176383283 0.0 1284000
1723176395471 0.0 1288000
1723176408651 0.0 1292000
1723176422049 0.0 1296000
1723176435156 0.0 1300000
1723176448887 0.0 1304000
1723176462116 0.0 1308000
1723176475858 0.0 1312000
1723176490034 0.0 1316000
1723176502711 0.0 1320000
1723176516095 0.0 1324000
1723176530396 0.0 1328000
1723176544830 0.0 1332000
1723176558132 0.0 1336000
1723176572097 0.0 1340000
1723176585622 0.0 1344000
1723176599544 0.0 1348000
1723176613478 0.0 1352000
1723176627201 0.0 1356000
1723176640630 0.0 1360000
1723176654116 0.0 1364000
1723176667834 0.0 1368000
1723176681404 0.0 1372000
1723176694968 0.0 1376000
1723176708578 0.0 1380000
1723176722016 0.0 1384000
1723176735481 0.0 1388000
1723176748847 0.0 1392000
1723176762340 0.0 1396000
1723176776128 0.0 1400000
1723176789938 0.0 1404000
1723176803576 0.0 1408000
1723176816687 0.0 1412000
1723176830334 0.0 1416000
1723176844046 0.0 1420000
1723176857343 0.0 1424000
1723176871022 0.0 1428000
1723176884664 0.0 1432000
1723176898652 0.0 1436000
1723176912432 0.0 1440000
1723176926066 0.0 1444000
1723176939438 0.0 1448000
1723176952986 0.0 1452000
1723176966102 0.0 1456000
1723176979485 0.0 1460000
1723176992914 0.0 1464000
1723177006330 0.0 1468000
1723177019738 0.0 1472000
1723177033173 0.0 1476000
1723177046697 0.0 1480000
1723177060356 0.0 1484000
1723177074216 0.0 1488000
1723177088041 0.0 1492000
1723177101781 0.0 1496000
1723177115429 0.0 1500000
1723177129265 0.0 1504000
1723177143051 0.0 1508000
1723177156352 0.0 1512000
1723177169507 0.0 1516000
1723177183848 0.0 1520000
1723177197275 0.0 1524000
1723177210583 0.0 1528000
1723177223616 0.0 1532000
1723177236864 0.0 1536000
1723177250868 0.0 1540000
1723177264482 0.0 1544000
1723177278850 0.0 1548000
1723177292829 0.0 1552000
1723177306745 0.0 1556000
1723177320510 0.0 1560000
1723177334330 0.0 1564000
1723177347877 0.0 1568000
1723177361736 0.0 1572000
1723177375674 0.0 1576000
1723177389880 0.0 1580000
1723177403464 0.0 1584000
1723177416837 0.0 1588000
1723177430868 0.0 1592000
1723177444893 0.0 1596000
1723177458654 0.0 1600000
1723177472305 0.0 1604000
1723177486202 0.0 1608000
1723177499941 0.0 1612000
1723177513626 0.0 1616000
1723177527868 0.0 1620000
1723177541597 0.0 1624000
1723177555293 0.0 1628000
1723177569619 0.0 1632000
1723177583700 0.0 1636000
1723177597035 0.0 1640000
1723177610729 0.0 1644000
1723177624317 0.0 1648000
1723177637677 0.0 1652000
1723177651394 0.0 1656000
1723177664737 0.0 1660000
1723177678192 0.0 1664000
1723177691838 0.0 1668000
1723177705523 0.0 1672000
1723177718866 0.0 1676000
1723177732918 0.0 1680000
1723177746473 0.0 1684000
1723177759683 0.0 1688000
1723177773523 0.0 1692000
1723177787136 0.0 1696000
1723177800778 0.0 1700000
1723177813899 0.0 1704000
1723177827190 0.0 1708000
1723177840312 0.0 1712000
1723177854624 0.0 1716000
1723177868222 0.0 1720000
1723177882008 0.0 1724000
1723177895302 0.0 1728000
1723177908903 0.0 1732000
1723177921932 0.0 1736000
1723177934771 0.0 1740000
1723177948532 0.0 1744000
1723177962149 0.0 1748000
1723177975817 0.0 1752000
1723177990051 0.0 1756000
1723178003899 0.0 1760000
1723178017727 0.0 1764000
1723178031610 0.0 1768000
1723178045678 0.0 1772000
1723178058990 0.0 1776000
1723178073306 0.0 1780000
1723178087096 0.0 1784000
1723178100778 0.0 1788000
1723178114316 0.0 1792000
1723178127581 0.0 1796000
1723178141352 0.0 1800000
1723178155382 0.0 1804000
1723178170152 0.0 1808000
1723178183762 0.0 1812000
1723178197211 0.0 1816000
1723178210955 0.0 1820000
1723178224792 0.0 1824000
1723178238183 0.0 1828000
1723178251491 0.0 1832000
1723178265429 0.0 1836000
1723178279491 0.0 1840000
1723178293239 0.0 1844000
1723178306828 0.0 1848000
1723178320122 0.0 1852000
1723178334194 0.0 1856000
1723178347733 0.0 1860000
1723178361213 0.0 1864000
1723178374280 0.0 1868000
1723178387691 0.0 1872000
1723178401161 0.0 1876000
1723178414714 0.0 1880000
1723178427842 0.0 1884000
1723178441354 0.0 1888000
1723178454767 0.0 1892000
1723178468777 0.0 1896000
1723178482287 0.0 1900000
1723178495980 0.0 1904000
1723178510335 0.0 1908000
1723178524170 0.0 1912000
1723178537806 0.0 1916000
1723178551636 0.0 1920000
1723178565071 0.0 1924000
1723178578920 0.0 1928000
1723178592894 0.0 1932000
1723178606174 0.0 1936000
1723178619706 0.0 1940000
1723178634007 0.0 1944000
1723178647856 0.0 1948000
1723178661786 0.0 1952000
1723178676703 0.0 1956000
1723178690466 0.0 1960000
1723178704256 0.0 1964000
1723178717838 0.0 1968000
1723178731505 0.0 1972000
1723178744632 0.0 1976000
1723178758555 0.0 1980000
1723178772295 0.0 1984000
1723178786123 0.0 1988000
1723178799522 0.0 1992000
1723178813149 0.0 1996000
1723178826990 0.0 2000000
