1723171812018 4000.0 4000
1723171825409 4000.0 8000
1723171838136 4000.0 12000
1723171851716 4000.0 16000
1723171869884 4000.0 20000
1723171886389 4000.0 24000
1723171904812 4000.0 28000
1723171922367 4000.0 32000
1723171940882 4000.0 36000
1723171958860 4000.0 40000
1723171977162 4000.0 44000
1723171994367 4000.0 48000
1723172010920 4000.0 52000
1723172029612 4000.0 56000
1723172044713 4000.0 60000
1723172058637 4000.0 64000
1723172072272 4000.0 68000
1723172086201 4000.0 72000
1723172099955 4000.0 76000
1723172113385 4000.0 80000
1723172125972 4000.0 84000
1723172139022 4000.0 88000
1723172151510 4000.0 92000
1723172163956 4000.0 96000
1723172176701 4000.0 100000
1723172189576 4000.0 104000
1723172201783 4000.0 108000
1723172214536 4000.0 112000
1723172227393 4000.0 116000
1723172240069 4000.0 120000
1723172252878 4000.0 124000
1723172265456 4000.0 128000
1723172278100 4000.0 132000
1723172290491 4000.0 136000
1723172302980 4000.0 140000
1723172315566 4000.0 144000
1723172328074 4000.0 148000
1723172340409 4000.0 152000
1723172352982 4000.0 156000
1723172365042 4000.0 160000
1723172376895 4000.0 164000
1723172389951 4000.0 168000
1723172402557 4000.0 172000
1723172414554 4000.0 176000
1723172426745 4000.0 180000
1723172439145 4000.0 184000
1723172451801 4000.0 188000
1723172465494 4000.0 192000
1723172478496 4000.0 196000
1723172494363 4000.0 200000
1723172507722 4000.0 204000
1723172524590 4000.0 208000
1723172546656 4000.0 212000
1723172563781 4000.0 216000
1723172581137 4000.0 220000
1723172598046 4000.0 224000
1723172613412 4000.0 228000
1723172628745 4000.0 232000
1723172643973 4000.0 236000
1723172659904 4000.0 240000
1723172675728 4000.0 244000
1723172692088 4000.0 248000
1723172707048 4000.0 252000
1723172721777 4000.0 256000
1723172738257 4000.0 260000
1723172756084 4000.0 264000
1723172770966 4000.0 268000
1723172785952 4000.0 272000
1723172800869 4000.0 276000
1723172815734 4000.0 280000
1723172830398 4000.0 284000
1723172844852 4000.0 288000
1723172859234 4000.0 292000
1723172874436 4000.0 296000
1723172889255 4000.0 300000
1723172903626 4000.0 304000
1723172919759 4000.0 308000
1723172934660 4000.0 312000
1723172948492 4000.0 316000
1723172963146 4000.0 320000
1723172977694 4000.0 324000
1723172992083 4000.0 328000
1723173006897 4000.0 332000
1723173022345 4000.0 336000
1723173036724 4000.0 340000
1723173051263 4000.0 344000
1723173065643 4000.0 348000
1723173080149 4000.0 352000
1723173094685 4000.0 356000
1723173109364 4000.0 360000
1723173125463 4000.0 364000
1723173140451 4000.0 368000
1723173155561 4000.0 372000
1723173171481 4000.0 376000
1723173186357 4000.0 380000
1723173201405 4000.0 384000
1723173216049 4000.0 388000
1723173230926 4000.0 392000
1723173245589 4000.0 396000
1723173259778 4000.0 400000
1723173274581 4000.0 404000
1723173289018 4000.0 408000
1723173302831 4000.0 412000
1723173317019 4000.0 416000
1723173331015 4000.0 420000
1723173344682 4000.0 424000
1723173359310 4000.0 428000
1723173374429 4000.0 432000
1723173387999 4000.0 436000
1723173401022 4000.0 440000
1723173417259 4000.0 444000
1723173434326 4000.0 448000
1723173452252 4000.0 452000
1723173472596 4000.0 456000
1723173492590 4000.0 460000
1723173511522 4000.0 464000
1723173529319 4000.0 468000
1723173544074 4000.0 472000
1723173568048 4000.0 476000
1723173585274 4000.0 480000
1723173600838 4000.0 484000
1723173616333 4000.0 488000
1723173631711 4000.0 492000
1723173646130 4000.0 496000
1723173661948 4000.0 500000
1723173679502 4000.0 504000
1723173698925 4000.0 508000
1723173715818 4000.0 512000
1723173729807 4000.0 516000
1723173741803 4000.0 520000
1723173753964 4000.0 524000
1723173766838 4000.0 528000
1723173779466 4000.0 532000
1723173796075 4000.0 536000
1723173814580 4000.0 540000
1723173834440 4000.0 544000
1723173855005 4000.0 548000
1723173868877 4000.0 552000
1723173887117 4000.0 556000
1723173903138 4000.0 560000
1723173916568 4000.0 564000
1723173942167 4000.0 568000
1723173958443 4000.0 572000
1723173972718 4000.0 576000
1723173988040 4000.0 580000
1723174003684 4000.0 584000
1723174019191 4000.0 588000
1723174033950 4000.0 592000
1723174049923 4000.0 596000
1723174064394 4000.0 600000
1723174079851 4000.0 604000
1723174093315 4000.0 608000
1723174108860 4000.0 612000
1723174123173 4000.0 616000
1723174137176 4000.0 620000
1723174150855 4000.0 624000
1723174164466 4000.0 628000
1723174177971 4000.0 632000
1723174191277 4000.0 636000
1723174205152 4000.0 640000
1723174218535 4000.0 644000
1723174231944 4000.0 648000
1723174245363 4000.0 652000
1723174258641 4000.0 656000
1723174272680 4000.0 660000
1723174285967 4000.0 664000
1723174299339 4000.0 668000
1723174312929 4000.0 672000
1723174326388 4000.0 676000
1723174340018 4000.0 680000
1723174353383 4000.0 684000
1723174366589 4000.0 688000
1723174378999 4000.0 692000
1723174392453 4000.0 696000
1723174405829 4000.0 700000
1723174419143 4000.0 704000
1723174432517 4000.0 708000
1723174445818 4000.0 712000
1723174459088 4000.0 716000
1723174471901 4000.0 720000
1723174485456 4000.0 724000
1723174499137 4000.0 728000
1723174512465 4000.0 732000
1723174525699 4000.0 736000
1723174539728 4000.0 740000
1723174553174 4000.0 744000
1723174567100 4000.0 748000
1723174580331 4000.0 752000
1723174594382 4000.0 756000
1723174607413 4000.0 760000
1723174621193 4000.0 764000
1723174634839 4000.0 768000
1723174648342 4000.0 772000
1723174661987 4000.0 776000
1723174675925 4000.0 780000
1723174689527 4000.0 784000
1723174702854 4000.0 788000
1723174716218 4000.0 792000
1723174730005 4000.0 796000
1723174743965 4000.0 800000
1723174757099 4000.0 804000
1723174770125 4000.0 808000
1723174783193 4000.0 812000
1723174796595 4000.0 816000
1723174809826 4000.0 820000
1723174823353 4000.0 824000
1723174836671 4000.0 828000
1723174850419 4000.0 832000
1723174864119 4000.0 836000
1723174877609 4000.0 840000
1723174890652 4000.0 844000
1723174904347 4000.0 848000
1723174917525 4000.0 852000
1723174930462 4000.0 856000
1723174943643 4000.0 860000
1723174957179 4000.0 864000
1723174971272 4000.0 868000
1723174984777 4000.0 872000
1723174998237 4000.0 876000
1723175011735 4000.0 880000
1723175025603 4000.0 884000
1723175038960 4000.0 888000
1723175051953 4000.0 892000
1723175065317 4000.0 896000
1723175078863 4000.0 900000
1723175091952 4000.0 904000
1723175105037 4000.0 908000
1723175118316 4000.0 912000
1723175131925 4000.0 916000
1723175145199 4000.0 920000
1723175158646 4000.0 924000
1723175172531 4000.0 928000
1723175186542 4000.0 932000
1723175200654 4000.0 936000
1723175214858 4000.0 940000
1723175228593 4000.0 944000
1723175242160 4000.0 948000
1723175255858 4000.0 952000
1723175269325 4000.0 956000
1723175283307 4000.0 960000
1723175296916 4000.0 964000
1723175310703 4000.0 968000
1723175324571 4000.0 972000
1723175338124 4000.0 976000
1723175351475 4000.0 980000
1723175365006 4000.0 984000
1723175378241 4000.0 988000
1723175392436 4000.0 992000
1723175405968 4000.0 996000
1723175419116 4000.0 1000000
1723175432270 4000.0 1004000
1723175445692 4000.0 1008000
1723175459122 4000.0 1012000
1723175472583 4000.0 1016000
1723175487604 4000.0 1020000
1723175501146 4000.0 1024000
1723175514691 4000.0 1028000
1723175528028 4000.0 1032000
1723175541299 4000.0 1036000
1723175555280 4000.0 1040000
1723175569951 4000.0 1044000
1723175583635 4000.0 1048000
1723175597255 4000.0 1052000
1723175611009 4000.0 1056000
1723175624496 4000.0 1060000
1723175637957 4000.0 1064000
1723175652507 4000.0 1068000
1723175666187 4000.0 1072000
1723175679468 4000.0 1076000
1723175693187 4000.0 1080000
1723175706827 4000.0 1084000
1723175720250 4000.0 1088000
1723175733583 4000.0 1092000
1723175747118 4000.0 1096000
1723175760954 4000.0 1100000
1723175773050 4000.0 1104000
1723175786870 4000.0 1108000
1723175800024 4000.0 1112000
1723175813549 4000.0 1116000
1723175827554 4000.0 1120000
1723175841332 4000.0 1124000
1723175853621 4000.0 1128000
1723175867977 4000.0 1132000
1723175881463 4000.0 1136000
1723175895136 4000.0 1140000
1723175908401 4000.0 1144000
1723175922328 4000.0 1148000
1723175936429 4000.0 1152000
1723175950205 4000.0 1156000
1723175963812 4000.0 1160000
1723175977061 4000.0 1164000
1723175990408 4000.0 1168000
1723176003933 4000.0 1172000
1723176017046 4000.0 1176000
1723176030426 4000.0 1180000
1723176044316 4000.0 1184000
1723176058760 4000.0 1188000
1723176072111 4000.0 1192000
1723176085201 4000.0 1196000
1723176099024 4000.0 1200000
1723176112926 4000.0 1204000
1723176126623 4000.0 1208000
1723176139932 4000.0 1212000
1723176154398 4000.0 1216000
1723176168366 4000.0 1220000
1723176182101 4000.0 1224000
1723176195803 4000.0 1228000
1723176208979 4000.0 1232000
1723176222138 4000.0 1236000
1723176235998 4000.0 1240000
1723176249507 4000.0 1244000
1723176262290 4000.0 1248000
1723176274756 4000.0 1252000
1723176287938 4000.0 1256000
1723176301051 4000.0 1260000
1723176314454 4000.0 1264000
1723176327842 4000.0 1268000
1723176341110 4000.0 1272000
1723176355029 4000.0 1276000
1723176368867 4000.0 1280000
1723176383269 4000.0 1284000
1723176395452 4000.0 1288000
1723176408637 4000.0 1292000
1723176422037 4000.0 1296000
1723176435144 4000.0 1300000
1723176448873 4000.0 1304000
1723176462103 4000.0 1308000
1723176475843 4000.0 1312000
1723176490012 4000.0 1316000
1723176502699 4000.0 1320000
1723176516082 4000.0 1324000
1723176530382 4000.0 1328000
1723176544817 4000.0 1332000
1723176558117 4000.0 1336000
1723176572085 4000.0 1340000
1723176585606 4000.0 1344000
1723176599531 4000.0 1348000
1723176613465 4000.0 1352000
1723176627188 4000.0 1356000
1723176640617 4000.0 1360000
1723176654103 4000.0 1364000
1723176667822 4000.0 1368000
1723176681391 4000.0 1372000
1723176694955 4000.0 1376000
1723176708564 4000.0 1380000
1723176722003 4000.0 1384000
1723176735468 4000.0 1388000
1723176748833 4000.0 1392000
1723176762327 4000.0 1396000
1723176776115 4000.0 1400000
1723176789925 4000.0 1404000
1723176803563 4000.0 1408000
1723176816675 4000.0 1412000
1723176830321 4000.0 1416000
1723176844034 4000.0 1420000
1723176857330 4000.0 1424000
1723176871009 4000.0 1428000
1723176884651 4000.0 1432000
1723176898635 4000.0 1436000
1723176912419 4000.0 1440000
1723176926054 4000.0 1444000
1723176939425 4000.0 1448000
1723176952973 4000.0 1452000
1723176966089 4000.0 1456000
1723176979471 4000.0 1460000
1723176992901 4000.0 1464000
1723177006318 4000.0 1468000
1723177019726 4000.0 1472000
1723177033161 4000.0 1476000
1723177046685 4000.0 1480000
1723177060340 4000.0 1484000
1723177074204 4000.0 1488000
1723177088028 4000.0 1492000
1723177101767 4000.0 1496000
1723177115416 4000.0 1500000
1723177129253 4000.0 1504000
1723177143038 4000.0 1508000
1723177156339 4000.0 1512000
1723177169492 4000.0 1516000
1723177183835 4000.0 1520000
1723177197255 4000.0 1524000
1723177210569 4000.0 1528000
1723177223603 4000.0 1532000
1723177236851 4000.0 1536000
1723177250855 4000.0 1540000
1723177264469 4000.0 1544000
1723177278838 4000.0 1548000
1723177292814 4000.0 1552000
1723177306732 4000.0 1556000
1723177320497 4000.0 1560000
1723177334318 4000.0 1564000
1723177347864 4000.0 1568000
1723177361723 4000.0 1572000
1723177375661 4000.0 1576000
1723177389867 4000.0 1580000
1723177403450 4000.0 1584000
1723177416824 4000.0 1588000
1723177430855 4000.0 1592000
1723177444879 4000.0 1596000
1723177458641 4000.0 1600000
1723177472293 4000.0 1604000
1723177486190 4000.0 1608000
1723177499928 4000.0 1612000
1723177513613 4000.0 1616000
1723177527855 4000.0 1620000
1723177541585 4000.0 1624000
1723177555280 4000.0 1628000
1723177569605 4000.0 1632000
1723177583687 4000.0 1636000
1723177597021 4000.0 1640000
1723177610716 4000.0 1644000
1723177624303 4000.0 1648000
1723177637665 4000.0 1652000
1723177651380 4000.0 1656000
1723177664722 4000.0 1660000
1723177678178 4000.0 1664000
1723177691826 4000.0 1668000
1723177705510 4000.0 1672000
1723177718854 4000.0 1676000
1723177732906 4000.0 1680000
1723177746461 4000.0 1684000
1723177759671 4000.0 1688000
1723177773510 4000.0 1692000
1723177787122 4000.0 1696000
1723177800764 4000.0 1700000
1723177813886 4000.0 1704000
1723177827173 4000.0 1708000
1723177840299 4000.0 1712000
1723177854611 4000.0 1716000
1723177868210 4000.0 1720000
1723177881995 4000.0 1724000
1723177895289 4000.0 1728000
1723177908891 4000.0 1732000
1723177921919 4000.0 1736000
1723177934758 4000.0 1740000
1723177948519 4000.0 1744000
1723177962137 4000.0 1748000
1723177975804 4000.0 1752000
1723177990038 4000.0 1756000
1723178003887 4000.0 1760000
1723178017714 4000.0 1764000
1723178031597 4000.0 1768000
1723178045665 4000.0 1772000
1723178058963 4000.0 1776000
1723178073293 4000.0 1780000
1723178087083 4000.0 1784000
1723178100763 4000.0 1788000
1723178114299 4000.0 1792000
1723178127566 4000.0 1796000
1723178141340 4000.0 1800000
1723178155368 4000.0 1804000
1723178170139 4000.0 1808000
1723178183749 4000.0 1812000
1723178197198 4000.0 1816000
1723178210943 4000.0 1820000
1723178224779 4000.0 1824000
1723178238169 4000.0 1828000
1723178251478 4000.0 1832000
1723178265416 4000.0 1836000
1723178279476 4000.0 1840000
1723178293227 4000.0 1844000
1723178306815 4000.0 1848000
1723178320110 4000.0 1852000
1723178334178 4000.0 1856000
1723178347720 4000.0 1860000
1723178361198 4000.0 1864000
1723178374267 4000.0 1868000
1723178387678 4000.0 1872000
1723178401149 4000.0 1876000
1723178414702 4000.0 1880000
1723178427829 4000.0 1884000
1723178441340 4000.0 1888000
1723178454755 4000.0 1892000
1723178468764 4000.0 1896000
1723178482274 4000.0 1900000
1723178495967 4000.0 1904000
1723178510321 4000.0 1908000
1723178524158 4000.0 1912000
1723178537792 4000.0 1916000
1723178551623 4000.0 1920000
1723178565058 4000.0 1924000
1723178578906 4000.0 1928000
1723178592881 4000.0 1932000
1723178606160 4000.0 1936000
1723178619691 4000.0 1940000
1723178633995 4000.0 1944000
1723178647843 4000.0 1948000
1723178661774 4000.0 1952000
1723178676690 4000.0 1956000
1723178690453 4000.0 1960000
1723178704243 4000.0 1964000
1723178717825 4000.0 1968000
1723178731492 4000.0 1972000
1723178744619 4000.0 1976000
1723178758537 4000.0 1980000
1723178772282 4000.0 1984000
1723178786109 4000.0 1988000
1723178799509 4000.0 1992000
1723178813134 4000.0 1996000
1723178826978 4000.0 2000000
