1723171812016 1.0 4000
1723171825408 1.0 8000
1723171838134 1.0 12000
1723171851714 1.0 16000
1723171869882 1.0 20000
1723171886387 1.0 24000
1723171904809 1.0 28000
1723171922366 1.0 32000
1723171940880 1.0 36000
1723171958858 1.0 40000
1723171977160 1.0 44000
1723171994366 1.0 48000
1723172010917 1.0 52000
1723172029610 1.0 56000
1723172044711 1.0 60000
1723172058635 1.0 64000
1723172072270 1.0 68000
1723172086199 1.0 72000
1723172099953 1.0 76000
1723172113383 1.0 80000
1723172125971 1.0 84000
1723172139020 1.0 88000
1723172151509 1.0 92000
1723172163954 1.0 96000
1723172176699 1.0 100000
1723172189575 1.0 104000
1723172201781 1.0 108000
1723172214535 1.0 112000
1723172227392 1.0 116000
1723172240068 1.0 120000
1723172252877 1.0 124000
1723172265454 1.0 128000
1723172278098 1.0 132000
1723172290489 1.0 136000
1723172302979 1.0 140000
1723172315565 1.0 144000
1723172328072 1.0 148000
1723172340407 1.0 152000
1723172352981 1.0 156000
1723172365041 1.0 160000
1723172376893 1.0 164000
1723172389949 1.0 168000
1723172402555 1.0 172000
1723172414552 1.0 176000
1723172426744 1.0 180000
1723172439144 1.0 184000
1723172451799 1.0 188000
1723172465492 1.0 192000
1723172478494 1.0 196000
1723172494361 1.0 200000
1723172507721 1.0 204000
1723172524588 1.0 208000
1723172546654 1.0 212000
1723172563778 1.0 216000
1723172581135 1.0 220000
1723172598043 1.0 224000
1723172613410 1.0 228000
1723172628744 1.0 232000
1723172643971 1.0 236000
1723172659902 1.0 240000
1723172675725 1.0 244000
1723172692087 1.0 248000
1723172707046 1.0 252000
1723172721776 1.0 256000
1723172738255 1.0 260000
1723172756083 1.0 264000
1723172770964 1.0 268000
1723172785950 1.0 272000
1723172800867 1.0 276000
1723172815732 1.0 280000
1723172830396 1.0 284000
1723172844850 1.0 288000
1723172859233 1.0 292000
1723172874433 1.0 296000
1723172889253 1.0 300000
1723172903624 1.0 304000
1723172919757 1.0 308000
1723172934657 1.0 312000
1723172948490 1.0 316000
1723172963144 1.0 320000
1723172977692 1.0 324000
1723172992081 1.0 328000
1723173006895 1.0 332000
1723173022343 1.0 336000
1723173036723 1.0 340000
1723173051261 1.0 344000
1723173065640 1.0 348000
1723173080147 1.0 352000
1723173094683 1.0 356000
1723173109362 1.0 360000
1723173125461 1.0 364000
1723173140449 1.0 368000
1723173155559 1.0 372000
1723173171479 1.0 376000
1723173186356 1.0 380000
1723173201403 1.0 384000
1723173216047 1.0 388000
1723173230924 1.0 392000
1723173245588 1.0 396000
1723173259777 1.0 400000
1723173274579 1.0 404000
1723173289016 1.0 408000
1723173302829 1.0 412000
1723173317017 1.0 416000
1723173331013 1.0 420000
1723173344680 1.0 424000
1723173359308 1.0 428000
1723173374428 1.0 432000
1723173387997 1.0 436000
1723173401020 1.0 440000
1723173417257 1.0 444000
1723173434324 1.0 448000
1723173452250 1.0 452000
1723173472595 1.0 456000
1723173492588 1.0 460000
1723173511521 1.0 464000
1723173529317 1.0 468000
1723173544072 1.0 472000
1723173568046 1.0 476000
1723173585272 1.0 480000
1723173600836 1.0 484000
1723173616331 1.0 488000
1723173631709 1.0 492000
1723173646119 1.0 496000
1723173661945 1.0 500000
1723173679500 1.0 504000
1723173698923 1.0 508000
1723173715816 1.0 512000
1723173729805 1.0 516000
1723173741801 1.0 520000
1723173753962 1.0 524000
1723173766836 1.0 528000
1723173779464 1.0 532000
1723173796073 1.0 536000
1723173814578 1.0 540000
1723173834438 1.0 544000
1723173855003 1.0 548000
1723173868875 1.0 552000
1723173887114 1.0 556000
1723173903137 1.0 560000
1723173916566 1.0 564000
1723173942165 1.0 568000
1723173958441 1.0 572000
1723173972716 1.0 576000
1723173988038 1.0 580000
1723174003682 1.0 584000
1723174019189 1.0 588000
1723174033948 1.0 592000
1723174049920 1.0 596000
1723174064392 1.0 600000
1723174079849 1.0 604000
1723174093311 1.0 608000
1723174108858 1.0 612000
1723174123171 1.0 616000
1723174137174 1.0 620000
1723174150853 1.0 624000
1723174164464 1.0 628000
1723174177969 1.0 632000
1723174191275 1.0 636000
1723174205149 1.0 640000
1723174218533 1.0 644000
1723174231942 1.0 648000
1723174245361 1.0 652000
1723174258639 1.0 656000
1723174272678 1.0 660000
1723174285965 1.0 664000
1723174299337 1.0 668000
1723174312928 1.0 672000
1723174326386 1.0 676000
1723174340015 1.0 680000
1723174353381 1.0 684000
1723174366586 1.0 688000
1723174378997 1.0 692000
1723174392451 1.0 696000
1723174405828 1.0 700000
1723174419141 1.0 704000
1723174432515 1.0 708000
1723174445816 1.0 712000
1723174459086 1.0 716000
1723174471899 1.0 720000
1723174485454 1.0 724000
1723174499135 1.0 728000
1723174512463 1.0 732000
1723174525697 1.0 736000
1723174539727 1.0 740000
1723174553172 1.0 744000
1723174567098 1.0 748000
1723174580329 1.0 752000
1723174594380 1.0 756000
1723174607411 1.0 760000
1723174621191 1.0 764000
1723174634837 1.0 768000
1723174648339 1.0 772000
1723174661985 1.0 776000
1723174675922 1.0 780000
1723174689525 1.0 784000
1723174702852 1.0 788000
1723174716216 1.0 792000
1723174730003 1.0 796000
1723174743963 1.0 800000
1723174757097 1.0 804000
1723174770123 1.0 808000
1723174783191 1.0 812000
1723174796593 1.0 816000
1723174809824 1.0 820000
1723174823350 1.0 824000
1723174836668 1.0 828000
1723174850417 1.0 832000
1723174864117 1.0 836000
1723174877607 1.0 840000
1723174890650 1.0 844000
1723174904345 1.0 848000
1723174917522 1.0 852000
1723174930460 1.0 856000
1723174943641 1.0 860000
1723174957177 1.0 864000
1723174971270 1.0 868000
1723174984775 1.0 872000
1723174998235 1.0 876000
1723175011733 1.0 880000
1723175025601 1.0 884000
1723175038958 1.0 888000
1723175051951 1.0 892000
1723175065315 1.0 896000
1723175078861 1.0 900000
1723175091950 1.0 904000
1723175105035 1.0 908000
1723175118314 1.0 912000
1723175131923 1.0 916000
1723175145197 1.0 920000
1723175158644 1.0 924000
1723175172529 1.0 928000
1723175186540 1.0 932000
1723175200653 1.0 936000
1723175214856 1.0 940000
1723175228591 1.0 944000
1723175242158 1.0 948000
1723175255857 1.0 952000
1723175269323 1.0 956000
1723175283305 1.0 960000
1723175296914 1.0 964000
1723175310701 1.0 968000
1723175324569 1.0 972000
1723175338122 1.0 976000
1723175351472 1.0 980000
1723175365003 1.0 984000
1723175378239 1.0 988000
1723175392434 1.0 992000
1723175405966 1.0 996000
1723175419114 1.0 1000000
1723175432268 1.0 1004000
1723175445691 1.0 1008000
1723175459120 1.0 1012000
1723175472581 1.0 1016000
1723175487602 1.0 1020000
1723175501144 1.0 1024000
1723175514688 1.0 1028000
1723175528026 1.0 1032000
1723175541298 1.0 1036000
1723175555278 1.0 1040000
1723175569949 1.0 1044000
1723175583633 1.0 1048000
1723175597253 1.0 1052000
1723175611007 1.0 1056000
1723175624492 1.0 1060000
1723175637955 1.0 1064000
1723175652504 1.0 1068000
1723175666185 1.0 1072000
1723175679466 1.0 1076000
1723175693185 1.0 1080000
1723175706825 1.0 1084000
1723175720248 1.0 1088000
1723175733581 1.0 1092000
1723175747116 1.0 1096000
1723175760952 1.0 1100000
1723175773047 1.0 1104000
1723175786868 1.0 1108000
1723175800022 1.0 1112000
1723175813546 1.0 1116000
1723175827552 1.0 1120000
1723175841331 1.0 1124000
1723175853619 1.0 1128000
1723175867974 1.0 1132000
1723175881461 1.0 1136000
1723175895134 1.0 1140000
1723175908399 1.0 1144000
1723175922326 1.0 1148000
1723175936427 1.0 1152000
1723175950203 1.0 1156000
1723175963810 1.0 1160000
1723175977059 1.0 1164000
1723175990405 1.0 1168000
1723176003931 1.0 1172000
1723176017044 1.0 1176000
1723176030424 1.0 1180000
1723176044314 1.0 1184000
1723176058757 1.0 1188000
1723176072109 1.0 1192000
1723176085199 1.0 1196000
1723176099022 1.0 1200000
1723176112924 1.0 1204000
1723176126621 1.0 1208000
1723176139930 1.0 1212000
1723176154396 1.0 1216000
1723176168364 1.0 1220000
1723176182099 1.0 1224000
1723176195801 1.0 1228000
1723176208977 1.0 1232000
1723176222136 1.0 1236000
1723176235996 1.0 1240000
1723176249505 1.0 1244000
1723176262288 1.0 1248000
1723176274754 1.0 1252000
1723176287935 1.0 1256000
1723176301048 1.0 1260000
1723176314452 1.0 1264000
1723176327840 1.0 1268000
1723176341108 1.0 1272000
1723176355027 1.0 1276000
1723176368865 1.0 1280000
1723176383267 1.0 1284000
1723176395450 1.0 1288000
1723176408635 1.0 1292000
1723176422035 1.0 1296000
1723176435142 1.0 1300000
1723176448871 1.0 1304000
1723176462102 1.0 1308000
1723176475841 1.0 1312000
1723176490008 1.0 1316000
1723176502697 1.0 1320000
1723176516080 1.0 1324000
1723176530380 1.0 1328000
1723176544814 1.0 1332000
1723176558114 1.0 1336000
1723176572084 1.0 1340000
1723176585604 1.0 1344000
1723176599529 1.0 1348000
1723176613463 1.0 1352000
1723176627186 1.0 1356000
1723176640616 1.0 1360000
1723176654101 1.0 1364000
1723176667820 1.0 1368000
1723176681389 1.0 1372000
1723176694953 1.0 1376000
1723176708562 1.0 1380000
1723176722001 1.0 1384000
1723176735467 1.0 1388000
1723176748832 1.0 1392000
1723176762325 1.0 1396000
1723176776113 1.0 1400000
1723176789922 1.0 1404000
1723176803561 1.0 1408000
1723176816673 1.0 1412000
1723176830319 1.0 1416000
1723176844032 1.0 1420000
1723176857328 1.0 1424000
1723176871007 1.0 1428000
1723176884649 1.0 1432000
1723176898633 1.0 1436000
1723176912417 1.0 1440000
1723176926052 1.0 1444000
1723176939423 1.0 1448000
1723176952971 1.0 1452000
1723176966087 1.0 1456000
1723176979469 1.0 1460000
1723176992900 1.0 1464000
1723177006315 1.0 1468000
1723177019724 1.0 1472000
1723177033159 1.0 1476000
1723177046683 1.0 1480000
1723177060338 1.0 1484000
1723177074202 1.0 1488000
1723177088026 1.0 1492000
1723177101765 1.0 1496000
1723177115414 1.0 1500000
1723177129251 1.0 1504000
1723177143036 1.0 1508000
1723177156337 1.0 1512000
1723177169490 1.0 1516000
1723177183834 1.0 1520000
1723177197253 1.0 1524000
1723177210567 1.0 1528000
1723177223601 1.0 1532000
1723177236849 1.0 1536000
1723177250853 1.0 1540000
1723177264467 1.0 1544000
1723177278836 1.0 1548000
1723177292812 1.0 1552000
1723177306730 1.0 1556000
1723177320495 1.0 1560000
1723177334316 1.0 1564000
1723177347862 1.0 1568000
1723177361721 1.0 1572000
1723177375659 1.0 1576000
1723177389865 1.0 1580000
1723177403448 1.0 1584000
1723177416822 1.0 1588000
1723177430853 1.0 1592000
1723177444877 1.0 1596000
1723177458639 1.0 1600000
1723177472291 1.0 1604000
1723177486188 1.0 1608000
1723177499926 1.0 1612000
1723177513611 1.0 1616000
1723177527853 1.0 1620000
1723177541583 1.0 1624000
1723177555277 1.0 1628000
1723177569603 1.0 1632000
1723177583685 1.0 1636000
1723177597019 1.0 1640000
1723177610714 1.0 1644000
1723177624301 1.0 1648000
1723177637662 1.0 1652000
1723177651378 1.0 1656000
1723177664720 1.0 1660000
1723177678175 1.0 1664000
1723177691824 1.0 1668000
1723177705508 1.0 1672000
1723177718852 1.0 1676000
1723177732903 1.0 1680000
1723177746459 1.0 1684000
1723177759669 1.0 1688000
1723177773509 1.0 1692000
1723177787121 1.0 1696000
1723177800762 1.0 1700000
1723177813884 1.0 1704000
1723177827168 1.0 1708000
1723177840297 1.0 1712000
1723177854609 1.0 1716000
1723177868208 1.0 1720000
1723177881993 1.0 1724000
1723177895287 1.0 1728000
1723177908889 1.0 1732000
1723177921917 1.0 1736000
1723177934756 1.0 1740000
1723177948517 1.0 1744000
1723177962135 1.0 1748000
1723177975802 1.0 1752000
1723177990036 1.0 1756000
1723178003884 1.0 1760000
1723178017712 1.0 1764000
1723178031595 1.0 1768000
1723178045663 1.0 1772000
1723178058961 1.0 1776000
1723178073291 1.0 1780000
1723178087081 1.0 1784000
1723178100761 1.0 1788000
1723178114297 1.0 1792000
1723178127564 1.0 1796000
1723178141338 1.0 1800000
1723178155366 1.0 1804000
1723178170137 1.0 1808000
1723178183747 1.0 1812000
1723178197196 1.0 1816000
1723178210941 1.0 1820000
1723178224777 1.0 1824000
1723178238167 1.0 1828000
1723178251477 1.0 1832000
1723178265414 1.0 1836000
1723178279474 1.0 1840000
1723178293225 1.0 1844000
1723178306813 1.0 1848000
1723178320107 1.0 1852000
1723178334175 1.0 1856000
1723178347718 1.0 1860000
1723178361195 1.0 1864000
1723178374265 1.0 1868000
1723178387676 1.0 1872000
1723178401147 1.0 1876000
1723178414700 1.0 1880000
1723178427827 1.0 1884000
1723178441337 1.0 1888000
1723178454752 1.0 1892000
1723178468763 1.0 1896000
1723178482272 1.0 1900000
1723178495965 1.0 1904000
1723178510319 1.0 1908000
1723178524156 1.0 1912000
1723178537790 1.0 1916000
1723178551621 1.0 1920000
1723178565056 1.0 1924000
1723178578904 1.0 1928000
1723178592879 1.0 1932000
1723178606158 1.0 1936000
1723178619689 1.0 1940000
1723178633993 1.0 1944000
1723178647841 1.0 1948000
1723178661771 1.0 1952000
1723178676688 1.0 1956000
1723178690451 1.0 1960000
1723178704241 1.0 1964000
1723178717823 1.0 1968000
1723178731490 1.0 1972000
1723178744617 1.0 1976000
1723178758535 1.0 1980000
1723178772279 1.0 1984000
1723178786107 1.0 1988000
1723178799507 1.0 1992000
1723178813132 1.0 1996000
1723178826976 1.0 2000000
