1723230210680 256.0 4000
1723230217785 256.0 8000
1723230225129 256.0 12000
1723230232433 256.0 16000
1723230239470 256.0 20000
1723230246319 256.0 24000
1723230253373 256.0 28000
1723230260688 256.0 32000
1723230267900 256.0 36000
1723230275111 256.0 40000
1723230282187 256.0 44000
1723230289885 256.0 48000
1723230296943 256.0 52000
1723230304605 256.0 56000
1723230313808 256.0 60000
1723230322308 256.0 64000
1723230330440 256.0 68000
1723230338517 256.0 72000
1723230347006 256.0 76000
1723230355053 256.0 80000
