1723172544896 0.0 4000
1723172560118 0.0 8000
1723172575121 0.0 12000
1723172590162 0.0 16000
1723172604652 0.0 20000
1723172619003 0.0 24000
1723172633128 0.0 28000
1723172647642 0.0 32000
1723172662287 0.0 36000
1723172675402 0.0 40000
1723172689927 0.0 44000
1723172704086 0.0 48000
1723172718074 0.0 52000
1723172732121 0.0 56000
1723172749586 0.0 60000
1723172763947 0.0 64000
1723172778412 0.0 68000
1723172793051 0.0 72000
1723172807213 0.0 76000
1723172821273 0.0 80000
1723172835251 0.0 84000
1723172849128 0.0 88000
1723172863046 0.0 92000
1723172877201 0.0 96000
1723172891046 0.0 100000
1723172904780 0.0 104000
1723172918033 0.0 108000
1723172932048 0.0 112000
1723172946280 0.0 116000
1723172960181 0.0 120000
1723172974300 0.0 124000
1723172988179 0.0 128000
1723173002111 0.0 132000
1723173016062 0.0 136000
1723173030007 0.0 140000
1723173043971 0.0 144000
1723173057995 0.0 148000
1723173071871 0.0 152000
1723173085797 0.0 156000
1723173099486 0.0 160000
1723173113992 0.0 164000
1723173128514 0.0 168000
1723173142495 0.0 172000
1723173155513 0.0 176000
1723173169560 0.0 180000
1723173183321 0.0 184000
1723173197362 0.0 188000
1723173211524 0.0 192000
1723173225532 0.0 196000
1723173239448 0.0 200000
1723173253035 0.0 204000
1723173266813 0.0 208000
1723173280495 0.0 212000
1723173294166 0.0 216000
1723173307676 0.0 220000
1723173321474 0.0 224000
1723173335087 0.0 228000
1723173348754 0.0 232000
1723173362521 0.0 236000
