1723172544892 2.0 4000
1723172560115 2.0 8000
1723172575118 2.0 12000
1723172590160 2.0 16000
1723172604649 2.0 20000
1723172619000 2.0 24000
1723172633126 2.0 28000
1723172647640 2.0 32000
1723172662283 2.0 36000
1723172675399 2.0 40000
1723172689925 2.0 44000
1723172704084 2.0 48000
1723172718071 2.0 52000
1723172732118 2.0 56000
1723172749584 2.0 60000
1723172763944 2.0 64000
1723172778409 2.0 68000
1723172793049 2.0 72000
1723172807210 2.0 76000
1723172821270 2.0 80000
1723172835249 2.0 84000
1723172849125 2.0 88000
1723172863041 2.0 92000
1723172877198 2.0 96000
1723172891043 2.0 100000
1723172904777 2.0 104000
1723172918030 2.0 108000
1723172932046 2.0 112000
1723172946277 2.0 116000
1723172960178 2.0 120000
1723172974298 2.0 124000
1723172988175 2.0 128000
1723173002109 2.0 132000
1723173016059 2.0 136000
1723173030005 2.0 140000
1723173043968 2.0 144000
1723173057993 2.0 148000
1723173071868 2.0 152000
1723173085794 2.0 156000
1723173099483 2.0 160000
1723173113989 2.0 164000
1723173128511 2.0 168000
1723173142492 2.0 172000
1723173155510 2.0 176000
1723173169557 2.0 180000
1723173183318 2.0 184000
1723173197359 2.0 188000
1723173211521 2.0 192000
1723173225529 2.0 196000
1723173239446 2.0 200000
1723173253032 2.0 204000
1723173266810 2.0 208000
1723173280493 2.0 212000
1723173294163 2.0 216000
1723173307673 2.0 220000
1723173321471 2.0 224000
1723173335085 2.0 228000
1723173348752 2.0 232000
1723173362518 2.0 236000
