1723172544888 64.0 4000
1723172560112 64.0 8000
1723172575116 64.0 12000
1723172590157 64.0 16000
1723172604646 64.0 20000
1723172618998 64.0 24000
1723172633123 64.0 28000
1723172647637 64.0 32000
1723172662280 64.0 36000
1723172675397 64.0 40000
1723172689922 64.0 44000
1723172704081 64.0 48000
1723172718069 64.0 52000
1723172732116 64.0 56000
1723172749582 64.0 60000
1723172763942 64.0 64000
1723172778407 64.0 68000
1723172793046 64.0 72000
1723172807207 64.0 76000
1723172821267 64.0 80000
1723172835246 64.0 84000
1723172849123 64.0 88000
1723172863037 64.0 92000
1723172877195 64.0 96000
1723172891041 64.0 100000
1723172904774 64.0 104000
1723172918028 64.0 108000
1723172932043 64.0 112000
1723172946275 64.0 116000
1723172960176 64.0 120000
1723172974295 64.0 124000
1723172988173 64.0 128000
1723173002106 64.0 132000
1723173016057 64.0 136000
1723173030002 64.0 140000
1723173043966 64.0 144000
1723173057990 64.0 148000
1723173071866 64.0 152000
1723173085791 64.0 156000
1723173099481 64.0 160000
1723173113987 64.0 164000
1723173128509 64.0 168000
1723173142490 64.0 172000
1723173155508 64.0 176000
1723173169554 64.0 180000
1723173183316 64.0 184000
1723173197357 64.0 188000
1723173211519 64.0 192000
1723173225527 64.0 196000
1723173239443 64.0 200000
1723173253030 64.0 204000
1723173266808 64.0 208000
1723173280490 64.0 212000
1723173294161 64.0 216000
1723173307671 64.0 220000
1723173321469 64.0 224000
1723173335082 64.0 228000
1723173348749 64.0 232000
1723173362515 64.0 236000
