1723172544891 32.0 4000
1723172560115 32.0 8000
1723172575118 32.0 12000
1723172590159 32.0 16000
1723172604648 32.0 20000
1723172619000 32.0 24000
1723172633125 32.0 28000
1723172647639 32.0 32000
1723172662283 32.0 36000
1723172675399 32.0 40000
1723172689924 32.0 44000
1723172704083 32.0 48000
1723172718071 32.0 52000
1723172732117 32.0 56000
1723172749584 32.0 60000
1723172763944 32.0 64000
1723172778409 32.0 68000
1723172793048 32.0 72000
1723172807209 32.0 76000
1723172821269 32.0 80000
1723172835248 32.0 84000
1723172849125 32.0 88000
1723172863040 32.0 92000
1723172877198 32.0 96000
1723172891043 32.0 100000
1723172904776 32.0 104000
1723172918030 32.0 108000
1723172932045 32.0 112000
1723172946277 32.0 116000
1723172960178 32.0 120000
1723172974297 32.0 124000
1723172988175 32.0 128000
1723173002108 32.0 132000
1723173016059 32.0 136000
1723173030004 32.0 140000
1723173043968 32.0 144000
1723173057992 32.0 148000
1723173071868 32.0 152000
1723173085793 32.0 156000
1723173099483 32.0 160000
1723173113989 32.0 164000
1723173128511 32.0 168000
1723173142492 32.0 172000
1723173155510 32.0 176000
1723173169557 32.0 180000
1723173183318 32.0 184000
1723173197359 32.0 188000
1723173211521 32.0 192000
1723173225529 32.0 196000
1723173239445 32.0 200000
1723173253032 32.0 204000
1723173266810 32.0 208000
1723173280492 32.0 212000
1723173294163 32.0 216000
1723173307673 32.0 220000
1723173321471 32.0 224000
1723173335084 32.0 228000
1723173348751 32.0 232000
1723173362518 32.0 236000
