1723172544884 256.0 4000
1723172560110 256.0 8000
1723172575113 256.0 12000
1723172590155 256.0 16000
1723172604644 256.0 20000
1723172618996 256.0 24000
1723172633121 256.0 28000
1723172647635 256.0 32000
1723172662278 256.0 36000
1723172675394 256.0 40000
1723172689920 256.0 44000
1723172704079 256.0 48000
1723172718066 256.0 52000
1723172732113 256.0 56000
1723172749579 256.0 60000
1723172763939 256.0 64000
1723172778405 256.0 68000
1723172793044 256.0 72000
1723172807205 256.0 76000
1723172821265 256.0 80000
1723172835244 256.0 84000
1723172849121 256.0 88000
1723172863034 256.0 92000
1723172877193 256.0 96000
1723172891039 256.0 100000
1723172904772 256.0 104000
1723172918026 256.0 108000
1723172932041 256.0 112000
1723172946273 256.0 116000
1723172960173 256.0 120000
1723172974293 256.0 124000
1723172988171 256.0 128000
1723173002104 256.0 132000
1723173016055 256.0 136000
1723173030000 256.0 140000
1723173043964 256.0 144000
1723173057988 256.0 148000
1723173071864 256.0 152000
1723173085789 256.0 156000
1723173099478 256.0 160000
1723173113984 256.0 164000
1723173128506 256.0 168000
1723173142488 256.0 172000
1723173155506 256.0 176000
1723173169552 256.0 180000
1723173183314 256.0 184000
1723173197355 256.0 188000
1723173211517 256.0 192000
1723173225525 256.0 196000
1723173239440 256.0 200000
1723173253027 256.0 204000
1723173266805 256.0 208000
1723173280488 256.0 212000
1723173294159 256.0 216000
1723173307668 256.0 220000
1723173321467 256.0 224000
1723173335080 256.0 228000
1723173348747 256.0 232000
1723173362511 256.0 236000
