1723172544886 0.0 4000
1723172560111 0.0 8000
1723172575114 0.0 12000
1723172590156 0.0 16000
1723172604645 0.0 20000
1723172618996 0.0 24000
1723172633122 0.0 28000
1723172647636 0.0 32000
1723172662279 0.0 36000
1723172675395 0.0 40000
1723172689921 0.0 44000
1723172704080 0.0 48000
1723172718067 0.0 52000
1723172732114 0.0 56000
1723172749580 0.0 60000
1723172763940 0.0 64000
1723172778405 0.0 68000
1723172793045 0.0 72000
1723172807206 0.0 76000
1723172821266 0.0 80000
1723172835245 0.0 84000
1723172849122 0.0 88000
1723172863035 0.0 92000
1723172877194 0.0 96000
1723172891039 0.0 100000
1723172904773 0.0 104000
1723172918027 0.0 108000
1723172932041 0.0 112000
1723172946273 0.0 116000
1723172960174 0.0 120000
1723172974294 0.0 124000
1723172988172 0.0 128000
1723173002105 0.0 132000
1723173016056 0.0 136000
1723173030001 0.0 140000
1723173043964 0.0 144000
1723173057989 0.0 148000
1723173071865 0.0 152000
1723173085789 0.0 156000
1723173099479 0.0 160000
1723173113985 0.0 164000
1723173128507 0.0 168000
1723173142489 0.0 172000
1723173155506 0.0 176000
1723173169553 0.0 180000
1723173183315 0.0 184000
1723173197356 0.0 188000
1723173211518 0.0 192000
1723173225525 0.0 196000
1723173239441 0.0 200000
1723173253028 0.0 204000
1723173266806 0.0 208000
1723173280489 0.0 212000
1723173294160 0.0 216000
1723173307669 0.0 220000
1723173321467 0.0 224000
1723173335081 0.0 228000
1723173348748 0.0 232000
1723173362513 0.0 236000
