1723172544885 0.0 4000
1723172560110 0.0 8000
1723172575114 0.0 12000
1723172590155 0.0 16000
1723172604644 0.0 20000
1723172618996 0.0 24000
1723172633122 0.0 28000
1723172647635 0.0 32000
1723172662278 0.0 36000
1723172675395 0.0 40000
1723172689920 0.0 44000
1723172704080 0.0 48000
1723172718067 0.0 52000
1723172732114 0.0 56000
1723172749580 0.0 60000
1723172763940 0.0 64000
1723172778405 0.0 68000
1723172793044 0.0 72000
1723172807206 0.0 76000
1723172821265 0.0 80000
1723172835244 0.0 84000
1723172849121 0.0 88000
1723172863034 0.0 92000
1723172877193 0.0 96000
1723172891039 0.0 100000
1723172904772 0.0 104000
1723172918026 0.0 108000
1723172932041 0.0 112000
1723172946273 0.0 116000
1723172960174 0.0 120000
1723172974294 0.0 124000
1723172988171 0.0 128000
1723173002104 0.0 132000
1723173016055 0.0 136000
1723173030000 0.0 140000
1723173043964 0.0 144000
1723173057988 0.0 148000
1723173071864 0.0 152000
1723173085789 0.0 156000
1723173099479 0.0 160000
1723173113985 0.0 164000
1723173128506 0.0 168000
1723173142488 0.0 172000
1723173155506 0.0 176000
1723173169552 0.0 180000
1723173183314 0.0 184000
1723173197355 0.0 188000
1723173211517 0.0 192000
1723173225525 0.0 196000
1723173239441 0.0 200000
1723173253027 0.0 204000
1723173266806 0.0 208000
1723173280489 0.0 212000
1723173294159 0.0 216000
1723173307669 0.0 220000
1723173321467 0.0 224000
1723173335080 0.0 228000
1723173348747 0.0 232000
1723173362512 0.0 236000
