1723172544884 20.0 4000
1723172560110 20.0 8000
1723172575113 20.0 12000
1723172590155 20.0 16000
1723172604644 20.0 20000
1723172618995 20.0 24000
1723172633121 20.0 28000
1723172647634 20.0 32000
1723172662278 20.0 36000
1723172675394 20.0 40000
1723172689920 20.0 44000
1723172704079 20.0 48000
1723172718066 20.0 52000
1723172732113 20.0 56000
1723172749579 20.0 60000
1723172763939 20.0 64000
1723172778404 20.0 68000
1723172793043 20.0 72000
1723172807205 20.0 76000
1723172821265 20.0 80000
1723172835244 20.0 84000
1723172849120 20.0 88000
1723172863033 20.0 92000
1723172877193 20.0 96000
1723172891038 20.0 100000
1723172904771 20.0 104000
1723172918025 20.0 108000
1723172932040 20.0 112000
1723172946272 20.0 116000
1723172960173 20.0 120000
1723172974293 20.0 124000
1723172988171 20.0 128000
1723173002103 20.0 132000
1723173016054 20.0 136000
1723173030000 20.0 140000
1723173043963 20.0 144000
1723173057988 20.0 148000
1723173071863 20.0 152000
1723173085788 20.0 156000
1723173099478 20.0 160000
1723173113984 20.0 164000
1723173128505 20.0 168000
1723173142487 20.0 172000
1723173155505 20.0 176000
1723173169552 20.0 180000
1723173183313 20.0 184000
1723173197355 20.0 188000
1723173211516 20.0 192000
1723173225524 20.0 196000
1723173239440 20.0 200000
1723173253027 20.0 204000
1723173266805 20.0 208000
1723173280488 20.0 212000
1723173294158 20.0 216000
1723173307668 20.0 220000
1723173321466 20.0 224000
1723173335079 20.0 228000
1723173348746 20.0 232000
1723173362510 20.0 236000
