1723217322598 2.0 4000
1723217337896 2.0 8000
1723217353014 2.0 12000
1723217368180 2.0 16000
1723217383123 2.0 20000
1723217398310 2.0 24000
1723217413460 2.0 28000
1723217428513 2.0 32000
1723217443811 2.0 36000
1723217459069 2.0 40000
1723217474650 2.0 44000
1723217489912 2.0 48000
1723217505194 2.0 52000
1723217520491 2.0 56000
1723217535594 2.0 60000
1723217550859 2.0 64000
1723217566127 2.0 68000
1723217581412 2.0 72000
1723217596858 2.0 76000
1723217612318 2.0 80000
1723217629699 2.0 84000
1723217646543 2.0 88000
1723217663305 2.0 92000
1723217680398 2.0 96000
1723217697080 2.0 100000
1723217713421 2.0 104000
1723217730165 2.0 108000
1723217747513 2.0 112000
1723217764274 2.0 116000
1723217780010 2.0 120000
1723217796362 2.0 124000
1723217812978 2.0 128000
1723217829959 2.0 132000
1723217846707 2.0 136000
1723217864102 2.0 140000
1723217881179 2.0 144000
1723217898187 2.0 148000
1723217915495 2.0 152000
1723217932668 2.0 156000
1723217949207 2.0 160000
1723217966025 2.0 164000
1723217983082 2.0 168000
1723217999654 2.0 172000
1723218015881 2.0 176000
1723218032511 2.0 180000
1723218048948 2.0 184000
1723218065427 2.0 188000
1723218082275 2.0 192000
1723218098847 2.0 196000
1723218115758 2.0 200000
1723218132633 2.0 204000
1723218149593 2.0 208000
1723218166179 2.0 212000
1723218182841 2.0 216000
1723218197922 2.0 220000
1723218214813 2.0 224000
1723218231343 2.0 228000
1723218247627 2.0 232000
1723218263785 2.0 236000
1723218279802 2.0 240000
1723218296718 2.0 244000
1723218313463 2.0 248000
1723218330086 2.0 252000
1723218346435 2.0 256000
1723218362743 2.0 260000
1723218378669 2.0 264000
1723218394148 2.0 268000
1723218410014 2.0 272000
1723218426116 2.0 276000
1723218442124 2.0 280000
1723218457795 2.0 284000
1723218472696 2.0 288000
1723218488749 2.0 292000
1723218504426 2.0 296000
1723218520099 2.0 300000
1723218535983 2.0 304000
1723218551481 2.0 308000
1723218567913 2.0 312000
1723218585212 2.0 316000
1723218601525 2.0 320000
1723218617798 2.0 324000
1723218634162 2.0 328000
1723218650357 2.0 332000
1723218666970 2.0 336000
1723218683252 2.0 340000
1723218699640 2.0 344000
1723218824356 2.0 348000
1723218841039 2.0 352000
1723218857167 2.0 356000
1723218872427 2.0 360000
1723218889758 2.0 364000
1723218904865 2.0 368000
1723218920292 2.0 372000
1723218935506 2.0 376000
1723218951035 2.0 380000
1723218966488 2.0 384000
1723218984903 2.0 388000
1723219006453 2.0 392000
1723219023277 2.0 396000
1723219038398 2.0 400000
1723219052666 2.0 404000
1723219068889 2.0 408000
1723219084821 2.0 412000
1723219100547 2.0 416000
1723219116548 2.0 420000
1723219132570 2.0 424000
1723219149032 2.0 428000
1723219166396 2.0 432000
1723219182943 2.0 436000
1723219199665 2.0 440000
1723219215688 2.0 444000
1723219232204 2.0 448000
1723219248179 2.0 452000
1723219264420 2.0 456000
1723219280441 2.0 460000
1723219296360 2.0 464000
1723219312533 2.0 468000
1723219328156 2.0 472000
1723219345854 2.0 476000
1723219362377 2.0 480000
1723219378697 2.0 484000
1723219394356 2.0 488000
1723219410524 2.0 492000
1723219425362 2.0 496000
1723219440728 2.0 500000
1723219456541 2.0 504000
1723219472398 2.0 508000
1723219487466 2.0 512000
1723219502840 2.0 516000
1723219518709 2.0 520000
1723219534864 2.0 524000
1723219550500 2.0 528000
1723219566215 2.0 532000
1723219582195 2.0 536000
1723219598401 2.0 540000
1723219613815 2.0 544000
1723219631214 2.0 548000
1723219647034 2.0 552000
1723219662499 2.0 556000
1723219678946 2.0 560000
1723219694562 2.0 564000
1723219710154 2.0 568000
1723219725944 2.0 572000
1723219741499 2.0 576000
1723219755691 2.0 580000
1723219771245 2.0 584000
1723219787775 2.0 588000
1723219803369 2.0 592000
1723219818957 2.0 596000
1723219834621 2.0 600000
1723219850291 2.0 604000
1723219867229 2.0 608000
1723219883506 2.0 612000
1723219899021 2.0 616000
1723219914442 2.0 620000
1723219929581 2.0 624000
1723219945395 2.0 628000
1723219961054 2.0 632000
1723219976560 2.0 636000
1723219992019 2.0 640000
1723220007685 2.0 644000
1723220023064 2.0 648000
1723220037543 2.0 652000
1723220052756 2.0 656000
1723220068397 2.0 660000
1723220084187 2.0 664000
1723220099945 2.0 668000
1723220115388 2.0 672000
1723220131540 2.0 676000
1723220147194 2.0 680000
1723220162701 2.0 684000
1723220178621 2.0 688000
1723220194686 2.0 692000
1723220210348 2.0 696000
1723220225751 2.0 700000
1723220240842 2.0 704000
1723220256959 2.0 708000
1723220272367 2.0 712000
1723220288417 2.0 716000
1723220304220 2.0 720000
1723220318910 2.0 724000
1723220334064 2.0 728000
1723220349562 2.0 732000
1723220365475 2.0 736000
1723220381142 2.0 740000
1723220396831 2.0 744000
1723220412356 2.0 748000
1723220428420 2.0 752000
1723220444463 2.0 756000
1723220459742 2.0 760000
1723220475838 2.0 764000
1723220492455 2.0 768000
1723220508401 2.0 772000
1723220524313 2.0 776000
1723220540097 2.0 780000
1723220556322 2.0 784000
1723220571971 2.0 788000
1723220588303 2.0 792000
1723220604371 2.0 796000
1723220619905 2.0 800000
