1723173953567 4000.0 4000
1723173968206 8000.0 8000
1723173984038 12000.0 12000
1723173999029 16000.0 16000
1723174014610 20000.0 20000
1723174030037 24000.0 24000
1723174046284 28000.0 28000
1723174061166 32000.0 32000
1723174078119 36000.0 36000
1723174093268 40000.0 40000
1723174108116 44000.0 44000
1723174124619 48000.0 48000
1723174139191 52000.0 52000
1723174153089 56000.0 56000
1723174167261 60000.0 60000
1723174181369 64000.0 64000
1723174195937 68000.0 68000
1723174209748 72000.0 72000
1723174224018 76000.0 76000
1723174238013 80000.0 80000
1723174252255 84000.0 84000
1723174266598 88000.0 88000
1723174280739 92000.0 92000
1723174294627 96000.0 96000
1723174308564 100000.0 100000
1723174322289 104000.0 104000
1723174335932 108000.0 108000
1723174350286 112000.0 112000
1723174364281 116000.0 116000
1723174378691 120000.0 120000
1723174394071 124000.0 124000
1723174408295 128000.0 128000
1723174422192 132000.0 132000
1723174436544 136000.0 136000
1723174450616 140000.0 140000
1723174464481 144000.0 144000
1723174478394 148000.0 148000
1723174492096 152000.0 152000
1723174505705 156000.0 156000
1723174519112 160000.0 160000
1723174532510 164000.0 164000
1723174546831 168000.0 168000
1723174560382 172000.0 172000
1723174574302 176000.0 176000
1723174588807 180000.0 180000
1723174602379 184000.0 184000
1723174616091 188000.0 188000
1723174630013 192000.0 192000
1723174643549 196000.0 196000
1723174657242 200000.0 200000
1723174671239 204000.0 204000
1723174684817 208000.0 208000
1723174698543 212000.0 212000
1723174711746 216000.0 216000
1723174725105 220000.0 220000
1723174738992 224000.0 224000
1723174752312 228000.0 228000
1723174765826 232000.0 232000
1723174779109 236000.0 236000
1723174792695 240000.0 240000
1723174806442 244000.0 244000
1723174820175 248000.0 248000
1723174833616 252000.0 252000
1723174846757 256000.0 256000
1723174860252 260000.0 260000
1723174874103 264000.0 264000
1723174887682 268000.0 268000
1723174901016 272000.0 272000
1723174914654 276000.0 276000
1723174927678 280000.0 280000
1723174941057 284000.0 284000
1723174954219 288000.0 288000
1723174967710 292000.0 292000
1723174980959 296000.0 296000
1723174994252 300000.0 300000
1723175007632 304000.0 304000
1723175020996 308000.0 308000
1723175034354 312000.0 312000
1723175047444 316000.0 316000
1723175060420 320000.0 320000
1723175073904 324000.0 324000
1723175087287 328000.0 328000
1723175100558 332000.0 332000
1723175113712 336000.0 336000
1723175127330 340000.0 340000
1723175140563 344000.0 344000
1723175153920 348000.0 348000
1723175167514 352000.0 352000
1723175181306 356000.0 356000
1723175194496 360000.0 360000
1723175208572 364000.0 364000
1723175221256 368000.0 368000
1723175234205 372000.0 372000
1723175247991 376000.0 376000
1723175261252 380000.0 380000
1723175275154 384000.0 384000
1723175288796 388000.0 388000
1723175302359 392000.0 392000
1723175315664 396000.0 396000
1723175329223 400000.0 400000
1723175342474 404000.0 404000
1723175355731 408000.0 408000
1723175368989 412000.0 412000
1723175382058 416000.0 416000
1723175395812 420000.0 420000
1723175409439 424000.0 424000
1723175422957 428000.0 428000
1723175436269 432000.0 432000
1723175449690 436000.0 436000
1723175462842 440000.0 440000
1723175476016 444000.0 444000
1723175490449 448000.0 448000
1723175503445 452000.0 452000
1723175517083 456000.0 456000
1723175529979 460000.0 460000
1723175543096 464000.0 464000
1723175555054 468000.0 468000
1723175567899 472000.0 472000
1723175581132 476000.0 476000
1723175594501 480000.0 480000
1723175607982 484000.0 484000
1723175621234 488000.0 488000
1723175634889 492000.0 492000
1723175648797 496000.0 496000
1723175662454 500000.0 500000
1723175675832 504000.0 504000
1723175689605 508000.0 508000
1723175703450 512000.0 512000
1723175717434 516000.0 516000
1723175731037 520000.0 520000
1723175744863 524000.0 524000
1723175758852 528000.0 528000
1723175773142 532000.0 532000
1723175786651 536000.0 536000
1723175800413 540000.0 540000
1723175813480 544000.0 544000
1723175826498 548000.0 548000
1723175839762 552000.0 552000
1723175853314 556000.0 556000
1723175867554 560000.0 560000
1723175881377 564000.0 564000
1723175894801 568000.0 568000
1723175910102 572000.0 572000
1723175924063 576000.0 576000
1723175936966 580000.0 580000
1723175950508 584000.0 584000
1723175963513 588000.0 588000
1723175976816 592000.0 592000
1723175990710 596000.0 596000
1723176005448 600000.0 600000
1723176019068 604000.0 604000
1723176032509 608000.0 608000
1723176045621 612000.0 612000
1723176058057 616000.0 616000
1723176071778 620000.0 620000
1723176085525 624000.0 624000
1723176099204 628000.0 628000
1723176113380 632000.0 632000
1723176126534 636000.0 636000
1723176140549 640000.0 640000
1723176153222 644000.0 644000
1723176166463 648000.0 648000
1723176180295 652000.0 652000
1723176193999 656000.0 656000
1723176207491 660000.0 660000
1723176220769 664000.0 664000
1723176234763 668000.0 668000
1723176247813 672000.0 672000
1723176261510 676000.0 676000
1723176274800 680000.0 680000
1723176289140 684000.0 684000
1723176302196 688000.0 688000
1723176314470 692000.0 692000
1723176327888 696000.0 696000
1723176341252 700000.0 700000
1723176354717 704000.0 704000
1723176368432 708000.0 708000
1723176382003 712000.0 712000
1723176395356 716000.0 716000
1723176409307 720000.0 720000
1723176423212 724000.0 724000
1723176436486 728000.0 728000
1723176448874 732000.0 732000
1723176462176 736000.0 736000
1723176475825 740000.0 740000
1723176489146 744000.0 744000
1723176502940 748000.0 748000
1723176516350 752000.0 752000
1723176529915 756000.0 756000
1723176543243 760000.0 760000
1723176556896 764000.0 764000
1723176569914 768000.0 768000
1723176583633 772000.0 772000
1723176597473 776000.0 776000
1723176610738 780000.0 780000
1723176624170 784000.0 784000
1723176637307 788000.0 788000
1723176650628 792000.0 792000
1723176663720 796000.0 796000
1723176677031 800000.0 800000
1723176690958 804000.0 804000
1723176704808 808000.0 808000
1723176718225 812000.0 812000
1723176731491 816000.0 816000
1723176744722 820000.0 820000
1723176757982 824000.0 824000
1723176771587 828000.0 828000
1723176785198 832000.0 832000
1723176798663 836000.0 836000
1723176811967 840000.0 840000
1723176825532 844000.0 844000
1723176839338 848000.0 848000
1723176852756 852000.0 852000
1723176866112 856000.0 856000
1723176879449 860000.0 860000
1723176893248 864000.0 864000
1723176907335 868000.0 868000
1723176921130 872000.0 872000
1723176934659 876000.0 876000
1723176948216 880000.0 880000
1723176961715 884000.0 884000
1723176975483 888000.0 888000
1723176988991 892000.0 892000
1723177002402 896000.0 896000
1723177015740 900000.0 900000
1723177029177 904000.0 904000
1723177042140 908000.0 908000
1723177056261 912000.0 912000
1723177069910 916000.0 916000
1723177083420 920000.0 920000
1723177097199 924000.0 924000
1723177110591 928000.0 928000
1723177124199 932000.0 932000
1723177137925 936000.0 936000
1723177151160 940000.0 940000
1723177164356 944000.0 944000
1723177177855 948000.0 948000
1723177192425 952000.0 952000
1723177205793 956000.0 956000
1723177219409 960000.0 960000
1723177232796 964000.0 964000
1723177246382 968000.0 968000
1723177260014 972000.0 972000
1723177274288 976000.0 976000
1723177287927 980000.0 980000
1723177301915 984000.0 984000
1723177315678 988000.0 988000
1723177329282 992000.0 992000
1723177342407 996000.0 996000
1723177355575 1000000.0 1000000
1723177369130 1004000.0 1004000
1723177382827 1008000.0 1008000
1723177396518 1012000.0 1012000
1723177410257 1016000.0 1016000
1723177423694 1020000.0 1020000
1723177437279 1024000.0 1024000
1723177451042 1028000.0 1028000
1723177464738 1032000.0 1032000
1723177478867 1036000.0 1036000
1723177492903 1040000.0 1040000
1723177506825 1044000.0 1044000
1723177520489 1048000.0 1048000
1723177534373 1052000.0 1052000
1723177548199 1056000.0 1056000
1723177561762 1060000.0 1060000
1723177575912 1064000.0 1064000
1723177589555 1068000.0 1068000
1723177602374 1072000.0 1072000
1723177615541 1076000.0 1076000
1723177628889 1080000.0 1080000
1723177641931 1084000.0 1084000
1723177655360 1088000.0 1088000
1723177668802 1092000.0 1092000
1723177682514 1096000.0 1096000
1723177696018 1100000.0 1100000
1723177709562 1104000.0 1104000
1723177723053 1108000.0 1108000
1723177737003 1112000.0 1112000
1723177750174 1116000.0 1116000
1723177763743 1120000.0 1120000
1723177777117 1124000.0 1124000
1723177790665 1128000.0 1128000
1723177803839 1132000.0 1132000
1723177816992 1136000.0 1136000
1723177830496 1140000.0 1140000
1723177844207 1144000.0 1144000
1723177858327 1148000.0 1148000
1723177871903 1152000.0 1152000
1723177885567 1156000.0 1156000
1723177899085 1160000.0 1160000
1723177912684 1164000.0 1164000
1723177925673 1168000.0 1168000
1723177939285 1172000.0 1172000
1723177952277 1176000.0 1176000
1723177965627 1180000.0 1180000
1723177979090 1184000.0 1184000
1723177993022 1188000.0 1188000
1723178006508 1192000.0 1192000
1723178019730 1196000.0 1196000
1723178032997 1200000.0 1200000
1723178045113 1204000.0 1204000
1723178058629 1208000.0 1208000
1723178071565 1212000.0 1212000
1723178084901 1216000.0 1216000
1723178097767 1220000.0 1220000
1723178111093 1224000.0 1224000
1723178124299 1228000.0 1228000
1723178137630 1232000.0 1232000
1723178151374 1236000.0 1236000
1723178165132 1240000.0 1240000
1723178178575 1244000.0 1244000
1723178191644 1248000.0 1248000
1723178205015 1252000.0 1252000
1723178218917 1256000.0 1256000
1723178232248 1260000.0 1260000
1723178245668 1264000.0 1264000
1723178259179 1268000.0 1268000
1723178273000 1272000.0 1272000
1723178286307 1276000.0 1276000
1723178299504 1280000.0 1280000
1723178312856 1284000.0 1284000
1723178326892 1288000.0 1288000
1723178340839 1292000.0 1292000
1723178354455 1296000.0 1296000
1723178367787 1300000.0 1300000
1723178381081 1304000.0 1304000
1723178394678 1308000.0 1308000
1723178407657 1312000.0 1312000
1723178420858 1316000.0 1316000
1723178434360 1320000.0 1320000
1723178447691 1324000.0 1324000
1723178461183 1328000.0 1328000
1723178474720 1332000.0 1332000
1723178488196 1336000.0 1336000
1723178501645 1340000.0 1340000
1723178515672 1344000.0 1344000
1723178529871 1348000.0 1348000
1723178543370 1352000.0 1352000
1723178556912 1356000.0 1356000
1723178570338 1360000.0 1360000
1723178583484 1364000.0 1364000
1723178597062 1368000.0 1368000
1723178610277 1372000.0 1372000
1723178623433 1376000.0 1376000
1723178636565 1380000.0 1380000
1723178649883 1384000.0 1384000
1723178662563 1388000.0 1388000
1723178675097 1392000.0 1392000
1723178688453 1396000.0 1396000
1723178701561 1400000.0 1400000
1723178714898 1404000.0 1404000
1723178728535 1408000.0 1408000
1723178742318 1412000.0 1412000
1723178755554 1416000.0 1416000
1723178769295 1420000.0 1420000
1723178782818 1424000.0 1424000
1723178796257 1428000.0 1428000
1723178809828 1432000.0 1432000
1723178823182 1436000.0 1436000
1723178836079 1440000.0 1440000
1723178847487 1444000.0 1444000
1723178859286 1448000.0 1448000
1723178871019 1452000.0 1452000
1723178882993 1456000.0 1456000
1723178894998 1460000.0 1460000
1723178907041 1464000.0 1464000
1723178918340 1468000.0 1468000
1723178929909 1472000.0 1472000
1723178942165 1476000.0 1476000
1723178953841 1480000.0 1480000
1723178965750 1484000.0 1484000
1723178977682 1488000.0 1488000
1723178989820 1492000.0 1492000
1723179001693 1496000.0 1496000
1723179013710 1500000.0 1500000
1723179025327 1504000.0 1504000
1723179037248 1508000.0 1508000
1723179048973 1512000.0 1512000
1723179060614 1516000.0 1516000
1723179072586 1520000.0 1520000
1723179084895 1524000.0 1524000
1723179096556 1528000.0 1528000
1723179108064 1532000.0 1532000
1723179119670 1536000.0 1536000
1723179131431 1540000.0 1540000
1723179143215 1544000.0 1544000
1723179154761 1548000.0 1548000
1723179166477 1552000.0 1552000
1723179177935 1556000.0 1556000
1723179189772 1560000.0 1560000
1723179201054 1564000.0 1564000
1723179212691 1568000.0 1568000
1723179224369 1572000.0 1572000
1723179236282 1576000.0 1576000
1723179247898 1580000.0 1580000
1723179259091 1584000.0 1584000
1723179270694 1588000.0 1588000
1723179282387 1592000.0 1592000
1723179293746 1596000.0 1596000
1723179305031 1600000.0 1600000
1723179316139 1604000.0 1604000
1723179327951 1608000.0 1608000
1723179339510 1612000.0 1612000
1723179350906 1616000.0 1616000
1723179362297 1620000.0 1620000
1723179373584 1624000.0 1624000
1723179384935 1628000.0 1628000
1723179396186 1632000.0 1632000
1723179407376 1636000.0 1636000
1723179418862 1640000.0 1640000
1723179430540 1644000.0 1644000
1723179441890 1648000.0 1648000
1723179453238 1652000.0 1652000
1723179464639 1656000.0 1656000
1723179475944 1660000.0 1660000
1723179487761 1664000.0 1664000
1723179499177 1668000.0 1668000
1723179510714 1672000.0 1672000
1723179522254 1676000.0 1676000
1723179533895 1680000.0 1680000
1723179544915 1684000.0 1684000
1723179556176 1688000.0 1688000
1723179567663 1692000.0 1692000
1723179579054 1696000.0 1696000
1723179590433 1700000.0 1700000
1723179601801 1704000.0 1704000
1723179613099 1708000.0 1708000
1723179624245 1712000.0 1712000
1723179635666 1716000.0 1716000
1723179646924 1720000.0 1720000
1723179658427 1724000.0 1724000
1723179669852 1728000.0 1728000
1723179681145 1732000.0 1732000
1723179692496 1736000.0 1736000
1723179703942 1740000.0 1740000
1723179715194 1744000.0 1744000
1723179726646 1748000.0 1748000
1723179738101 1752000.0 1752000
1723179749503 1756000.0 1756000
1723179760700 1760000.0 1760000
1723179772145 1764000.0 1764000
1723179784148 1768000.0 1768000
1723179795942 1772000.0 1772000
1723179807413 1776000.0 1776000
1723179818842 1780000.0 1780000
1723179830366 1784000.0 1784000
1723179842541 1788000.0 1788000
1723179853802 1792000.0 1792000
1723179865322 1796000.0 1796000
1723179876361 1800000.0 1800000
1723179887976 1804000.0 1804000
1723179899432 1808000.0 1808000
1723179910983 1812000.0 1812000
1723179922357 1816000.0 1816000
1723179933790 1820000.0 1820000
1723179945110 1824000.0 1824000
1723179956349 1828000.0 1828000
1723179967921 1832000.0 1832000
1723179979224 1836000.0 1836000
1723179990716 1840000.0 1840000
1723180002099 1844000.0 1844000
1723180013278 1848000.0 1848000
1723180024868 1852000.0 1852000
1723180036509 1856000.0 1856000
1723180048183 1860000.0 1860000
1723180059717 1864000.0 1864000
1723180071059 1868000.0 1868000
1723180082467 1872000.0 1872000
1723180093844 1876000.0 1876000
1723180105015 1880000.0 1880000
1723180116338 1884000.0 1884000
1723180127814 1888000.0 1888000
1723180139343 1892000.0 1892000
1723180150843 1896000.0 1896000
1723180161988 1900000.0 1900000
1723180173234 1904000.0 1904000
1723180184518 1908000.0 1908000
1723180196113 1912000.0 1912000
1723180207574 1916000.0 1916000
1723180218970 1920000.0 1920000
1723180230455 1924000.0 1924000
1723180241719 1928000.0 1928000
1723180253441 1932000.0 1932000
1723180264924 1936000.0 1936000
1723180276052 1940000.0 1940000
1723180287510 1944000.0 1944000
1723180298742 1948000.0 1948000
1723180310096 1952000.0 1952000
1723180321869 1956000.0 1956000
1723180333002 1960000.0 1960000
1723180344483 1964000.0 1964000
1723180356128 1968000.0 1968000
1723180367614 1972000.0 1972000
1723180379120 1976000.0 1976000
1723180390502 1980000.0 1980000
1723180401906 1984000.0 1984000
1723180413576 1988000.0 1988000
1723180425335 1992000.0 1992000
1723180436785 1996000.0 1996000
1723180448634 2000000.0 2000000
