1723147967142 0.0 4000
1723147979856 0.0 8000
1723147994351 0.0 12000
1723148013972 0.0 16000
1723148031079 0.0 20000
1723148046258 0.0 24000
1723148059824 0.0 28000
1723148071922 0.0 32000
1723148084741 0.0 36000
1723148098012 0.0 40000
1723148111857 0.0 44000
1723148124225 0.0 48000
1723148142649 0.0 52000
1723148155880 0.0 56000
1723148169124 0.0 60000
1723148181773 0.0 64000
1723148194602 0.0 68000
1723148209426 0.0 72000
1723148227463 0.0 76000
1723148243875 0.0 80000
1723148256674 0.0 84000
1723148271497 0.0 88000
1723148289423 0.0 92000
1723148307044 0.0 96000
1723148319643 0.0 100000
1723148331213 0.0 104000
1723148345265 0.0 108000
1723148365703 0.0 112000
1723148379167 0.0 116000
1723148392530 0.0 120000
1723148406301 0.0 124000
1723148418888 0.0 128000
1723148431932 0.0 132000
1723148444656 0.0 136000
1723148457915 0.0 140000
1723148470837 0.0 144000
1723148488512 0.0 148000
1723148501585 0.0 152000
1723148514698 0.0 156000
1723148529292 0.0 160000
1723148542164 0.0 164000
1723148554999 0.0 168000
1723148567404 0.0 172000
1723148583217 0.0 176000
1723148596492 0.0 180000
1723148610380 0.0 184000
1723148622790 0.0 188000
1723148636063 0.0 192000
1723148651251 0.0 196000
1723148665419 0.0 200000
1723148677485 0.0 204000
1723148689120 0.0 208000
1723148707270 0.0 212000
1723148723891 0.0 216000
1723148740407 0.0 220000
1723148756481 0.0 224000
1723148772515 0.0 228000
1723148789342 0.0 232000
1723148808689 0.0 236000
1723148823971 0.0 240000
1723148835943 0.0 244000
1723148848861 0.0 248000
1723148865076 0.0 252000
1723148884109 0.0 256000
1723148904732 0.0 260000
1723148916620 0.0 264000
1723148928585 0.0 268000
1723148940739 0.0 272000
1723148952422 0.0 276000
1723148964020 0.0 280000
1723148977313 0.0 284000
1723148989000 0.0 288000
1723149002197 0.0 292000
1723149014679 0.0 296000
1723149025942 0.0 300000
1723149037320 0.0 304000
1723149049616 0.0 308000
1723149067561 0.0 312000
1723149084232 0.0 316000
1723149103822 0.0 320000
1723149117495 0.0 324000
1723149131920 0.0 328000
1723149151004 0.0 332000
1723149166450 0.0 336000
1723149183058 0.0 340000
1723149199389 0.0 344000
1723149215934 0.0 348000
1723149234187 0.0 352000
1723149247269 0.0 356000
1723149259583 0.0 360000
1723149271997 0.0 364000
1723149283849 0.0 368000
1723149295735 0.0 372000
1723149307916 0.0 376000
1723149320462 0.0 380000
1723149332555 0.0 384000
1723149344647 0.0 388000
1723149356985 0.0 392000
1723149369090 0.0 396000
1723149380542 0.0 400000
1723149392353 0.0 404000
1723149403841 0.0 408000
1723149415352 0.0 412000
1723149427173 0.0 416000
1723149446073 0.0 420000
1723149459064 0.0 424000
1723149470568 0.0 428000
1723149482000 0.0 432000
1723149493737 0.0 436000
1723149505952 0.0 440000
1723149518271 0.0 444000
1723149529951 0.0 448000
1723149541647 0.0 452000
1723149553019 0.0 456000
1723149564568 0.0 460000
1723149576790 0.0 464000
1723149588415 0.0 468000
1723149599713 0.0 472000
1723149611082 0.0 476000
1723149622464 0.0 480000
1723149633624 0.0 484000
1723149645027 0.0 488000
1723149656095 0.0 492000
1723149667662 0.0 496000
1723149679044 0.0 500000
1723149690399 0.0 504000
1723149701732 0.0 508000
1723149713025 0.0 512000
1723149724402 0.0 516000
1723149735831 0.0 520000
1723149747314 0.0 524000
1723149759247 0.0 528000
1723149770885 0.0 532000
1723149782200 0.0 536000
1723149793512 0.0 540000
1723149804506 0.0 544000
1723149815941 0.0 548000
1723149827010 0.0 552000
1723149838304 0.0 556000
1723149850147 0.0 560000
1723149861325 0.0 564000
1723149873023 0.0 568000
1723149884390 0.0 572000
1723149895747 0.0 576000
1723149906955 0.0 580000
1723149918488 0.0 584000
1723149929903 0.0 588000
1723149941608 0.0 592000
1723149953029 0.0 596000
1723149964883 0.0 600000
1723149976148 0.0 604000
1723149987561 0.0 608000
1723149999099 0.0 612000
1723150010313 0.0 616000
1723150021670 0.0 620000
1723150032962 0.0 624000
1723150044425 0.0 628000
1723150055863 0.0 632000
1723150067253 0.0 636000
1723150078893 0.0 640000
1723150090676 0.0 644000
1723150102001 0.0 648000
1723150113523 0.0 652000
1723150124864 0.0 656000
1723150136297 0.0 660000
1723150147560 0.0 664000
1723150158540 0.0 668000
1723150169747 0.0 672000
1723150181016 0.0 676000
1723150192351 0.0 680000
1723150203447 0.0 684000
1723150214454 0.0 688000
1723150225930 0.0 692000
1723150237292 0.0 696000
1723150249211 0.0 700000
1723150260692 0.0 704000
1723150272164 0.0 708000
1723150283690 0.0 712000
1723150295576 0.0 716000
1723150306777 0.0 720000
1723150319489 0.0 724000
1723150330882 0.0 728000
1723150342191 0.0 732000
1723150353483 0.0 736000
1723150365069 0.0 740000
1723150376382 0.0 744000
1723150387736 0.0 748000
1723150399175 0.0 752000
1723150410900 0.0 756000
1723150422357 0.0 760000
1723150433834 0.0 764000
1723150445075 0.0 768000
1723150456504 0.0 772000
1723150467508 0.0 776000
1723150479432 0.0 780000
1723150490843 0.0 784000
1723150505678 0.0 788000
1723150524420 0.0 792000
1723150543376 0.0 796000
1723150557371 0.0 800000
