1723147967139 0.5507659613399218 4000
1723147979852 0.5706280493620017 8000
1723147994347 0.5851157502660937 12000
1723148013969 0.6278829714824967 16000
1723148031076 0.6385586708995468 20000
1723148046254 0.6419613454570161 24000
1723148059821 0.6635412859948392 28000
1723148071918 0.6665347975936342 32000
1723148084737 0.6684113451246674 36000
1723148098008 0.6772826079992538 40000
1723148111853 0.7071164835640724 44000
1723148124221 0.7080986996703114 48000
1723148142646 0.7192334659450443 52000
1723148155876 0.7131317186228773 56000
1723148169121 0.6894074079838205 60000
1723148181770 0.7248636956121904 64000
1723148194599 0.7471375754327638 68000
1723148209423 0.7256768551595667 72000
1723148227459 0.7557594209803757 76000
1723148243871 0.7433344988852528 80000
1723148256671 0.7375540572912135 84000
1723148271493 0.7511224183419072 88000
1723148289420 0.7596634941849303 92000
1723148307040 0.7629006598858123 96000
1723148319640 0.7792370168875296 100000
1723148331210 0.7630462632640034 104000
1723148345261 0.7249791912364622 108000
1723148365698 0.7462510401898242 112000
1723148379164 0.7872750233568199 116000
1723148392527 0.7638225083761181 120000
1723148406297 0.7600341629051993 124000
1723148418885 0.7721725128855266 128000
1723148431929 0.7485361858885339 132000
1723148444653 0.7606329982690777 136000
1723148457912 0.7840656373623415 140000
1723148470834 0.7597340631992259 144000
1723148488508 0.7375387517801413 148000
1723148501581 0.7893812193938181 152000
1723148514695 0.7530283439455303 156000
1723148529289 0.761007493163677 160000
1723148542161 0.7664435265334786 164000
1723148554996 0.747385494115082 168000
1723148567401 0.7587707229856904 172000
1723148583213 0.7261424529531323 176000
1723148596489 0.756489531970616 180000
1723148610376 0.7250967491603066 184000
1723148622787 0.7293059801061949 188000
1723148636060 0.7516386304975401 192000
1723148651248 0.7371054086385044 196000
1723148665416 0.7449546040478328 200000
1723148677482 0.7110394015696877 204000
1723148689117 0.6762670763206821 208000
1723148707266 0.685968099291443 212000
1723148723887 0.6990350667043781 216000
1723148740404 0.7228271201464301 220000
1723148756478 0.7165861667048001 224000
1723148772512 0.6702041120076856 228000
1723148789338 0.7051300313984249 232000
1723148808686 0.6925627831660264 236000
1723148823968 0.7267725691199303 240000
1723148835940 0.6953691459610952 244000
1723148848857 0.6653589467841683 248000
1723148865072 0.67439914617344 252000
1723148884105 0.6883259240088734 256000
1723148904728 0.6633295717602926 260000
1723148916617 0.6215074486660619 264000
1723148928581 0.6102199912388274 268000
1723148940736 0.667455939166512 272000
1723148952418 0.5856081122149389 276000
1723148964017 0.6544603472905801 280000
1723148977309 0.637569092615699 284000
1723148988996 0.57317821200118 288000
1723149002194 0.6084503499434349 292000
1723149014676 0.5919587271591873 296000
1723149025939 0.6382877406393382 300000
1723149037316 0.5849938744771566 304000
1723149049613 0.5771232790188163 308000
1723149067558 0.5361653007936816 312000
1723149084228 0.5927033358801764 316000
1723149103818 0.6585668036595304 320000
1723149117492 0.5880407728466159 324000
1723149131916 0.5474939020126002 328000
1723149151001 0.5525527280326008 332000
1723149166446 0.5845653602364638 336000
1723149183054 0.5761920926841438 340000
1723149199386 0.574687373949915 344000
1723149215931 0.5927551570407887 348000
1723149234184 0.6353654318297586 352000
1723149247265 0.5542102449699073 356000
1723149259580 0.5327036645659741 360000
1723149271994 0.5342501426947878 364000
1723149283845 0.472270994517186 368000
1723149295732 0.5304553614387698 372000
1723149307913 0.5446094111400716 376000
1723149320459 0.575356853737476 380000
1723149332552 0.5715940600379984 384000
1723149344644 0.6022500592237668 388000
1723149356982 0.608504281510064 392000
1723149369086 0.5754965445991104 396000
1723149380539 0.5315895078241403 400000
1723149392349 0.5345156430722551 404000
1723149403838 0.5150164725140054 408000
1723149415349 0.5306163238348267 412000
1723149427170 0.5342706831951514 416000
1723149446070 0.5243672761934023 420000
1723149459060 0.5576993005284181 424000
1723149470565 0.5601458647572403 428000
1723149481997 0.48297221778977845 432000
1723149493733 0.5626626436591994 436000
1723149505948 0.49869983783322025 440000
1723149518268 0.5443849083802379 444000
1723149529948 0.5385683155070383 448000
1723149541644 0.5151178556131133 452000
1723149553016 0.5506993641086081 456000
1723149564565 0.542364118924589 460000
1723149576786 0.5730967818211157 464000
1723149588412 0.5176032836397066 468000
1723149599709 0.5495901379073765 472000
1723149611079 0.4970511757365778 476000
1723149622460 0.5141209499897264 480000
1723149633621 0.5330527946088753 484000
1723149645023 0.4921252415693821 488000
1723149656092 0.5033343161410051 492000
1723149667659 0.549704121433674 496000
1723149679041 0.5059405088054796 500000
1723149690396 0.508596337993517 504000
1723149701728 0.48828613286217054 508000
1723149713022 0.49197664057954826 512000
1723149724399 0.4758165162135946 516000
1723149735828 0.5134564371977715 520000
1723149747310 0.5179210243654166 524000
1723149759244 0.5258775550317257 528000
1723149770881 0.44636793536603026 532000
1723149782197 0.44972416578349494 536000
1723149793508 0.4859536985609126 540000
1723149804503 0.5387220179411114 544000
1723149815938 0.49970741399319457 548000
1723149827007 0.48656047981575873 552000
1723149838300 0.5597097906237798 556000
1723149850143 0.49869725900233214 560000
1723149861321 0.5036756378169178 564000
1723149873020 0.45867341502655484 568000
1723149884387 0.41833803901541317 572000
1723149895744 0.48391636278718075 576000
1723149906952 0.485662047226801 580000
1723149918485 0.5103128666309178 584000
1723149929899 0.46394481483503436 588000
1723149941604 0.5024889194426384 592000
1723149953025 0.5261212612667405 596000
1723149964880 0.4516744573382621 600000
1723149976145 0.4873065513235035 604000
1723149987557 0.4786553515187392 608000
1723149999095 0.4860662734519083 612000
1723150010310 0.4806714065320103 616000
1723150021667 0.4632444477039026 620000
1723150032959 0.5245089473718024 624000
1723150044421 0.47799826697677583 628000
1723150055860 0.4579262763526 632000
1723150067250 0.4685221958879038 636000
1723150078889 0.4703416554376166 640000
1723150090673 0.4784908778331381 644000
1723150101997 0.4680322935817935 648000
1723150113520 0.43064402494553133 652000
1723150124861 0.4828532609639438 656000
1723150136294 0.4906936001904467 660000
1723150147557 0.42541675700786263 664000
1723150158537 0.4940282015724385 668000
1723150169744 0.4992179438577476 672000
1723150181013 0.43773502749225773 676000
1723150192348 0.5520182972364391 680000
1723150203443 0.49786910269383 684000
1723150214451 0.4777885434316828 688000
1723150225927 0.48318931408067967 692000
1723150237288 0.4784030740882488 696000
1723150249208 0.48754467308944 700000
1723150260688 0.43461787695368975 704000
1723150272161 0.47212146308722225 708000
1723150283687 0.45489396852381686 712000
1723150295572 0.4600233828345089 716000
1723150306774 0.4273671863349617 720000
1723150319484 0.4540701321834791 724000
1723150330879 0.38821799328141177 728000
1723150342188 0.4437426136793397 732000
1723150353480 0.4850039578234473 736000
1723150365066 0.48861787779428434 740000
1723150376378 0.4038266456560463 744000
1723150387732 0.4977732832391634 748000
1723150399172 0.436950994235404 752000
1723150410897 0.4738119947466444 756000
1723150422354 0.4509850336251952 760000
1723150433831 0.46769546064819006 764000
1723150445071 0.43704818234587395 768000
1723150456500 0.5022159689178703 772000
1723150467504 0.4285229962979648 776000
1723150479428 0.40918448511907396 780000
1723150490840 0.4269677567777904 784000
1723150505674 0.49013629801941255 788000
1723150524416 0.40045800324238784 792000
1723150543373 0.4415640793212339 796000
1723150557368 0.43120999135975296 800000
