1723230210693 944.5 4000
1723230217794 944.5 8000
1723230225139 944.5 12000
1723230232442 944.5 16000
1723230239480 944.5 20000
1723230246328 944.5 24000
1723230253382 944.5 28000
1723230260698 944.5 32000
1723230267909 944.5 36000
1723230275121 944.5 40000
1723230282197 944.5 44000
1723230289895 944.5 48000
1723230296953 944.5 52000
1723230304617 944.5 56000
1723230313818 944.5 60000
1723230322317 944.5 64000
1723230330449 944.5 68000
1723230338527 944.5 72000
1723230347015 944.5 76000
1723230355062 944.5 80000
