1723230210692 945.5 4000
1723230217794 2835.5 8000
1723230225138 4725.5 12000
1723230232442 6615.5 16000
1723230239480 8505.5 20000
1723230246328 10395.5 24000
1723230253382 12285.5 28000
1723230260698 14175.5 32000
1723230267909 16065.5 36000
1723230275121 17955.5 40000
1723230282196 19845.5 44000
1723230289895 21735.5 48000
1723230296952 23625.5 52000
1723230304616 25515.5 56000
1723230313817 27405.5 60000
1723230322317 29295.5 64000
1723230330449 31185.5 68000
1723230338526 33075.5 72000
1723230347014 34965.5 76000
1723230355062 36855.5 80000
