1723231574350 36.475 4000
1723231581538 29.28 8000
1723231588698 27.136363636363637 12000
1723231596107 31.4 16000
1723231603463 27.5 20000
1723231610567 28.860000000000003 24000
1723231617986 27.590000000000003 28000
1723231625246 23.67 32000
1723231632645 24.036363636363635 36000
1723231640345 32.04545454545455 40000
1723231647645 26.660000000000004 44000
1723231654932 25.672727272727272 48000
1723231662285 27.27 52000
1723231669594 25.26 56000
1723231678824 36.035714285714285 60000
1723231687471 30.566666666666666 64000
1723231695479 26.709090909090904 68000
1723231704110 38.86666666666667 72000
1723231712966 31.753846153846155 76000
1723231721623 29.88333333333333 80000
1723231729995 27.65833333333333 84000
1723231738085 30.108333333333334 88000
1723231745869 24.763636363636362 92000
1723231755151 31.4 96000
1723231764863 41.521428571428565 100000
1723231772536 23.60909090909091 104000
1723231780158 22.572727272727274 108000
1723231788080 24.700000000000003 112000
1723231796915 33.841666666666676 116000
1723231804844 26.40833333333333 120000
1723231812586 22.33636363636364 124000
1723231820156 25.1 128000
1723231827906 23.590909090909086 132000
1723231835540 22.88181818181818 136000
1723231843213 22.19090909090909 140000
1723231850810 22.200000000000003 144000
1723231858612 23.38181818181818 148000
1723231866357 26.181818181818183 152000
1723231874005 23.163636363636364 156000
1723231881559 22.71818181818182 160000
1723231889456 26.3 164000
1723231897650 31.40909090909091 168000
1723231905409 32.81818181818182 172000
1723231912941 32.39090909090909 176000
1723231920596 22.6 180000
1723231928472 28.74545454545454 184000
1723231936404 26.591666666666672 188000
1723231944052 24.42 192000
1723231951819 26.381818181818186 196000
1723231959197 23.700000000000003 200000
1723231966849 25.263636363636362 204000
1723231974202 22.969999999999995 208000
1723231981751 23.65454545454546 212000
1723231989129 22.810000000000002 216000
1723231997077 24.183333333333334 220000
1723232004758 25.436363636363634 224000
1723232012307 24.9 228000
1723232019748 23.40909090909091 232000
1723232027238 24.35454545454546 236000
1723232034786 30.2 240000
1723232042361 23.90909090909091 244000
1723232050015 25.109090909090913 248000
1723232057785 27.718181818181815 252000
1723232065972 35.59166666666666 256000
1723232073706 27.218181818181815 260000
1723232080965 24.779999999999998 264000
1723232088528 24.44545454545454 268000
1723232096006 23.889999999999997 272000
1723232103516 24.145454545454548 276000
1723232111108 25.654545454545453 280000
1723232118676 26.119999999999997 284000
1723232126223 23.55454545454545 288000
1723232133824 23.08181818181818 292000
1723232141135 23.22 296000
1723232148564 23.709090909090904 300000
1723232156026 27.354545454545452 304000
1723232163436 22.939999999999998 308000
1723232171373 27.390909090909098 312000
1723232178775 23.18181818181818 316000
1723232186232 24.97 320000
1723232193492 22.427272727272726 324000
1723232201012 25.97 328000
1723232208573 25.0 332000
1723232216029 23.79090909090909 336000
1723232223649 22.827272727272728 340000
1723232231040 24.009999999999998 344000
1723232238940 29.354545454545452 348000
1723232246589 29.318181818181824 352000
1723232253851 23.509999999999998 356000
1723232260995 22.66363636363636 360000
1723232268842 28.072727272727267 364000
1723232276495 30.03636363636364 368000
1723232283939 24.6 372000
1723232291313 22.890909090909087 376000
1723232298935 33.540000000000006 380000
1723232306436 25.89090909090909 384000
1723232313925 25.827272727272724 388000
1723232321252 26.1 392000
1723232328646 26.045454545454547 396000
1723232335862 24.66 400000
1723232343387 26.5 404000
1723232350703 25.109999999999996 408000
1723232358183 25.60909090909091 412000
1723232365462 24.05 416000
1723232372699 25.17 420000
1723232379906 24.36 424000
1723232387321 24.527272727272727 428000
1723232394684 30.859999999999996 432000
1723232402064 26.018181818181812 436000
1723232409216 22.979999999999997 440000
1723232416519 24.169999999999998 444000
1723232423837 24.327272727272724 448000
1723232431203 25.07 452000
1723232438460 24.636363636363637 456000
1723232445621 23.689999999999998 460000
1723232453284 27.690909090909088 464000
1723232460521 23.31 468000
1723232467691 24.260000000000005 472000
1723232475078 23.136363636363633 476000
1723232482411 23.49 480000
1723232489660 23.729999999999997 484000
1723232496988 24.49090909090909 488000
1723232504564 25.890909090909098 492000
1723232511974 29.940000000000005 496000
1723232519495 25.163636363636364 500000
1723232526819 24.04 504000
1723232534263 24.345454545454547 508000
1723232541767 24.40909090909091 512000
1723232549471 26.580000000000002 516000
1723232556861 28.40000000000001 520000
1723232564301 24.772727272727273 524000
1723232571731 23.96 528000
1723232579072 23.49090909090909 532000
1723232586580 25.770000000000003 536000
1723232594133 26.44545454545454 540000
1723232602285 38.77272727272727 544000
1723232609982 27.645454545454548 548000
1723232617410 25.79090909090909 552000
1723232625045 26.636363636363637 556000
1723232632541 31.64545454545454 560000
1723232640041 28.320000000000004 564000
1723232647506 25.381818181818186 568000
1723232655025 26.120000000000005 572000
1723232662559 27.018181818181816 576000
1723232669951 24.781818181818178 580000
1723232677377 24.41 584000
1723232684885 25.00909090909091 588000
1723232692303 27.43 592000
1723232700419 31.333333333333332 596000
1723232708254 32.518181818181816 600000
1723232716488 31.741666666666664 604000
1723232723840 25.1 608000
1723232731331 25.236363636363635 612000
1723232738646 24.340000000000003 616000
1723232746192 26.19090909090909 620000
1723232753631 29.563636363636366 624000
1723232761283 28.580000000000002 628000
1723232768708 24.400000000000002 632000
1723232776252 24.37272727272727 636000
1723232784191 31.44545454545454 640000
1723232791877 27.718181818181815 644000
1723232799226 26.43 648000
1723232806785 25.245454545454546 652000
1723232814696 28.44545454545454 656000
1723232822496 26.781818181818185 660000
1723232829669 23.01818181818182 664000
1723232837319 27.18 668000
1723232844764 24.55454545454546 672000
1723232852895 31.33333333333333 676000
1723232860395 27.939999999999998 680000
1723232867721 24.79090909090909 684000
1723232875189 30.8 688000
1723232883052 28.972727272727276 692000
1723232890287 27.527272727272727 696000
1723232897582 25.049999999999997 700000
1723232904903 23.38 704000
1723232912170 22.68181818181818 708000
1723232919491 23.740000000000002 712000
1723232926722 22.81 716000
1723232934068 22.336363636363636 720000
1723232942092 30.44545454545454 724000
1723232949865 30.33636363636364 728000
1723232957429 26.40909090909091 732000
1723232964887 24.627272727272725 736000
1723232972425 26.23 740000
1723232980156 29.3 744000
1723232987742 27.681818181818183 748000
1723232995257 32.99090909090909 752000
1723233002977 31.463636363636365 756000
1723233010610 31.820000000000004 760000
1723233018215 28.75454545454545 764000
1723233025847 28.009090909090904 768000
1723233033547 27.027272727272727 772000
1723233040895 25.36 776000
1723233048107 22.136363636363633 780000
1723233055470 24.3 784000
1723233062697 23.509999999999998 788000
1723233069937 22.263636363636365 792000
1723233077246 24.65 796000
1723233084595 22.472727272727273 800000
