1723147967108 40.23157894736842 4000
1723147979830 42.42777777777778 8000
1723147994321 45.63000000000001 12000
1723148013945 69.65714285714287 16000
1723148031053 61.708333333333336 20000
1723148046231 52.999999999999986 24000
1723148059796 45.347368421052636 28000
1723148071897 33.39444444444444 32000
1723148084714 37.82222222222222 36000
1723148097959 37.48888888888889 40000
1723148111831 51.464999999999996 44000
1723148124198 35.33888888888889 48000
1723148142623 64.08461538461538 52000
1723148155855 42.900000000000006 56000
1723148169098 37.04736842105263 60000
1723148181748 39.36666666666667 64000
1723148194578 36.77777777777778 68000
1723148209397 48.504761904761914 72000
1723148227435 61.900000000000006 76000
1723148243843 57.00434782608696 80000
1723148256649 37.3 84000
1723148271469 50.26190476190476 88000
1723148289395 61.38400000000001 92000
1723148307016 58.715999999999994 96000
1723148319618 39.61176470588236 100000
1723148331188 29.176470588235293 104000
1723148345225 42.699999999999996 108000
1723148365672 66.95862068965518 112000
1723148379141 43.74210526315788 116000
1723148392505 41.678947368421056 120000
1723148406273 45.373684210526314 124000
1723148418862 35.37222222222222 128000
1723148431907 39.55 132000
1723148444631 35.46842105263158 136000
1723148457890 41.277777777777786 140000
1723148470812 37.39473684210526 144000
1723148488486 62.69200000000001 148000
1723148501557 37.72777777777779 152000
1723148514673 40.98947368421053 156000
1723148529262 48.235 160000
1723148542138 39.17894736842105 164000
1723148554974 37.22777777777778 168000
1723148567378 36.323529411764696 172000
1723148583190 52.01739130434783 176000
1723148596465 42.6 180000
1723148610349 43.78947368421053 184000
1723148622764 31.672222222222224 188000
1723148636037 40.92631578947368 192000
1723148651226 52.57619047619048 196000
1723148665393 42.58 200000
1723148677460 33.95 204000
1723148689095 32.6625 208000
1723148707241 62.16538461538461 212000
1723148723865 59.94347826086957 216000
1723148740378 57.15652173913043 220000
1723148756455 57.7391304347826 224000
1723148772486 54.739130434782616 228000
1723148789314 58.57826086956521 232000
1723148808662 65.16428571428571 236000
1723148823945 53.79523809523808 240000
1723148835917 34.28235294117647 244000
1723148848836 43.55 248000
1723148865048 54.84782608695652 252000
1723148884078 65.9814814814815 256000
1723148904706 78.0689655172414 260000
1723148916595 40.3 264000
1723148928559 42.47647058823529 268000
1723148940715 38.57058823529412 272000
1723148952394 33.65 276000
1723148963995 32.641176470588235 280000
1723148977286 44.88947368421052 284000
1723148988974 33.5 288000
1723149002170 45.910526315789475 292000
1723149014655 39.4 296000
1723149025918 30.125 300000
1723149037295 31.68125 304000
1723149049590 35.94117647058824 308000
1723149067535 61.58076923076923 312000
1723149084199 58.94782608695652 316000
1723149103793 69.14285714285714 320000
1723149117470 44.974999999999994 324000
1723149131891 48.904999999999994 328000
1723149150977 68.42222222222223 332000
1723149166424 50.4090909090909 336000
1723149183031 52.26521739130435 340000
1723149199363 52.387499999999996 344000
1723149215909 55.01304347826087 348000
1723149234158 63.016000000000005 352000
1723149247244 39.73157894736842 356000
1723149259558 32.10588235294118 360000
1723149271972 31.7111111111111 364000
1723149283823 28.894117647058824 368000
1723149295710 29.758823529411764 372000
1723149307891 29.91764705882353 376000
1723149320437 30.87222222222222 380000
1723149332529 29.98235294117647 384000
1723149344622 31.976470588235294 388000
1723149356960 34.45294117647059 392000
1723149369065 30.87777777777778 396000
1723149380516 28.5125 400000
1723149392327 28.905882352941177 404000
1723149403816 28.0 408000
1723149415326 30.118750000000002 412000
1723149427133 30.058823529411764 416000
1723149446046 60.48148148148148 420000
1723149459039 38.42222222222222 424000
1723149470543 29.55625 428000
1723149481975 30.88125 432000
1723149493712 29.776470588235295 436000
1723149505926 30.352941176470587 440000
1723149518245 30.99444444444445 444000
1723149529925 30.58235294117647 448000
1723149541622 29.537499999999998 452000
1723149552994 28.23125 456000
1723149564542 27.741176470588236 460000
1723149576764 31.629411764705885 464000
1723149588390 28.28235294117647 468000
1723149599687 30.95 472000
1723149611057 28.025000000000002 476000
1723149622439 29.018749999999997 480000
1723149633599 27.549999999999997 484000
1723149645002 28.925 488000
1723149656070 28.21875 492000
1723149667638 29.281250000000004 496000
1723149679020 28.48235294117647 500000
1723149690374 28.299999999999997 504000
1723149701706 28.493750000000002 508000
1723149713001 30.94375 512000
1723149724376 30.0875 516000
1723149735806 27.975 520000
1723149747289 28.05294117647059 524000
1723149759221 30.088235294117645 528000
1723149770859 29.08125 532000
1723149782174 28.243750000000002 536000
1723149793487 27.587500000000002 540000
1723149804481 27.84375 544000
1723149815916 29.387500000000003 548000
1723149826985 28.30625 552000
1723149838279 31.225 556000
1723149850121 30.137500000000003 560000
1723149861299 27.700000000000003 564000
1723149872997 28.929411764705883 568000
1723149884364 27.650000000000002 572000
1723149895722 27.625 576000
1723149906930 27.28125 580000
1723149918461 27.68125 584000
1723149929877 27.7625 588000
1723149941582 30.42941176470588 592000
1723149953004 31.06875 596000
1723149964858 33.143750000000004 600000
1723149976123 28.6375 604000
1723149987536 28.16875 608000
1723149999072 27.6375 612000
1723150010288 28.176470588235293 616000
1723150021644 28.41875 620000
1723150032938 29.431250000000002 624000
1723150044398 27.91875 628000
1723150055838 27.65 632000
1723150067228 29.46875 636000
1723150078869 32.487500000000004 640000
1723150090651 36.752941176470586 644000
1723150101976 27.5 648000
1723150113498 27.856250000000003 652000
1723150124839 27.958823529411767 656000
1723150136271 28.731249999999996 660000
1723150147534 27.36875 664000
1723150158514 28.119999999999994 668000
1723150169722 27.7625 672000
1723150180991 27.53125 676000
1723150192326 30.03125 680000
1723150203422 29.2 684000
1723150214429 29.813333333333333 688000
1723150225905 30.162499999999994 692000
1723150237267 36.0 696000
1723150249186 38.95882352941176 700000
1723150260667 30.041176470588237 704000
1723150272138 29.39375 708000
1723150283664 29.0875 712000
1723150295549 30.847058823529416 716000
1723150306753 28.84375 720000
1723150319461 40.0529411764706 724000
1723150330857 29.17058823529412 728000
1723150342166 29.462500000000002 732000
1723150353457 28.15625 736000
1723150365044 30.06875 740000
1723150376356 28.54375 744000
1723150387709 28.7375 748000
1723150399150 28.162499999999998 752000
1723150410874 30.441176470588236 756000
1723150422332 28.275 760000
1723150433809 31.837500000000002 764000
1723150445049 28.212500000000002 768000
1723150456479 29.38125 772000
1723150467482 27.9125 776000
1723150479406 30.8125 780000
1723150490818 27.794117647058822 784000
1723150505652 47.01904761904761 788000
1723150524393 63.71923076923076 792000
1723150543351 62.49629629629631 796000
1723150557345 44.93157894736842 800000
