1723171812063 8.0 4000
1723171825449 8.0 8000
1723171838171 8.0 12000
1723171851752 8.0 16000
1723171869934 8.0 20000
1723171886425 8.0 24000
1723171904870 8.0 28000
1723171922412 8.0 32000
1723171940919 8.0 36000
1723171958909 8.0 40000
1723171977220 8.0 44000
1723171994404 8.0 48000
1723172010960 8.0 52000
1723172029671 8.0 56000
1723172044749 8.0 60000
1723172058673 8.0 64000
1723172072310 8.0 68000
1723172086238 8.0 72000
1723172099990 8.0 76000
1723172113423 8.0 80000
1723172126009 8.0 84000
1723172139057 8.0 88000
1723172151545 8.0 92000
1723172163990 8.0 96000
1723172176735 8.0 100000
1723172189611 8.0 104000
1723172201819 8.0 108000
1723172214572 8.0 112000
1723172227428 8.0 116000
1723172240105 8.0 120000
1723172252914 8.0 124000
1723172265492 8.0 128000
1723172278136 8.0 132000
1723172290529 8.0 136000
1723172303017 8.0 140000
1723172315601 8.0 144000
1723172328112 8.0 148000
1723172340445 8.0 152000
1723172353017 8.0 156000
1723172365077 8.0 160000
1723172376931 8.0 164000
1723172389986 8.0 168000
1723172402593 8.0 172000
1723172414589 8.0 176000
1723172426781 8.0 180000
1723172439181 8.0 184000
1723172451838 8.0 188000
1723172465530 8.0 192000
1723172478536 8.0 196000
1723172494397 8.0 200000
1723172507758 8.0 204000
1723172524635 8.0 208000
1723172546694 8.0 212000
1723172563824 8.0 216000
1723172581179 8.0 220000
1723172598088 8.0 224000
1723172613449 8.0 228000
1723172628781 8.0 232000
1723172644009 8.0 236000
1723172659941 8.0 240000
1723172675800 8.0 244000
1723172692128 8.0 248000
1723172707084 8.0 252000
1723172721816 8.0 256000
1723172738298 8.0 260000
1723172756121 8.0 264000
1723172771002 8.0 268000
1723172785988 8.0 272000
1723172800904 8.0 276000
1723172815768 8.0 280000
1723172830435 8.0 284000
1723172844888 8.0 288000
1723172859269 8.0 292000
1723172874472 8.0 296000
1723172889290 8.0 300000
1723172903662 8.0 304000
1723172919795 8.0 308000
1723172934695 8.0 312000
1723172948528 8.0 316000
1723172963183 8.0 320000
1723172977731 8.0 324000
1723172992119 8.0 328000
1723173006940 8.0 332000
1723173022380 8.0 336000
1723173036760 8.0 340000
1723173051298 8.0 344000
1723173065678 8.0 348000
1723173080184 8.0 352000
1723173094721 8.0 356000
1723173109398 8.0 360000
1723173125499 8.0 364000
1723173140486 8.0 368000
1723173155638 8.0 372000
1723173171523 8.0 376000
1723173186393 8.0 380000
1723173201450 8.0 384000
1723173216085 8.0 388000
1723173230961 8.0 392000
1723173245625 8.0 396000
1723173259814 8.0 400000
1723173274616 8.0 404000
1723173289054 8.0 408000
1723173302866 8.0 412000
1723173317059 8.0 416000
1723173331050 8.0 420000
1723173344718 8.0 424000
1723173359346 8.0 428000
1723173374466 8.0 432000
1723173388034 8.0 436000
1723173401057 8.0 440000
1723173417295 8.0 444000
1723173434365 8.0 448000
1723173452292 8.0 452000
1723173472633 8.0 456000
1723173492627 8.0 460000
1723173511558 8.0 464000
1723173529365 8.0 468000
1723173544117 8.0 472000
1723173568088 8.0 476000
1723173585309 8.0 480000
1723173600876 8.0 484000
1723173616369 8.0 488000
1723173631754 8.0 492000
1723173646218 8.0 496000
1723173661986 8.0 500000
1723173679543 8.0 504000
1723173698977 8.0 508000
1723173715857 8.0 512000
1723173729843 8.0 516000
1723173741841 8.0 520000
1723173753999 8.0 524000
1723173766879 8.0 528000
1723173779502 8.0 532000
1723173796111 8.0 536000
1723173814630 8.0 540000
1723173834479 8.0 544000
1723173855044 8.0 548000
1723173868918 8.0 552000
1723173887159 8.0 556000
1723173903174 8.0 560000
1723173916604 8.0 564000
1723173942228 8.0 568000
1723173958481 8.0 572000
1723173972755 8.0 576000
1723173988077 8.0 580000
1723174003723 8.0 584000
1723174019226 8.0 588000
1723174034017 8.0 592000
1723174049960 8.0 596000
1723174064436 8.0 600000
1723174079889 8.0 604000
1723174093361 8.0 608000
1723174108911 8.0 612000
1723174123214 8.0 616000
1723174137215 8.0 620000
1723174150893 8.0 624000
1723174164505 8.0 628000
1723174178010 8.0 632000
1723174191319 8.0 636000
1723174205192 8.0 640000
1723174218572 8.0 644000
1723174231982 8.0 648000
1723174245401 8.0 652000
1723174258680 8.0 656000
1723174272725 8.0 660000
1723174286005 8.0 664000
1723174299377 8.0 668000
1723174312968 8.0 672000
1723174326426 8.0 676000
1723174340056 8.0 680000
1723174353419 8.0 684000
1723174366626 8.0 688000
1723174379040 8.0 692000
1723174392491 8.0 696000
1723174405867 8.0 700000
1723174419181 8.0 704000
1723174432555 8.0 708000
1723174445856 8.0 712000
1723174459126 8.0 716000
1723174471937 8.0 720000
1723174485495 8.0 724000
1723174499175 8.0 728000
1723174512504 8.0 732000
1723174525738 8.0 736000
1723174539763 8.0 740000
1723174553213 8.0 744000
1723174567141 8.0 748000
1723174580370 8.0 752000
1723174594417 8.0 756000
1723174607455 8.0 760000
1723174621231 8.0 764000
1723174634874 8.0 768000
1723174648380 8.0 772000
1723174662027 8.0 776000
1723174675963 8.0 780000
1723174689564 8.0 784000
1723174702894 8.0 788000
1723174716261 8.0 792000
1723174730043 8.0 796000
1723174744003 8.0 800000
1723174757138 8.0 804000
1723174770164 8.0 808000
1723174783231 8.0 812000
1723174796634 8.0 816000
1723174809866 8.0 820000
1723174823392 8.0 824000
1723174836709 8.0 828000
1723174850458 8.0 832000
1723174864157 8.0 836000
1723174877644 8.0 840000
1723174890695 8.0 844000
1723174904388 8.0 848000
1723174917563 8.0 852000
1723174930504 8.0 856000
1723174943682 8.0 860000
1723174957217 8.0 864000
1723174971316 8.0 868000
1723174984840 8.0 872000
1723174998282 8.0 876000
1723175011772 8.0 880000
1723175025640 8.0 884000
1723175038999 8.0 888000
1723175052008 8.0 892000
1723175065357 8.0 896000
1723175078900 8.0 900000
1723175091990 8.0 904000
1723175105077 8.0 908000
1723175118354 8.0 912000
1723175131962 8.0 916000
1723175145241 8.0 920000
1723175158685 8.0 924000
1723175172568 8.0 928000
1723175186580 8.0 932000
1723175200693 8.0 936000
1723175214896 8.0 940000
1723175228631 8.0 944000
1723175242202 8.0 948000
1723175255897 8.0 952000
1723175269363 8.0 956000
1723175283345 8.0 960000
1723175296959 8.0 964000
1723175310742 8.0 968000
1723175324611 8.0 972000
1723175338162 8.0 976000
1723175351515 8.0 980000
1723175365048 8.0 984000
1723175378277 8.0 988000
1723175392475 8.0 992000
1723175406011 8.0 996000
1723175419155 8.0 1000000
1723175432310 8.0 1004000
1723175445730 8.0 1008000
1723175459163 8.0 1012000
1723175472622 8.0 1016000
1723175487642 8.0 1020000
1723175501184 8.0 1024000
1723175514733 8.0 1028000
1723175528068 8.0 1032000
1723175541337 8.0 1036000
1723175555331 8.0 1040000
1723175569990 8.0 1044000
1723175583677 8.0 1048000
1723175597291 8.0 1052000
1723175611050 8.0 1056000
1723175624534 8.0 1060000
1723175637995 8.0 1064000
1723175652545 8.0 1068000
1723175666224 8.0 1072000
1723175679505 8.0 1076000
1723175693228 8.0 1080000
1723175706870 8.0 1084000
1723175720291 8.0 1088000
1723175733622 8.0 1092000
1723175747156 8.0 1096000
1723175760992 8.0 1100000
1723175773088 8.0 1104000
1723175786929 8.0 1108000
1723175800066 8.0 1112000
1723175813593 8.0 1116000
1723175827598 8.0 1120000
1723175841369 8.0 1124000
1723175853680 8.0 1128000
1723175868015 8.0 1132000
1723175881520 8.0 1136000
1723175895176 8.0 1140000
1723175908443 8.0 1144000
1723175922377 8.0 1148000
1723175936468 8.0 1152000
1723175950251 8.0 1156000
1723175963875 8.0 1160000
1723175977105 8.0 1164000
1723175990449 8.0 1168000
1723176003971 8.0 1172000
1723176017084 8.0 1176000
1723176030464 8.0 1180000
1723176044360 8.0 1184000
1723176058800 8.0 1188000
1723176072174 8.0 1192000
1723176085238 8.0 1196000
1723176099093 8.0 1200000
1723176112964 8.0 1204000
1723176126668 8.0 1208000
1723176139972 8.0 1212000
1723176154444 8.0 1216000
1723176168406 8.0 1220000
1723176182139 8.0 1224000
1723176195842 8.0 1228000
1723176209017 8.0 1232000
1723176222176 8.0 1236000
1723176236048 8.0 1240000
1723176249546 8.0 1244000
1723176262353 8.0 1248000
1723176274793 8.0 1252000
1723176287977 8.0 1256000
1723176301089 8.0 1260000
1723176314497 8.0 1264000
1723176327883 8.0 1268000
1723176341149 8.0 1272000
1723176355079 8.0 1276000
1723176368907 8.0 1280000
1723176383311 8.0 1284000
1723176395527 8.0 1288000
1723176408679 8.0 1292000
1723176422075 8.0 1296000
1723176435182 8.0 1300000
1723176448917 8.0 1304000
1723176462140 8.0 1308000
1723176475887 8.0 1312000
1723176490079 8.0 1316000
1723176502737 8.0 1320000
1723176516120 8.0 1324000
1723176530441 8.0 1328000
1723176544856 8.0 1332000
1723176558160 8.0 1336000
1723176572123 8.0 1340000
1723176585648 8.0 1344000
1723176599569 8.0 1348000
1723176613505 8.0 1352000
1723176627229 8.0 1356000
1723176640655 8.0 1360000
1723176654141 8.0 1364000
1723176667860 8.0 1368000
1723176681430 8.0 1372000
1723176694995 8.0 1376000
1723176708604 8.0 1380000
1723176722042 8.0 1384000
1723176735507 8.0 1388000
1723176748874 8.0 1392000
1723176762366 8.0 1396000
1723176776154 8.0 1400000
1723176789964 8.0 1404000
1723176803601 8.0 1408000
1723176816713 8.0 1412000
1723176830362 8.0 1416000
1723176844073 8.0 1420000
1723176857369 8.0 1424000
1723176871048 8.0 1428000
1723176884698 8.0 1432000
1723176898680 8.0 1436000
1723176912458 8.0 1440000
1723176926093 8.0 1444000
1723176939464 8.0 1448000
1723176953013 8.0 1452000
1723176966128 8.0 1456000
1723176979511 8.0 1460000
1723176992940 8.0 1464000
1723177006357 8.0 1468000
1723177019764 8.0 1472000
1723177033199 8.0 1476000
1723177046722 8.0 1480000
1723177060383 8.0 1484000
1723177074242 8.0 1488000
1723177088067 8.0 1492000
1723177101806 8.0 1496000
1723177115454 8.0 1500000
1723177129291 8.0 1504000
1723177143076 8.0 1508000
1723177156377 8.0 1512000
1723177169534 8.0 1516000
1723177183875 8.0 1520000
1723177197301 8.0 1524000
1723177210608 8.0 1528000
1723177223643 8.0 1532000
1723177236889 8.0 1536000
1723177250895 8.0 1540000
1723177264507 8.0 1544000
1723177278876 8.0 1548000
1723177292857 8.0 1552000
1723177306771 8.0 1556000
1723177320536 8.0 1560000
1723177334357 8.0 1564000
1723177347902 8.0 1568000
1723177361762 8.0 1572000
1723177375700 8.0 1576000
1723177389905 8.0 1580000
1723177403491 8.0 1584000
1723177416863 8.0 1588000
1723177430894 8.0 1592000
1723177444919 8.0 1596000
1723177458680 8.0 1600000
1723177472332 8.0 1604000
1723177486227 8.0 1608000
1723177499968 8.0 1612000
1723177513652 8.0 1616000
1723177527893 8.0 1620000
1723177541623 8.0 1624000
1723177555322 8.0 1628000
1723177569655 8.0 1632000
1723177583728 8.0 1636000
1723177597060 8.0 1640000
1723177610757 8.0 1644000
1723177624342 8.0 1648000
1723177637703 8.0 1652000
1723177651431 8.0 1656000
1723177664763 8.0 1660000
1723177678220 8.0 1664000
1723177691863 8.0 1668000
1723177705548 8.0 1672000
1723177718892 8.0 1676000
1723177732944 8.0 1680000
1723177746499 8.0 1684000
1723177759716 8.0 1688000
1723177773556 8.0 1692000
1723177787161 8.0 1696000
1723177800804 8.0 1700000
1723177813925 8.0 1704000
1723177827215 8.0 1708000
1723177840339 8.0 1712000
1723177854649 8.0 1716000
1723177868248 8.0 1720000
1723177882034 8.0 1724000
1723177895328 8.0 1728000
1723177908929 8.0 1732000
1723177921961 8.0 1736000
1723177934799 8.0 1740000
1723177948559 8.0 1744000
1723177962175 8.0 1748000
1723177975841 8.0 1752000
1723177990078 8.0 1756000
1723178003925 8.0 1760000
1723178017754 8.0 1764000
1723178031635 8.0 1768000
1723178045705 8.0 1772000
1723178059037 8.0 1776000
1723178073333 8.0 1780000
1723178087122 8.0 1784000
1723178100805 8.0 1788000
1723178114348 8.0 1792000
1723178127607 8.0 1796000
1723178141378 8.0 1800000
1723178155413 8.0 1804000
1723178170177 8.0 1808000
1723178183788 8.0 1812000
1723178197236 8.0 1816000
1723178210981 8.0 1820000
1723178224818 8.0 1824000
1723178238210 8.0 1828000
1723178251516 8.0 1832000
1723178265455 8.0 1836000
1723178279517 8.0 1840000
1723178293265 8.0 1844000
1723178306860 8.0 1848000
1723178320148 8.0 1852000
1723178334226 8.0 1856000
1723178347759 8.0 1860000
1723178361241 8.0 1864000
1723178374305 8.0 1868000
1723178387718 8.0 1872000
1723178401188 8.0 1876000
1723178414740 8.0 1880000
1723178427869 8.0 1884000
1723178441379 8.0 1888000
1723178454794 8.0 1892000
1723178468804 8.0 1896000
1723178482312 8.0 1900000
1723178496007 8.0 1904000
1723178510361 8.0 1908000
1723178524196 8.0 1912000
1723178537832 8.0 1916000
1723178551662 8.0 1920000
1723178565096 8.0 1924000
1723178578947 8.0 1928000
1723178592920 8.0 1932000
1723178606201 8.0 1936000
1723178619740 8.0 1940000
1723178634032 8.0 1944000
1723178647882 8.0 1948000
1723178661813 8.0 1952000
1723178676729 8.0 1956000
1723178690492 8.0 1960000
1723178704283 8.0 1964000
1723178717864 8.0 1968000
1723178731530 8.0 1972000
1723178744658 8.0 1976000
1723178758587 8.0 1980000
1723178772321 8.0 1984000
1723178786150 8.0 1988000
1723178799551 8.0 1992000
1723178813177 8.0 1996000
1723178827017 8.0 2000000
