1723172544793 80.0 4000
1723172560049 140.0 8000
1723172575051 160.0 12000
1723172590095 120.0 16000
1723172604585 160.0 20000
1723172618939 140.0 24000
1723172633063 160.0 28000
1723172647575 160.0 32000
1723172662217 158.66820993405736 36000
1723172675331 119.6729506876855 40000
1723172689856 120.0 44000
1723172704023 140.0 48000
1723172718002 140.0 52000
1723172732057 180.0 56000
1723172749525 180.0 60000
1723172763883 180.0 64000
1723172778345 160.0 68000
1723172792976 220.0 72000
1723172807149 240.0 76000
1723172821208 160.0 80000
1723172835188 241.64476789133934 84000
1723172849066 160.0 88000
1723172862974 200.0 92000
1723172877138 160.0 96000
1723172890983 260.0 100000
1723172904680 180.0 104000
1723172917970 180.0 108000
1723172931980 160.0 112000
1723172946217 160.0 116000
1723172960118 180.0 120000
1723172974239 140.0 124000
1723172988113 200.0 128000
1723173002047 140.0 132000
1723173016000 179.3562645866255 136000
1723173029943 239.2979067864458 140000
1723173043908 213.79348356393407 144000
1723173057932 180.0 148000
1723173071808 140.0 152000
1723173085721 198.05326498626562 156000
1723173099420 160.0 160000
1723173113928 180.0 164000
1723173128448 191.48541856793184 168000
1723173142432 180.0 172000
1723173155449 172.95416844529348 176000
1723173169495 177.90380253328465 180000
1723173183258 166.30492165326618 184000
1723173197298 160.0 188000
1723173211460 220.0 192000
1723173225468 160.0 196000
1723173239383 179.49435813857542 200000
1723173252970 180.0 204000
1723173266749 160.0 208000
1723173280432 160.0 212000
1723173294103 220.0 216000
1723173307610 159.77925299688806 220000
1723173321410 156.3955909573889 224000
1723173335017 207.37059796327412 228000
1723173348691 146.60814013194292 232000
1723173362450 200.02321976021642 236000
