1723172544792 3825.0 4000
1723172560048 4050.0 8000
1723172575050 4050.0 12000
1723172590094 4050.0 16000
1723172604584 3925.0 20000
1723172618938 3950.0 24000
1723172633062 4050.0 28000
1723172647574 4050.0 32000
1723172662215 3925.0 36000
1723172675330 4050.0 40000
1723172689854 3950.0 44000
1723172704022 4050.0 48000
1723172718001 3925.0 52000
1723172732054 4050.0 56000
1723172749524 4050.0 60000
1723172763881 3950.0 64000
1723172778344 3925.0 68000
1723172792975 4050.0 72000
1723172807148 4050.0 76000
1723172821206 4050.0 80000
1723172835186 3825.0 84000
1723172849065 4050.0 88000
1723172862973 4050.0 92000
1723172877137 4050.0 96000
1723172890982 4050.0 100000
1723172904678 3825.0 104000
1723172917969 4050.0 108000
1723172931979 4050.0 112000
1723172946216 4050.0 116000
1723172960117 3925.0 120000
1723172974238 3950.0 124000
1723172988112 4050.0 128000
1723173002046 4050.0 132000
1723173015999 3925.0 136000
1723173029942 4050.0 140000
1723173043907 3950.0 144000
1723173057930 4050.0 148000
1723173071806 3925.0 152000
1723173085719 4050.0 156000
1723173099419 4050.0 160000
1723173113927 3950.0 164000
1723173128446 3925.0 168000
1723173142431 4050.0 172000
1723173155447 4050.0 176000
1723173169494 4050.0 180000
1723173183257 3825.0 184000
1723173197296 4050.0 188000
1723173211459 4050.0 192000
1723173225467 4050.0 196000
1723173239382 4050.0 200000
1723173252969 3825.0 204000
1723173266748 4050.0 208000
1723173280431 4050.0 212000
1723173294102 4050.0 216000
1723173307609 3925.0 220000
1723173321409 3950.0 224000
1723173335016 4050.0 228000
1723173348690 4050.0 232000
1723173362449 3925.0 236000
