1723172544789 80.0 4000
1723172560046 140.0 8000
1723172575048 160.0 12000
1723172590092 120.0 16000
1723172604582 160.0 20000
1723172618936 140.0 24000
1723172633060 160.0 28000
1723172647572 160.0 32000
1723172662212 158.66820993405736 36000
1723172675328 119.6729506876855 40000
1723172689850 120.0 44000
1723172704020 140.0 48000
1723172717998 140.0 52000
1723172732051 180.0 56000
1723172749522 180.0 60000
1723172763879 180.0 64000
1723172778342 160.0 68000
1723172792973 220.0 72000
1723172807146 240.0 76000
1723172821204 160.0 80000
1723172835184 241.64476789133934 84000
1723172849063 160.0 88000
1723172862971 200.0 92000
1723172877134 160.0 96000
1723172890979 260.0 100000
1723172904676 180.0 104000
1723172917967 180.0 108000
1723172931977 160.0 112000
1723172946214 160.0 116000
1723172960115 180.0 120000
1723172974236 140.0 124000
1723172988110 200.0 128000
1723173002044 140.0 132000
1723173015997 179.3562645866255 136000
1723173029940 239.2979067864458 140000
1723173043905 213.79348356393407 144000
1723173057929 180.0 148000
1723173071804 140.0 152000
1723173085717 198.05326498626562 156000
1723173099417 160.0 160000
1723173113925 180.0 164000
1723173128444 191.48541856793184 168000
1723173142429 180.0 172000
1723173155445 172.95416844529348 176000
1723173169492 177.90380253328465 180000
1723173183254 166.30492165326618 184000
1723173197295 160.0 188000
1723173211457 220.0 192000
1723173225465 160.0 196000
1723173239380 179.49435813857542 200000
1723173252967 180.0 204000
1723173266746 160.0 208000
1723173280428 160.0 212000
1723173294100 220.0 216000
1723173307607 159.77925299688806 220000
1723173321407 156.3955909573889 224000
1723173335014 207.37059796327412 228000
1723173348688 146.60814013194292 232000
1723173362447 200.02321976021642 236000
