1723172544794 -68.05890092708414 4000
1723172560049 -58.074344726570104 8000
1723172575052 -33.239748569632134 12000
1723172590096 -40.589923728529314 16000
1723172604586 -58.18418491086211 20000
1723172618940 -43.835356811207696 24000
1723172633064 -34.582540927990046 28000
1723172647575 -36.34674635589926 32000
1723172662217 -32.003976184601434 36000
1723172675331 -23.044947174374858 40000
1723172689856 -49.89448914549913 44000
1723172704023 -35.00252321216753 48000
1723172718002 -45.11179328184845 52000
1723172732058 -66.79310812160237 56000
1723172749526 -66.1095129575443 60000
1723172763883 -52.66037528253137 64000
1723172778345 -37.13464408790823 68000
1723172792977 -40.03472485384987 72000
1723172807149 -25.127130758307153 76000
1723172821208 -32.982467140721106 80000
1723172835188 -61.04179741230964 84000
1723172849066 -64.93266686970281 88000
1723172862975 -69.53142840387166 92000
1723172877138 -49.268659382161836 96000
1723172890983 -36.09147719913381 100000
1723172904681 -58.29135331701253 104000
1723172917970 -45.01143288028151 108000
1723172931981 -42.80873057532745 112000
1723172946218 -40.22709969004525 116000
1723172960118 -47.46236434949589 120000
1723172974240 -33.022404070749005 124000
1723172988113 -37.89493784446811 128000
1723173002047 -53.0827394526483 132000
1723173016001 -23.38785968737331 136000
1723173029943 -40.83231509137152 140000
1723173043909 -37.870633319833075 144000
1723173057932 -35.63873472465398 148000
1723173071808 -42.082149896832135 152000
1723173085721 -32.033655993799755 156000
1723173099421 -46.50043328804975 160000
1723173113929 -35.56067418535227 164000
1723173128448 -45.06770129917164 168000
1723173142433 -42.684361383622196 172000
1723173155449 -38.03298441163929 176000
1723173169496 -36.66923334161484 180000
1723173183258 -59.190543009051105 184000
1723173197298 -35.46771303564802 188000
1723173211461 -35.81329175503643 192000
1723173225468 -45.11794594804887 196000
1723173239384 -29.117431685423767 200000
1723173252970 -33.47031044866473 204000
1723173266750 -31.938834688534403 208000
1723173280433 -32.45045253503277 212000
1723173294103 -26.877706688468592 216000
1723173307611 -29.834199444388744 220000
1723173321410 -33.76533828300195 224000
1723173335018 -54.95087064132456 228000
1723173348692 -30.056153735369033 232000
1723173362451 -24.257094067512792 236000
