1723172544792 0.0 4000
1723172560048 0.0 8000
1723172575050 0.0 12000
1723172590095 0.0 16000
1723172604585 0.0 20000
1723172618938 0.0 24000
1723172633062 0.0 28000
1723172647574 0.0 32000
1723172662216 0.0 36000
1723172675330 0.0 40000
1723172689854 0.0 44000
1723172704022 0.0 48000
1723172718001 0.0 52000
1723172732054 0.0 56000
1723172749525 0.0 60000
1723172763882 0.0 64000
1723172778344 0.0 68000
1723172792975 0.0 72000
1723172807148 0.0 76000
1723172821207 0.0 80000
1723172835186 0.0 84000
1723172849065 0.0 88000
1723172862974 0.0 92000
1723172877137 0.0 96000
1723172890982 0.0 100000
1723172904679 0.0 104000
1723172917969 0.0 108000
1723172931980 0.0 112000
1723172946216 0.0 116000
1723172960117 0.0 120000
1723172974239 0.0 124000
1723172988112 0.0 128000
1723173002046 0.0 132000
1723173015999 0.0 136000
1723173029942 0.0 140000
1723173043908 0.0 144000
1723173057931 0.0 148000
1723173071807 0.0 152000
1723173085720 0.0 156000
1723173099420 0.0 160000
1723173113928 0.0 164000
1723173128447 0.0 168000
1723173142431 0.0 172000
1723173155448 0.0 176000
1723173169495 0.0 180000
1723173183257 0.0 184000
1723173197297 0.0 188000
1723173211460 0.0 192000
1723173225467 0.0 196000
1723173239383 0.0 200000
1723173252969 0.0 204000
1723173266749 0.0 208000
1723173280432 0.0 212000
1723173294102 0.0 216000
1723173307610 0.0 220000
1723173321409 0.0 224000
1723173335017 0.0 228000
1723173348690 0.0 232000
1723173362449 0.0 236000
