1723172544793 153.0 4000
1723172560048 162.0 8000
1723172575051 162.0 12000
1723172590095 162.0 16000
1723172604585 157.0 20000
1723172618939 158.0 24000
1723172633063 162.0 28000
1723172647574 162.0 32000
1723172662216 157.0 36000
1723172675330 162.0 40000
1723172689855 158.0 44000
1723172704023 162.0 48000
1723172718001 157.0 52000
1723172732056 162.0 56000
1723172749525 162.0 60000
1723172763882 158.0 64000
1723172778344 157.0 68000
1723172792976 162.0 72000
1723172807149 162.0 76000
1723172821207 162.0 80000
1723172835187 153.0 84000
1723172849065 162.0 88000
1723172862974 162.0 92000
1723172877137 162.0 96000
1723172890982 162.0 100000
1723172904679 153.0 104000
1723172917970 162.0 108000
1723172931980 162.0 112000
1723172946217 162.0 116000
1723172960117 157.0 120000
1723172974239 158.0 124000
1723172988113 162.0 128000
1723173002047 162.0 132000
1723173016000 157.0 136000
1723173029943 162.0 140000
1723173043908 158.0 144000
1723173057931 162.0 148000
1723173071807 157.0 152000
1723173085720 162.0 156000
1723173099420 162.0 160000
1723173113928 158.0 164000
1723173128447 157.0 168000
1723173142432 162.0 172000
1723173155448 162.0 176000
1723173169495 162.0 180000
1723173183258 153.0 184000
1723173197297 162.0 188000
1723173211460 162.0 192000
1723173225468 162.0 196000
1723173239383 162.0 200000
1723173252970 153.0 204000
1723173266749 162.0 208000
1723173280432 162.0 212000
1723173294103 162.0 216000
1723173307610 157.0 220000
1723173321409 158.0 224000
1723173335017 162.0 228000
1723173348691 162.0 232000
1723173362450 157.0 236000
