1723145479406 4000.0 4000
1723145492574 8000.0 8000
1723145505839 12000.0 12000
1723145519922 16000.0 16000
1723145533872 20000.0 20000
1723145548712 24000.0 24000
1723145563229 28000.0 28000
1723145577640 32000.0 32000
1723145592157 36000.0 36000
1723145606751 40000.0 40000
1723145621087 44000.0 44000
1723145635506 48000.0 48000
1723145649451 52000.0 52000
1723145664037 56000.0 56000
1723145678957 60000.0 60000
1723145694175 64000.0 64000
1723145715472 68000.0 68000
1723145731806 72000.0 72000
1723145746870 76000.0 76000
1723145762629 80000.0 80000
1723145778739 84000.0 84000
1723145796449 88000.0 88000
1723145814118 92000.0 92000
1723145829957 96000.0 96000
1723145844994 100000.0 100000
1723145864049 104000.0 104000
1723145887373 108000.0 108000
1723145903309 112000.0 112000
1723145918328 116000.0 116000
1723145933878 120000.0 120000
1723145948230 124000.0 124000
1723145962075 128000.0 128000
1723145976286 132000.0 132000
1723145990823 136000.0 136000
1723146004815 140000.0 140000
1723146019051 144000.0 144000
1723146033038 148000.0 148000
1723146047371 152000.0 152000
1723146061553 156000.0 156000
1723146076116 160000.0 160000
1723146090443 164000.0 164000
1723146105466 168000.0 168000
1723146119310 172000.0 172000
1723146133144 176000.0 176000
1723146147563 180000.0 180000
1723146161827 184000.0 184000
1723146176073 188000.0 188000
1723146190253 192000.0 192000
1723146204488 196000.0 196000
1723146218709 200000.0 200000
1723146233022 204000.0 204000
1723146246997 208000.0 208000
1723146260992 212000.0 212000
1723146274419 216000.0 216000
1723146288541 220000.0 220000
1723146302973 224000.0 224000
1723146316903 228000.0 228000
1723146330715 232000.0 232000
1723146344797 236000.0 236000
1723146358799 240000.0 240000
1723146372646 244000.0 244000
1723146386774 248000.0 248000
1723146400305 252000.0 252000
1723146414344 256000.0 256000
1723146427957 260000.0 260000
1723146441720 264000.0 264000
1723146455393 268000.0 268000
1723146469099 272000.0 272000
1723146483156 276000.0 276000
1723146496588 280000.0 280000
1723146509744 284000.0 284000
1723146523376 288000.0 288000
1723146536643 292000.0 292000
1723146550240 296000.0 296000
1723146563722 300000.0 300000
1723146577425 304000.0 304000
1723146590976 308000.0 308000
1723146604685 312000.0 312000
1723146618260 316000.0 316000
1723146632365 320000.0 320000
1723146646450 324000.0 324000
1723146659920 328000.0 328000
1723146674134 332000.0 332000
1723146687878 336000.0 336000
1723146701297 340000.0 340000
1723146715696 344000.0 344000
1723146728982 348000.0 348000
1723146742581 352000.0 352000
1723146756069 356000.0 356000
1723146769222 360000.0 360000
1723146783130 364000.0 364000
1723146796923 368000.0 368000
1723146810695 372000.0 372000
1723146824236 376000.0 376000
1723146838032 380000.0 380000
1723146851391 384000.0 384000
1723146864926 388000.0 388000
1723146878229 392000.0 392000
1723146891999 396000.0 396000
1723146905043 400000.0 400000
