1723217322623 5.0000000000000016e-05 4000
1723217337917 5.0000000000000016e-05 8000
1723217353041 5.0000000000000016e-05 12000
1723217368202 5.0000000000000016e-05 16000
1723217383144 5.0000000000000016e-05 20000
1723217398332 5.0000000000000016e-05 24000
1723217413484 5.0000000000000016e-05 28000
1723217428538 5.0000000000000016e-05 32000
1723217443835 5.0000000000000016e-05 36000
1723217459092 5.0000000000000016e-05 40000
1723217474677 5.0000000000000016e-05 44000
1723217489933 5.0000000000000016e-05 48000
1723217505219 5.0000000000000016e-05 52000
1723217520512 5.0000000000000016e-05 56000
1723217535616 5.0000000000000016e-05 60000
1723217550880 5.0000000000000016e-05 64000
1723217566147 5.0000000000000016e-05 68000
1723217581433 5.0000000000000016e-05 72000
1723217596880 5.0000000000000016e-05 76000
1723217612356 5.0000000000000016e-05 80000
1723217629720 5.0000000000000016e-05 84000
1723217646572 5.0000000000000016e-05 88000
1723217663326 5.0000000000000016e-05 92000
1723217680427 5.0000000000000016e-05 96000
1723217697106 5.0000000000000016e-05 100000
1723217713446 5.0000000000000016e-05 104000
1723217730188 5.0000000000000016e-05 108000
1723217747534 5.0000000000000016e-05 112000
1723217764296 5.0000000000000016e-05 116000
1723217780031 5.0000000000000016e-05 120000
1723217796387 5.0000000000000016e-05 124000
1723217813001 5.0000000000000016e-05 128000
1723217829982 5.0000000000000016e-05 132000
1723217846728 5.0000000000000016e-05 136000
1723217864126 5.0000000000000016e-05 140000
1723217881206 5.0000000000000016e-05 144000
1723217898212 5.0000000000000016e-05 148000
1723217915523 5.0000000000000016e-05 152000
1723217932690 5.0000000000000016e-05 156000
1723217949230 5.0000000000000016e-05 160000
1723217966047 5.0000000000000016e-05 164000
1723217983104 5.0000000000000016e-05 168000
1723217999676 5.0000000000000016e-05 172000
1723218015903 5.0000000000000016e-05 176000
1723218032532 5.0000000000000016e-05 180000
1723218048971 5.0000000000000016e-05 184000
1723218065449 5.0000000000000016e-05 188000
1723218082299 5.0000000000000016e-05 192000
1723218098868 5.0000000000000016e-05 196000
1723218115781 5.0000000000000016e-05 200000
1723218132655 5.0000000000000016e-05 204000
1723218149614 5.0000000000000016e-05 208000
1723218166201 5.0000000000000016e-05 212000
1723218182863 5.0000000000000016e-05 216000
1723218197947 5.0000000000000016e-05 220000
1723218214836 5.0000000000000016e-05 224000
1723218231369 5.0000000000000016e-05 228000
1723218247649 5.0000000000000016e-05 232000
1723218263808 5.0000000000000016e-05 236000
1723218279824 5.0000000000000016e-05 240000
1723218296743 5.0000000000000016e-05 244000
1723218313485 5.0000000000000016e-05 248000
1723218330109 5.0000000000000016e-05 252000
1723218346459 5.0000000000000016e-05 256000
1723218362767 5.0000000000000016e-05 260000
1723218378692 5.0000000000000016e-05 264000
1723218394170 5.0000000000000016e-05 268000
1723218410040 5.0000000000000016e-05 272000
1723218426139 5.0000000000000016e-05 276000
1723218442145 5.0000000000000016e-05 280000
1723218457817 5.0000000000000016e-05 284000
1723218472718 5.0000000000000016e-05 288000
1723218488774 5.0000000000000016e-05 292000
1723218504451 5.0000000000000016e-05 296000
1723218520120 5.0000000000000016e-05 300000
1723218536005 5.0000000000000016e-05 304000
1723218551501 5.0000000000000016e-05 308000
1723218567934 5.0000000000000016e-05 312000
1723218585237 5.0000000000000016e-05 316000
1723218601546 5.0000000000000016e-05 320000
1723218617819 5.0000000000000016e-05 324000
1723218634183 5.0000000000000016e-05 328000
1723218650379 5.0000000000000016e-05 332000
1723218666994 5.0000000000000016e-05 336000
1723218683272 5.0000000000000016e-05 340000
1723218699663 5.0000000000000016e-05 344000
1723218824376 5.0000000000000016e-05 348000
1723218841059 5.0000000000000016e-05 352000
1723218857188 5.0000000000000016e-05 356000
1723218872450 5.0000000000000016e-05 360000
1723218889779 5.0000000000000016e-05 364000
1723218904887 5.0000000000000016e-05 368000
1723218920315 5.0000000000000016e-05 372000
1723218935526 5.0000000000000016e-05 376000
1723218951056 5.0000000000000016e-05 380000
1723218966510 5.0000000000000016e-05 384000
1723218984930 5.0000000000000016e-05 388000
1723219006485 5.0000000000000016e-05 392000
1723219023299 5.0000000000000016e-05 396000
1723219038419 5.0000000000000016e-05 400000
1723219052703 5.0000000000000016e-05 404000
1723219068911 5.0000000000000016e-05 408000
1723219084842 5.0000000000000016e-05 412000
1723219100569 5.0000000000000016e-05 416000
1723219116568 5.0000000000000016e-05 420000
1723219132594 5.0000000000000016e-05 424000
1723219149053 5.0000000000000016e-05 428000
1723219166417 5.0000000000000016e-05 432000
1723219182963 5.0000000000000016e-05 436000
1723219199688 5.0000000000000016e-05 440000
1723219215709 5.0000000000000016e-05 444000
1723219232229 5.0000000000000016e-05 448000
1723219248200 5.0000000000000016e-05 452000
1723219264444 5.0000000000000016e-05 456000
1723219280462 5.0000000000000016e-05 460000
1723219296381 5.0000000000000016e-05 464000
1723219312553 5.0000000000000016e-05 468000
1723219328176 5.0000000000000016e-05 472000
1723219345878 5.0000000000000016e-05 476000
1723219362398 5.0000000000000016e-05 480000
1723219378718 5.0000000000000016e-05 484000
1723219394377 5.0000000000000016e-05 488000
1723219410544 5.0000000000000016e-05 492000
1723219425383 5.0000000000000016e-05 496000
1723219440749 5.0000000000000016e-05 500000
1723219456561 5.0000000000000016e-05 504000
1723219472419 5.0000000000000016e-05 508000
1723219487487 5.0000000000000016e-05 512000
1723219502861 5.0000000000000016e-05 516000
1723219518729 5.0000000000000016e-05 520000
1723219534887 5.0000000000000016e-05 524000
1723219550521 5.0000000000000016e-05 528000
1723219566235 5.0000000000000016e-05 532000
1723219582215 5.0000000000000016e-05 536000
1723219598423 5.0000000000000016e-05 540000
1723219613836 5.0000000000000016e-05 544000
1723219631234 5.0000000000000016e-05 548000
1723219647063 5.0000000000000016e-05 552000
1723219662520 5.0000000000000016e-05 556000
1723219678967 5.0000000000000016e-05 560000
1723219694582 5.0000000000000016e-05 564000
1723219710176 5.0000000000000016e-05 568000
1723219725965 5.0000000000000016e-05 572000
1723219741520 5.0000000000000016e-05 576000
1723219755711 5.0000000000000016e-05 580000
1723219771266 5.0000000000000016e-05 584000
1723219787796 5.0000000000000016e-05 588000
1723219803389 5.0000000000000016e-05 592000
1723219818979 5.0000000000000016e-05 596000
1723219834642 5.0000000000000016e-05 600000
1723219850314 5.0000000000000016e-05 604000
1723219867250 5.0000000000000016e-05 608000
1723219883527 5.0000000000000016e-05 612000
1723219899041 5.0000000000000016e-05 616000
1723219914467 5.0000000000000016e-05 620000
1723219929602 5.0000000000000016e-05 624000
1723219945416 5.0000000000000016e-05 628000
1723219961076 5.0000000000000016e-05 632000
1723219976581 5.0000000000000016e-05 636000
1723219992041 5.0000000000000016e-05 640000
1723220007716 5.0000000000000016e-05 644000
1723220023084 5.0000000000000016e-05 648000
1723220037568 5.0000000000000016e-05 652000
1723220052777 5.0000000000000016e-05 656000
1723220068423 5.0000000000000016e-05 660000
1723220084209 5.0000000000000016e-05 664000
1723220099966 5.0000000000000016e-05 668000
1723220115410 5.0000000000000016e-05 672000
1723220131567 5.0000000000000016e-05 676000
1723220147215 5.0000000000000016e-05 680000
1723220162722 5.0000000000000016e-05 684000
1723220178643 5.0000000000000016e-05 688000
1723220194707 5.0000000000000016e-05 692000
1723220210381 5.0000000000000016e-05 696000
1723220225772 5.0000000000000016e-05 700000
1723220240862 5.0000000000000016e-05 704000
1723220256983 5.0000000000000016e-05 708000
1723220272388 5.0000000000000016e-05 712000
1723220288437 5.0000000000000016e-05 716000
1723220304243 5.0000000000000016e-05 720000
1723220318936 5.0000000000000016e-05 724000
1723220334089 5.0000000000000016e-05 728000
1723220349583 5.0000000000000016e-05 732000
1723220365496 5.0000000000000016e-05 736000
1723220381165 5.0000000000000016e-05 740000
1723220396852 5.0000000000000016e-05 744000
1723220412378 5.0000000000000016e-05 748000
1723220428441 5.0000000000000016e-05 752000
1723220444486 5.0000000000000016e-05 756000
1723220459763 5.0000000000000016e-05 760000
1723220475859 5.0000000000000016e-05 764000
1723220492477 5.0000000000000016e-05 768000
1723220508422 5.0000000000000016e-05 772000
1723220524337 5.0000000000000016e-05 776000
1723220540118 5.0000000000000016e-05 780000
1723220556349 5.0000000000000016e-05 784000
1723220571995 5.0000000000000016e-05 788000
1723220588325 5.0000000000000016e-05 792000
1723220604399 5.0000000000000016e-05 796000
1723220619926 5.0000000000000016e-05 800000
