1723217322627 0.0 4000
1723217337920 0.0 8000
1723217353044 0.0 12000
1723217368205 0.0 16000
1723217383146 0.0 20000
1723217398334 0.0 24000
1723217413486 0.0 28000
1723217428541 0.0 32000
1723217443837 0.0 36000
1723217459095 0.0 40000
1723217474680 0.0 44000
1723217489936 0.0 48000
1723217505221 0.0 52000
1723217520515 0.0 56000
1723217535618 0.0 60000
1723217550882 0.0 64000
1723217566149 0.0 68000
1723217581437 0.0 72000
1723217596883 0.0 76000
1723217612359 0.0 80000
1723217629722 0.0 84000
1723217646574 0.0 88000
1723217663329 0.0 92000
1723217680430 0.0 96000
1723217697111 0.0 100000
1723217713449 0.0 104000
1723217730190 0.0 108000
1723217747536 0.0 112000
1723217764300 0.0 116000
1723217780033 0.0 120000
1723217796390 0.0 124000
1723217813005 0.0 128000
1723217829985 0.0 132000
1723217846731 0.0 136000
1723217864129 0.0 140000
1723217881208 0.0 144000
1723217898215 0.0 148000
1723217915526 0.0 152000
1723217932693 0.0 156000
1723217949233 0.0 160000
1723217966049 0.0 164000
1723217983107 0.0 168000
1723217999679 0.0 172000
1723218015906 0.0 176000
1723218032535 0.0 180000
1723218048974 0.0 184000
1723218065451 0.0 188000
1723218082303 0.0 192000
1723218098871 0.0 196000
1723218115784 0.0 200000
1723218132658 0.0 204000
1723218149616 0.0 208000
1723218166203 0.0 212000
1723218182865 0.0 216000
1723218197950 0.0 220000
1723218214839 0.0 224000
1723218231372 0.0 228000
1723218247652 0.0 232000
1723218263811 0.0 236000
1723218279826 0.0 240000
1723218296746 0.0 244000
1723218313489 0.0 248000
1723218330111 0.0 252000
1723218346462 0.0 256000
1723218362769 0.0 260000
1723218378695 0.0 264000
1723218394175 0.0 268000
1723218410042 0.0 272000
1723218426142 0.0 276000
1723218442147 0.0 280000
1723218457820 0.0 284000
1723218472721 0.0 288000
1723218488777 0.0 292000
1723218504454 0.0 296000
1723218520123 0.0 300000
1723218536008 0.0 304000
1723218551504 0.0 308000
1723218567937 0.0 312000
1723218585240 0.0 316000
1723218601548 0.0 320000
1723218617822 0.0 324000
1723218634185 0.0 328000
1723218650381 0.0 332000
1723218666997 0.0 336000
1723218683275 0.0 340000
1723218699667 0.0 344000
1723218824379 0.0 348000
1723218841062 0.0 352000
1723218857191 0.0 356000
1723218872453 0.0 360000
1723218889782 0.0 364000
1723218904889 0.0 368000
1723218920317 0.0 372000
1723218935529 0.0 376000
1723218951059 0.0 380000
1723218966513 0.0 384000
1723218984934 0.0 388000
1723219006488 0.0 392000
1723219023301 0.0 396000
1723219038422 0.0 400000
1723219052707 0.0 404000
1723219068914 0.0 408000
1723219084845 0.0 412000
1723219100572 0.0 416000
1723219116571 0.0 420000
1723219132597 0.0 424000
1723219149056 0.0 428000
1723219166423 0.0 432000
1723219182965 0.0 436000
1723219199693 0.0 440000
1723219215711 0.0 444000
1723219232232 0.0 448000
1723219248202 0.0 452000
1723219264450 0.0 456000
1723219280465 0.0 460000
1723219296384 0.0 464000
1723219312556 0.0 468000
1723219328179 0.0 472000
1723219345881 0.0 476000
1723219362400 0.0 480000
1723219378721 0.0 484000
1723219394379 0.0 488000
1723219410547 0.0 492000
1723219425386 0.0 496000
1723219440751 0.0 500000
1723219456564 0.0 504000
1723219472422 0.0 508000
1723219487489 0.0 512000
1723219502864 0.0 516000
1723219518732 0.0 520000
1723219534889 0.0 524000
1723219550524 0.0 528000
1723219566237 0.0 532000
1723219582219 0.0 536000
1723219598425 0.0 540000
1723219613839 0.0 544000
1723219631237 0.0 548000
1723219647068 0.0 552000
1723219662523 0.0 556000
1723219678969 0.0 560000
1723219694585 0.0 564000
1723219710178 0.0 568000
1723219725968 0.0 572000
1723219741522 0.0 576000
1723219755714 0.0 580000
1723219771269 0.0 584000
1723219787798 0.0 588000
1723219803392 0.0 592000
1723219818982 0.0 596000
1723219834645 0.0 600000
1723219850317 0.0 604000
1723219867253 0.0 608000
1723219883530 0.0 612000
1723219899044 0.0 616000
1723219914470 0.0 620000
1723219929605 0.0 624000
1723219945420 0.0 628000
1723219961078 0.0 632000
1723219976584 0.0 636000
1723219992043 0.0 640000
1723220007719 0.0 644000
1723220023087 0.0 648000
1723220037571 0.0 652000
1723220052780 0.0 656000
1723220068426 0.0 660000
1723220084214 0.0 664000
1723220099968 0.0 668000
1723220115414 0.0 672000
1723220131570 0.0 676000
1723220147218 0.0 680000
1723220162724 0.0 684000
1723220178645 0.0 688000
1723220194709 0.0 692000
1723220210386 0.0 696000
1723220225775 0.0 700000
1723220240865 0.0 704000
1723220256986 0.0 708000
1723220272391 0.0 712000
1723220288440 0.0 716000
1723220304246 0.0 720000
1723220318939 0.0 724000
1723220334091 0.0 728000
1723220349586 0.0 732000
1723220365499 0.0 736000
1723220381168 0.0 740000
1723220396855 0.0 744000
1723220412381 0.0 748000
1723220428444 0.0 752000
1723220444489 0.0 756000
1723220459766 0.0 760000
1723220475861 0.0 764000
1723220492480 0.0 768000
1723220508425 0.0 772000
1723220524340 0.0 776000
1723220540120 0.0 780000
1723220556352 0.0 784000
1723220571998 0.0 788000
1723220588328 0.0 792000
1723220604401 0.0 796000
1723220619929 0.0 800000
