1723217322626 1.6007081014044742 4000
1723217337919 1.587142464835593 8000
1723217353044 1.5721199459217965 12000
1723217368205 1.5572179871248015 16000
1723217383146 1.543613164813806 20000
1723217398334 1.5275407291050498 24000
1723217413486 1.4928566635923182 28000
1723217428540 1.4712508217662785 32000
1723217443837 1.4512148944198662 36000
1723217459094 1.4295136909112862 40000
1723217474679 1.4100093525352206 44000
1723217489935 1.3795254714522802 48000
1723217505221 1.3602646528829074 52000
1723217520514 1.3115902935359496 56000
1723217535618 1.3032984524753923 60000
1723217550882 1.2619418637126896 64000
1723217566149 1.2468630351918808 68000
1723217581436 1.2278028292436127 72000
1723217596882 1.1959944919914218 76000
1723217612359 1.1738785506140257 80000
1723217629722 1.1706861173007506 84000
1723217646574 1.1557564560403215 88000
1723217663329 1.121341966018609 92000
1723217680430 1.083145338761891 96000
1723217697111 1.0479124590860192 100000
1723217713448 1.0503062351375607 104000
1723217730190 1.019292620965775 108000
1723217747536 1.005066316897142 112000
1723217764299 0.9912574175401783 116000
1723217780033 0.9787936504428268 120000
1723217796390 0.990847192567291 124000
1723217813004 0.9585396671126075 128000
1723217829984 0.9566366541047469 132000
1723217846730 0.9264043373630402 136000
1723217864129 0.9047382839605318 140000
1723217881208 0.923452662470493 144000
1723217898214 0.8843047528402179 148000
1723217915525 0.8706122556265364 152000
1723217932692 0.8459297451355778 156000
1723217949233 0.8006963985608825 160000
1723217966049 0.8252741797596005 164000
1723217983107 0.7842766794541204 168000
1723217999678 0.7703912708353489 172000
1723218015906 0.7240129908137287 176000
1723218032535 0.7238930320697473 180000
1723218048974 0.6971464917592123 184000
1723218065451 0.7052216371111836 188000
1723218082303 0.6955127954060304 192000
1723218098871 0.6754339463533239 196000
1723218115783 0.6424794564010403 200000
1723218132657 0.6248271605435838 204000
1723218149616 0.6117100611857489 208000
1723218166203 0.6043659471450968 212000
1723218182865 0.6122814636703924 216000
1723218197950 0.5949240570161359 220000
1723218214839 0.5831281887195634 224000
1723218231372 0.5748259080428604 228000
1723218247651 0.5673209569238602 232000
1723218263810 0.554103732172479 236000
1723218279826 0.5555064360406382 240000
1723218296745 0.5309711562403551 244000
1723218313488 0.5278272565057938 248000
1723218330111 0.5324882898664643 252000
1723218346461 0.5099665979227276 256000
1723218362769 0.5113799682111605 260000
1723218378694 0.4890893097570602 264000
1723218394175 0.4885021575165133 268000
1723218410042 0.480686753195651 272000
1723218426141 0.5018577730402033 276000
1723218442147 0.48052788080898584 280000
1723218457820 0.4457163663303598 284000
1723218472720 0.4491928090968876 288000
1723218488777 0.4349063344563998 292000
1723218504454 0.43481839123769855 296000
1723218520122 0.4471806167605075 300000
1723218536007 0.40027560664618267 304000
1723218551503 0.4095657176688208 308000
1723218567936 0.4012175825999138 312000
1723218585240 0.4044302876219682 316000
1723218601548 0.399242712779248 320000
1723218617822 0.3967254854263143 324000
1723218634185 0.3940082945405169 328000
1723218650381 0.37783719480883143 332000
1723218666996 0.38808417542183654 336000
1723218683275 0.3974331047518033 340000
1723218699665 0.3706299364249757 344000
1723218824379 0.35652316955598534 348000
1723218841061 0.3706546589837852 352000
1723218857191 0.3501471463881486 356000
1723218872453 0.3453640868266424 360000
1723218889781 0.3587372380368253 364000
1723218904889 0.350266201820568 368000
1723218920317 0.3447540264761617 372000
1723218935528 0.35591598031580024 376000
1723218951059 0.3342884383884305 380000
1723218966513 0.33673230772111434 384000
1723218984933 0.35109941996369803 388000
1723219006487 0.33233983341789414 392000
1723219023301 0.34409424556379625 396000
1723219038421 0.34353798083062714 400000
1723219052706 0.34666900333571943 404000
1723219068914 0.32813865359053546 408000
1723219084844 0.3224248419786599 412000
1723219100571 0.3381744208382377 416000
1723219116570 0.3305925835267449 420000
1723219132596 0.3163604272859739 424000
1723219149055 0.33034185769815816 428000
1723219166422 0.3392082485112738 432000
1723219182965 0.3333231511690938 436000
1723219199692 0.32043954916562595 440000
1723219215711 0.32404438816803566 444000
1723219232231 0.32296704965914397 448000
1723219248202 0.32518763862920147 452000
1723219264450 0.3183976333297736 456000
1723219280465 0.32572347847810873 460000
1723219296383 0.33669567702615516 464000
1723219312555 0.34133697219774234 468000
1723219328179 0.3389024220565532 472000
1723219345880 0.32784888838411225 476000
1723219362400 0.3345018667532197 480000
1723219378720 0.3171026517577628 484000
1723219394379 0.32058180910370027 488000
1723219410546 0.31132128350172483 492000
1723219425386 0.3123458403222104 496000
1723219440751 0.3196213302777169 500000
1723219456563 0.3150309239296203 504000
1723219472421 0.3344263905910313 508000
1723219487489 0.32358376751026363 512000
1723219502863 0.3205683358224994 516000
1723219518731 0.33933631271018205 520000
1723219534889 0.34204644003341383 524000
1723219550523 0.3360741656934116 528000
1723219566237 0.32465097933796283 532000
1723219582218 0.3182503754893939 536000
1723219598425 0.3242691229368355 540000
1723219613839 0.31949505474656187 544000
1723219631236 0.32596799915669655 548000
1723219647066 0.3481802208203796 552000
1723219662522 0.32115250341858426 556000
1723219678969 0.3380923581989944 560000
1723219694584 0.3356890045423457 564000
1723219710178 0.3167173651938743 568000
1723219725967 0.3185381655257644 572000
1723219741522 0.34081441989921507 576000
1723219755714 0.31999129080708993 580000
1723219771268 0.31056485324569627 584000
1723219787798 0.35190923535232005 588000
1723219803391 0.3305175282906556 592000
1723219818981 0.3372500701734783 596000
1723219834645 0.34713378066183825 600000
1723219850316 0.3413127024387214 604000
1723219867252 0.3432389035186869 608000
1723219883529 0.3559489447808435 612000
1723219899043 0.3515435630389562 616000
1723219914470 0.32918705328876247 620000
1723219929604 0.3496447885607151 624000
1723219945419 0.3490155741730903 628000
1723219961078 0.3525211460729863 632000
1723219976584 0.35805639705970776 636000
1723219992043 0.34212024216110826 640000
1723220007719 0.35285469019349586 644000
1723220023086 0.3240108725291195 648000
1723220037570 0.3549155868642719 652000
1723220052779 0.3511242676499888 656000
1723220068425 0.3391113982502873 660000
1723220084214 0.3565713112341597 664000
1723220099968 0.3524151120255602 668000
1723220115413 0.3532655603919469 672000
1723220131569 0.35240996102703376 676000
1723220147217 0.33169811578824165 680000
1723220162724 0.37277508971961676 684000
1723220178645 0.3458322271968879 688000
1723220194709 0.3556512647698112 692000
1723220210385 0.35583442034767876 696000
1723220225775 0.3733563132531254 700000
1723220240865 0.34863847839177076 704000
1723220256986 0.37530490505568526 708000
1723220272390 0.38766248257870367 712000
1723220288439 0.37057054763567365 716000
1723220304245 0.36660131985414113 720000
1723220318938 0.3441216043176803 724000
1723220334091 0.3647502028297448 728000
1723220349585 0.38575251299016017 732000
1723220365498 0.3797933278565711 736000
1723220381167 0.3744215361932491 740000
1723220396854 0.37036495953798293 744000
1723220412380 0.4007920309372828 748000
1723220428443 0.3633764355529285 752000
1723220444488 0.37915867463494024 756000
1723220459765 0.37952804063440215 760000
1723220475861 0.36075484117506246 764000
1723220492480 0.384699487834112 768000
1723220508424 0.3877819178057901 772000
1723220524339 0.36813705396039265 776000
1723220540120 0.37601118666905886 780000
1723220556352 0.38134833955807046 784000
1723220571998 0.3752333330558547 788000
1723220588327 0.36891758299254357 792000
1723220604401 0.3787560372065145 796000
1723220619928 0.4002927912042496 800000
