1723217322622 0.5745447266820475 4000
1723217337917 0.6133351787184993 8000
1723217353041 0.6008655537210458 12000
1723217368202 0.6240638645511147 16000
1723217383143 0.6620451185508822 20000
1723217398331 0.6684667995212772 24000
1723217413483 0.6996545990202444 28000
1723217428537 0.6955378730352043 32000
1723217443834 0.6949452568664618 36000
1723217459091 0.7164543262504517 40000
1723217474676 0.7401873277645584 44000
1723217489933 0.7250706324551968 48000
1723217505218 0.7047316108506622 52000
1723217520511 0.7124751848637635 56000
1723217535615 0.7387356593253764 60000
1723217550879 0.7341087314571049 64000
1723217566146 0.7398021290593959 68000
1723217581432 0.7315061125349491 72000
1723217596879 0.7121408494229012 76000
1723217612354 0.7299169038098755 80000
1723217629719 0.7528610918433108 84000
1723217646571 0.7514296715986644 88000
1723217663325 0.7570542342802311 92000
1723217680426 0.751348374371833 96000
1723217697103 0.7258817560706579 100000
1723217713445 0.739792171511667 104000
1723217730187 0.7342991600433986 108000
1723217747533 0.7444600756709457 112000
1723217764295 0.7498358659182035 116000
1723217780030 0.7251150525208061 120000
1723217796386 0.7701259656366727 124000
1723217813000 0.7375631284417835 128000
1723217829981 0.7339529711409664 132000
1723217846727 0.7588831112105796 136000
1723217864125 0.741211728466318 140000
1723217881205 0.7477155305286671 144000
1723217898212 0.7571126596830415 148000
1723217915522 0.7404703667083531 152000
1723217932690 0.7531380036938276 156000
1723217949229 0.715675898435268 160000
1723217966046 0.7457027983263875 164000
1723217983103 0.6864372293365762 168000
1723217999675 0.7513060082991918 172000
1723218015902 0.7059997824383966 176000
1723218032532 0.7229580327868461 180000
1723218048971 0.7025363609723165 184000
1723218065448 0.708902859360191 188000
1723218082298 0.7172427912236106 192000
1723218098867 0.6935297962832958 196000
1723218115780 0.6911452751210395 200000
1723218132654 0.694480367987714 204000
1723218149613 0.6503007685356106 208000
1723218166200 0.678630741796595 212000
1723218182862 0.6632810296847466 216000
1723218197946 0.7017847093812963 220000
1723218214835 0.6899006584857372 224000
1723218231368 0.6772894868296935 228000
1723218247648 0.7151239875571948 232000
1723218263807 0.6860965769553016 236000
1723218279823 0.6889885845759236 240000
1723218296742 0.6567552266602821 244000
1723218313484 0.6631554005522254 248000
1723218330108 0.6590101392979317 252000
1723218346458 0.6691666761294325 256000
1723218362766 0.6505410298599419 260000
1723218378691 0.6454096098846578 264000
1723218394170 0.6130032905027376 268000
1723218410039 0.6481160309297819 272000
1723218426138 0.638647205409006 276000
1723218442144 0.6275172405843193 280000
1723218457817 0.5764399877042635 284000
1723218472717 0.622544944529415 288000
1723218488774 0.6252695499476811 292000
1723218504451 0.6194756711945466 296000
1723218520119 0.6286313609873995 300000
1723218536004 0.6093386655686595 304000
1723218551500 0.6163129045079786 308000
1723218567934 0.5794078358838745 312000
1723218585235 0.5662544635804833 316000
1723218601545 0.5950817603750009 320000
1723218617819 0.5646630136520727 324000
1723218634182 0.5561466767274319 328000
1723218650378 0.5630238078059034 332000
1723218666993 0.5857952724798774 336000
1723218683272 0.5904594514651079 340000
1723218699662 0.6183565518112047 344000
1723218824376 0.5601043733933293 348000
1723218841058 0.5536507544999427 352000
1723218857187 0.5175628001491229 356000
1723218872449 0.5412103251098318 360000
1723218889778 0.5146603262752083 364000
1723218904886 0.5587555565204181 368000
1723218920314 0.5376748890582974 372000
1723218935525 0.5466949917745928 376000
1723218951055 0.5274466544706771 380000
1723218966509 0.5573245916964737 384000
1723218984929 0.5272043644113743 388000
1723219006484 0.5293462843231276 392000
1723219023298 0.5657161032160123 396000
1723219038419 0.5049428465571386 400000
1723219052702 0.5415793762350759 404000
1723219068911 0.5208474526327129 408000
1723219084841 0.5494780215071449 412000
1723219100568 0.4994046688661085 416000
1723219116568 0.5354785625234986 420000
1723219132593 0.5183054504717918 424000
1723219149052 0.5334466769762919 428000
1723219166416 0.5008352350047294 432000
1723219182962 0.539970514225833 436000
1723219199687 0.5659214369635632 440000
1723219215708 0.5711541266041867 444000
1723219232229 0.5545050082054545 448000
1723219248199 0.5286337612632741 452000
1723219264442 0.5355384314155325 456000
1723219280462 0.570813341475759 460000
1723219296380 0.5228572718640592 464000
1723219312553 0.5197740720571778 468000
1723219328176 0.5842850450082874 472000
1723219345877 0.5201589317714914 476000
1723219362397 0.5840032886211753 480000
1723219378718 0.5423402180221487 484000
1723219394376 0.5138733809351498 488000
1723219410543 0.5473614532843972 492000
1723219425383 0.5477520049199568 496000
1723219440748 0.5549035000885632 500000
1723219456560 0.5207568352368284 504000
1723219472418 0.5633345074687444 508000
1723219487486 0.5943914799349951 512000
1723219502860 0.5679323734226802 516000
1723219518728 0.5676731804636777 520000
1723219534886 0.5616929600160595 524000
1723219550520 0.5511946237097818 528000
1723219566234 0.5571241414504694 532000
1723219582215 0.5211107444150228 536000
1723219598422 0.548224777934399 540000
1723219613836 0.5547218024677841 544000
1723219631233 0.5704358742962069 548000
1723219647062 0.5546749985545663 552000
1723219662519 0.535757467510007 556000
1723219678966 0.5585006169393553 560000
1723219694581 0.5599708121402044 564000
1723219710175 0.5596665497050217 568000
1723219725964 0.5499423541868409 572000
1723219741519 0.5617661288972442 576000
1723219755711 0.5062934812977382 580000
1723219771265 0.5441172320897698 584000
1723219787795 0.5437018041439513 588000
1723219803388 0.5241834978685311 592000
1723219818978 0.5322326795164998 596000
1723219834641 0.530881264927328 600000
1723219850313 0.5590140322579983 604000
1723219867249 0.5700382753096996 608000
1723219883527 0.5528840882188463 612000
1723219899041 0.6017490823165322 616000
1723219914467 0.5526925826643375 620000
1723219929601 0.530726756583503 624000
1723219945416 0.5448628355055414 628000
1723219961075 0.584090003117602 632000
1723219976580 0.5706110637344367 636000
1723219992040 0.5657420093656009 640000
1723220007715 0.5719798615004154 644000
1723220023083 0.5364316609100247 648000
1723220037567 0.553449945743625 652000
1723220052776 0.6150672050496788 656000
1723220068422 0.5627804134807265 660000
1723220084208 0.5123668752029432 664000
1723220099965 0.5584125148172074 668000
1723220115409 0.5533942184496856 672000
1723220131566 0.5718758109349308 676000
1723220147214 0.5266973272283026 680000
1723220162721 0.5652336832162336 684000
1723220178642 0.5376485356994978 688000
1723220194706 0.518252824437111 692000
1723220210380 0.49572658786114226 696000
1723220225771 0.5267918455262556 700000
1723220240862 0.5818901018893465 704000
1723220256983 0.5994259849454917 708000
1723220272387 0.5667617489999913 712000
1723220288436 0.5528163440789736 716000
1723220304242 0.5834496086687906 720000
1723220318935 0.5760759132128235 724000
1723220334088 0.5235719339644656 728000
1723220349582 0.583920756199047 732000
1723220365495 0.5858079997360284 736000
1723220381164 0.5398894206799091 740000
1723220396851 0.5122326125067177 744000
1723220412377 0.5832459010553698 748000
1723220428441 0.5569906311096452 752000
1723220444485 0.5764180542623744 756000
1723220459762 0.5687066847445271 760000
1723220475858 0.5606202914201198 764000
1723220492476 0.5662281657152988 768000
1723220508421 0.5401260706497 772000
1723220524336 0.5650737505749608 776000
1723220540117 0.6182395777275377 780000
1723220556349 0.6038362771484024 784000
1723220571994 0.5674444272057384 788000
1723220588324 0.6163419089524459 792000
1723220604398 0.5574940359867211 796000
1723220619926 0.5531113179704399 800000
