1723217322626 0.00882811989281016 4000
1723217337919 0.008973787940090527 8000
1723217353043 0.009645778372747826 12000
1723217368204 0.010120926097507728 16000
1723217383146 0.008199564520165322 20000
1723217398333 0.009756303043469325 24000
1723217413486 0.009957880366563834 28000
1723217428540 0.009820693757929759 32000
1723217443837 0.008571439475015596 36000
1723217459094 0.008848192417689178 40000
1723217474679 0.008726355401693935 44000
1723217489935 0.009247312790104288 48000
1723217505221 0.008830566831129835 52000
1723217520514 0.007181364871480026 56000
1723217535618 0.009019559309746739 60000
1723217550882 0.009721895728549921 64000
1723217566149 0.007536477118783277 68000
1723217581436 0.00779310926538104 72000
1723217596882 0.00864738201854897 76000
1723217612358 0.008450070808524775 80000
1723217629722 0.00814680829936838 84000
1723217646574 0.007079368690496687 88000
1723217663328 0.007312123674230954 92000
1723217680429 0.00788076719423269 96000
1723217697109 0.008384912384736192 100000
1723217713448 0.006998224168186908 104000
1723217730190 0.008020692179194579 108000
1723217747536 0.006867559961822937 112000
1723217764299 0.00723571720755155 116000
1723217780033 0.007998476743794395 120000
1723217796389 0.0076056944645917085 124000
1723217813004 0.007277930531708572 128000
1723217829984 0.006519464180342369 132000
1723217846729 0.0064381888369342615 136000
1723217864128 0.00768299173965432 140000
1723217881207 0.007899478582735747 144000
1723217898214 0.006071820613274704 148000
1723217915525 0.00614444190936378 152000
1723217932692 0.00625026470373196 156000
1723217949232 0.006241482810436544 160000
1723217966049 0.006924022473644697 164000
1723217983106 0.006194772777086626 168000
1723217999678 0.006173830266521571 172000
1723218015905 0.006187057482473643 176000
1723218032534 0.006246454901493097 180000
1723218048973 0.005352237469924455 184000
1723218065450 0.005986902643873764 188000
1723218082302 0.005425285963590139 192000
1723218098870 0.0055801289367370865 196000
1723218115783 0.00651572357312566 200000
1723218132657 0.006080746741782407 204000
1723218149616 0.00596368459806421 208000
1723218166202 0.005924130833340646 212000
1723218182865 0.00552724687893115 216000
1723218197949 0.005403490528728886 220000
1723218214838 0.0052274995829147694 224000
1723218231371 0.0053027295890948675 228000
1723218247651 0.0054724645887492835 232000
1723218263810 0.005016967311917318 236000
1723218279825 0.005645602082302921 240000
1723218296745 0.0055813917072146954 244000
1723218313488 0.00584541179783331 248000
1723218330110 0.005657214279317353 252000
1723218346461 0.005197177569490479 256000
1723218362769 0.005665907621335123 260000
1723218378694 0.00559665557107029 264000
1723218394175 0.005438936592956722 268000
1723218410042 0.004777683128968848 272000
1723218426141 0.006259893606267958 276000
1723218442147 0.006660544971299635 280000
1723218457819 0.005663708278931186 284000
1723218472720 0.00541640407979109 288000
1723218488776 0.0066699311962710355 292000
1723218504453 0.00626983309211547 296000
1723218520122 0.006371968223734483 300000
1723218536007 0.006106452135235478 304000
1723218551503 0.005901527097910541 308000
1723218567936 0.006122276128559642 312000
1723218585239 0.005740206891313025 316000
1723218601548 0.006353797166842646 320000
1723218617821 0.006184448590503162 324000
1723218634185 0.005628397108757662 328000
1723218650380 0.006049901396193723 332000
1723218666996 0.00584952766299581 336000
1723218683274 0.005999618990726023 340000
1723218699665 0.0067634549252824135 344000
1723218824378 0.005445821095100693 348000
1723218841061 0.006122074036797991 352000
1723218857190 0.005245382320566877 356000
1723218872452 0.00644679719772347 360000
1723218889781 0.0069214689373096215 364000
1723218904889 0.006439024321104178 368000
1723218920317 0.0059704496553878005 372000
1723218935528 0.005750988208962596 376000
1723218951058 0.006240305880327566 380000
1723218966512 0.005965683647924026 384000
1723218984933 0.005866819107298965 388000
1723219006487 0.005919644036318172 392000
1723219023301 0.005647618403386074 396000
1723219038421 0.006342549461989897 400000
1723219052706 0.006738716471881788 404000
1723219068914 0.0059457107561470554 408000
1723219084844 0.006095113171570397 412000
1723219100571 0.006192893017416571 416000
1723219116570 0.006180138578012842 420000
1723219132596 0.005665045080295666 424000
1723219149055 0.0057958942532783135 428000
1723219166421 0.006221268921393307 432000
1723219182965 0.0065081499958261945 436000
1723219199692 0.006082593088080044 440000
1723219215711 0.007216364091006039 444000
1723219232231 0.0070166147923614985 448000
1723219248201 0.006993405188302726 452000
1723219264449 0.007034918748610852 456000
1723219280464 0.006734040486896769 460000
1723219296383 0.006859184382392129 464000
1723219312555 0.007154012455717684 468000
1723219328179 0.007065081472867695 472000
1723219345880 0.0061490902198993325 476000
1723219362400 0.006726127116493136 480000
1723219378720 0.0068500684749709 484000
1723219394379 0.006459001941988583 488000
1723219410546 0.006474723743402279 492000
1723219425385 0.006461795378617467 496000
1723219440751 0.005953893337707224 500000
1723219456563 0.006890295970996176 504000
1723219472421 0.006571854271512813 508000
1723219487488 0.006849971834473863 512000
1723219502863 0.006501200145300019 516000
1723219518731 0.007472738861214996 520000
1723219534888 0.00796387819517705 524000
1723219550523 0.006814750855377052 528000
1723219566236 0.007418712608830518 532000
1723219582218 0.007182150543286747 536000
1723219598425 0.007752107402026975 540000
1723219613838 0.006655862984381679 544000
1723219631236 0.007327358768886874 548000
1723219647066 0.007460708171089731 552000
1723219662522 0.007314443176925806 556000
1723219678969 0.007643234656512389 560000
1723219694584 0.006984427429601621 564000
1723219710178 0.007358427486286924 568000
1723219725967 0.006446777128749947 572000
1723219741522 0.007991521309995355 576000
1723219755713 0.006701971805657613 580000
1723219771268 0.007444034996179836 584000
1723219787797 0.007841232732326358 588000
1723219803391 0.007315651344163707 592000
1723219818981 0.0068326958502498295 596000
1723219834644 0.00739047189674173 600000
1723219850316 0.007858294693526722 604000
1723219867252 0.00702868388737412 608000
1723219883529 0.007847724727164994 612000
1723219899043 0.008268009144035365 616000
1723219914469 0.008616751058882353 620000
1723219929604 0.00739404985277002 624000
1723219945419 0.0081624084187858 628000
1723219961077 0.008538080886018195 632000
1723219976583 0.008466525024429487 636000
1723219992043 0.007883833385822478 640000
1723220007718 0.008803143174160182 644000
1723220023086 0.007616300835970957 648000
1723220037570 0.007817317090787021 652000
1723220052779 0.007324122194172834 656000
1723220068425 0.0074105896246394005 660000
1723220084213 0.00804313994590445 664000
1723220099968 0.00917771377264095 668000
1723220115413 0.009819181095493418 672000
1723220131569 0.008041118061726716 676000
1723220147217 0.0077274893896618424 680000
1723220162723 0.008360502957158969 684000
1723220178644 0.008090421256127673 688000
1723220194709 0.008823392369755661 692000
1723220210385 0.008476823753366147 696000
1723220225774 0.009149268024549824 700000
1723220240864 0.008490414155856307 704000
1723220256985 0.008396020088104661 708000
1723220272390 0.008827463112252286 712000
1723220288439 0.0077905996154256285 716000
1723220304245 0.008777946266819759 720000
1723220318938 0.008241246769116336 724000
1723220334091 0.009045031954531053 728000
1723220349585 0.009708523670493473 732000
1723220365498 0.008618605515630075 736000
1723220381167 0.008645379646397845 740000
1723220396854 0.008879634592043453 744000
1723220412380 0.008967714217557364 748000
1723220428443 0.007983317658235095 752000
1723220444488 0.009255105494863752 756000
1723220459765 0.008871862355955008 760000
1723220475860 0.009993964163204703 764000
1723220492479 0.009117165581846137 768000
1723220508424 0.00862545790275963 772000
1723220524339 0.008578552807692947 776000
1723220540120 0.009380339664321353 780000
1723220556351 0.008041699386427311 784000
1723220571997 0.009186205427863971 788000
1723220588327 0.009461472068709488 792000
1723220604401 0.0087302806054282 796000
1723220619928 0.009639509690847854 800000
