1723217322624 1.1691569052689463 4000
1723217337918 1.0504325497657694 8000
1723217353042 1.13776138925806 12000
1723217368203 1.6467737744251887 16000
1723217383144 1.8757381274767801 20000
1723217398332 1.9500568804165996 24000
1723217413484 2.054855208659003 28000
1723217428538 1.9801502573151961 32000
1723217443835 2.118873059369148 36000
1723217459092 2.422995831188581 40000
1723217474677 2.7396317384344466 44000
1723217489934 2.530190745524481 48000
1723217505219 2.5621179549406605 52000
1723217520513 3.1716580475898497 56000
1723217535616 3.282555640758352 60000
1723217550880 3.695354347787005 64000
1723217566147 2.992218085299147 68000
1723217581433 4.123360525716281 72000
1723217596880 3.609239367474901 76000
1723217612356 3.800139283542092 80000
1723217629720 4.122468302351363 84000
1723217646572 3.2430149665961028 88000
1723217663326 3.7350196535705673 92000
1723217680428 3.619488501126039 96000
1723217697106 3.3647716556035037 100000
1723217713446 3.5643552230605 104000
1723217730188 3.6679461922205934 108000
1723217747534 3.580507565136497 112000
1723217764297 3.09309351317426 116000
1723217780031 3.5672635955168 120000
1723217796388 2.9202487062900624 124000
1723217813002 3.34182911350372 128000
1723217829982 3.6378648228679142 132000
1723217846728 3.518550377619182 136000
1723217864127 2.8651628079143823 140000
1723217881206 3.343032375633294 144000
1723217898213 3.379779166786383 148000
1723217915523 3.449076100951391 152000
1723217932691 3.25406235219739 156000
1723217949231 3.175100182261027 160000
1723217966047 3.1652901497293024 164000
1723217983104 3.040594957060848 168000
1723217999676 3.440231080342692 172000
1723218015904 3.3750823558645044 176000
1723218032533 3.595505637057284 180000
1723218048972 3.0675474530838907 184000
1723218065449 3.4101913778494435 188000
1723218082300 3.0880463628904193 192000
1723218098869 3.101204267080794 196000
1723218115781 3.7286025327993624 200000
1723218132656 3.3825442342047998 204000
1723218149614 3.2534631953171806 208000
1723218166201 2.7495145170823903 212000
1723218182863 2.763966250588708 216000
1723218197947 2.9506019733053575 220000
1723218214836 3.0575174982666122 224000
1723218231369 3.4408393379644298 228000
1723218247649 3.466874968582857 232000
1723218263808 3.3660249253536794 236000
1723218279824 3.2465026882523342 240000
1723218296743 2.8658251236939263 244000
1723218313486 3.3895047675633263 248000
1723218330109 2.9977108670464645 252000
1723218346459 2.9160183056026487 256000
1723218362767 3.106467882031245 260000
1723218378692 3.635093184481276 264000
1723218394171 3.096855302059904 268000
1723218410040 3.3449043292525813 272000
1723218426139 2.8408676330079423 276000
1723218442145 2.6338111864336837 280000
1723218457818 2.454124137780345 284000
1723218472718 3.489953682439547 288000
1723218488775 3.170681067815064 292000
1723218504452 3.049523762354614 296000
1723218520120 2.8901141304919062 300000
1723218536006 3.353720302446514 304000
1723218551501 3.7239511180431286 308000
1723218567935 2.969254575595788 312000
1723218585237 2.4724146165746324 316000
1723218601546 2.469471729055364 320000
1723218617820 2.709050848255766 324000
1723218634183 2.999642050308539 328000
1723218650379 2.99696708558299 332000
1723218666994 2.3434364873044036 336000
1723218683273 3.058956861411426 340000
1723218699663 3.302978952641183 344000
1723218824377 2.712929040574013 348000
1723218841060 2.6224014576867964 352000
1723218857188 1.9942063113899096 356000
1723218872451 3.1521115200316654 360000
1723218889779 2.8074723796218843 364000
1723218904887 2.848825583728493 368000
1723218920315 2.962493868922511 372000
1723218935526 2.6606867361576 376000
1723218951057 2.691018313465389 380000
1723218966511 3.0933774817497173 384000
1723218984931 2.712744626508537 388000
1723219006486 2.944225162817231 392000
1723219023299 2.379282133122708 396000
1723219038420 2.8339726969705406 400000
1723219052703 2.858468552515016 404000
1723219068912 2.972282951055689 408000
1723219084842 3.181050105128728 412000
1723219100569 2.553735028006506 416000
1723219116569 2.688090287793613 420000
1723219132594 2.970572930405326 424000
1723219149053 2.819728403353522 428000
1723219166418 2.9451695216462968 432000
1723219182963 2.8967962172014494 436000
1723219199689 3.051515299631349 440000
1723219215709 3.5171587809603264 444000
1723219232230 3.832100352243329 448000
1723219248200 3.280937424196419 452000
1723219264444 3.1774760909114326 456000
1723219280463 3.3285038149103205 460000
1723219296381 3.163238414297713 464000
1723219312554 3.0028724051959124 468000
1723219328177 3.308292839966767 472000
1723219345878 3.4422901046191545 476000
1723219362398 3.2325511666054423 480000
1723219378719 3.416638723417377 484000
1723219394377 3.5007315984009004 488000
1723219410544 3.1709762726269717 492000
1723219425384 3.4427637878884663 496000
1723219440749 3.270331948446044 500000
1723219456561 3.041584446666934 504000
1723219472419 3.032189321856127 508000
1723219487487 2.8586386060883813 512000
1723219502861 3.2584226259948514 516000
1723219518729 3.523657133815982 520000
1723219534887 3.145689286661486 524000
1723219550521 2.7394139870684198 528000
1723219566235 3.128042762752966 532000
1723219582216 3.1590512185232016 536000
1723219598423 2.8105058605789295 540000
1723219613837 2.770071663924143 544000
1723219631234 2.7906589914720956 548000
1723219647064 3.1036564049568582 552000
1723219662520 3.4265377782760784 556000
1723219678967 3.3352854907935394 560000
1723219694582 3.4474443134686625 564000
1723219710176 3.1876591684124995 568000
1723219725965 2.8074328278818874 572000
1723219741520 3.2347016006496783 576000
1723219755712 2.4539434567833625 580000
1723219771266 3.0724729632232206 584000
1723219787796 2.540801781289121 588000
1723219803389 3.2266014142239348 592000
1723219818979 2.731033881378512 596000
1723219834643 2.7452578347202734 600000
1723219850314 2.7423214790246164 604000
1723219867250 3.1656579045539206 608000
1723219883528 2.7061983928190054 612000
1723219899042 3.360584121139337 616000
1723219914468 3.3198272431150397 620000
1723219929602 3.0350500280129995 624000
1723219945417 3.247733005902446 628000
1723219961076 3.525594230831092 632000
1723219976581 3.1909298682466467 636000
1723219992041 3.3242502906643754 640000
1723220007716 3.134849009784401 644000
1723220023084 3.1365511654116585 648000
1723220037568 3.1520582139069306 652000
1723220052777 2.712779786569852 656000
1723220068423 3.389625166324859 660000
1723220084210 3.0367386386326864 664000
1723220099966 3.288804187842295 668000
1723220115410 3.7515911092994907 672000
1723220131568 3.0543930867462294 676000
1723220147215 2.874479434549386 680000
1723220162722 2.6657785313771973 684000
1723220178643 3.1242262656807056 688000
1723220194707 2.7105038512260355 692000
1723220210383 2.96106793432371 696000
1723220225773 2.916141099075899 700000
1723220240863 2.875796267495933 704000
1723220256984 2.7025469631168013 708000
1723220272388 2.9110767566565925 712000
1723220288438 2.5399848480173883 716000
1723220304243 3.3426854853088974 720000
1723220318936 3.654980948123526 724000
1723220334089 3.244506661097209 728000
1723220349583 2.7717650878513957 732000
1723220365496 3.3116857682559506 736000
1723220381165 2.7463938716878284 740000
1723220396852 2.771902578604137 744000
1723220412378 2.4922948789512014 748000
1723220428442 2.8885044863038027 752000
1723220444486 3.134183184644009 756000
1723220459763 3.1851244017587486 760000
1723220475859 3.1835986634518236 764000
1723220492478 3.11937492523633 768000
1723220508422 2.3069985897405774 772000
1723220524337 2.9012595622252064 776000
1723220540118 3.4184082880087776 780000
1723220556350 3.4247446382299382 784000
1723220571995 2.957463810545333 788000
1723220588326 3.7399345579722247 792000
1723220604399 3.065124417915412 796000
1723220619927 2.8330881996357693 800000
