1723217327506 13973.579 4000
1723217342743 13847.367 8000
1723217358090 13821.277 12000
1723217373404 13817.711 16000
1723217388826 13851.43 20000
1723217404228 13855.45 24000
1723217419597 13858.707 28000
1723217434805 13848.23 32000
1723217450172 13846.509 36000
1723217465737 13864.826 40000
1723217481251 13873.44 44000
1723217496605 13891.056 48000
1723217511947 13905.127 52000
1723217527226 13908.122 56000
1723217542526 13894.905 60000
1723217557813 13890.569 64000
1723217573108 13887.357 68000
1723217588724 13919.013 72000
1723217604132 13922.945 76000
1723217621321 14095.346 80000
1723217639443 14358.382 84000
1723217657333 14611.811 88000
1723217674721 14813.287 92000
1723217691871 14996.63 96000
1723217709608 15241.519 100000
1723217727037 15451.812 104000
1723217744501 15665.436 108000
1723217762381 15896.155 112000
1723217780438 16138.646 116000
1723217799507 16235.906 120000
1723217817254 16197.054 124000
1723217834865 16172.018 128000
1723217852441 16187.875 132000
1723217869831 16212.016 136000
1723217887121 16162.015 140000
1723217904126 16123.071 144000
1723217920747 16038.742 148000
1723217937780 15955.322 152000
1723217954830 15885.024 156000
1723217972224 15805.477 160000
1723217989529 15764.287 164000
1723218006866 15694.123 168000
1723218024183 15672.756 172000
1723218041496 15663.37 176000
1723218059790 15765.143 180000
1723218077259 15814.573 184000
1723218094138 15843.399 188000
1723218111922 15924.942 192000
1723218129498 15974.023 196000
1723218147124 15991.263 200000
1723218163944 15938.064 204000
1723218181053 15949.733 208000
1723218197875 15889.713 212000
1723218216422 15904.854 216000
1723218233471 15782.882 220000
1723218250362 15719.093 224000
1723218267450 15738.095 228000
1723218284753 15682.97 232000
1723218301846 15633.024 236000
1723218318801 15578.674 240000
1723218335832 15597.084 244000
1723218352744 15573.968 248000
1723218370054 15623.193 252000
1723218386442 15520.27 256000
1723218403139 15482.373 260000
1723218420239 15500.292 264000
1723218437863 15549.304 268000
1723218455371 15560.652 272000
1723218474243 15735.992 276000
1723218491363 15742.881 280000
1723218508542 15756.594 284000
1723218525551 15784.587 288000
1723218541926 15712.257 292000
1723218559240 15808.627 296000
1723218576452 15863.099 300000
1723218594908 16006.518 304000
1723218611807 15948.151 308000
1723218629061 15946.718 312000
1723218645627 15732.786 316000
1723218662961 15763.119 320000
1723218679942 15744.094 324000
1723218696867 15734.636 328000
1723218821419 26528.783 332000
1723218838788 26525.032 336000
1723218855706 26499.572 340000
1723218872706 26325.04 344000
1723218891809 26386.562 348000
1723218908404 26311.926 352000
1723218924964 26315.715 356000
1723218941328 26220.522 360000
1723218958325 26183.637 364000
1723218975131 26168.317 368000
1723218998639 16067.941 372000
1723219018653 16274.028 376000
1723219035816 16299.664 380000
1723219052661 16306.223 384000
1723219071109 16283.517 388000
1723219087995 16315.539 392000
1723219104638 16319.044 396000
1723219121635 16379.92 400000
1723219138476 16410.903 404000
1723219155846 16456.692 408000
1723219173063 15826.737 412000
1723219190730 15637.318 416000
1723219208205 15640.402 420000
1723219225441 15689.526 424000
1723219241827 15588.118 428000
1723219258130 15528.428 432000
1723219274780 15516.982 436000
1723219290837 15427.315 440000
1723219306983 15360.085 444000
1723219322739 15209.702 448000
1723219339875 15212.611 452000
1723219358098 15253.886 456000
1723219375617 15277.124 460000
1723219392138 15207.011 464000
1723219408678 15230.974 468000
1723219425176 15244.326 472000
1723219442523 15219.216 476000
1723219458896 15245.944 480000
1723219475655 15302.614 484000
1723219492423 15404.367 488000
1723219509036 15356.505 492000
1723219525664 15231.781 496000
1723219541923 15110.825 500000
1723219558322 15099.023 504000
1723219574724 15083.265 508000
1723219591073 15068.444 512000
1723219606481 14978.327 516000
1723219622829 14972.108 520000
1723219640203 15005.642 524000
1723219656989 14993.448 528000
1723219673932 15012.577 532000
1723219690177 14974.73 536000
1723219706379 14971.709 540000
1723219722651 14954.567 544000
1723219739162 14962.715 548000
1723219757174 15104.408 552000
1723219774045 15248.697 556000
1723219791136 15282.022 560000
1723219807881 15246.46 564000
1723219825283 15311.988 568000
1723219842194 15311.252 572000
1723219858668 15330.35 576000
1723219876115 15452.778 580000
1723219891570 15371.955 584000
1723219907206 15284.56 588000
1723219922995 15091.831 592000
1723219939725 15077.876 596000
1723219956189 15051.114 600000
1723219972220 14979.17 604000
1723219988178 14845.654 608000
1723220004892 14798.069 612000
1723220021114 14765.619 616000
1723220037488 14656.372 620000
1723220054721 14716.604 624000
1723220071749 14844.545 628000
1723220088519 14927.05 632000
1723220104837 14874.047 636000
1723220121183 14859.838 640000
1723220137503 14880.347 644000
1723220153489 14869.802 648000
1723220169575 14844.504 652000
1723220186458 14906.202 656000
1723220202843 14899.41 660000
1723220219269 14918.801 664000
1723220235577 14848.769 668000
1723220252307 14852.978 672000
1723220268659 14856.538 676000
1723220285364 14888.455 680000
1723220302153 14922.94 684000
1723220318690 14974.785 688000
1723220335493 14920.267 692000
1723220351616 14848.577 696000
1723220368012 14853.841 700000
1723220383890 14811.264 704000
1723220400005 14780.91 708000
1723220415978 14703.053 712000
1723220432873 14762.621 716000
1723220448571 14670.233 720000
1723220464982 14642.811 724000
1723220481649 14653.951 728000
1723220498755 14793.923 732000
1723220515534 14862.525 736000
1723220532004 14865.19 740000
1723220548687 14937.661 744000
1723220565177 14978.694 748000
1723220581649 15029.168 752000
1723220598490 14975.264 756000
1723220614679 15019.729 760000
1723220629382 14855.37 764000
1723220643154 14591.54 768000
1723220657041 14296.597 772000
1723220671562 14084.819 776000
1723220686009 13875.87 780000
1723220700235 13650.73 784000
1723220714234 13429.556 788000
1723220728658 13243.499 792000
1723220742870 13045.799 796000
1723220756642 12826.679 800000
1723220770428 12731.127 804000
1723220784530 12759.301 808000
1723220798561 12764.21 812000
1723220812436 12702.428 816000
1723220826151 12653.341 820000
1723220839874 12605.324 824000
1723220859484 13152.763 828000
1723220874335 13163.697 832000
1723220888571 13159.618 836000
1723220902278 13152.278 840000
1723220916514 13208.327 844000
1723220930607 13210.327 848000
1723220944130 13164.121 852000
1723220958299 13192.839 856000
1723220972331 13227.923 860000
1723220986693 13285.981 864000
1723221000948 12764.254 868000
1723221014970 12708.718 872000
1723221029207 12705.675 876000
1723221043410 12750.627 880000
1723221057342 12732.162 884000
1723221071201 12707.3 888000
1723221085079 12742.524 892000
1723221099223 12731.537 896000
1723221113320 12730.811 900000
1723221127146 12681.218 904000
1723221141234 12662.109 908000
1723221155958 12727.225 912000
1723221169865 12679.434 916000
1723221184305 12691.581 920000
1723221198390 12696.196 924000
1723221212320 12708.318 928000
1723221226441 12733.868 932000
1723221240267 12710.702 936000
1723221253927 12675.49 940000
1723221268460 12744.217 944000
1723221282611 12747.153 948000
1723221297261 12714.124 952000
1723221311325 12747.922 956000
1723221325970 12773.902 960000
1723221340134 12785.499 964000
1723221354024 12773.648 968000
1723221368452 12797.129 972000
1723221382744 12834.627 976000
1723221396696 12848.163 980000
1723221410785 12797.927 984000
1723221424995 12810.498 988000
1723221438923 12768.725 992000
1723221453582 12829.138 996000
1723221467758 12789.459 1000000
1723221481975 12800.17 1004000
1723221496431 12861.282 1008000
1723221510518 12829.598 1012000
1723221523993 12760.528 1016000
1723221538460 12819.209 1020000
1723221552735 12844.094 1024000
1723221567101 12852.805 1028000
1723221581230 12873.259 1032000
1723221594904 12781.642 1036000
1723221609113 12782.082 1040000
1723221623217 12762.999 1044000
1723221637124 12703.442 1048000
1723221651210 12706.174 1052000
1723221665144 12744.776 1056000
1723221678951 12682.004 1060000
1723221693504 12708.491 1064000
1723221707807 12704.704 1068000
1723221722156 12724.092 1072000
1723221736126 12745.37 1076000
1723221750435 12746.325 1080000
1723221763991 12695.899 1084000
1723221777818 12685.867 1088000
1723221791775 12672.207 1092000
1723221805711 12667.117 1096000
1723221820250 12742.745 1100000
1723221834485 12716.374 1104000
1723221848823 12719.231 1108000
1723221863380 12732.522 1112000
1723221876977 12696.965 1116000
1723221890133 12592.212 1120000
1723221903694 12593.255 1124000
1723221917585 12602.954 1128000
1723221930885 12534.359 1132000
1723221944540 12515.246 1136000
1723221958107 12416.895 1140000
1723221971594 12335.168 1144000
1723221986434 12348.896 1148000
1723221999769 12234.737 1152000
1723222013405 12231.9 1156000
1723222026845 12258.203 1160000
1723222040480 12260.977 1164000
1723222054892 12310.376 1168000
1723222068754 12372.433 1172000
1723222082670 12393.687 1176000
1723222096551 12405.502 1180000
1723222110776 12477.287 1184000
1723222123884 12337.135 1188000
1723222136875 12299.188 1192000
1723222149395 12190.433 1196000
1723222162163 12120.977 1200000
1723222175259 12058.68 1204000
1723222188759 11974.247 1208000
1723222202231 11927.645 1212000
1723222215232 11833.376 1216000
1723222228951 11829.668 1220000
1723222242120 11726.783 1224000
1723222255144 11716.51 1228000
1723222268307 11736.38 1232000
1723222281491 11804.794 1236000
1723222295246 11904.712 1240000
1723222308762 11948.1 1244000
1723222322444 11951.395 1248000
1723222335198 11881.568 1252000
1723222348623 11926.096 1256000
1723222361211 11819.263 1260000
1723222374086 11792.561 1264000
1723222386792 11759.824 1268000
1723222399924 11755.217 1272000
1723222413280 11766.358 1276000
1723222426943 11757.586 1280000
1723222440269 11745.111 1284000
1723222453838 11732.838 1288000
1723222467604 11824.767 1292000
1723222480602 11782.634 1296000
1723222493980 11854.634 1300000
1723222507063 11869.557 1304000
1723222520122 11907.009 1308000
1723222533908 11973.329 1312000
1723222547105 11961.266 1316000
1723222560639 11948.13 1320000
1723222574189 11969.972 1324000
1723222587813 11979.993 1328000
1723222600994 11930.761 1332000
1723222614047 11939.672 1336000
1723222627157 11919.104 1340000
1723222639772 11857.245 1344000
1723222653995 11946.522 1348000
1723222666968 11858.388 1352000
1723222680519 11891.691 1356000
1723222694061 11886.749 1360000
1723222707116 11834.842 1364000
1723222720606 11822.73 1368000
1723222733901 11834.316 1372000
1723222747153 11850.378 1376000
1723222760426 11868.878 1380000
1723222773937 11980.369 1384000
1723222787404 11936.393 1388000
1723222800578 11966.162 1392000
1723222813777 11935.655 1396000
1723222828044 12007.579 1400000
1723222841760 12070.753 1404000
1723222855077 12052.675 1408000
1723222868561 12065.481 1412000
1723222881974 12076.185 1416000
1723222895742 12120.523 1420000
1723222908809 12068.889 1424000
1723222922254 12064.749 1428000
1723222935915 12107.028 1432000
1723222949641 12153.686 1436000
1723222963220 12093.689 1440000
1723222976412 12041.268 1444000
1723222990342 12099.265 1448000
1723223003728 12093.337 1452000
1723223016996 12078.627 1456000
1723223030078 12006.717 1460000
1723223042757 11972.59 1464000
1723223056144 11965.403 1468000
1723223070054 11989.878 1472000
1723223083708 11982.998 1476000
1723223097222 11972.87 1480000
1723223110337 11965.932 1484000
1723223124754 12017.302 1488000
1723223138651 12067.072 1492000
1723223152219 12094.844 1496000
1723223166320 12195.472 1500000
1723223179595 12245.37 1504000
1723223193390 12284.261 1508000
1723223206751 12229.411 1512000
1723223219817 12169.03 1516000
1723223232973 12128.183 1520000
1723223246552 12171.76 1524000
1723223259801 12052.656 1528000
1723223273330 12013.49 1532000
1723223286802 12007.322 1536000
1723223300802 11994.391 1540000
1723223314057 12002.369 1544000
1723223327304 11943.411 1548000
1723223340630 11942.462 1552000
1723223354125 11947.459 1556000
1723223367594 11979.031 1560000
1723223380753 11940.276 1564000
1723223393678 11912.516 1568000
1723223407199 11903.308 1572000
1723223420627 11898.416 1576000
1723223434273 11868.389 1580000
1723223447393 11853.268 1584000
1723223460585 11846.266 1588000
1723223473911 11846.571 1592000
1723223487954 11936.46 1596000
1723223501099 11908.23 1600000
1723223514328 11917.924 1604000
1723223527852 11973.962 1608000
1723224061961 64029.176 1612000
1723224075806 64050.816 1616000
1723224088935 63998.585 1620000
1723224102232 64007.313 1624000
1723224274504 79913.612 1628000
1723224291323 80224.157 1632000
1723224305033 80194.569 1636000
1723224319938 80361.921 1640000
1723224332966 80342.717 1644000
1723224345790 80286.524 1648000
1723224359015 28219.961 1652000
1723224372675 28228.817 1656000
1723224386743 28330.886 1660000
1723224418171 30114.968 1664000
1723224438048 14824.871 1668000
1723224844362 53792.307 1672000
1723224857796 53774.684 1676000
1723224870204 53537.759 1680000
1723225074196 72629.337 1684000
1723225091687 72893.71 1688000
1723225104934 72890.235 1692000
1723225148434 75867.789 1696000
1723225161582 75771.663 1700000
1723225174354 73937.257 1704000
1723225187258 73308.305 1708000
1723225259183 39894.313 1712000
1723225271429 39782.122 1716000
1723225283877 39788.492 1720000
1723225296419 20662.92 1724000
1723226305996 120066.828 1728000
1723226318404 119990.512 1732000
1723226331184 116933.207 1736000
1723226344077 116914.518 1740000
1723226356720 116916.519 1744000
1723226369012 116861.692 1748000
1723226382076 110932.324 1752000
1723226394342 110921.271 1756000
1723226406836 110912.395 1760000
1723226419332 110895.669 1764000
1723226431754 11181.379 1768000
1723226444172 11188.564 1772000
1723226456575 11148.216 1776000
1723226468877 11096.248 1780000
1723226481644 11083.338 1784000
1723226493700 11058.969 1788000
1723226506030 11036.559 1792000
1723226518646 11082.508 1796000
1723226530787 11071.787 1800000
1723226543100 11059.924 1804000
1723226555648 11082.903 1808000
1723226568027 11079.608 1812000
1723226580396 11084.885 1816000
1723226592771 11092.196 1820000
1723226604775 11045.099 1824000
1723226617013 11058.314 1828000
1723226629632 11084.134 1832000
1723226642232 11082.165 1836000
1723226654369 11075.058 1840000
1723226666695 11075.349 1844000
1723226678917 11043.57 1848000
1723226691332 11043.22 1852000
1723226703670 11038.682 1856000
1723226715758 11007.865 1860000
1723226728425 11067.866 1864000
1723226740752 11083.684 1868000
1723226753204 11062.064 1872000
1723226765462 11034.348 1876000
1723226777490 11024.76 1880000
1723226789603 11000.26 1884000
1723226801813 11001.361 1888000
1723226814024 10986.467 1892000
1723226826172 10967.291 1896000
1723226838900 10991.587 1900000
1723226851065 10940.812 1904000
1723226863358 10927.139 1908000
1723226875588 10917.296 1912000
1723226887577 10890.436 1916000
1723226899743 10908.315 1920000
1723226911404 10875.295 1924000
1723226923188 10831.377 1928000
1723226935268 10810.361 1932000
1723226948506 10853.698 1936000
1723226965050 11066.58 1940000
1723226981349 11252.331 1944000
1723226999789 11569.929 1948000
1723227017742 11853.217 1952000
1723227035332 12133.665 1956000
1723227053239 12412.123 1960000
1723227071314 12767.351 1964000
1723227089349 13119.899 1968000
1723227106715 13387.357 1972000
1723227123594 13574.612 1976000
1723227139110 13458.529 1980000
1723227155025 13445.465 1984000
1723227170209 13227.558 1988000
1723227185183 13018.33 1992000
1723227203049 13124.562 1996000
1723227218880 12952.671 2000000
