1723217327505 1281.685 4000
1723217342743 1268.681 8000
1723217358090 1291.832 12000
1723217373403 1286.475 16000
1723217388826 1268.298 20000
1723217404228 1270.675 24000
1723217419597 1269.329 28000
1723217434805 1262.028 32000
1723217450170 1262.119 36000
1723217465737 1266.419 40000
1723217481251 1259.295 44000
1723217496605 1256.529 48000
1723217511947 1241.095 52000
1723217527225 1234.865 56000
1723217542526 1236.575 60000
1723217557812 1229.56 64000
1723217573108 1222.366 68000
1723217588724 1230.832 72000
1723217604132 1232.882 76000
1723217621320 1222.046 80000
1723217639443 1221.355 84000
1723217657333 1219.456 88000
1723217674721 1222.712 92000
1723217691870 1224.929 96000
1723217709608 1223.973 100000
1723217727037 1228.295 104000
1723217744501 1229.83 108000
1723217762381 1222.356 112000
1723217780437 1220.474 116000
1723217799507 1267.024 120000
1723217817253 1267.865 124000
1723217834864 1264.529 128000
1723217852441 1262.484 132000
1723217869830 1261.81 136000
1723217887121 1266.454 140000
1723217904126 1261.637 144000
1723217920745 1264.349 148000
1723217937780 1264.425 152000
1723217954829 1259.345 156000
1723217972222 1214.987 160000
1723217989529 1210.713 164000
1723218006866 1255.078 168000
1723218024182 1256.972 172000
1723218041496 1258.619 176000
1723218059790 1256.781 180000
1723218077259 1254.343 184000
1723218094138 1250.612 188000
1723218111921 1245.229 192000
1723218129498 1249.198 196000
1723218147124 1254.543 200000
1723218163943 1259.833 204000
1723218181053 1221.461 208000
1723218197874 1221.526 212000
1723218216421 1263.016 216000
1723218233470 1259.22 220000
1723218250362 1264.335 224000
1723218267450 1263.198 228000
1723218284753 1266.229 232000
1723218301846 1265.392 236000
1723218318801 1252.677 240000
1723218335831 1252.915 244000
1723218352743 1257.432 248000
1723218370054 1264.09 252000
1723218386442 1218.335 256000
1723218403139 1219.954 260000
1723218420239 1223.04 264000
1723218437863 1228.855 268000
1723218455371 1238.579 272000
1723218474242 1239.555 276000
1723218491362 1247.297 280000
1723218508542 1253.697 284000
1723218525550 1242.191 288000
1723218541925 1229.044 292000
1723218559239 1226.474 296000
1723218576452 1226.49 300000
1723218594908 1221.431 304000
1723218611807 1214.76 308000
1723218629061 1197.862 312000
1723218645626 1188.64 316000
1723218662960 1182.522 320000
1723218679942 1182.336 324000
1723218696867 1182.268 328000
1723218821418 1190.147 332000
1723218838788 1195.317 336000
1723218855705 1192.791 340000
1723218872706 1192.304 344000
1723218891808 1310.141 348000
1723218908403 1317.919 352000
1723218924964 1312.881 356000
1723218941328 1314.831 360000
1723218958325 1353.295 364000
1723218975130 1352.096 368000
1723218998639 1357.187 372000
1723219018652 1418.215 376000
1723219035815 1419.057 380000
1723219052661 1422.794 384000
1723219071108 1393.874 388000
1723219087995 1391.216 392000
1723219104638 1396.21 396000
1723219121635 1398.788 400000
1723219138476 1350.698 404000
1723219155845 1362.375 408000
1723219173062 1363.484 412000
1723219190729 1315.464 416000
1723219208205 1338.784 420000
1723219225441 1334.517 424000
1723219241827 1249.956 428000
1723219258130 1250.736 432000
1723219274779 1259.592 436000
1723219290836 1254.362 440000
1723219306983 1250.538 444000
1723219322739 1242.485 448000
1723219339875 1229.164 452000
1723219358097 1243.976 456000
1723219375617 1228.451 460000
1723219392138 1226.097 464000
1723219408678 1221.618 468000
1723219425176 1224.048 472000
1723219442522 1321.73 476000
1723219458896 1326.369 480000
1723219475655 1329.758 484000
1723219492422 1327.64 488000
1723219509036 1328.207 492000
1723219525664 1297.144 496000
1723219541923 1290.754 500000
1723219558321 1290.546 504000
1723219574724 1288.73 508000
1723219591072 1291.671 512000
1723219606481 1187.792 516000
1723219622829 1184.988 520000
1723219640202 1211.163 524000
1723219656988 1220.745 528000
1723219673931 1225.432 532000
1723219690176 1226.618 536000
1723219706379 1224.736 540000
1723219722650 1226.054 544000
1723219739162 1234.056 548000
1723219757174 1257.073 552000
1723219774044 1254.335 556000
1723219791135 1298.481 560000
1723219807880 1275.204 564000
1723219825283 1270.335 568000
1723219842194 1274.12 572000
1723219858668 1277.442 576000
1723219876115 1276.123 580000
1723219891569 1276.981 584000
1723219907206 1276.144 588000
1723219922995 1246.349 592000
1723219939725 1250.105 596000
1723219956189 1211.742 600000
1723219972219 1211.97 604000
1723219988178 1207.178 608000
1723220004891 1201.704 612000
1723220021113 1204.045 616000
1723220037488 1206.081 620000
1723220054721 1307.97 624000
1723220071748 1313.37 628000
1723220088519 1324.555 632000
1723220104837 1328.171 636000
1723220121183 1329.709 640000
1723220137502 1332.711 644000
1723220153488 1344.235 648000
1723220169575 1338.209 652000
1723220186458 1341.28 656000
1723220202843 1345.675 660000
1723220219268 1252.614 664000
1723220235576 1254.115 668000
1723220252306 1243.437 672000
1723220268658 1244.941 676000
1723220285364 1244.083 680000
1723220302153 1256.178 684000
1723220318689 1256.101 688000
1723220335492 1378.779 692000
1723220351616 1372.151 696000
1723220368012 1366.374 700000
1723220383890 1359.249 704000
1723220400005 1360.18 708000
1723220415977 1367.379 712000
1723220432873 1362.568 716000
1723220448571 1361.796 720000
1723220464981 1350.172 724000
1723220481649 1348.058 728000
1723220498755 1238.21 732000
1723220515533 1237.157 736000
1723220532004 1242.585 740000
1723220548687 1247.909 744000
1723220565177 1249.889 748000
1723220581649 1247.94 752000
1723220598490 1294.893 756000
1723220614678 1296.267 760000
1723220629382 1297.118 764000
1723220643154 1282.44 768000
1723220657040 1266.372 772000
1723220671561 1254.707 776000
1723220686009 1269.74 780000
1723220700235 1254.513 784000
1723220714234 1234.305 788000
1723220728658 1220.906 792000
1723220742870 1165.634 796000
1723220756641 1151.692 800000
1723220770427 1154.049 804000
1723220784529 1154.51 808000
1723220798560 1158.652 812000
1723220812435 1158.716 816000
1723220826150 1135.647 820000
1723220839874 1136.398 824000
1723220859484 1136.651 828000
1723220874335 1160.41 832000
1723220888570 1162.55 836000
1723220902277 1159.086 840000
1723220916514 1150.435 844000
1723220930607 1147.752 848000
1723220944129 1143.69 852000
1723220958299 1147.588 856000
1723220972331 1143.236 860000
1723220986693 1144.51 864000
1723221000948 1145.177 868000
1723221014970 1126.842 872000
1723221029206 1129.128 876000
1723221043410 1133.43 880000
1723221057342 1122.879 884000
1723221071201 1124.249 888000
1723221085078 1124.333 892000
1723221099223 1128.581 896000
1723221113320 1131.793 900000
1723221127145 1132.458 904000
1723221141233 1134.777 908000
1723221155957 1137.705 912000
1723221169865 1150.559 916000
1723221184304 1159.064 920000
1723221198390 1168.056 924000
1723221212319 1164.759 928000
1723221226441 1167.516 932000
1723221240267 1163.424 936000
1723221253927 1159.395 940000
1723221268460 1156.406 944000
1723221282610 1157.732 948000
1723221297261 1183.842 952000
1723221311325 1167.868 956000
1723221325970 1163.972 960000
1723221340134 1157.322 964000
1723221354024 1162.831 968000
1723221368452 1164.994 972000
1723221382743 1166.25 976000
1723221396695 1178.61 980000
1723221410785 1182.418 984000
1723221424994 1177.26 988000
1723221438923 1148.006 992000
1723221453582 1146.827 996000
1723221467758 1144.706 1000000
1723221481974 1138.527 1004000
1723221496431 1138.028 1008000
1723221510518 1136.665 1012000
1723221523993 1129.848 1016000
1723221538460 1121.04 1020000
1723221552734 1116.843 1024000
1723221567101 1118.801 1028000
1723221581230 1117.502 1032000
1723221594904 1114.296 1036000
1723221609112 1116.267 1040000
1723221623217 1127.176 1044000
1723221637123 1129.369 1048000
1723221651209 1128.295 1052000
1723221665143 1132.417 1056000
1723221678950 1128.905 1060000
1723221693503 1129.923 1064000
1723221707806 1131.619 1068000
1723221722156 1134.456 1072000
1723221736125 1142.549 1076000
1723221750434 1147.606 1080000
1723221763991 1142.159 1084000
1723221777818 1141.786 1088000
1723221791775 1143.286 1092000
1723221805710 1147.747 1096000
1723221820250 1145.224 1100000
1723221834484 1143.854 1104000
1723221848823 1144.363 1108000
1723221863379 1145.767 1112000
1723221876977 1141.117 1116000
1723221890132 1133.685 1120000
1723221903693 1134.057 1124000
1723221917584 1134.775 1128000
1723221930884 1136.659 1132000
1723221944540 1131.944 1136000
1723221958107 1137.256 1140000
1723221971593 1138.584 1144000
1723221986433 1169.789 1148000
1723221999769 1165.658 1152000
1723222013404 1167.761 1156000
1723222026845 1166.031 1160000
1723222040480 1165.747 1164000
1723222054891 1163.02 1168000
1723222068753 1157.732 1172000
1723222082670 1157.146 1176000
1723222096550 1171.594 1180000
1723222110776 1171.168 1184000
1723222123883 1140.163 1188000
1723222136875 1143.172 1192000
1723222149394 1145.436 1196000
1723222162162 1147.096 1200000
1723222175259 1154.575 1204000
1723222188758 1151.117 1208000
1723222202230 1153.691 1212000
1723222215232 1155.999 1216000
1723222228951 1143.422 1220000
1723222242120 1143.985 1224000
1723222255144 1142.972 1228000
1723222268307 1137.079 1232000
1723222281490 1136.51 1236000
1723222295246 1139.428 1240000
1723222308762 1138.39 1244000
1723222322443 1148.885 1248000
1723222335198 1146.132 1252000
1723222348622 1142.445 1256000
1723222361211 1135.526 1260000
1723222374086 1130.639 1264000
1723222386792 1131.477 1268000
1723222399924 1137.608 1272000
1723222413280 1137.641 1276000
1723222426943 1136.041 1280000
1723222440268 1133.971 1284000
1723222453837 1135.085 1288000
1723222467604 1145.232 1292000
1723222480602 1149.414 1296000
1723222493980 1160.603 1300000
1723222507063 1171.193 1304000
1723222520122 1173.151 1308000
1723222533908 1171.618 1312000
1723222547105 1172.679 1316000
1723222560638 1172.962 1320000
1723222574189 1172.683 1324000
1723222587812 1167.726 1328000
1723222600994 1160.619 1332000
1723222614047 1156.595 1336000
1723222627156 1148.996 1340000
1723222639772 1158.916 1344000
1723222653995 1178.99 1348000
1723222666968 1180.408 1352000
1723222680519 1177.46 1356000
1723222694061 1177.548 1360000
1723222707116 1174.513 1364000
1723222720606 1174.24 1368000
1723222733900 1173.006 1372000
1723222747153 1172.653 1376000
1723222760426 1168.657 1380000
1723222773936 1150.812 1384000
1723222787403 1125.406 1388000
1723222800577 1121.214 1392000
1723222813776 1120.892 1396000
1723222828044 1121.977 1400000
1723222841760 1125.901 1404000
1723222855076 1125.483 1408000
1723222868561 1128.694 1412000
1723222881974 1134.116 1416000
1723222895742 1141.701 1420000
1723222908809 1148.02 1424000
1723222922254 1150.485 1428000
1723222935914 1150.413 1432000
1723222949641 1151.825 1436000
1723222963220 1146.289 1440000
1723222976412 1147.637 1444000
1723222990342 1150.047 1448000
1723223003727 1146.028 1452000
1723223016995 1145.591 1456000
1723223030077 1144.034 1460000
1723223042756 1139.995 1464000
1723223056143 1141.68 1468000
1723223070054 1142.863 1472000
1723223083707 1144.809 1476000
1723223097221 1147.888 1480000
1723223110337 1148.558 1484000
1723223124754 1144.455 1488000
1723223138650 1144.731 1492000
1723223152218 1151.929 1496000
1723223166319 1151.805 1500000
1723223179594 1156.138 1504000
1723223193389 1154.988 1508000
1723223206751 1157.411 1512000
1723223219817 1155.117 1516000
1723223232972 1156.166 1520000
1723223246552 1153.987 1524000
1723223259801 1156.33 1528000
1723223273330 1158.896 1532000
1723223286801 1150.687 1536000
1723223300802 1152.181 1540000
1723223314057 1145.592 1544000
1723223327304 1146.283 1548000
1723223340630 1145.363 1552000
1723223354125 1183.664 1556000
1723223367593 1183.472 1560000
1723223380752 1181.072 1564000
1723223393677 1177.191 1568000
1723223407198 1177.427 1572000
1723223420626 1177.857 1576000
1723223434273 1176.4 1580000
1723223447393 1179.207 1584000
1723223460584 1185.1 1588000
1723223473911 1184.242 1592000
1723223487954 1148.077 1596000
1723223501099 1147.744 1600000
1723223514328 1149.766 1604000
1723223527851 1151.643 1608000
1723224061961 1154.591 1612000
1723224075805 1169.622 1616000
1723224088935 1164.562 1620000
1723224102231 1163.417 1624000
1723224274503 1153.415 1628000
1723224291323 1179.531 1632000
1723224305032 1175.996 1636000
1723224319937 1177.676 1640000
1723224332966 1168.337 1644000
1723224345789 1161.699 1648000
1723224359015 1152.581 1652000
1723224372674 1134.56 1656000
1723224386743 1132.76 1660000
1723224418171 1133.857 1664000
1723224438047 1181.481 1668000
1723224844361 1165.192 1672000
1723224857796 1155.527 1676000
1723224870204 1139.898 1680000
1723225074195 1137.213 1684000
1723225091686 1209.506 1688000
1723225104934 1208.712 1692000
1723225148434 1203.311 1696000
1723225161582 1201.619 1700000
1723225174354 1201.39 1704000
1723225187258 1140.748 1708000
1723225259183 1120.621 1712000
1723225271429 1116.702 1716000
1723225283876 1115.436 1720000
1723225296418 1110.708 1724000
1723226305995 1034.707 1728000
1723226318404 1027.73 1732000
1723226331184 1019.286 1736000
1723226344076 1014.149 1740000
1723226356720 1000.694 1744000
1723226369011 999.776 1748000
1723226382075 1043.135 1752000
1723226394341 1045.28 1756000
1723226406836 1062.859 1760000
1723226419332 1070.76 1764000
1723226431754 1074.847 1768000
1723226444172 1075.156 1772000
1723226456574 1077.073 1776000
1723226468876 1075.172 1780000
1723226481644 1103.662 1784000
1723226493699 1103.802 1788000
1723226506030 1053.631 1792000
1723226518646 1050.511 1796000
1723226530786 1031.027 1800000
1723226543099 1024.085 1804000
1723226555647 1017.814 1808000
1723226568027 1016.85 1812000
1723226580396 1013.922 1816000
1723226592771 1013.994 1820000
1723226604775 986.788 1824000
1723226617013 988.077 1828000
1723226629632 990.051 1832000
1723226642232 990.267 1836000
1723226654369 991.334 1840000
1723226666695 992.064 1844000
1723226678917 990.761 1848000
1723226691332 994.197 1852000
1723226703670 994.39 1856000
1723226715758 994.974 1860000
1723226728425 992.887 1864000
1723226740752 990.861 1868000
1723226753204 1000.666 1872000
1723226765461 998.526 1876000
1723226777490 996.819 1880000
1723226789602 1004.419 1884000
1723226801812 1002.576 1888000
1723226814024 996.772 1892000
1723226826171 997.876 1896000
1723226838899 1033.304 1900000
1723226851065 1041.496 1904000
1723226863358 1051.837 1908000
1723226875587 1039.566 1912000
1723226887576 1039.282 1916000
1723226899743 1039.447 1920000
1723226911404 1027.604 1924000
1723226923188 1028.634 1928000
1723226935268 1036.377 1932000
1723226948505 1093.377 1936000
1723226965049 1259.696 1940000
1723226981349 1478.202 1944000
1723226999788 1764.354 1948000
1723227017742 2038.533 1952000
1723227035332 2308.308 1956000
1723227053238 2591.082 1960000
1723227071313 2862.776 1964000
1723227089348 3125.71 1968000
1723227106715 3366.845 1972000
1723227123593 3540.684 1976000
1723227139109 3548.214 1980000
1723227155025 3519.544 1984000
1723227170208 3418.817 1988000
1723227185182 3342.548 1992000
1723227203048 3258.298 1996000
1723227218880 3223.742 2000000
