1723217327505 15274.593 4000
1723217342742 15135.141 8000
1723217358089 15132.102 12000
1723217373403 15121.542 16000
1723217388825 15137.246 20000
1723217404227 15142.798 24000
1723217419596 15145.752 28000
1723217434804 15127.427 32000
1723217450169 15126.124 36000
1723217465736 15149.626 40000
1723217481250 15150.468 44000
1723217496605 15164.991 48000
1723217511946 15163.184 52000
1723217527225 15160.216 56000
1723217542525 15149.564 60000
1723217557812 15138.854 64000
1723217573108 15127.773 68000
1723217588723 15169.107 72000
1723217604131 15174.388 76000
1723217621320 15334.924 80000
1723217639442 15597.789 84000
1723217657332 15849.483 88000
1723217674720 16055.254 92000
1723217691869 16240.924 96000
1723217709607 16483.892 100000
1723217727037 16698.248 104000
1723217744501 16914.866 108000
1723217762380 17137.341 112000
1723217780437 17379.13 116000
1723217799507 17523.439 120000
1723217817253 17485.384 124000
1723217834861 17457.838 128000
1723217852440 17471.792 132000
1723217869830 17495.178 136000
1723217887120 17449.692 140000
1723217904126 17407.297 144000
1723217920745 17323.946 148000
1723217937780 17240.693 152000
1723217954829 17164.734 156000
1723217972222 17040.87 160000
1723217989529 16995.582 164000
1723218006866 16969.144 168000
1723218024182 16948.49 172000
1723218041495 16940.755 176000
1723218059790 17040.85 180000
1723218077258 17086.435 184000
1723218094137 17111.629 188000
1723218111921 17187.509 192000
1723218129498 17240.39 196000
1723218147124 17262.542 200000
1723218163943 17214.498 204000
1723218181052 17188.388 208000
1723218197874 17133.294 212000
1723218216421 17191.034 216000
1723218233470 17064.968 220000
1723218250361 17006.234 224000
1723218267449 17025.203 228000
1723218284753 16972.742 232000
1723218301846 16922.031 236000
1723218318800 16854.942 240000
1723218335830 16873.639 244000
1723218352743 16855.73 248000
1723218370053 16907.942 252000
1723218386441 16758.499 256000
1723218403138 16722.104 260000
1723218420239 16743.806 264000
1723218437862 16799.244 268000
1723218455370 16820.655 272000
1723218474242 16998.798 276000
1723218491362 17013.321 280000
1723218508542 17033.504 284000
1723218525550 17048.087 288000
1723218541925 16961.469 292000
1723218559239 17058.266 296000
1723218576451 17112.754 300000
1723218594908 17250.783 304000
1723218611807 17183.849 308000
1723218629060 17165.692 312000
1723218645626 16940.274 316000
1723218662960 16964.787 320000
1723218679942 16945.037 324000
1723218696867 16935.579 328000
1723218821418 27737.714 332000
1723218838788 27739.334 336000
1723218855705 27711.624 340000
1723218872705 27536.568 344000
1723218891808 27716.22 348000
1723218908403 27648.939 352000
1723218924963 27647.726 356000
1723218941328 27554.028 360000
1723218958325 27555.646 364000
1723218975130 27539.463 368000
1723218998638 17445.015 372000
1723219018652 17708.969 376000
1723219035815 17735.222 380000
1723219052660 17745.87 384000
1723219071108 17694.351 388000
1723219087995 17723.986 392000
1723219104638 17732.512 396000
1723219121635 17795.954 400000
1723219138476 17779.119 404000
1723219155845 17837.866 408000
1723219173062 17208.679 412000
1723219190729 16971.533 416000
1723219208204 16998.495 420000
1723219225440 17042.49 424000
1723219241827 16856.667 428000
1723219258129 16797.565 432000
1723219274779 16795.674 436000
1723219290836 16700.672 440000
1723219306983 16629.676 444000
1723219322738 16469.795 448000
1723219339874 16459.328 452000
1723219358097 16514.781 456000
1723219375617 16522.154 460000
1723219392137 16449.791 464000
1723219408677 16469.167 468000
1723219425176 16485.23 472000
1723219442522 16556.865 476000
1723219458895 16588.386 480000
1723219475654 16648.507 484000
1723219492422 16748.139 488000
1723219509036 16700.702 492000
1723219525663 16544.726 496000
1723219541922 16417.121 500000
1723219558321 16405.042 504000
1723219574724 16387.026 508000
1723219591072 16374.628 512000
1723219606480 16180.683 516000
1723219622828 16172.306 520000
1723219640202 16232.797 524000
1723219656988 16230.305 528000
1723219673931 16253.936 532000
1723219690176 16217.565 536000
1723219706378 16212.903 540000
1723219722650 16197.582 544000
1723219739162 16213.882 548000
1723219757174 16378.973 552000
1723219774044 16521.671 556000
1723219791135 16599.548 560000
1723219807880 16539.466 564000
1723219825282 16600.061 568000
1723219842194 16603.712 572000
1723219858667 16625.985 576000
1723219876114 16747.447 580000
1723219891569 16667.163 584000
1723219907205 16578.817 588000
1723219922994 16356.299 592000
1723219939725 16345.116 596000
1723219956188 16278.934 600000
1723219972219 16207.467 604000
1723219988177 16069.004 608000
1723220004891 16016.214 612000
1723220021113 15986.948 616000
1723220037487 15879.207 620000
1723220054720 16041.189 624000
1723220071748 16174.874 628000
1723220088519 16269.43 632000
1723220104837 16220.907 636000
1723220121183 16208.209 640000
1723220137502 16231.734 644000
1723220153488 16232.691 648000
1723220169574 16201.514 652000
1723220186458 16266.438 656000
1723220202843 16264.304 660000
1723220219268 16191.939 664000
1723220235576 16123.457 668000
1723220252306 16116.187 672000
1723220268658 16120.63 676000
1723220285363 16151.789 680000
1723220302152 16198.684 684000
1723220318689 16250.797 688000
1723220335492 16320.88 692000
1723220351615 16241.643 696000
1723220368011 16241.327 700000
1723220383889 16191.509 704000
1723220400005 16161.973 708000
1723220415977 16091.186 712000
1723220432872 16145.726 716000
1723220448571 16052.419 720000
1723220464981 16013.482 724000
1723220481648 16023.183 728000
1723220498754 16050.119 732000
1723220515533 16117.629 736000
1723220532003 16126.657 740000
1723220548687 16203.619 744000
1723220565176 16246.359 748000
1723220581648 16295.219 752000
1723220598489 16288.486 756000
1723220614678 16334.98 760000
1723220629382 16170.675 764000
1723220643154 15891.169 768000
1723220657040 15579.957 772000
1723220671561 15356.963 776000
1723220686008 15161.699 780000
1723220700234 14920.924 784000
1723220714233 14679.294 788000
1723220728658 14479.528 792000
1723220742869 14225.954 796000
1723220756641 13991.894 800000
1723220770427 13898.779 804000
1723220784529 13927.251 808000
1723220798560 13936.186 812000
1723220812435 13873.587 816000
1723220826150 13801.341 820000
1723220839873 13754.103 824000
1723220859483 14302.152 828000
1723220874334 14337.107 832000
1723220888570 14335.318 836000
1723220902277 14324.707 840000
1723220916514 14371.99 844000
1723220930606 14371.514 848000
1723220944129 14321.309 852000
1723220958298 14354.224 856000
1723220972331 14385.2 860000
1723220986693 14444.433 864000
1723221000947 13923.281 868000
1723221014970 13848.879 872000
1723221029206 13848.149 876000
1723221043410 13897.323 880000
1723221057341 13868.293 884000
1723221071200 13844.558 888000
1723221085078 13880.046 892000
1723221099223 13873.421 896000
1723221113319 13875.57 900000
1723221127145 13826.515 904000
1723221141233 13809.723 908000
1723221155957 13877.73 912000
1723221169864 13842.708 916000
1723221184304 13863.735 920000
1723221198390 13877.47 924000
1723221212319 13886.511 928000
1723221226440 13914.547 932000
1723221240266 13887.056 936000
1723221253927 13847.925 940000
1723221268460 13913.747 944000
1723221282610 13917.801 948000
1723221297260 13910.797 952000
1723221311324 13928.654 956000
1723221325969 13950.71 960000
1723221340134 13955.649 964000
1723221354024 13948.904 968000
1723221368451 13975.034 972000
1723221382743 14014.357 976000
1723221396695 14040.217 980000
1723221410784 13993.787 984000
1723221424994 14001.306 988000
1723221438923 13930.434 992000
1723221453581 13989.802 996000
1723221467757 13947.841 1000000
1723221481974 13952.337 1004000
1723221496431 14013.25 1008000
1723221510518 13979.969 1012000
1723221523993 13903.309 1016000
1723221538459 13953.085 1020000
1723221552734 13973.752 1024000
1723221567101 13984.467 1028000
1723221581229 14003.649 1032000
1723221594903 13908.9 1036000
1723221609112 13911.304 1040000
1723221623216 13903.042 1044000
1723221637123 13845.481 1048000
1723221651209 13847.3 1052000
1723221665143 13890.288 1056000
1723221678950 13824.475 1060000
1723221693503 13851.905 1064000
1723221707806 13849.983 1068000
1723221722155 13872.312 1072000
1723221736125 13901.336 1076000
1723221750434 13907.28 1080000
1723221763990 13851.547 1084000
1723221777818 13841.147 1088000
1723221791774 13828.952 1092000
1723221805710 13828.232 1096000
1723221820250 13901.077 1100000
1723221834484 13873.205 1104000
1723221848823 13876.332 1108000
1723221863379 13891.444 1112000
1723221876977 13851.799 1116000
1723221890132 13739.897 1120000
1723221903693 13741.864 1124000
1723221917584 13752.604 1128000
1723221930884 13685.993 1132000
1723221944539 13662.572 1136000
1723221958107 13569.547 1140000
1723221971593 13489.58 1144000
1723221986433 13534.561 1148000
1723221999768 13415.954 1152000
1723222013404 13415.092 1156000
1723222026844 13439.408 1160000
1723222040480 13441.481 1164000
1723222054891 13488.397 1168000
1723222068753 13545.063 1172000
1723222082670 13565.727 1176000
1723222096550 13591.773 1180000
1723222110775 13664.855 1184000
1723222123883 13493.755 1188000
1723222136874 13458.55 1192000
1723222149394 13352.255 1196000
1723222162162 13284.411 1200000
1723222175258 13229.857 1204000
1723222188758 13141.719 1208000
1723222202230 13097.676 1212000
1723222215231 13005.726 1216000
1723222228950 12989.725 1220000
1723222242120 12885.739 1224000
1723222255144 12874.733 1228000
1723222268307 12888.922 1232000
1723222281490 12956.415 1236000
1723222295245 13059.641 1240000
1723222308761 13101.788 1244000
1723222322443 13115.807 1248000
1723222335197 13043.264 1252000
1723222348622 13083.767 1256000
1723222361210 12969.872 1260000
1723222374085 12938.184 1264000
1723222386791 12906.244 1268000
1723222399924 12907.899 1272000
1723222413279 12919.536 1276000
1723222426942 12908.989 1280000
1723222440268 12894.547 1284000
1723222453837 12883.107 1288000
1723222467603 12984.786 1292000
1723222480602 12946.99 1296000
1723222493980 13030.29 1300000
1723222507062 13056.098 1304000
1723222520121 13095.483 1308000
1723222533907 13160.363 1312000
1723222547105 13149.294 1316000
1723222560638 13136.785 1320000
1723222574188 13158.175 1324000
1723222587812 13163.498 1328000
1723222600993 13107.477 1332000
1723222614047 13112.215 1336000
1723222627156 13083.854 1340000
1723222639772 13031.527 1344000
1723222653995 13140.785 1348000
1723222666967 13053.717 1352000
1723222680518 13083.764 1356000
1723222694060 13078.811 1360000
1723222707115 13023.747 1364000
1723222720605 13011.186 1368000
1723222733900 13021.519 1372000
1723222747152 13037.153 1376000
1723222760425 13051.637 1380000
1723222773936 13145.594 1384000
1723222787403 13076.484 1388000
1723222800577 13102.061 1392000
1723222813776 13071.338 1396000
1723222828044 13144.292 1400000
1723222841760 13211.449 1404000
1723222855076 13192.984 1408000
1723222868560 13209.416 1412000
1723222881973 13225.84 1416000
1723222895741 13277.829 1420000
1723222908808 13232.427 1424000
1723222922254 13230.496 1428000
1723222935914 13273.04 1432000
1723222949640 13321.022 1436000
1723222963220 13255.458 1440000
1723222976411 13204.663 1444000
1723222990341 13264.958 1448000
1723223003727 13254.63 1452000
1723223016995 13239.689 1456000
1723223030077 13166.216 1460000
1723223042756 13128.251 1464000
1723223056143 13122.526 1468000
1723223070053 13148.173 1472000
1723223083707 13143.692 1476000
1723223097221 13136.549 1480000
1723223110336 13130.313 1484000
1723223124753 13177.602 1488000
1723223138650 13227.924 1492000
1723223152218 13262.798 1496000
1723223166319 13363.486 1500000
1723223179594 13417.591 1504000
1723223193389 13455.698 1508000
1723223206751 13403.171 1512000
1723223219816 13340.172 1516000
1723223232972 13300.389 1520000
1723223246551 13341.446 1524000
1723223259800 13224.866 1528000
1723223273329 13187.923 1532000
1723223286801 13173.147 1536000
1723223300801 13161.96 1540000
1723223314056 13163.269 1544000
1723223327303 13104.868 1548000
1723223340630 13102.776 1552000
1723223354125 13145.677 1556000
1723223367593 13176.823 1560000
1723223380752 13136.025 1564000
1723223393677 13104.304 1568000
1723223407198 13095.615 1572000
1723223420626 13091.204 1576000
1723223434272 13059.578 1580000
1723223447393 13047.34 1584000
1723223460584 13046.24 1588000
1723223473911 13046.045 1592000
1723223487954 13100.313 1596000
1723223501098 13072.196 1600000
1723223514327 13083.805 1604000
1723223527851 13141.6 1608000
1723224061960 65201.315 1612000
1723224075805 65240.015 1616000
1723224088934 65182.465 1620000
1723224102231 65190.293 1624000
1723224274502 81087.288 1628000
1723224291322 81424.955 1632000
1723224305032 81391.532 1636000
1723224319937 81560.525 1640000
1723224332965 81531.682 1644000
1723224345789 81468.727 1648000
1723224359014 29391.267 1652000
1723224372674 29380.084 1656000
1723224386742 29480.586 1660000
1723224418170 31289.712 1664000
1723224438047 16046.932 1668000
1723224844361 54997.285 1672000
1723224857795 54970.028 1676000
1723224870203 54716.922 1680000
1723225074195 73806.619 1684000
1723225091686 74144.433 1688000
1723225104933 74140.14 1692000
1723225148433 77114.646 1696000
1723225161582 77016.534 1700000
1723225174353 75157.362 1704000
1723225187258 74467.111 1708000
1723225259182 41035.616 1712000
1723225271428 40919.365 1716000
1723225283876 40924.69 1720000
1723225296418 21793.584 1724000
1723226305995 121122.63 1728000
1723226318403 121038.986 1732000
1723226331183 117970.801 1736000
1723226344076 117947.044 1740000
1723226356719 117935.717 1744000
1723226369011 117879.916 1748000
1723226382075 111990.846 1752000
1723226394341 111981.934 1756000
1723226406835 111990.597 1760000
1723226419332 111981.784 1764000
1723226431754 12269.27 1768000
1723226444172 12276.994 1772000
1723226456574 12238.533 1776000
1723226468876 12184.564 1780000
1723226481644 12200.045 1784000
1723226493699 12175.874 1788000
1723226506030 12103.094 1792000
1723226518646 12145.951 1796000
1723226530786 12115.528 1800000
1723226543099 12096.722 1804000
1723226555647 12113.474 1808000
1723226568026 12109.252 1812000
1723226580395 12111.651 1816000
1723226592771 12119.002 1820000
1723226604774 12044.575 1824000
1723226617012 12059.053 1828000
1723226629631 12087.03 1832000
1723226642231 12085.175 1836000
1723226654368 12079.266 1840000
1723226666694 12080.299 1844000
1723226678916 12047.141 1848000
1723226691331 12050.236 1852000
1723226703670 12045.941 1856000
1723226715757 12015.766 1860000
1723226728425 12073.638 1864000
1723226740752 12087.436 1868000
1723226753203 12075.433 1872000
1723226765461 12045.772 1876000
1723226777490 12034.385 1880000
1723226789602 12017.415 1884000
1723226801812 12016.642 1888000
1723226814023 11995.791 1892000
1723226826171 11977.688 1896000
1723226838899 12037.338 1900000
1723226851065 11994.991 1904000
1723226863357 11991.767 1908000
1723226875587 11969.727 1912000
1723226887576 11942.506 1916000
1723226899742 11960.665 1920000
1723226911404 11915.645 1924000
1723226923187 11872.721 1928000
1723226935268 11859.524 1932000
1723226948505 11959.76 1936000
1723226965049 12339.241 1940000
1723226981348 12743.735 1944000
1723226999788 13347.492 1948000
1723227017741 13905.159 1952000
1723227035331 14455.475 1956000
1723227053238 15016.822 1960000
1723227071313 15644.031 1964000
1723227089348 16259.756 1968000
1723227106714 16768.452 1972000
1723227123593 17129.568 1976000
1723227139108 17020.819 1980000
1723227155024 16978.949 1984000
1723227170208 16660.175 1988000
1723227185182 16374.446 1992000
1723227203047 16397.301 1996000
1723227218879 16190.695 2000000
