1723173953634 2.0 4000
1723173968265 2.0 8000
1723173984109 2.0 12000
1723173999084 2.0 16000
1723174014660 2.0 20000
1723174030097 2.0 24000
1723174046336 2.0 28000
1723174061224 2.0 32000
1723174078173 2.0 36000
1723174093331 2.0 40000
1723174108165 2.0 44000
1723174124678 2.0 48000
1723174139248 2.0 52000
1723174153141 2.0 56000
1723174167311 2.0 60000
1723174181421 2.0 64000
1723174195999 2.0 68000
1723174209803 2.0 72000
1723174224067 2.0 76000
1723174238079 2.0 80000
1723174252308 2.0 84000
1723174266656 2.0 88000
1723174280790 2.0 92000
1723174294680 2.0 96000
1723174308617 2.0 100000
1723174322341 2.0 104000
1723174335983 2.0 108000
1723174350336 2.0 112000
1723174364332 2.0 116000
1723174378740 2.0 120000
1723174394123 2.0 124000
1723174408345 2.0 128000
1723174422241 2.0 132000
1723174436594 2.0 136000
1723174450668 2.0 140000
1723174464532 2.0 144000
1723174478445 2.0 148000
1723174492152 2.0 152000
1723174505753 2.0 156000
1723174519162 2.0 160000
1723174532558 2.0 164000
1723174546881 2.0 168000
1723174560434 2.0 172000
1723174574352 2.0 176000
1723174588860 2.0 180000
1723174602435 2.0 184000
1723174616141 2.0 188000
1723174630064 2.0 192000
1723174643600 2.0 196000
1723174657294 2.0 200000
1723174671293 2.0 204000
1723174684866 2.0 208000
1723174698593 2.0 212000
1723174711799 2.0 216000
1723174725157 2.0 220000
1723174739052 2.0 224000
1723174752364 2.0 228000
1723174765880 2.0 232000
1723174779160 2.0 236000
1723174792758 2.0 240000
1723174806490 2.0 244000
1723174820223 2.0 248000
1723174833664 2.0 252000
1723174846811 2.0 256000
1723174860312 2.0 260000
1723174874152 2.0 264000
1723174887741 2.0 268000
1723174901068 2.0 272000
1723174914704 2.0 276000
1723174927729 2.0 280000
1723174941107 2.0 284000
1723174954268 2.0 288000
1723174967757 2.0 292000
1723174981012 2.0 296000
1723174994304 2.0 300000
1723175007683 2.0 304000
1723175021046 2.0 308000
1723175034407 2.0 312000
1723175047495 2.0 316000
1723175060471 2.0 320000
1723175073956 2.0 324000
1723175087336 2.0 328000
1723175100611 2.0 332000
1723175113764 2.0 336000
1723175127381 2.0 340000
1723175140613 2.0 344000
1723175153970 2.0 348000
1723175167564 2.0 352000
1723175181357 2.0 356000
1723175194546 2.0 360000
1723175208624 2.0 364000
1723175221308 2.0 368000
1723175234254 2.0 372000
1723175248040 2.0 376000
1723175261302 2.0 380000
1723175275217 2.0 384000
1723175288847 2.0 388000
1723175302410 2.0 392000
1723175315713 2.0 396000
1723175329274 2.0 400000
1723175342525 2.0 404000
1723175355783 2.0 408000
1723175369038 2.0 412000
1723175382109 2.0 416000
1723175395864 2.0 420000
1723175409488 2.0 424000
1723175423007 2.0 428000
1723175436321 2.0 432000
1723175449751 2.0 436000
1723175462899 2.0 440000
1723175476068 2.0 444000
1723175490500 2.0 448000
1723175503494 2.0 452000
1723175517134 2.0 456000
1723175530035 2.0 460000
1723175543148 2.0 464000
1723175555103 2.0 468000
1723175567949 2.0 472000
1723175581183 2.0 476000
1723175594551 2.0 480000
1723175608034 2.0 484000
1723175621283 2.0 488000
1723175634939 2.0 492000
1723175648848 2.0 496000
1723175662506 2.0 500000
1723175675883 2.0 504000
1723175689654 2.0 508000
1723175703500 2.0 512000
1723175717491 2.0 516000
1723175731087 2.0 520000
1723175744913 2.0 524000
1723175758901 2.0 528000
1723175773242 2.0 532000
1723175786701 2.0 536000
1723175800476 2.0 540000
1723175813539 2.0 544000
1723175826546 2.0 548000
1723175839812 2.0 552000
1723175853364 2.0 556000
1723175867620 2.0 560000
1723175881433 2.0 564000
1723175894855 2.0 568000
1723175910158 2.0 572000
1723175924121 2.0 576000
1723175937026 2.0 580000
1723175950570 2.0 584000
1723175963573 2.0 588000
1723175976866 2.0 592000
1723175990775 2.0 596000
1723176005504 2.0 600000
1723176019119 2.0 604000
1723176032566 2.0 608000
1723176045674 2.0 612000
1723176058107 2.0 616000
1723176071839 2.0 620000
1723176085580 2.0 624000
1723176099265 2.0 628000
1723176113451 2.0 632000
1723176126587 2.0 636000
1723176140603 2.0 640000
1723176153273 2.0 644000
1723176166515 2.0 648000
1723176180347 2.0 652000
1723176194051 2.0 656000
1723176207550 2.0 660000
1723176220821 2.0 664000
1723176234815 2.0 668000
1723176247864 2.0 672000
1723176261563 2.0 676000
1723176274865 2.0 680000
1723176289193 2.0 684000
1723176302260 2.0 688000
1723176314526 2.0 692000
1723176327952 2.0 696000
1723176341346 2.0 700000
1723176354767 2.0 704000
1723176368493 2.0 708000
1723176382054 2.0 712000
1723176395407 2.0 716000
1723176409358 2.0 720000
1723176423268 2.0 724000
1723176436543 2.0 728000
1723176448930 2.0 732000
1723176462234 2.0 736000
1723176475884 2.0 740000
1723176489197 2.0 744000
1723176503000 2.0 748000
1723176516426 2.0 752000
1723176529978 2.0 756000
1723176543292 2.0 760000
1723176556947 2.0 764000
1723176569965 2.0 768000
1723176583688 2.0 772000
1723176597524 2.0 776000
1723176610789 2.0 780000
1723176624222 2.0 784000
1723176637358 2.0 788000
1723176650683 2.0 792000
1723176663772 2.0 796000
1723176677082 2.0 800000
1723176691009 2.0 804000
1723176704859 2.0 808000
1723176718275 2.0 812000
1723176731542 2.0 816000
1723176744772 2.0 820000
1723176758032 2.0 824000
1723176771642 2.0 828000
1723176785250 2.0 832000
1723176798715 2.0 836000
1723176812017 2.0 840000
1723176825585 2.0 844000
1723176839391 2.0 848000
1723176852806 2.0 852000
1723176866162 2.0 856000
1723176879499 2.0 860000
1723176893296 2.0 864000
1723176907387 2.0 868000
1723176921180 2.0 872000
1723176934711 2.0 876000
1723176948267 2.0 880000
1723176961767 2.0 884000
1723176975535 2.0 888000
1723176989043 2.0 892000
1723177002453 2.0 896000
1723177015789 2.0 900000
1723177029228 2.0 904000
1723177042191 2.0 908000
1723177056312 2.0 912000
1723177069965 2.0 916000
1723177083471 2.0 920000
1723177097251 2.0 924000
1723177110642 2.0 928000
1723177124250 2.0 932000
1723177137976 2.0 936000
1723177151209 2.0 940000
1723177164409 2.0 944000
1723177177907 2.0 948000
1723177192482 2.0 952000
1723177205844 2.0 956000
1723177219460 2.0 960000
1723177232850 2.0 964000
1723177246434 2.0 968000
1723177260070 2.0 972000
1723177274340 2.0 976000
1723177287978 2.0 980000
1723177301966 2.0 984000
1723177315730 2.0 988000
1723177329332 2.0 992000
1723177342458 2.0 996000
1723177355625 2.0 1000000
1723177369181 2.0 1004000
1723177382878 2.0 1008000
1723177396571 2.0 1012000
1723177410308 2.0 1016000
1723177423751 2.0 1020000
1723177437329 2.0 1024000
1723177451094 2.0 1028000
1723177464791 2.0 1032000
1723177478924 2.0 1036000
1723177492966 2.0 1040000
1723177506875 2.0 1044000
1723177520545 2.0 1048000
1723177534424 2.0 1052000
1723177548265 2.0 1056000
1723177561814 2.0 1060000
1723177575966 2.0 1064000
1723177589606 2.0 1068000
1723177602426 2.0 1072000
1723177615595 2.0 1076000
1723177628941 2.0 1080000
1723177641983 2.0 1084000
1723177655413 2.0 1088000
1723177668861 2.0 1092000
1723177682565 2.0 1096000
1723177696069 2.0 1100000
1723177709614 2.0 1104000
1723177723110 2.0 1108000
1723177737055 2.0 1112000
1723177750225 2.0 1116000
1723177763795 2.0 1120000
1723177777168 2.0 1124000
1723177790722 2.0 1128000
1723177803890 2.0 1132000
1723177817043 2.0 1136000
1723177830549 2.0 1140000
1723177844260 2.0 1144000
1723177858377 2.0 1148000
1723177871955 2.0 1152000
1723177885620 2.0 1156000
1723177899136 2.0 1160000
1723177912736 2.0 1164000
1723177925725 2.0 1168000
1723177939338 2.0 1172000
1723177952327 2.0 1176000
1723177965677 2.0 1180000
1723177979145 2.0 1184000
1723177993073 2.0 1188000
1723178006559 2.0 1192000
1723178019781 2.0 1196000
1723178033052 2.0 1200000
1723178045165 2.0 1204000
1723178058679 2.0 1208000
1723178071617 2.0 1212000
1723178084953 2.0 1216000
1723178097819 2.0 1220000
1723178111145 2.0 1224000
1723178124349 2.0 1228000
1723178137682 2.0 1232000
1723178151428 2.0 1236000
1723178165191 2.0 1240000
1723178178627 2.0 1244000
1723178191693 2.0 1248000
1723178205067 2.0 1252000
1723178218971 2.0 1256000
1723178232299 2.0 1260000
1723178245728 2.0 1264000
1723178259230 2.0 1268000
1723178273052 2.0 1272000
1723178286358 2.0 1276000
1723178299555 2.0 1280000
1723178312907 2.0 1284000
1723178326943 2.0 1288000
1723178340890 2.0 1292000
1723178354507 2.0 1296000
1723178367839 2.0 1300000
1723178381135 2.0 1304000
1723178394730 2.0 1308000
1723178407710 2.0 1312000
1723178420913 2.0 1316000
1723178434412 2.0 1320000
1723178447742 2.0 1324000
1723178461236 2.0 1328000
1723178474772 2.0 1332000
1723178488248 2.0 1336000
1723178501696 2.0 1340000
1723178515723 2.0 1344000
1723178529933 2.0 1348000
1723178543428 2.0 1352000
1723178556963 2.0 1356000
1723178570392 2.0 1360000
1723178583535 2.0 1364000
1723178597113 2.0 1368000
1723178610328 2.0 1372000
1723178623484 2.0 1376000
1723178636616 2.0 1380000
1723178649935 2.0 1384000
1723178662649 2.0 1388000
1723178675148 2.0 1392000
1723178688505 2.0 1396000
1723178701612 2.0 1400000
1723178714949 2.0 1404000
1723178728587 2.0 1408000
1723178742375 2.0 1412000
1723178755606 2.0 1416000
1723178769346 2.0 1420000
1723178782870 2.0 1424000
1723178796311 2.0 1428000
1723178809880 2.0 1432000
1723178823237 2.0 1436000
1723178836128 2.0 1440000
1723178847535 2.0 1444000
1723178859333 2.0 1448000
1723178871067 2.0 1452000
1723178883042 2.0 1456000
1723178895046 2.0 1460000
1723178907090 2.0 1464000
1723178918389 2.0 1468000
1723178929958 2.0 1472000
1723178942214 2.0 1476000
1723178953890 2.0 1480000
1723178965799 2.0 1484000
1723178977731 2.0 1488000
1723178989868 2.0 1492000
1723179001746 2.0 1496000
1723179013760 2.0 1500000
1723179025381 2.0 1504000
1723179037301 2.0 1508000
1723179049020 2.0 1512000
1723179060663 2.0 1516000
1723179072635 2.0 1520000
1723179084944 2.0 1524000
1723179096604 2.0 1528000
1723179108118 2.0 1532000
1723179119718 2.0 1536000
1723179131479 2.0 1540000
1723179143264 2.0 1544000
1723179154809 2.0 1548000
1723179166529 2.0 1552000
1723179177983 2.0 1556000
1723179189819 2.0 1560000
1723179201101 2.0 1564000
1723179212739 2.0 1568000
1723179224419 2.0 1572000
1723179236330 2.0 1576000
1723179247947 2.0 1580000
1723179259140 2.0 1584000
1723179270742 2.0 1588000
1723179282436 2.0 1592000
1723179293795 2.0 1596000
1723179305079 2.0 1600000
1723179316188 2.0 1604000
1723179328000 2.0 1608000
1723179339558 2.0 1612000
1723179350953 2.0 1616000
1723179362346 2.0 1620000
1723179373633 2.0 1624000
1723179384984 2.0 1628000
1723179396234 2.0 1632000
1723179407424 2.0 1636000
1723179418910 2.0 1640000
1723179430589 2.0 1644000
1723179441938 2.0 1648000
1723179453286 2.0 1652000
1723179464688 2.0 1656000
1723179475994 2.0 1660000
1723179487812 2.0 1664000
1723179499226 2.0 1668000
1723179510767 2.0 1672000
1723179522303 2.0 1676000
1723179533943 2.0 1680000
1723179544963 2.0 1684000
1723179556225 2.0 1688000
1723179567711 2.0 1692000
1723179579102 2.0 1696000
1723179590481 2.0 1700000
1723179601852 2.0 1704000
1723179613147 2.0 1708000
1723179624293 2.0 1712000
1723179635714 2.0 1716000
1723179646972 2.0 1720000
1723179658475 2.0 1724000
1723179669899 2.0 1728000
1723179681193 2.0 1732000
1723179692545 2.0 1736000
1723179703990 2.0 1740000
1723179715242 2.0 1744000
1723179726695 2.0 1748000
1723179738175 2.0 1752000
1723179749551 2.0 1756000
1723179760748 2.0 1760000
1723179772192 2.0 1764000
1723179784197 2.0 1768000
1723179795990 2.0 1772000
1723179807461 2.0 1776000
1723179818890 2.0 1780000
1723179830415 2.0 1784000
1723179842594 2.0 1788000
1723179853851 2.0 1792000
1723179865374 2.0 1796000
1723179876409 2.0 1800000
1723179888028 2.0 1804000
1723179899480 2.0 1808000
1723179911031 2.0 1812000
1723179922405 2.0 1816000
1723179933840 2.0 1820000
1723179945161 2.0 1824000
1723179956398 2.0 1828000
1723179967975 2.0 1832000
1723179979272 2.0 1836000
1723179990764 2.0 1840000
1723180002148 2.0 1844000
1723180013326 2.0 1848000
1723180024917 2.0 1852000
1723180036558 2.0 1856000
1723180048231 2.0 1860000
1723180059766 2.0 1864000
1723180071109 2.0 1868000
1723180082515 2.0 1872000
1723180093892 2.0 1876000
1723180105064 2.0 1880000
1723180116385 2.0 1884000
1723180127862 2.0 1888000
1723180139391 2.0 1892000
1723180150891 2.0 1896000
1723180162037 2.0 1900000
1723180173282 2.0 1904000
1723180184567 2.0 1908000
1723180196162 2.0 1912000
1723180207622 2.0 1916000
1723180219018 2.0 1920000
1723180230504 2.0 1924000
1723180241768 2.0 1928000
1723180253495 2.0 1932000
1723180264976 2.0 1936000
1723180276101 2.0 1940000
1723180287558 2.0 1944000
1723180298790 2.0 1948000
1723180310146 2.0 1952000
1723180321916 2.0 1956000
1723180333052 2.0 1960000
1723180344531 2.0 1964000
1723180356178 2.0 1968000
1723180367662 2.0 1972000
1723180379167 2.0 1976000
1723180390552 2.0 1980000
1723180401954 2.0 1984000
1723180413624 2.0 1988000
1723180425383 2.0 1992000
1723180436835 2.0 1996000
1723180448682 2.0 2000000
