1723171812058 0.005822244033314823 4000
1723171825446 0.005463317588523582 8000
1723171838168 0.006364893030237268 12000
1723171851749 0.004275566265906816 16000
1723171869927 0.004626763094762328 20000
1723171886422 0.00792100459714479 24000
1723171904867 0.006368204399391457 28000
1723171922408 0.006573067771063911 32000
1723171940916 0.004477485729630586 36000
1723171958905 0.00456586296175733 40000
1723171977214 0.005166817315017121 44000
1723171994401 0.004964183878015589 48000
1723172010957 0.004537318162857348 52000
1723172029666 0.005541760244487244 56000
1723172044746 0.00836841854048364 60000
1723172058670 0.005453372303443619 64000
1723172072307 0.006922035460259504 68000
1723172086235 0.004727163432556906 72000
1723172099987 0.006078349219428169 76000
1723172113420 0.004082108721321012 80000
1723172126006 0.004242759904051139 84000
1723172139054 0.004147673830573941 88000
1723172151542 0.004096384401674624 92000
1723172163987 0.004336716216287495 96000
1723172176732 0.004217212582811897 100000
1723172189608 0.004358307208890229 104000
1723172201816 0.004165334466062946 108000
1723172214568 0.004299481709798177 112000
1723172227425 0.004285206029444565 116000
1723172240102 0.004347798171316742 120000
1723172252910 0.004411875447140464 124000
1723172265489 0.004314714007907444 128000
1723172278133 0.004154590912807135 132000
1723172290526 0.00409700308635736 136000
1723172303014 0.00426982655937289 140000
1723172315599 0.004871208456498158 144000
1723172328109 0.004211914392165196 148000
1723172340442 0.006378987792191232 152000
1723172353014 0.00420109725292818 156000
1723172365075 0.004230384473447446 160000
1723172376928 0.0043692468087884444 164000
1723172389983 0.004407478745575923 168000
1723172402590 0.004845563276314441 172000
1723172414586 0.004594782252370575 176000
1723172426777 0.004046640278380594 180000
1723172439178 0.004252187566819534 184000
1723172451835 0.004137960481054989 188000
1723172465527 0.0048457840342580535 192000
1723172478533 0.004274756820113571 196000
1723172494395 0.004651517043879003 200000
1723172507755 0.00431981741213331 204000
1723172524632 0.004580506572016963 208000
1723172546691 0.005819473737551842 212000
1723172563819 0.004218905060379593 216000
1723172581175 0.004415982847760437 220000
1723172598085 0.005290704437449009 224000
1723172613446 0.005687754831196349 228000
1723172628778 0.005257718357039086 232000
1723172644006 0.004341571953645937 236000
1723172659938 0.006175335542655286 240000
1723172675797 0.004427040679545342 244000
1723172692125 0.007672442330254449 248000
1723172707081 0.006286050104031897 252000
1723172721812 0.005276262024302541 256000
1723172738295 0.00416364198849525 260000
1723172756118 0.004565413994125173 264000
1723172770999 0.0045509854699396024 268000
1723172785985 0.005363093482123481 272000
1723172800901 0.00523439160099736 276000
1723172815765 0.00631235263965748 280000
1723172830432 0.004445259867150799 284000
1723172844885 0.004218610716454777 288000
1723172859266 0.004460708594616549 292000
1723172874469 0.004207867163198965 296000
1723172889287 0.004414202254495503 300000
1723172903659 0.004497618457071142 304000
1723172919791 0.004479105089917595 308000
1723172934692 0.004458133085274402 312000
1723172948525 0.004030524948496877 316000
1723172963180 0.004142940424050495 320000
1723172977728 0.004254111760779273 324000
1723172992116 0.005156464046902127 328000
1723173006937 0.00427070959114734 332000
1723173022377 0.004195483626833387 336000
1723173036757 0.0048088438716935526 340000
1723173051295 0.00444409213488615 344000
1723173065675 0.004455189646026234 348000
1723173080181 0.004738075717998918 352000
1723173094717 0.004370197837735399 356000
1723173109395 0.004748650539068528 360000
1723173125496 0.004515542259699181 364000
1723173140483 0.004985605835155317 368000
1723173155635 0.004364973233069902 372000
1723173171518 0.00810667320534035 376000
1723173186390 0.004317215931268386 380000
1723173201446 0.004440974565892437 384000
1723173216082 0.004955647904195904 388000
1723173230959 0.00561358016214253 392000
1723173245621 0.004250767790241006 396000
1723173259811 0.004171442102502893 400000
1723173274613 0.004294417262856477 404000
1723173289051 0.004474763517026548 408000
1723173302863 0.005170077453424901 412000
1723173317057 0.004457250053499952 416000
1723173331047 0.00518211133920463 420000
1723173344714 0.004460841794557209 424000
1723173359343 0.004363722271389431 428000
1723173374463 0.0059457472812982255 432000
1723173388031 0.004748326198310609 436000
1723173401055 0.00424907531267331 440000
1723173417293 0.004402217985708503 444000
1723173434361 0.005389437263394579 448000
1723173452288 0.0053620642157876566 452000
1723173472630 0.004729150254049419 456000
1723173492624 0.005467879919358242 460000
1723173511555 0.004920552048502089 464000
1723173529360 0.004532914252797509 468000
1723173544112 0.006944309046239029 472000
1723173568085 0.004431421374097282 476000
1723173585306 0.004918707741631402 480000
1723173600873 0.004156196818632238 484000
1723173616366 0.005207459131876628 488000
1723173631751 0.005801739516081633 492000
1723173646201 0.006451871660020616 496000
1723173661983 0.007599739380824713 500000
1723173679539 0.006931981230093763 504000
1723173698973 0.005067057079739041 508000
1723173715853 0.0048501256071491 512000
1723173729840 0.0048181157053252795 516000
1723173741837 0.003996396520335204 520000
1723173753996 0.004211558571344689 524000
1723173766876 0.004464093549751941 528000
1723173779499 0.004383516900333358 532000
1723173796108 0.004430333520196806 536000
1723173814626 0.005188621120688356 540000
1723173834476 0.005748453019540521 544000
1723173855041 0.005919403500027127 548000
1723173868915 0.005066015158489251 552000
1723173887156 0.005702545613418391 556000
1723173903171 0.006252821580863294 560000
1723173916601 0.005111664156370525 564000
1723173942224 0.00429024362260369 568000
1723173958478 0.005240204893512491 572000
1723173972752 0.005526454360396774 576000
1723173988074 0.004739231533474392 580000
1723174003720 0.004909085292442173 584000
1723174019223 0.005483553733354733 588000
1723174034014 0.005426156668015468 592000
1723174049957 0.005439254972669814 596000
1723174064433 0.004813847718415437 600000
1723174079886 0.004502760818581176 604000
1723174093356 0.004744824068045911 608000
1723174108907 0.009613714100402078 612000
1723174123211 0.005082215791867103 616000
1723174137212 0.005814072432791351 620000
1723174150890 0.0046029121060914635 624000
1723174164501 0.0042823361761776015 628000
1723174178007 0.004345105018144772 632000
1723174191315 0.004241648752977893 636000
1723174205189 0.004841000945479782 640000
1723174218569 0.004244227952594998 644000
1723174231979 0.004343706884501893 648000
1723174245398 0.004508768676952192 652000
1723174258677 0.004295949582700376 656000
1723174272720 0.004567849783249843 660000
1723174286002 0.004305266126801696 664000
1723174299374 0.004841567604405106 668000
1723174312965 0.005109810534818673 672000
1723174326423 0.004095795713824991 676000
1723174340052 0.004334287878907757 680000
1723174353416 0.004711727690852545 684000
1723174366623 0.004769990473617742 688000
1723174379037 0.005128354202082128 692000
1723174392488 0.004725912470876435 696000
1723174405864 0.00413200001657745 700000
1723174419178 0.004482191372541041 704000
1723174432551 0.00450309411979016 708000
1723174445853 0.004528039767418379 712000
1723174459123 0.004398749198442624 716000
1723174471934 0.00406496084419785 720000
1723174485491 0.004522408111185967 724000
1723174499172 0.004382707454540112 728000
1723174512500 0.0043518749284155575 732000
1723174525735 0.0047300271927171456 736000
1723174539760 0.00612971223430869 740000
1723174553209 0.004664327524885346 744000
1723174567138 0.006063411265243719 748000
1723174580367 0.004487888068909858 752000
1723174594415 0.005391792014793113 756000
1723174607452 0.004872495745435173 760000
1723174621227 0.00441172454930559 764000
1723174634872 0.004285763783060062 768000
1723174648377 0.005751185946994358 772000
1723174662024 0.004946964758413809 776000
1723174675960 0.004326708522843726 780000
1723174689561 0.00496315800286586 784000
1723174702891 0.005011058148042655 788000
1723174716259 0.004498752546899113 792000
1723174730040 0.0043619562078405305 796000
1723174743999 0.005290537704656153 800000
1723174757135 0.004348567887848499 804000
1723174770160 0.004755420449339313 808000
1723174783228 0.004804502298802506 812000
1723174796631 0.005363829341935523 816000
1723174809863 0.00464217677997176 820000
1723174823389 0.004480383064173445 824000
1723174836706 0.006166725982854396 828000
1723174850455 0.004496029865594558 832000
1723174864154 0.005405268092064341 836000
1723174877641 0.005220631022512177 840000
1723174890692 0.004862682728827754 844000
1723174904385 0.0042144163155261385 848000
1723174917560 0.004862751930382601 852000
1723174930501 0.004169823210916401 856000
1723174943679 0.0044689502245114174 860000
1723174957214 0.004563678669024117 864000
1723174971310 0.00518211133920463 868000
1723174984837 0.005861344160857024 872000
1723174998278 0.005759648334832839 876000
1723175011769 0.006573656458913544 880000
1723175025637 0.005219652761820875 884000
1723175038996 0.005180158732849874 888000
1723175052005 0.004408609719923985 892000
1723175065355 0.004739525877399209 896000
1723175078896 0.005059551309656214 900000
1723175091987 0.0049407186071857125 904000
1723175105074 0.006890149764072748 908000
1723175118351 0.004389918880698122 912000
1723175131959 0.004310740364922417 916000
1723175145238 0.005311343320615732 920000
1723175158682 0.004941602296467069 924000
1723175172565 0.005255657949565369 928000
1723175186577 0.004804355126840097 932000
1723175200689 0.004085993311207765 936000
1723175214893 0.004294845792982314 940000
1723175228628 0.005309793013560621 944000
1723175242199 0.00444245927127791 948000
1723175255894 0.004682267547413042 952000
1723175269360 0.004917677537894544 956000
1723175283342 0.006605445602793752 960000
1723175296956 0.0044604645499700234 964000
1723175310739 0.004850451354008571 968000
1723175324607 0.005835221137529538 972000
1723175338159 0.004641215006510417 976000
1723175351511 0.00423641852390619 980000
1723175365045 0.004726297715130974 984000
1723175378274 0.004552102383272147 988000
1723175392471 0.0043149347658510565 992000
1723175406008 0.004279392736929434 996000
1723175419151 0.004528334111343195 1000000
1723175432307 0.004138899784462124 1004000
1723175445727 0.0062284646210847075 1008000
1723175459160 0.004339806827498071 1012000
1723175472619 0.004534368161801939 1016000
1723175487639 0.004554630085161537 1020000
1723175501181 0.006244680549525008 1024000
1723175514730 0.004385871651731891 1028000
1723175528065 0.004947259102338626 1032000
1723175541334 0.004587355692675159 1036000
1723175555327 0.005078610078788098 1040000
1723175569987 0.010112342955190924 1044000
1723175583673 0.005238953931832019 1048000
1723175597288 0.004356833779887789 1052000
1723175611047 0.004396983134893723 1056000
1723175624531 0.004357982564855505 1060000
1723175637992 0.0066056281705445885 1064000
1723175652542 0.004418716309176889 1068000
1723175666221 0.0060553168073112585 1072000
1723175679502 0.004431936475965712 1076000
1723175693225 0.004108378916610906 1080000
1723175706866 0.004596647873423458 1084000
1723175720288 0.005058006004050926 1088000
1723175733618 0.004478810745992779 1092000
1723175747153 0.0045819047056598425 1096000
1723175760989 0.004728487980218582 1100000
1723175773085 0.004323245653139999 1104000
1723175786926 0.013991712052145121 1108000
1723175800063 0.006632010142008464 1112000
1723175813589 0.007716078817108531 1116000
1723175827595 0.007572675206858641 1120000
1723175841366 0.004743775234946721 1124000
1723175853672 0.006694926155938042 1128000
1723175868012 0.0045268623917191116 1132000
1723175881517 0.011501798204555633 1136000
1723175895173 0.006305729901349103 1140000
1723175908438 0.004823298393925534 1144000
1723175922374 0.004943947733184437 1148000
1723175936465 0.005119621374045208 1152000
1723175950247 0.008907877368691527 1156000
1723175963869 0.006414342809606482 1160000
1723175977101 0.012669910358477242 1164000
1723175990446 0.008392865490761531 1168000
1723176003968 0.006610743793440454 1172000
1723176017081 0.004654975584995599 1176000
1723176030460 0.005969589139208382 1180000
1723176044355 0.0042622385461346 1184000
1723176058797 0.004952115777098102 1188000
1723176072166 0.007782894888041932 1192000
1723176085235 0.004398086924611786 1196000
1723176099090 0.007626524677983037 1200000
1723176112961 0.00599365608364928 1204000
1723176126658 0.004608690002818166 1208000
1723176139969 0.006742683457739559 1212000
1723176154441 0.004985229468639986 1216000
1723176168403 0.0055278942083856865 1220000
1723176182136 0.007436396200445634 1224000
1723176195839 0.004248633796786085 1228000
1723176209014 0.004778967963324653 1232000
1723176222173 0.0048183331823652715 1236000
1723176236044 0.0051879588468575185 1240000
1723176249542 0.004460917243474647 1244000
1723176262350 0.004893467750078366 1248000
1723176274790 0.0071495201936952624 1252000
1723176287974 0.008216757833221813 1256000
1723176301086 0.005488557580076618 1260000
1723176314494 0.004167647301396237 1264000
1723176327879 0.0069881700406408615 1268000
1723176341146 0.004722012413872613 1272000
1723176355073 0.005103629312397521 1276000
1723176368904 0.00477874720538104 1280000
1723176383308 0.0064972179387909135 1284000
1723176395524 0.004545553230944975 1288000
1723176408676 0.007341894102685246 1292000
1723176422072 0.004786915249294705 1296000
1723176435178 0.004582640565471884 1300000
1723176448913 0.004615814857233584 1304000
1723176462137 0.016865465376112197 1308000
1723176475884 0.0046803627485110435 1312000
1723176490075 0.017052373768370828 1316000
1723176502734 0.005407545976578051 1320000
1723176516117 0.008203032650525056 1324000
1723176530437 0.008084450239016687 1328000
1723176544853 0.004872274987491561 1332000
1723176558157 0.005012864519836037 1336000
1723176572120 0.004182112069777501 1340000
1723176585645 0.0046412401561495625 1344000
1723176599566 0.004697066766244394 1348000
1723176613501 0.004863966802123246 1352000
1723176627226 0.00535411599241657 1356000
1723176640652 0.004648205674724814 1360000
1723176654138 0.004126904885980148 1364000
1723176667857 0.0043744494201271395 1368000
1723176681427 0.004590367093498324 1372000
1723176694992 0.004217433340755509 1376000
1723176708601 0.0042510621341658224 1380000
1723176722039 0.004535796595554726 1384000
1723176735504 0.004719952006398896 1388000
1723176748871 0.00440412097507053 1392000
1723176762363 0.0050310735349301935 1396000
1723176776151 0.005358310393345209 1400000
1723176789961 0.004465907227759268 1404000
1723176803598 0.006184680962268217 1408000
1723176816710 0.004895013055683654 1412000
1723176830359 0.004149807824028863 1416000
1723176844070 0.004425777751169387 1420000
1723176857365 0.005115964744664445 1424000
1723176871045 0.004184025305288809 1428000
1723176884693 0.005113121903972861 1432000
1723176898677 0.004364123010331658 1436000
1723176912455 0.006257604669641565 1440000
1723176926089 0.004892107806628263 1444000
1723176939461 0.004997444741519881 1448000
1723176953009 0.004404973072610843 1452000
1723176966124 0.0051039972423035426 1456000
1723176979507 0.005274054444866416 1460000
1723176992937 0.004283235042910033 1464000
1723177006353 0.004735797833485209 1468000
1723177019761 0.004471599319834768 1472000
1723177033196 0.004040311883997034 1476000
1723177046718 0.0044224438843903716 1480000
1723177060379 0.004930589713302313 1484000
1723177074239 0.006186888541704343 1488000
1723177088063 0.005342342235423901 1492000
1723177101803 0.005225340525309245 1496000
1723177115451 0.004164230676344883 1500000
1723177129287 0.004958716872470831 1504000
1723177143073 0.005810864177750953 1508000
1723177156373 0.004463578447883512 1512000
1723177169531 0.004446653672206549 1516000
1723177183872 0.006314675519420843 1520000
1723177197298 0.004990417746048939 1524000
1723177210605 0.005931618772907022 1528000
1723177223639 0.004515824494538484 1532000
1723177236886 0.006117562579501207 1536000
1723177250892 0.0043821187666904775 1540000
1723177264504 0.00450264049481742 1544000
1723177278873 0.00610035142780822 1548000
1723177292853 0.004936403529659198 1552000
1723177306768 0.0050230526629789374 1556000
1723177320533 0.006231408060332875 1560000
1723177334353 0.0042229513578777075 1564000
1723177347900 0.004842630617178169 1568000
1723177361759 0.004200361393116138 1572000
1723177375697 0.004562110076715917 1576000
1723177389902 0.004670134297123662 1580000
1723177403488 0.004605140561371847 1584000
1723177416860 0.006089019186702775 1588000
1723177430891 0.00457851975052445 1592000
1723177444915 0.004293815589245455 1596000
1723177458677 0.004398969956386237 1600000
1723177472329 0.004225384955312691 1604000
1723177486224 0.004449376353511104 1608000
1723177499965 0.0045449645430953416 1612000
1723177513649 0.004405592694694613 1616000
1723177527890 0.004181512601815971 1620000
1723177541621 0.004429832289490519 1624000
1723177555317 0.006084309683905708 1628000
1723177569650 0.005354263164378979 1632000
1723177583725 0.005357508446760239 1636000
1723177597057 0.004608616416836962 1640000
1723177610753 0.004835596567467798 1644000
1723177624339 0.004469538912361051 1648000
1723177637699 0.004253797470384343 1652000
1723177651428 0.004881473235142084 1656000
1723177664759 0.004386313167619117 1660000
1723177678217 0.004490115974522844 1664000
1723177691860 0.0042991273722071555 1668000
1723177705545 0.004649309464442877 1672000
1723177718889 0.0041303811249909575 1676000
1723177732941 0.004294992964944721 1680000
1723177746496 0.004652356789782156 1684000
1723177759710 0.004306472378012575 1688000
1723177773553 0.004537090843106493 1692000
1723177787158 0.004057531003598814 1696000
1723177800800 0.004194106584713783 1700000
1723177813922 0.005071069680008234 1704000
1723177827211 0.004139873716566298 1708000
1723177840336 0.004631575242972669 1712000
1723177854646 0.004303013836895978 1716000
1723177868245 0.004527447329964607 1720000
1723177882031 0.004345329501960851 1724000
1723177895324 0.004689781754105179 1728000
1723177908925 0.0052959830672652634 1732000
1723177921958 0.004230563048344509 1736000
1723177934796 0.004295066550925926 1740000
1723177948555 0.004309038572673556 1744000
1723177962172 0.005196126890771183 1748000
1723177975838 0.004372778971483753 1752000
1723177990074 0.004361661863915714 1756000
1723178003922 0.005180894592661916 1760000
1723178017751 0.004158291635634024 1764000
1723178031632 0.0044184125912417275 1768000
1723178045702 0.004988835181718991 1772000
1723178059028 0.008606542775660385 1776000
1723178073330 0.009308332278404706 1780000
1723178087119 0.004310467663933249 1784000
1723178100801 0.004461518040409795 1788000
1723178114345 0.004233180740733205 1792000
1723178127604 0.004261805687421634 1796000
1723178141375 0.00426261513321488 1800000
1723178155409 0.004255927466099558 1804000
1723178170174 0.004262909477139696 1808000
1723178183784 0.004498826132880317 1812000
1723178197233 0.00421147287627797 1816000
1723178210978 0.004661311009886918 1820000
1723178224814 0.004671344274207007 1824000
1723178238207 0.00443752901053723 1828000
1723178251513 0.00423502039026331 1832000
1723178265452 0.004393811438493668 1836000
1723178279514 0.005140863818886839 1840000
1723178293262 0.0046462197847004175 1844000
1723178306856 0.0042787304630985965 1848000
1723178320145 0.004641645273585228 1852000
1723178334223 0.004275566265906816 1856000
1723178347756 0.004501769572128484 1860000
1723178361237 0.005052285858347446 1864000
1723178374302 0.005436702898353528 1868000
1723178387715 0.004565715789794922 1872000
1723178401185 0.004875292012720932 1876000
1723178414737 0.004463504861902307 1880000
1723178427866 0.0048010177861631306 1884000
1723178441376 0.004922313454710407 1888000
1723178454791 0.0045849953168704185 1892000
1723178468800 0.004549526873930001 1896000
1723178482309 0.004570204534648377 1900000
1723178496003 0.003990160873512816 1904000
1723178510358 0.004512292367440683 1908000
1723178524193 0.004723263375553084 1912000
1723178537829 0.004351506998509537 1916000
1723178551659 0.004489938164972196 1920000
1723178565093 0.004869699478149414 1924000
1723178578944 0.004814804336171092 1928000
1723178592916 0.004445991398375712 1932000
1723178606198 0.0047708013255125395 1936000
1723178619737 0.005182071968361184 1940000
1723178634029 0.004218877116336098 1944000
1723178647879 0.004349961692904249 1948000
1723178661810 0.006040266365002675 1952000
1723178676726 0.005520788239844051 1956000
1723178690489 0.004501033712316443 1960000
1723178704280 0.004374905477596234 1964000
1723178717861 0.0045373940923411375 1968000
1723178731527 0.004221848499627761 1972000
1723178744655 0.004488965611398956 1976000
1723178758582 0.004463578447883512 1980000
1723178772317 0.004158066768272251 1984000
1723178786146 0.005253303198166835 1988000
1723178799546 0.004642318796228479 1992000
1723178813173 0.004367401570449641 1996000
1723178827014 0.004498752546899113 2000000
