1723231574299 550.193 4000
1723231581494 596.034 8000
1723231588654 611.114 12000
1723231596063 616.524 16000
1723231603420 617.259 20000
1723231610525 621.41 24000
1723231617943 619.524 28000
1723231625203 620.371 32000
1723231632583 619.675 36000
1723231640301 620.04 40000
1723231647601 628.178 44000
1723231654887 626.364 48000
1723231662241 623.836 52000
1723231669550 622.645 56000
1723231678773 605.961 60000
1723231687427 593.946 64000
1723231695436 589.79 68000
1723231704067 580.54 72000
1723231712921 570.036 76000
1723231721580 560.811 80000
1723231729949 552.623 84000
1723231738041 548.548 88000
1723231745826 545.568 92000
1723231755098 533.221 96000
1723231764821 534.675 100000
1723231772493 540.422 104000
1723231780116 542.372 108000
1723231788037 545.566 112000
1723231796871 544.464 116000
1723231804800 548.905 120000
1723231812543 553.577 124000
1723231820114 555.152 128000
1723231827862 555.083 132000
1723231835497 565.769 136000
1723231843171 575.74 140000
1723231850768 575.994 144000
1723231858569 575.071 148000
1723231866313 576.338 152000
1723231873962 585.974 156000
1723231881516 589.4 160000
1723231889412 588.035 164000
1723231897599 582.724 168000
1723231905367 582.776 172000
1723231912898 583.65 176000
1723231920553 583.732 180000
1723231928422 581.515 184000
1723231936362 581.625 188000
1723231944007 583.188 192000
1723231951776 582.761 196000
1723231959155 583.532 200000
1723231966797 585.96 204000
1723231974158 592.944 208000
1723231981708 594.672 212000
1723231989086 596.219 216000
1723231997029 593.796 220000
1723232004716 595.402 224000
1723232012263 597.474 228000
1723232019705 599.219 232000
1723232027163 602.15 236000
1723232034743 600.587 240000
1723232042318 601.386 244000
1723232049971 599.134 248000
1723232057742 598.512 252000
1723232065921 594.751 256000
1723232073663 597.838 260000
1723232080922 601.456 264000
1723232088482 601.539 268000
1723232095963 600.738 272000
1723232103475 599.593 276000
1723232111066 599.536 280000
1723232118633 599.747 284000
1723232126178 600.753 288000
1723232133780 601.116 292000
1723232141092 605.683 296000
1723232148521 607.132 300000
1723232155957 605.767 304000
1723232163393 606.527 308000
1723232171330 602.513 312000
1723232178732 603.462 316000
1723232186188 604.576 320000
1723232193449 606.964 324000
1723232200970 606.964 328000
1723232208528 607.305 332000
1723232215985 606.207 336000
1723232223606 604.748 340000
1723232230997 605.244 344000
1723232238898 601.092 348000
1723232246547 603.646 352000
1723232253807 605.46 356000
1723232260945 608.067 360000
1723232268799 603.161 364000
1723232276452 602.144 368000
1723232283897 603.186 372000
1723232291269 603.875 376000
1723232298892 603.394 380000
1723232306391 603.275 384000
1723232313881 607.54 388000
1723232321210 611.085 392000
1723232328601 609.499 396000
1723232335818 608.975 400000
1723232343342 612.136 404000
1723232350658 615.085 408000
1723232358141 615.42 412000
1723232365419 616.023 416000
1723232372657 620.147 420000
1723232379862 622.275 424000
1723232387277 622.647 428000
1723232394640 621.449 432000
1723232402021 621.851 436000
1723232409173 622.42 440000
1723232416476 623.998 444000
1723232423793 624.531 448000
1723232431160 625.004 452000
1723232438416 626.32 456000
1723232445578 626.669 460000
1723232453241 621.872 464000
1723232460478 623.548 468000
1723232467649 625.575 472000
1723232475035 625.948 476000
1723232482368 624.359 480000
1723232489618 624.833 484000
1723232496943 623.985 488000
1723232504522 621.664 492000
1723232511931 619.282 496000
1723232519453 616.826 500000
1723232526776 620.141 504000
1723232534221 617.935 508000
1723232541725 614.878 512000
1723232549429 613.114 516000
1723232556819 612.432 520000
1723232564258 610.813 524000
1723232571687 610.259 528000
1723232579027 612.605 532000
1723232586537 613.257 536000
1723232594090 612.202 540000
1723232602239 605.656 544000
1723232609939 603.932 548000
1723232617367 605.266 552000
1723232625002 604.583 556000
1723232632498 603.508 560000
1723232639998 603.184 564000
1723232647464 602.966 568000
1723232654960 601.677 572000
1723232662516 600.231 576000
1723232669909 601.684 580000
1723232677335 607.551 584000
1723232684841 608.984 588000
1723232692258 609.151 592000
1723232700375 606.093 596000
1723232708210 607.826 600000
1723232716444 602.424 604000
1723232723797 603.255 608000
1723232731286 603.732 612000
1723232738600 605.858 616000
1723232746149 605.442 620000
1723232753587 605.202 624000
1723232761239 604.783 628000
1723232768663 604.37 632000
1723232776208 607.899 636000
1723232784147 602.926 640000
1723232791833 608.238 644000
1723232799183 608.561 648000
1723232806742 608.494 652000
1723232814652 605.259 656000
1723232822450 603.678 660000
1723232829625 606.241 664000
1723232837274 605.687 668000
1723232844718 605.382 672000
1723232852849 601.092 676000
1723232860352 604.9 680000
1723232867677 606.379 684000
1723232875146 605.312 688000
1723232883009 601.636 692000
1723232890244 605.296 696000
1723232897540 608.66 700000
1723232904856 607.075 704000
1723232912127 610.353 708000
1723232919448 611.276 712000
1723232926677 618.714 716000
1723232934025 620.316 720000
1723232942049 613.937 724000
1723232949822 611.531 728000
1723232957385 614.364 732000
1723232964840 612.922 736000
1723232972379 611.418 740000
1723232980112 609.64 744000
1723232987699 607.654 748000
1723232995212 606.094 752000
1723233002932 602.548 756000
1723233010567 599.764 760000
1723233018172 603.51 764000
1723233025799 604.582 768000
1723233033504 604.059 772000
1723233040851 604.923 776000
1723233048064 607.136 780000
1723233055423 609.47 784000
1723233062650 611.694 788000
1723233069893 614.476 792000
1723233077203 617.331 796000
1723233084552 619.702 800000
