1723231574299 7270.181 4000
1723231581494 6711.029 8000
1723231588654 6545.422 12000
1723231596062 6487.984 16000
1723231603420 6480.26 20000
1723231610525 6436.975 24000
1723231617942 6456.571 28000
1723231625203 6447.76 32000
1723231632582 6455.0 36000
1723231640301 6451.198 40000
1723231647601 6367.624 44000
1723231654887 6386.067 48000
1723231662240 6411.944 52000
1723231669550 6424.206 56000
1723231678772 6601.089 60000
1723231687426 6734.622 64000
1723231695435 6782.075 68000
1723231704067 6890.134 72000
1723231712920 7017.098 76000
1723231721579 7132.533 80000
1723231729949 7238.203 84000
1723231738041 7291.972 88000
1723231745826 7331.805 92000
1723231755097 7501.576 96000
1723231764820 7481.186 100000
1723231772492 7401.62 104000
1723231780115 7375.008 108000
1723231788036 7331.84 112000
1723231796871 7346.675 116000
1723231804800 7287.23 120000
1723231812543 7225.731 124000
1723231820113 7205.228 128000
1723231827862 7206.135 132000
1723231835497 7070.028 136000
1723231843170 6947.576 140000
1723231850767 6944.513 144000
1723231858569 6955.664 148000
1723231866312 6940.369 152000
1723231873962 6826.242 156000
1723231881516 6786.558 160000
1723231889412 6802.315 164000
1723231897599 6864.308 168000
1723231905366 6863.706 172000
1723231912897 6853.428 176000
1723231920553 6852.463 180000
1723231928422 6878.585 184000
1723231936362 6877.284 188000
1723231944006 6858.851 192000
1723231951775 6863.876 196000
1723231959154 6854.803 200000
1723231966796 6826.399 204000
1723231974158 6745.998 208000
1723231981708 6726.397 212000
1723231989086 6708.948 216000
1723231997028 6736.318 220000
1723232004716 6718.155 224000
1723232012263 6694.856 228000
1723232019704 6675.36 232000
1723232027162 6642.861 236000
1723232034743 6660.155 240000
1723232042318 6651.303 244000
1723232049971 6676.302 248000
1723232057742 6683.246 252000
1723232065920 6725.502 256000
1723232073663 6690.77 260000
1723232080921 6650.533 264000
1723232088482 6649.605 268000
1723232095963 6658.473 272000
1723232103474 6671.196 276000
1723232111065 6671.821 280000
1723232118633 6669.482 284000
1723232126177 6658.311 288000
1723232133779 6654.295 292000
1723232141091 6604.117 296000
1723232148521 6588.35 300000
1723232155957 6603.197 304000
1723232163392 6594.929 308000
1723232171329 6638.855 312000
1723232178732 6628.425 316000
1723232186188 6616.207 320000
1723232193449 6590.179 324000
1723232200970 6590.181 328000
1723232208528 6586.481 332000
1723232215985 6598.409 336000
1723232223605 6614.324 340000
1723232230997 6608.908 344000
1723232238897 6654.552 348000
1723232246546 6626.399 352000
1723232253806 6606.546 356000
1723232260944 6578.217 360000
1723232268798 6631.727 364000
1723232276451 6642.926 368000
1723232283897 6631.451 372000
1723232291269 6623.882 376000
1723232298891 6629.164 380000
1723232306390 6630.472 384000
1723232313881 6583.928 388000
1723232321209 6545.732 392000
1723232328601 6562.772 396000
1723232335818 6568.413 400000
1723232343342 6534.494 404000
1723232350657 6503.162 408000
1723232358140 6499.626 412000
1723232365418 6493.268 416000
1723232372656 6450.083 420000
1723232379861 6428.026 424000
1723232387277 6424.182 428000
1723232394640 6436.573 432000
1723232402020 6432.405 436000
1723232409173 6426.525 440000
1723232416475 6410.282 444000
1723232423792 6404.804 448000
1723232431159 6399.957 452000
1723232438416 6386.516 456000
1723232445577 6382.953 460000
1723232453240 6432.195 464000
1723232460477 6414.903 468000
1723232467648 6394.115 472000
1723232475035 6390.306 476000
1723232482367 6406.568 480000
1723232489617 6401.711 484000
1723232496942 6410.407 488000
1723232504522 6434.345 492000
1723232511930 6459.088 496000
1723232519452 6484.807 500000
1723232526775 6450.143 504000
1723232534220 6473.169 508000
1723232541725 6505.352 512000
1723232549428 6524.077 516000
1723232556819 6531.34 520000
1723232564257 6548.652 524000
1723232571687 6554.596 528000
1723232579027 6529.498 532000
1723232586537 6522.552 536000
1723232594089 6533.79 540000
1723232602239 6604.41 544000
1723232609939 6623.258 548000
1723232617367 6608.663 552000
1723232625002 6616.136 556000
1723232632497 6627.917 560000
1723232639997 6631.478 564000
1723232647464 6633.872 568000
1723232654959 6648.085 572000
1723232662515 6664.105 576000
1723232669909 6648.011 580000
1723232677335 6583.808 584000
1723232684841 6568.319 588000
1723232692258 6566.521 592000
1723232700374 6599.648 596000
1723232708210 6580.836 600000
1723232716444 6639.837 604000
1723232723797 6630.699 608000
1723232731285 6625.459 612000
1723232738600 6602.212 616000
1723232746149 6606.744 620000
1723232753586 6609.366 624000
1723232761239 6613.946 628000
1723232768663 6618.466 632000
1723232776208 6580.044 636000
1723232784147 6634.317 640000
1723232791833 6576.374 644000
1723232799183 6572.881 648000
1723232806742 6573.607 652000
1723232814652 6608.741 656000
1723232822450 6626.053 660000
1723232829624 6598.032 664000
1723232837274 6604.068 668000
1723232844718 6607.397 672000
1723232852849 6654.55 676000
1723232860352 6612.666 680000
1723232867677 6596.539 684000
1723232875145 6608.157 688000
1723232883008 6648.536 692000
1723232890243 6608.339 696000
1723232897539 6571.809 700000
1723232904855 6588.969 704000
1723232912127 6553.588 708000
1723232919447 6543.686 712000
1723232926677 6465.018 716000
1723232934024 6448.323 720000
1723232942049 6515.325 724000
1723232949821 6540.959 728000
1723232957385 6510.8 732000
1723232964840 6526.112 736000
1723232972379 6542.173 740000
1723232980112 6561.245 744000
1723232987699 6582.69 748000
1723232995211 6599.632 752000
1723233002932 6638.474 756000
1723233010567 6669.288 760000
1723233018171 6627.896 764000
1723233025798 6616.137 768000
1723233033504 6621.87 772000
1723233040851 6612.416 776000
1723233048063 6588.312 780000
1723233055423 6563.085 784000
1723233062650 6539.219 788000
1723233069893 6509.614 792000
1723233077202 6479.509 796000
1723233084552 6454.714 800000
