1723231574300 10.245 4000
1723231581495 9.905 8000
1723231588655 9.761 12000
1723231596063 9.728 16000
1723231603421 9.716 20000
1723231610525 9.723 24000
1723231617943 9.679 28000
1723231625203 9.617 32000
1723231632583 9.944 36000
1723231640301 9.951 40000
1723231647601 9.868 44000
1723231654888 10.071 48000
1723231662241 10.062 52000
1723231669550 10.335 56000
1723231678773 13.953 60000
1723231687427 14.291 64000
1723231695436 14.475 68000
1723231704067 15.518 72000
1723231712921 15.534 76000
1723231721580 15.865 80000
1723231729950 16.194 84000
1723231738042 16.38 88000
1723231745826 16.768 92000
1723231755099 17.508 96000
1723231764821 14.417 100000
1723231772493 14.485 104000
1723231780116 14.531 108000
1723231788037 13.862 112000
1723231796872 13.949 116000
1723231804801 14.069 120000
1723231812544 14.192 124000
1723231820114 14.062 128000
1723231827862 14.058 132000
1723231835497 13.314 136000
1723231843171 12.999 140000
1723231850768 12.883 144000
1723231858569 12.979 148000
1723231866313 13.37 152000
1723231873963 13.338 156000
1723231881517 13.223 160000
1723231889413 13.138 164000
1723231897600 13.415 168000
1723231905367 13.393 172000
1723231912898 13.419 176000
1723231920554 13.529 180000
1723231928422 13.891 184000
1723231936362 14.031 188000
1723231944007 13.748 192000
1723231951776 13.837 196000
1723231959155 13.812 200000
1723231966797 13.78 204000
1723231974158 13.855 208000
1723231981709 13.692 212000
1723231989087 13.568 216000
1723231997029 13.552 220000
1723232004716 13.277 224000
1723232012263 12.962 228000
1723232019705 12.928 232000
1723232027163 12.812 236000
1723232034743 12.685 240000
1723232042319 12.557 244000
1723232049971 12.088 248000
1723232057742 12.076 252000
1723232065921 12.243 256000
1723232073664 12.107 260000
1723232080922 11.895 264000
1723232088483 11.913 268000
1723232095963 11.749 272000
1723232103475 11.774 276000
1723232111066 11.997 280000
1723232118634 11.815 284000
1723232126178 11.892 288000
1723232133780 12.122 292000
1723232141092 12.152 296000
1723232148522 12.111 300000
1723232155957 12.054 304000
1723232163393 12.049 308000
1723232171330 11.999 312000
1723232178733 11.745 316000
1723232186188 11.505 320000
1723232193450 11.5 324000
1723232200970 11.25 328000
1723232208529 10.942 332000
1723232215986 10.727 336000
1723232223606 10.718 340000
1723232230997 10.846 344000
1723232238898 11.263 348000
1723232246547 11.275 352000
1723232253807 11.294 356000
1723232260945 11.2 360000
1723232268799 11.363 364000
1723232276452 11.362 368000
1723232283897 11.6 372000
1723232291270 11.634 376000
1723232298892 11.643 380000
1723232306391 11.567 384000
1723232313882 11.138 388000
1723232321210 11.133 392000
1723232328602 11.259 396000
1723232335818 11.412 400000
1723232343342 11.604 404000
1723232350658 11.939 408000
1723232358141 11.763 412000
1723232365419 11.546 416000
1723232372657 11.647 420000
1723232379862 11.692 424000
1723232387277 11.519 428000
1723232394641 11.526 432000
1723232402021 11.521 436000
1723232409174 11.416 440000
1723232416476 11.422 444000
1723232423793 11.317 448000
1723232431160 11.509 452000
1723232438417 11.674 456000
1723232445578 11.395 460000
1723232453241 11.549 464000
1723232460478 11.953 468000
1723232467649 12.131 472000
1723232475035 12.203 476000
1723232482368 12.325 480000
1723232489618 11.994 484000
1723232496943 12.006 488000
1723232504522 11.622 492000
1723232511931 11.759 496000
1723232519453 12.052 500000
1723232526776 11.933 504000
1723232534221 11.782 508000
1723232541725 11.498 512000
1723232549429 11.394 516000
1723232556820 11.117 520000
1723232564258 11.077 524000
1723232571688 10.996 528000
1723232579028 11.291 532000
1723232586538 11.049 536000
1723232594090 10.832 540000
1723232602239 11.016 544000
1723232609939 10.995 548000
1723232617367 11.221 552000
1723232625003 10.958 556000
1723232632498 11.246 560000
1723232639998 11.548 564000
1723232647464 11.547 568000
1723232654960 11.56 572000
1723232662516 11.886 576000
1723232669909 12.0 580000
1723232677336 11.847 584000
1723232684842 11.908 588000
1723232692259 11.723 592000
1723232700375 12.185 596000
1723232708211 12.001 600000
1723232716444 12.039 604000
1723232723798 12.118 608000
1723232731286 12.244 612000
1723232738601 11.976 616000
1723232746149 12.046 620000
1723232753587 11.926 624000
1723232761240 11.603 628000
1723232768664 11.477 632000
1723232776209 11.366 636000
1723232784148 11.425 640000
1723232791834 11.178 644000
1723232799183 11.118 648000
1723232806742 10.781 652000
1723232814652 10.867 656000
1723232822451 10.868 660000
1723232829625 10.68 664000
1723232837274 11.273 668000
1723232844719 11.522 672000
1723232852850 11.508 676000
1723232860353 11.34 680000
1723232867677 11.459 684000
1723232875146 11.524 688000
1723232883009 11.44 692000
1723232890244 11.547 696000
1723232897540 11.435 700000
1723232904856 11.722 704000
1723232912128 11.32 708000
1723232919448 11.267 712000
1723232926678 10.911 716000
1723232934025 11.226 720000
1723232942050 11.396 724000
1723232949822 11.428 728000
1723232957386 11.878 732000
1723232964841 11.763 736000
1723232972380 12.001 740000
1723232980113 12.13 744000
1723232987700 12.333 748000
1723232995212 12.283 752000
1723233002933 12.487 756000
1723233010568 12.825 760000
1723233018172 12.809 764000
1723233025799 12.789 768000
1723233033504 12.35 772000
1723233040852 12.599 776000
1723233048064 12.435 780000
1723233055424 12.024 784000
1723233062651 11.83 788000
1723233069893 11.945 792000
1723233077203 12.1 796000
1723233084553 11.531 800000
