1723231574297 8043.853 4000
1723231581492 7547.148 8000
1723231588652 7374.94 12000
1723231596060 7350.0 16000
1723231603418 7325.464 20000
1723231610523 7267.101 24000
1723231617941 7270.399 28000
1723231625201 7252.89 32000
1723231632580 7251.575 36000
1723231640299 7282.933 40000
1723231647599 7195.166 44000
1723231654885 7205.301 48000
1723231662238 7224.221 52000
1723231669548 7213.724 56000
1723231678770 7396.258 60000
1723231687425 7549.122 64000
1723231695434 7606.852 68000
1723231704065 7739.949 72000
1723231712919 7886.846 76000
1723231721578 7982.125 80000
1723231729948 8088.623 84000
1723231738039 8168.118 88000
1723231745824 8210.614 92000
1723231755096 8388.984 96000
1723231764819 8436.688 100000
1723231772491 8339.629 104000
1723231780114 8301.167 108000
1723231788035 8233.175 112000
1723231796869 8227.816 116000
1723231804798 8154.34 120000
1723231812541 8091.605 124000
1723231820112 8040.037 128000
1723231827860 8036.447 132000
1723231835495 7890.622 136000
1723231843169 7691.181 140000
1723231850766 7683.794 144000
1723231858567 7701.25 148000
1723231866311 7682.899 152000
1723231873960 7567.955 156000
1723231881515 7530.529 160000
1723231889410 7545.741 164000
1723231897597 7606.505 168000
1723231905365 7606.316 172000
1723231912895 7595.478 176000
1723231920552 7593.437 180000
1723231928420 7619.507 184000
1723231936360 7620.947 188000
1723231944004 7610.2 192000
1723231951774 7620.931 196000
1723231959153 7603.609 200000
1723231966795 7577.597 204000
1723231974156 7494.414 208000
1723231981706 7474.235 212000
1723231989084 7458.749 216000
1723231997027 7486.868 220000
1723232004714 7467.575 224000
1723232012261 7440.636 228000
1723232019703 7421.152 232000
1723232027161 7390.5 236000
1723232034741 7407.025 240000
1723232042316 7400.13 244000
1723232049969 7430.346 248000
1723232057740 7452.27 252000
1723232065918 7531.542 256000
1723232073661 7510.081 260000
1723232080920 7468.039 264000
1723232088480 7468.953 268000
1723232095961 7472.533 272000
1723232103473 7478.189 276000
1723232111064 7482.325 280000
1723232118631 7481.392 284000
1723232126175 7469.678 288000
1723232133777 7452.067 292000
1723232141090 7365.823 296000
1723232148519 7335.692 300000
1723232155955 7353.801 304000
1723232163391 7338.724 308000
1723232171328 7383.934 312000
1723232178730 7372.707 316000
1723232186186 7357.927 320000
1723232193447 7325.482 324000
1723232200968 7323.221 328000
1723232208527 7319.243 332000
1723232215983 7332.927 336000
1723232223604 7349.709 340000
1723232230995 7344.991 344000
1723232238896 7390.922 348000
1723232246545 7361.457 352000
1723232253805 7347.144 356000
1723232260943 7316.163 360000
1723232268797 7376.045 364000
1723232276450 7388.796 368000
1723232283895 7376.673 372000
1723232291267 7368.734 376000
1723232298890 7370.169 380000
1723232306388 7379.94 384000
1723232313879 7341.192 388000
1723232321208 7308.883 392000
1723232328600 7321.728 396000
1723232335816 7329.18 400000
1723232343340 7296.841 404000
1723232350656 7262.4 408000
1723232358139 7266.017 412000
1723232365417 7256.139 416000
1723232372655 7217.45 420000
1723232379860 7188.427 424000
1723232387275 7180.016 428000
1723232394637 7182.752 432000
1723232402019 7180.698 436000
1723232409172 7174.299 440000
1723232416474 7151.87 444000
1723232423791 7151.667 448000
1723232431158 7140.051 452000
1723232438415 7136.926 456000
1723232445575 7129.749 460000
1723232453239 7175.143 464000
1723232460476 7157.836 468000
1723232467647 7138.922 472000
1723232475033 7139.797 476000
1723232482366 7157.158 480000
1723232489616 7151.85 484000
1723232496941 7152.83 488000
1723232504520 7172.873 492000
1723232511929 7188.035 496000
1723232519451 7223.608 500000
1723232526774 7189.236 504000
1723232534219 7209.847 508000
1723232541723 7243.261 512000
1723232549427 7274.878 516000
1723232556817 7280.334 520000
1723232564256 7298.433 524000
1723232571686 7308.712 528000
1723232579025 7284.956 532000
1723232586535 7295.011 536000
1723232594088 7297.65 540000
1723232602237 7378.671 544000
1723232609937 7402.713 548000
1723232617365 7394.498 552000
1723232625000 7386.949 556000
1723232632496 7397.179 560000
1723232639995 7403.268 564000
1723232647462 7406.722 568000
1723232654958 7421.626 572000
1723232662514 7422.254 576000
1723232669907 7406.086 580000
1723232677334 7335.244 584000
1723232684840 7316.315 588000
1723232692257 7315.068 592000
1723232700373 7361.467 596000
1723232708208 7394.928 600000
1723232716442 7465.869 604000
1723232723795 7454.245 608000
1723232731283 7453.822 612000
1723232738598 7432.794 616000
1723232746147 7447.499 620000
1723232753585 7447.923 624000
1723232761237 7462.466 628000
1723232768661 7463.27 632000
1723232776206 7407.231 636000
1723232784146 7415.944 640000
1723232791831 7363.048 644000
1723232799181 7362.598 648000
1723232806740 7369.324 652000
1723232814650 7428.362 656000
1723232822449 7453.378 660000
1723232829623 7426.746 664000
1723232837272 7425.978 668000
1723232844716 7426.649 672000
1723232852847 7484.8 676000
1723232860350 7442.106 680000
1723232867675 7405.123 684000
1723232875144 7416.883 688000
1723232883007 7447.045 692000
1723232890242 7379.671 696000
1723232897538 7329.05 700000
1723232904854 7343.287 704000
1723232912125 7305.014 708000
1723232919446 7293.414 712000
1723232926676 7203.677 716000
1723232934023 7188.599 720000
1723232942047 7257.626 724000
1723232949820 7286.672 728000
1723232957383 7256.133 732000
1723232964838 7278.299 736000
1723232972378 7302.384 740000
1723232980110 7341.946 744000
1723232987697 7373.267 748000
1723232995210 7392.364 752000
1723233002930 7440.129 756000
1723233010565 7467.869 760000
1723233018170 7426.623 764000
1723233025797 7412.407 768000
1723233033502 7426.129 772000
1723233040849 7414.805 776000
1723233048062 7382.309 780000
1723233055421 7337.778 784000
1723233062648 7301.453 788000
1723233069891 7274.008 792000
1723233077201 7233.354 796000
1723233084550 7205.202 800000
