1723231574298 8043.81 4000
1723231581493 7547.108 8000
1723231588653 7374.904 12000
1723231596061 7349.964 16000
1723231603419 7325.428 20000
1723231610524 7267.066 24000
1723231617942 7270.365 28000
1723231625202 7252.856 32000
1723231632581 7251.542 36000
1723231640300 7282.9 40000
1723231647600 7195.134 44000
1723231654886 7205.269 48000
1723231662239 7224.189 52000
1723231669549 7213.692 56000
1723231678771 7396.213 60000
1723231687426 7549.075 64000
1723231695434 7606.805 68000
1723231704066 7739.832 72000
1723231712919 7886.727 76000
1723231721579 7982.006 80000
1723231729948 8088.504 84000
1723231738040 8167.999 88000
1723231745825 8210.494 92000
1723231755097 8388.863 96000
1723231764819 8436.577 100000
1723231772492 8339.52 104000
1723231780115 8301.058 108000
1723231788035 8233.136 112000
1723231796870 8227.779 116000
1723231804799 8154.303 120000
1723231812542 8091.568 124000
1723231820113 8039.999 128000
1723231827861 8036.41 132000
1723231835496 7890.586 136000
1723231843170 7691.148 140000
1723231850767 7683.761 144000
1723231858568 7701.218 148000
1723231866311 7682.865 152000
1723231873961 7567.921 156000
1723231881515 7530.496 160000
1723231889411 7545.708 164000
1723231897598 7606.47 168000
1723231905366 7606.281 172000
1723231912896 7595.443 176000
1723231920552 7593.401 180000
1723231928421 7619.471 184000
1723231936361 7620.905 188000
1723231944005 7610.159 192000
1723231951775 7620.89 196000
1723231959154 7603.568 200000
1723231966796 7577.556 204000
1723231974157 7494.375 208000
1723231981707 7474.196 212000
1723231989085 7458.71 216000
1723231997027 7486.83 220000
1723232004715 7467.538 224000
1723232012262 7440.603 228000
1723232019703 7421.12 232000
1723232027161 7390.468 236000
1723232034742 7406.992 240000
1723232042317 7400.098 244000
1723232049970 7430.313 248000
1723232057741 7452.237 252000
1723232065919 7531.509 256000
1723232073662 7510.048 260000
1723232080920 7468.006 264000
1723232088481 7468.921 268000
1723232095962 7472.5 272000
1723232103473 7478.156 276000
1723232111065 7482.293 280000
1723232118632 7481.361 284000
1723232126176 7469.647 288000
1723232133778 7452.036 292000
1723232141090 7365.792 296000
1723232148520 7335.66 300000
1723232155956 7353.77 304000
1723232163391 7338.693 308000
1723232171328 7383.903 312000
1723232178731 7372.674 316000
1723232186187 7357.893 320000
1723232193448 7325.448 324000
1723232200969 7323.187 328000
1723232208527 7319.21 332000
1723232215984 7332.894 336000
1723232223605 7349.675 340000
1723232230996 7344.957 344000
1723232238896 7390.886 348000
1723232246545 7361.421 352000
1723232253806 7347.109 356000
1723232260943 7316.128 360000
1723232268798 7376.011 364000
1723232276450 7388.761 368000
1723232283896 7376.639 372000
1723232291268 7368.7 376000
1723232298890 7370.135 380000
1723232306389 7379.907 384000
1723232313880 7341.16 388000
1723232321208 7308.851 392000
1723232328600 7321.697 396000
1723232335817 7329.148 400000
1723232343341 7296.809 404000
1723232350656 7262.367 408000
1723232358140 7265.984 412000
1723232365418 7256.105 416000
1723232372655 7217.416 420000
1723232379861 7188.393 424000
1723232387275 7179.981 428000
1723232394639 7182.717 432000
1723232402020 7180.663 436000
1723232409172 7174.264 440000
1723232416474 7151.836 444000
1723232423792 7151.633 448000
1723232431159 7140.018 452000
1723232438415 7136.893 456000
1723232445577 7129.717 460000
1723232453240 7175.11 464000
1723232460477 7157.803 468000
1723232467647 7138.889 472000
1723232475034 7139.764 476000
1723232482366 7157.126 480000
1723232489616 7151.817 484000
1723232496941 7152.797 488000
1723232504521 7172.84 492000
1723232511930 7188.003 496000
1723232519451 7223.576 500000
1723232526775 7189.204 504000
1723232534220 7209.815 508000
1723232541724 7243.229 512000
1723232549428 7274.846 516000
1723232556818 7280.303 520000
1723232564256 7298.401 524000
1723232571686 7308.68 528000
1723232579026 7284.924 532000
1723232586536 7294.979 536000
1723232594088 7297.617 540000
1723232602238 7378.638 544000
1723232609938 7402.68 548000
1723232617366 7394.465 552000
1723232625001 7386.916 556000
1723232632497 7397.145 560000
1723232639996 7403.234 564000
1723232647463 7406.688 568000
1723232654959 7421.593 572000
1723232662514 7422.221 576000
1723232669908 7406.053 580000
1723232677334 7335.211 584000
1723232684840 7316.282 588000
1723232692257 7315.035 592000
1723232700374 7361.434 596000
1723232708209 7394.894 600000
1723232716443 7465.835 604000
1723232723796 7454.21 608000
1723232731284 7453.788 612000
1723232738599 7432.76 616000
1723232746148 7447.465 620000
1723232753585 7447.89 624000
1723232761238 7462.433 628000
1723232768662 7463.238 632000
1723232776207 7407.199 636000
1723232784146 7415.913 640000
1723232791832 7363.016 644000
1723232799182 7362.566 648000
1723232806741 7369.292 652000
1723232814651 7428.329 656000
1723232822449 7453.345 660000
1723232829623 7426.713 664000
1723232837273 7425.945 668000
1723232844717 7426.616 672000
1723232852848 7484.767 676000
1723232860351 7442.073 680000
1723232867676 7405.091 684000
1723232875144 7416.85 688000
1723232883008 7447.012 692000
1723232890242 7379.639 696000
1723232897538 7329.018 700000
1723232904855 7343.255 704000
1723232912126 7304.982 708000
1723232919447 7293.382 712000
1723232926676 7203.645 716000
1723232934024 7188.567 720000
1723232942048 7257.594 724000
1723232949821 7286.64 728000
1723232957384 7256.101 732000
1723232964839 7278.266 736000
1723232972378 7302.352 740000
1723232980111 7341.913 744000
1723232987698 7373.234 748000
1723232995210 7392.331 752000
1723233002931 7440.095 756000
1723233010566 7467.832 760000
1723233018171 7426.585 764000
1723233025798 7412.369 768000
1723233033503 7426.091 772000
1723233040850 7414.767 776000
1723233048062 7382.271 780000
1723233055422 7337.741 784000
1723233062649 7301.416 788000
1723233069892 7273.971 792000
1723233077201 7233.318 796000
1723233084551 7205.168 800000
