1723217327599 0.7925729195699625 4000
1723217342820 0.8172935307158012 8000
1723217358166 1.2804101268608943 12000
1723217373478 1.7499170916511657 16000
1723217388909 1.292544148598157 20000
1723217404305 1.8775303462295667 24000
1723217419671 2.05001480991536 28000
1723217434884 2.177231092740458 32000
1723217450247 2.3925827453322444 36000
1723217465817 2.2650709227889987 40000
1723217481323 2.4896295066420913 44000
1723217496681 2.4900081263789047 48000
1723217512024 2.5801289153014513 52000
1723217527302 2.8272938829787235 56000
1723217542607 2.5720763151950026 60000
1723217557889 2.3676677008047173 64000
1723217573181 2.6049977836879434 68000
1723217588814 2.660183953942982 72000
1723217604206 3.737533244680851 76000
1723217621396 3.6502105495608443 80000
1723217639519 3.298075502392248 84000
1723217657415 3.337387337498631 88000
1723217674794 3.1550679670158006 92000
1723217691943 2.920065011792149 96000
1723217709680 3.092743424828171 100000
1723217727115 3.4025099733197095 104000
1723217744587 3.892619680766518 108000
1723217762453 3.9224198431833415 112000
1723217780539 3.3647587913993404 116000
1723217799579 3.804742907632327 120000
1723217817326 3.16485667837427 124000
1723217834947 3.4099900266802905 128000
1723217852522 2.9504377214621145 132000
1723217869905 3.032478206292957 136000
1723217887200 3.192431294368514 140000
1723217904201 3.264655363559723 144000
1723217920833 3.254931294326241 148000
1723217937853 2.9425605794216723 152000
1723217954909 2.844664228723404 156000
1723217972298 2.9702367759342736 160000
1723217989606 3.322741208347023 164000
1723218006941 3.252761155493716 168000
1723218024260 2.8625701832855848 172000
1723218041575 3.076989140324559 176000
1723218059865 3.2025247489306943 180000
1723218077338 2.9925291813857164 184000
1723218094214 3.1198378398063333 188000
1723218111999 3.7151854313857164 192000
1723218129573 3.009816415343724 196000
1723218147199 3.3125554078859643 200000
1723218164029 3.5025672281042057 204000
1723218181127 2.8275062795226455 208000
1723218197959 3.1647828015029855 212000
1723218216496 3.52472111400983 216000
1723218233548 3.11775081259139 220000
1723218250436 2.60297539893617 224000
1723218267531 2.6823470746371765 228000
1723218284833 2.7001699172435925 232000
1723218301924 2.9825188386524824 236000
1723218318882 2.5675882830264722 240000
1723218335911 2.8796727246426523 244000
1723218352817 2.9727670654337457 248000
1723218370130 2.442440528903447 252000
1723218386522 2.9348588947286 256000
1723218403216 2.2620881352018802 260000
1723218420322 3.1423980495608443 264000
1723218437947 2.6101691783319976 268000
1723218455443 2.6999298168835066 272000
1723218474323 2.237256205589213 276000
1723218491435 2.025090499253983 280000
1723218508616 2.402556146417104 284000
1723218525621 2.24993535753683 288000
1723218541995 2.48464280464125 292000
1723218559336 3.022218528199703 296000
1723218576525 2.1349364655237673 300000
1723218594982 2.4425236406901205 304000
1723218611878 2.877105496453901 308000
1723218629136 2.364537160109121 312000
1723218645700 2.200142213131519 316000
1723218663030 2.6276226358633514 320000
1723218680019 2.39294289295555 324000
1723218696938 3.0418328901977403 328000
1723218821508 2.48247266542827 332000
1723218838868 2.9553320773104406 336000
1723218855776 2.587322695035461 340000
1723218872823 2.514867760103645 344000
1723218891878 2.595338356875359 348000
1723218908475 3.14745862872888 352000
1723218925034 2.5872672870649516 356000
1723218941398 3.0622876033715323 360000
1723218958404 2.709773936339304 364000
1723218975202 2.974761746622992 368000
1723218998717 2.290032136228913 372000
1723219018725 2.6697510341380504 376000
1723219035883 3.0726396276595747 380000
1723219052772 2.2726710253150753 384000
1723219071177 2.5801566192444336 388000
1723219088066 2.4924368351909285 392000
1723219104708 2.835235667820518 396000
1723219121704 2.5824098699481777 400000
1723219138544 2.5676806293480787 404000
1723219155915 2.544898788556985 408000
1723219173134 2.5675698138297873 412000
1723219190800 3.0428025268493815 416000
1723219208274 3.0025579935269997 420000
1723219225511 2.6949523491639615 424000
1723219241900 2.927923684931816 428000
1723219258199 2.817145020530579 432000
1723219274852 2.649693410151394 436000
1723219290905 2.819813829618143 440000
1723219307056 2.71295988500541 444000
1723219322809 2.542571660770592 448000
1723219339955 2.6272624851118587 452000
1723219358167 2.595042848629309 456000
1723219375686 2.660230127040376 460000
1723219392211 2.5775247487616033 464000
1723219408750 2.354933141224773 468000
1723219425246 3.0128453752673265 472000
1723219442591 2.5728797281042057 476000
1723219458964 2.6298020093153553 480000
1723219475724 2.3402039004133104 484000
1723219492491 2.5801381500477487 488000
1723219509105 2.8449689716734783 492000
1723219525739 2.3200631647667986 496000
1723219541993 2.9746971038216397 500000
1723219558390 2.8673167848840673 504000
1723219574793 2.477809175489642 508000
1723219591140 2.3449782062506843 512000
1723219606553 2.6474493941939468 516000
1723219622900 2.9000904993808017 520000
1723219640275 2.454741060818341 524000
1723219657064 2.3274970449031667 528000
1723219674001 2.8225195775640772 532000
1723219690249 2.702376994723124 536000
1723219706448 3.234642804514432 540000
1723219722721 2.9049017434424544 544000
1723219739238 2.9876163564675244 548000
1723219757243 3.282662898767079 552000
1723219774114 2.6475417404732804 556000
1723219791207 2.427461953239238 560000
1723219807950 2.5296247043930893 564000
1723219825353 3.1746546247749463 568000
1723219842266 2.837738253630645 572000
1723219858736 2.6899102393617023 576000
1723219876182 2.5375664892771566 580000
1723219891643 2.5600251182174008 584000
1723219907281 2.7979000442416955 588000
1723219923065 2.9152352981533562 592000
1723219939793 2.902389923097394 596000
1723219956259 2.827220005938347 600000
1723219972293 3.024536421366617 604000
1723219988246 2.3395944148513443 608000
1723220004964 2.637605274822695 612000
1723220021185 2.7126643765057232 616000
1723220037569 3.215065381121128 620000
1723220054794 3.0575132980414317 624000
1723220071817 2.5026780437915885 628000
1723220088613 3.057753398232426 632000
1723220104910 2.847683953731618 636000
1723220121252 2.3871250740179777 640000
1723220137576 2.494671616402078 644000
1723220153557 2.8173758863557317 648000
1723220169647 2.752521054922266 652000
1723220186531 2.765227910812865 656000
1723220202921 2.8924996305442026 660000
1723220219341 2.4174146719858154 664000
1723220235647 2.077035313252862 668000
1723220252377 2.7151207890070923 672000
1723220268746 3.0200206855087415 676000
1723220285441 2.633006427262692 680000
1723220302222 2.822648862321326 684000
1723220318761 2.7144651300518223 688000
1723220335574 2.5548998964593768 692000
1723220351694 2.5771184247013523 696000
1723220368080 2.952312352471318 700000
1723220383964 2.250193927178146 704000
1723220400085 3.3699024822695036 708000
1723220416047 2.9822879730386935 712000
1723220432944 2.4950779404200563 716000
1723220448644 2.4700520834601516 720000
1723220465058 2.307430185958849 724000
1723220481719 2.655363475219578 728000
1723220498825 2.5825576242825665 732000
1723220515609 2.309969710415982 736000
1723220532074 2.4950040630837704 740000
1723220548760 2.8846778959247237 744000
1723220565250 2.655003324679449 748000
1723220581719 2.4602264330742205 752000
1723220598567 2.9925014774850074 756000
1723220614747 2.899942745426868 760000
1723220629448 2.2147144651159327 764000
1723220643223 2.630217567783721 768000
1723220657109 2.650284426685766 772000
1723220671640 2.3199338800518223 776000
1723220686077 2.9452570921985815 780000
1723220700302 2.477412086302507 784000
1723220714301 2.642628915385997 788000
1723220728727 2.7152870124113475 792000
1723220742937 2.6298020094844468 796000
1723220756709 2.9577884896427182 800000
1723220770495 2.44286532211811 804000
1723220784604 2.6829842642689425 808000
1723220798627 2.897818779691737 812000
1723220812506 3.090074616121062 816000
1723220826218 2.682310135947897 820000
1723220839971 2.1651244828041563 824000
1723220859554 2.7926640073458353 828000
1723220874404 3.0729166666666665 832000
1723220888638 2.6123208481792015 836000
1723220902347 2.40483710106383 840000
1723220916585 3.055250812633663 844000
1723220930677 3.0251828456178624 848000
1723220944199 3.215176196723965 852000
1723220958367 2.628176714004354 856000
1723220972401 2.827266179120287 860000
1723220986760 2.6551141401554674 864000
1723221001017 3.387439051333894 868000
1723221015040 3.2023769945540326 872000
1723221029274 2.8452183067798615 876000
1723221043478 2.912252512045786 880000
1723221057410 3.282875295564638 884000
1723221071269 3.0851987291735115 888000
1723221085147 3.0870825946331024 892000
1723221099290 2.6103076980469075 896000
1723221113387 2.9476858008837867 900000
1723221127213 2.8199985221345374 904000
1723221141300 2.714954565391473 908000
1723221156026 2.940150339721788 912000
1723221169947 3.244874778241976 916000
1723221184377 3.612265440166419 920000
1723221198466 2.750378620032723 924000
1723221212391 2.4876809987193305 928000
1723221226508 2.8074486553668976 932000
1723221240336 2.67730496458128 936000
1723221253997 3.000203161966716 940000
1723221268528 3.3773733007146958 944000
1723221282679 2.5452404697313376 948000
1723221297330 2.7978261673704106 952000
1723221311394 2.982749704435362 956000
1723221326037 2.4649453310679035 960000
1723221340202 3.2344396425477155 964000
1723221354092 2.8051677009315354 968000
1723221368519 2.883052600360086 972000
1723221382818 2.9548980495608443 976000
1723221396763 2.9125757238543626 980000
1723221410852 2.761838800391407 984000
1723221425062 3.1146941488516244 988000
1723221438990 2.819573729342603 992000
1723221453649 2.9095744680851063 996000
1723221467827 2.7378749261511133 1000000
1723221482042 2.905040263030546 1004000
1723221496500 3.0101488624058717 1008000
1723221510585 2.5925587323117765 1012000
1723221524062 2.7025524526200395 1016000
1723221538528 2.3550070182228766 1020000
1723221552802 3.4179595151691573 1024000
1723221567177 2.9202958776595747 1028000
1723221581298 3.10943964246317 1032000
1723221594972 3.277380688731552 1036000
1723221609183 2.454685653059195 1040000
1723221623291 2.60986443563556 1044000
1723221637191 3.0699800533605806 1048000
1723221651278 2.480136303233762 1052000
1723221665211 3.4350897605537525 1056000
1723221679018 2.882387707081247 1060000
1723221693571 3.4827220007882898 1064000
1723221707874 3.069924645347798 1068000
1723221722224 2.9129174053246247 1072000
1723221736194 2.6519097222081314 1076000
1723221750502 2.9624242757229093 1080000
1723221764061 2.597129875801979 1084000
1723221777886 2.9075428487561275 1088000
1723221791843 3.09216164295555 1092000
1723221805778 2.6172798463638793 1096000
1723221820318 2.939780954519908 1100000
1723221834553 3.569989287768695 1104000
1723221848890 2.264636894151674 1108000
1723221863449 3.2875757240234535 1112000
1723221877048 2.7824412676036783 1116000
1723221890202 3.1425642728805543 1120000
1723221903761 2.370179521403414 1124000
1723221917654 2.7477467494653474 1128000
1723221930952 2.98748707162573 1132000
1723221944609 3.1475140370375723 1136000
1723221958174 2.5874150414838857 1140000
1723221971661 2.8173851213556653 1144000
1723221986501 2.9547225914948374 1148000
1723221999840 2.520288489854082 1152000
1723222013472 2.534869976204338 1156000
1723222026917 2.284842272345901 1160000
1723222040547 2.6424072841803232 1164000
1723222054959 1.8949560430032988 1168000
1723222068820 2.937287603498351 1172000
1723222082739 3.1673223253682994 1176000
1723222096619 2.6171782655073397 1180000
1723222110849 3.4400764627659575 1184000
1723222123951 3.032570552572291 1188000
1723222136948 2.902306811437539 1192000
1723222149461 2.822224069318027 1196000
1723222162231 3.225528220842916 1200000
1723222175338 2.5699892879377866 1204000
1723222188827 2.715028442685486 1208000
1723222202299 2.9870715126923635 1212000
1723222215300 2.9350897604692068 1216000
1723222229017 2.9125295507992415 1220000
1723222242188 2.740118941939469 1224000
1723222255216 2.9122525117076035 1228000
1723222268375 2.6075927155237673 1232000
1723222281559 3.1301067525190667 1236000
1723222295314 3.012309766407554 1240000
1723222308830 2.0648917700804716 1244000
1723222322516 2.9974604756696848 1248000
1723222335271 2.685015883597922 1252000
1723222348695 2.862865691235725 1256000
1723222361282 3.214926861617582 1260000
1723222374157 2.430066119905905 1264000
1723222386860 3.0371416965274944 1268000
1723222399992 3.600315824468085 1272000
1723222413354 3.2952497042662707 1276000
1723222427012 2.552415780141844 1280000
1723222440338 2.8247820627182088 1284000
1723222453905 2.994994828717928 1288000
1723222467673 3.342669547956886 1292000
1723222480670 2.8952423165030514 1296000
1723222494052 2.8399176270826487 1300000
1723222507135 2.8175236406478477 1304000
1723222520190 3.3024711876896258 1308000
1723222533977 2.530261894024856 1312000
1723222547174 2.59246638599017 1316000
1723222560707 3.669723330321887 1320000
1723222574258 2.6821808511061027 1324000
1723222587882 3.115100472700511 1328000
1723222601064 2.8049645389648195 1332000
1723222614117 3.0077109191011875 1336000
1723222627227 2.4477596777973445 1340000
1723222639839 2.777306811522085 1344000
1723222654065 2.9721021722394525 1348000
1723222667036 2.6451499704350816 1352000
1723222680588 3.1522052305809996 1356000
1723222694132 2.782376625098235 1360000
1723222707201 2.9926215277495958 1364000
1723222720678 2.5177674348472703 1368000
1723222733973 2.4524785755796636 1372000
1723222747224 2.8626163562138873 1376000
1723222760494 2.9598293438448127 1380000
1723222774006 3.1175753545253837 1384000
1723222787472 2.65728427894572 1388000
1723222800646 3.1553173018685468 1392000
1723222813846 2.74047909281778 1396000
1723222828113 2.694980053064671 1400000
1723222841828 3.4276097077004453 1404000
1723222855145 2.342337100810193 1408000
1723222868633 2.747506648809352 1412000
1723222882042 2.230099364713574 1416000
1723222895811 2.534814568656556 1420000
1723222908878 3.287464908420617 1424000
1723222922328 2.979452940208692 1428000
1723222935982 2.472526964989114 1432000
1723222949709 3.074606604609929 1436000
1723222963290 3.4504377214621145 1440000
1723222976484 2.7425938240602505 1444000
1723222990411 2.7998300826718623 1448000
1723223003796 2.5153110221768102 1452000
1723223017064 2.6751902334233546 1456000
1723223030147 2.995096409574468 1460000
1723223042825 2.9228631057637804 1464000
1723223056212 3.0221446512861454 1468000
1723223070121 3.0103520242880424 1472000
1723223083777 2.9103224733197095 1476000
1723223097290 2.5325982564730003 1480000
1723223110406 2.929936834852746 1484000
1723223124822 2.8352541370594757 1488000
1723223138720 2.507720153551575 1492000
1723223152287 2.464695995707884 1496000
1723223166390 2.9928339242935182 1500000
1723223179666 2.8574819003436582 1504000
1723223193457 2.4151429521699326 1508000
1723223206820 3.054521276511199 1512000
1723223219889 2.6345670801950685 1516000
1723223233042 2.4727301269558306 1520000
1723223246625 2.3750646425054427 1524000
1723223259869 3.015347960739271 1528000
1723223273398 2.2324819001322944 1532000
1723223286870 3.317634455870229 1536000
1723223300874 3.114878841579383 1540000
1723223314126 3.2926363033605806 1544000
1723223327376 2.4949855937179946 1548000
1723223340699 2.9549719268548573 1552000
1723223354194 2.4274988916748805 1556000
1723223367662 2.9373891844817086 1560000
1723223380821 2.3677969858578756 1564000
1723223393746 3.140107860421458 1568000
1723223407268 3.072334885047683 1572000
1723223420696 3.0524342494230745 1576000
1723223434343 3.010592124648128 1580000
1723223447461 2.955276669678113 1584000
1723223460653 2.7075668586484083 1588000
1723223473981 2.522412455462395 1592000
1723223488027 2.970005910109121 1596000
1723223501167 2.569980053106944 1600000
1723223514396 2.8076518173336136 1604000
1723223527920 2.1348164151323603 1608000
1723224062039 2.3795619090398152 1612000
1723224075889 2.9024176271671944 1616000
1723224089009 2.7605644207896916 1620000
1723224102305 2.525284426474402 1624000
1723224274595 3.107481900174567 1628000
1723224291389 3.0501717641843973 1632000
1723224305110 2.782450502476794 1636000
1723224320010 3.1124408985283356 1640000
1723224333033 2.682134677924163 1644000
1723224345859 2.799959367640475 1648000
1723224359083 2.567468232846429 1652000
1723224372742 3.124602910812865 1656000
1723224386817 2.9227984634274287 1660000
1723224418253 2.614869606833086 1664000
1723224438122 2.965296246904008 1668000
1723224844449 2.812546173097394 1672000
1723224857865 2.3926935578491673 1676000
1723224870276 2.890181737504107 1680000
1723225074449 2.877641105144582 1684000
1723225091763 2.8774748817403264 1688000
1723225105007 2.8099697103737094 1692000
1723225148506 2.4776337172968166 1696000
1723225161654 2.6525376771358733 1700000
1723225174426 2.9100084960037935 1704000
1723225187329 2.4098884456546594 1708000
1723225259254 3.0573286050600363 1712000
1723225271499 3.2151392580769587 1716000
1723225283946 3.349937204435362 1720000
1723225296486 2.5648640661797626 1724000
1723226306064 2.567809914232146 1728000
1723226318472 2.672281323722068 1732000
1723226331253 2.325160682455022 1736000
1723226344146 3.114906545311001 1740000
1723226356788 2.577201536614844 1744000
1723226369081 3.352532136651641 1748000
1723226382143 2.35766659281778 1752000
1723226394413 2.6000203161797626 1756000
1723226406903 2.577192302079911 1760000
1723226419399 2.879866651863071 1764000
1723226431821 2.2422613769558306 1768000
1723226444240 3.2051473846672276 1772000
1723226456642 2.777195995919248 1776000
1723226468946 2.91019318839337 1780000
1723226481711 2.684748079041217 1784000
1723226493769 2.822113253630645 1788000
1723226506098 3.07493905141844 1792000
1723226518713 2.637596040034125 1796000
1723226530853 2.7299516105060038 1800000
1723226543170 2.7373762557692563 1804000
1723226555714 2.669714095491044 1808000
1723226568094 2.6774896570976745 1812000
1723226580464 2.1621509307242452 1816000
1723226592838 2.5724641693822035 1820000
1723226604843 2.707234411839898 1824000
1723226617081 2.892434987996487 1828000
1723226629699 2.9048186317825992 1832000
1723226642302 3.3953900708374403 1836000
1723226654436 2.4176270684029193 1840000
1723226666765 2.57763556436444 1844000
1723226678984 2.5800550384301664 1848000
1723226691403 2.0701370421030845 1852000
1723226703740 3.355200945739205 1856000
1723226715829 3.337479683439782 1860000
1723226728493 2.8327330820949363 1864000
1723226740820 3.012346705308197 1868000
1723226753271 2.725352762861455 1872000
1723226765529 2.737237736434801 1876000
1723226777558 2.3171819592621308 1880000
1723226789671 2.759770242499967 1884000
1723226801880 2.4578254284588157 1888000
1723226814091 2.1472277629037277 1892000
1723226826239 3.0949689713775688 1896000
1723226838967 2.762466755319149 1900000
1723226851132 2.4372506648513443 1904000
1723226863425 2.9750757239389083 1908000
1723226875655 3.0227910757064818 1912000
1723226887643 3.042479314195349 1916000
1723226899810 3.207511451058354 1920000
1723226911471 3.002714982184958 1924000
1723226923256 2.637291297210869 1928000
1723226935337 2.857611184889543 1932000
1723226948589 2.8501034277973445 1936000
1723226965132 2.8372395832910606 1940000
1723226981441 2.855228649470823 1944000
1723226999886 3.4899434841270986 1948000
1723227017833 3.3072639626814118 1952000
1723227035419 2.8798481826663864 1956000
1723227053333 2.832363696893056 1960000
1723227071410 3.0151909727576776 1964000
1723227089435 2.6419824910502063 1968000
1723227106801 2.7351968823172523 1972000
1723227123680 3.1001034277550716 1976000
1723227139198 2.8151965126923635 1980000
1723227155110 2.777500738657958 1984000
1723227170283 2.834792405535989 1988000
1723227185257 2.7899120861334157 1992000
1723227203169 2.657459737011727 1996000
1723227218972 2.5949227985338115 2000000
