1723157948691 48.88695652173914 4000
1723157966427 60.29200000000001 8000
1723157984337 64.132 12000
1723157998285 44.02631578947369 16000
1723158011265 37.11052631578948 20000
1723158024084 30.266666666666666 24000
1723158037025 29.457894736842107 28000
1723158050910 34.242105263157896 32000
1723158065123 31.609999999999996 36000
1723158079134 28.505000000000006 40000
1723158093224 27.035000000000004 44000
1723158107366 28.345 48000
1723158121432 28.400000000000006 52000
1723158135473 26.784999999999997 56000
1723158149230 27.174999999999994 60000
1723158163273 27.350000000000005 64000
1723158177276 29.73 68000
1723158191685 34.88 72000
1723158205828 27.995000000000005 76000
1723158220107 28.51904761904762 80000
1723158234106 27.652631578947375 84000
1723158248238 27.114285714285717 88000
1723158262256 28.963157894736845 92000
1723158276250 27.22 96000
1723158290121 26.734999999999996 100000
1723158304290 26.945000000000004 104000
1723158319177 31.447619047619046 108000
1723158333649 31.079999999999995 112000
1723158348212 31.471428571428582 116000
1723158362637 30.547619047619044 120000
1723158377109 30.95 124000
1723158392841 38.92272727272727 128000
1723158414778 67.01935483870966 132000
1723158430070 38.840909090909086 136000
1723158444656 30.934999999999995 140000
1723158458981 29.261904761904766 144000
1723158473374 30.175 148000
1723158487784 29.423809523809524 152000
1723158501902 30.485000000000007 156000
1723158516145 30.51 160000
1723158530525 29.29 164000
1723158545565 35.16818181818182 168000
1723158560295 35.04 172000
1723158575018 32.457142857142856 176000
1723158589528 32.0 180000
1723158603481 29.380000000000003 184000
1723158617269 27.336842105263162 188000
1723158631375 34.985 192000
1723158645180 28.589999999999993 196000
1723158658735 27.778947368421058 200000
1723158672864 29.820000000000004 204000
1723158687411 28.985714285714288 208000
1723158701637 29.49 212000
1723158715805 31.040000000000003 216000
1723158730267 28.404761904761905 220000
1723158744593 32.92 224000
1723158758490 28.73 228000
1723158772778 30.369999999999997 232000
1723158786657 28.73 236000
1723158800646 29.339999999999996 240000
1723158814605 28.859999999999996 244000
1723158829045 30.55 248000
1723158842537 27.810000000000002 252000
1723158856393 28.752631578947366 256000
1723158870669 31.419999999999998 260000
1723158885403 33.39523809523809 264000
1723158899342 32.55 268000
1723158913944 32.63333333333333 272000
1723158928314 34.099999999999994 276000
1723158942280 30.074999999999996 280000
1723158955917 28.900000000000006 284000
1723158969797 30.310526315789478 288000
1723158983826 33.33 292000
1723158997334 27.742105263157896 296000
1723159010899 28.634999999999998 300000
1723159024473 27.584210526315786 304000
1723159041386 47.8375 308000
1723159061419 57.02499999999999 312000
1723159081118 59.30357142857142 316000
1723159096093 40.11428571428572 320000
1723159109843 31.552631578947373 324000
1723159123375 28.252631578947366 328000
1723159137146 29.45 332000
1723159151073 31.744999999999997 336000
1723159164691 28.936842105263157 340000
1723159178360 28.775 344000
1723159192382 30.847368421052632 348000
1723159205685 28.168421052631576 352000
1723159218881 28.526315789473685 356000
1723159232508 29.96 360000
1723159246765 32.36 364000
1723159260160 28.826315789473686 368000
1723159273455 28.373684210526317 372000
1723159287058 27.8 376000
1723159301098 30.615 380000
1723159315225 30.139999999999997 384000
1723159329034 29.984999999999996 388000
1723159343048 31.155 392000
1723159356720 29.294736842105266 396000
1723159370496 30.042105263157897 400000
1723159384777 32.03333333333334 404000
1723159399002 32.84 408000
1723159412460 29.6421052631579 412000
1723159431052 52.896153846153844 416000
1723159446388 40.013636363636365 420000
1723159460576 30.044999999999998 424000
1723159474860 36.370000000000005 428000
1723159488967 29.85238095238095 432000
1723159502418 28.626315789473683 436000
1723159515652 28.394444444444446 440000
1723159528949 27.873684210526317 444000
1723159542630 30.004999999999995 448000
1723159556248 28.37894736842105 452000
1723159583023 71.32368421052632 456000
1723159601078 58.98400000000001 460000
1723159618320 53.24 464000
1723159636507 54.856 468000
1723159654262 54.46 472000
1723159674017 59.01071428571429 476000
1723159692919 56.13333333333333 480000
1723159710311 55.547999999999995 484000
1723159724954 35.938095238095244 488000
1723159738629 29.931578947368422 492000
1723159751918 28.126315789473683 496000
1723159765635 29.173684210526318 500000
1723159779323 30.370000000000005 504000
1723159793054 29.87368421052631 508000
1723159806554 28.231578947368426 512000
1723159819908 28.2 516000
1723159834675 35.38095238095237 520000
1723159848622 32.269999999999996 524000
1723159863078 30.571428571428573 528000
1723159877360 32.720000000000006 532000
1723159891392 30.965000000000003 536000
1723159905572 30.274999999999995 540000
1723159919828 31.859999999999996 544000
1723159934179 32.3 548000
1723159948051 33.01578947368421 552000
1723159962166 31.639999999999997 556000
1723159976434 31.980952380952377 560000
1723159989937 32.81578947368422 564000
1723160003552 28.873684210526317 568000
1723160017367 32.165000000000006 572000
1723160031074 28.521052631578947 576000
1723160044782 33.440000000000005 580000
1723160063078 57.72692307692307 584000
1723160081288 55.472 588000
1723160099148 56.96538461538462 592000
1723160117056 58.324 596000
1723160130368 35.652631578947364 600000
1723160142889 28.32777777777778 604000
1723160155487 33.83888888888889 608000
1723160168026 31.670588235294122 612000
1723160180787 31.84444444444444 616000
1723160194109 35.74210526315789 620000
1723160206849 31.673684210526318 624000
1723160219788 28.5 628000
1723160232668 28.016666666666666 632000
1723160245033 29.055555555555557 636000
1723160257893 28.183333333333334 640000
1723160274843 49.40833333333334 644000
1723160292072 54.583333333333336 648000
1723160309408 56.132 652000
1723160326957 53.58 656000
1723160345113 60.10000000000001 660000
1723160362668 54.32 664000
1723160376967 38.309999999999995 668000
1723160390015 29.642105263157898 672000
1723160403500 29.831578947368417 676000
1723160424865 64.27666666666667 680000
1723160442734 55.43076923076923 684000
1723160460991 56.448 688000
1723160479368 57.146153846153844 692000
1723160493581 38.871428571428574 696000
1723160506753 33.355555555555554 700000
1723160523360 51.804166666666674 704000
1723160541327 56.891999999999996 708000
1723160560158 57.60740740740741 712000
1723160578847 57.134615384615394 716000
1723160596229 54.495999999999995 720000
1723160614236 54.672000000000004 724000
1723160634985 68.17586206896551 728000
1723160653666 61.642307692307696 732000
1723160672977 61.60714285714285 736000
1723160687865 41.25714285714286 740000
1723160702090 34.045 744000
1723160715674 32.23684210526316 748000
1723160729192 31.821052631578947 752000
1723160743703 34.09 756000
1723160756855 30.4421052631579 760000
1723160770744 31.96 764000
1723160783614 31.822222222222226 768000
1723160796229 29.82222222222222 772000
1723160808849 30.077777777777783 776000
1723160822452 32.8 780000
1723160835256 29.09473684210526 784000
1723160848174 30.727777777777774 788000
1723160861051 27.77777777777778 792000
1723160873917 29.594736842105267 796000
1723160887732 34.17894736842105 800000
1723160900945 30.821052631578954 804000
1723160913963 31.20555555555556 808000
1723160926630 30.738888888888894 812000
1723160939210 30.65555555555555 816000
1723160953152 34.475 820000
1723160970947 55.124 824000
1723160991086 59.97241379310345 828000
1723161004955 35.32105263157895 832000
1723161018169 31.415789473684214 836000
1723161031868 38.39473684210526 840000
1723161044387 29.511111111111113 844000
1723161057095 29.33888888888889 848000
1723161069889 30.731578947368416 852000
1723161082598 27.33888888888889 856000
1723161094985 26.32352941176471 860000
1723161107794 26.494444444444447 864000
1723161119810 26.21764705882353 868000
1723161132227 26.59444444444444 872000
1723161144790 29.855555555555554 876000
1723161156943 26.288235294117644 880000
1723161169366 27.42777777777778 884000
1723161181896 27.13888888888889 888000
1723161194367 26.86470588235294 892000
1723161206517 26.933333333333334 896000
1723161218502 26.625 900000
1723161231035 26.35555555555556 904000
1723161243432 27.5 908000
1723161255370 26.194117647058825 912000
1723161267607 29.94117647058824 916000
1723161279720 26.488888888888887 920000
1723161292036 27.91176470588235 924000
1723161304011 26.54705882352941 928000
1723161316122 25.88823529411765 932000
1723161328488 26.67777777777778 936000
1723161340637 25.764705882352942 940000
1723161353116 25.788888888888888 944000
1723161365630 26.370588235294115 948000
1723161378390 28.77777777777778 952000
1723161391176 29.011111111111113 956000
1723161403132 26.011764705882353 960000
1723161415496 26.266666666666666 964000
1723161428053 25.63888888888889 968000
1723161439968 26.18125 972000
1723161452536 26.633333333333336 976000
1723161464784 26.077777777777776 980000
1723161477282 27.894117647058824 984000
1723161490009 37.09444444444444 988000
1723161502726 35.227777777777774 992000
1723161515144 31.111111111111118 996000
1723161527486 30.529411764705884 1000000
1723161540423 32.27777777777778 1004000
1723161552943 29.09444444444445 1008000
1723161565537 27.155555555555555 1012000
1723161577907 25.55294117647059 1016000
1723161590283 25.922222222222224 1020000
1723161602216 25.817647058823532 1024000
1723161614598 27.964705882352945 1028000
1723161626820 29.11111111111111 1032000
1723161639070 25.905882352941177 1036000
1723161651230 26.441176470588236 1040000
1723161663584 26.266666666666666 1044000
1723161675761 26.18235294117647 1048000
1723161687843 26.929411764705886 1052000
1723161699583 26.25294117647059 1056000
1723161711884 26.847058823529412 1060000
1723161723748 26.258823529411764 1064000
1723161735762 26.11764705882353 1068000
1723161747986 29.49411764705882 1072000
1723161760375 26.223529411764705 1076000
1723161773095 27.08888888888889 1080000
1723161785816 27.333333333333336 1084000
1723161798200 28.605555555555554 1088000
1723161810666 26.62777777777778 1092000
1723161823106 27.5764705882353 1096000
1723161835584 27.194444444444443 1100000
1723161847339 26.150000000000002 1104000
1723161859616 25.722222222222218 1108000
1723161871973 29.91764705882353 1112000
1723161883988 25.570588235294114 1116000
1723161896080 26.447058823529414 1120000
1723161908163 26.776470588235295 1124000
1723161920456 25.349999999999998 1128000
1723161932752 26.541176470588233 1132000
1723161945216 29.177777777777774 1136000
1723161957384 27.27058823529412 1140000
1723161969648 29.21764705882353 1144000
1723161982403 30.59444444444445 1148000
1723161994756 33.76111111111112 1152000
1723162007129 26.96470588235294 1156000
1723162019569 26.361111111111107 1160000
1723162032136 31.13333333333334 1164000
1723162044603 28.2 1168000
1723162057270 29.855555555555554 1172000
1723162069666 27.22222222222222 1176000
1723162082687 27.572222222222223 1180000
1723162095083 26.249999999999996 1184000
1723162108159 32.16111111111111 1188000
1723162120776 27.055555555555557 1192000
1723162133445 28.33888888888889 1196000
1723162146074 26.522222222222222 1200000
