1723217327507 4000.0 4000
1723217342745 8000.0 8000
1723217358092 12000.0 12000
1723217373406 16000.0 16000
1723217388827 20000.0 20000
1723217404229 24000.0 24000
1723217419598 28000.0 28000
1723217434806 32000.0 32000
1723217450174 36000.0 36000
1723217465738 40000.0 40000
1723217481252 44000.0 44000
1723217496606 48000.0 48000
1723217511948 52000.0 52000
1723217527227 56000.0 56000
1723217542528 60000.0 60000
1723217557814 64000.0 64000
1723217573110 68000.0 68000
1723217588726 72000.0 72000
1723217604133 76000.0 76000
1723217621322 80000.0 80000
1723217639444 84000.0 84000
1723217657335 88000.0 88000
1723217674723 92000.0 92000
1723217691872 96000.0 96000
1723217709610 100000.0 100000
1723217727039 104000.0 104000
1723217744503 108000.0 108000
1723217762383 112000.0 112000
1723217780439 116000.0 116000
1723217799508 120000.0 120000
1723217817255 124000.0 124000
1723217834868 128000.0 128000
1723217852443 132000.0 132000
1723217869832 136000.0 136000
1723217887122 140000.0 140000
1723217904127 144000.0 144000
1723217920748 148000.0 148000
1723217937782 152000.0 152000
1723217954831 156000.0 156000
1723217972229 160000.0 160000
1723217989531 164000.0 164000
1723218006868 168000.0 168000
1723218024184 172000.0 172000
1723218041497 176000.0 176000
1723218059792 180000.0 180000
1723218077261 184000.0 184000
1723218094139 188000.0 188000
1723218111923 192000.0 192000
1723218129500 196000.0 196000
1723218147125 200000.0 200000
1723218163945 204000.0 204000
1723218181055 208000.0 208000
1723218197876 212000.0 212000
1723218216423 216000.0 216000
1723218233472 220000.0 220000
1723218250363 224000.0 224000
1723218267452 228000.0 228000
1723218284755 232000.0 232000
1723218301848 236000.0 236000
1723218318803 240000.0 240000
1723218335833 244000.0 244000
1723218352745 248000.0 248000
1723218370055 252000.0 252000
1723218386444 256000.0 256000
1723218403140 260000.0 260000
1723218420241 264000.0 264000
1723218437865 268000.0 268000
1723218455372 272000.0 272000
1723218474244 276000.0 276000
1723218491364 280000.0 280000
1723218508544 284000.0 284000
1723218525552 288000.0 288000
1723218541927 292000.0 292000
1723218559243 296000.0 296000
1723218576454 300000.0 300000
1723218594910 304000.0 304000
1723218611809 308000.0 308000
1723218629062 312000.0 312000
1723218645628 316000.0 316000
1723218662962 320000.0 320000
1723218679944 324000.0 324000
1723218696869 328000.0 328000
1723218821420 332000.0 332000
1723218838790 336000.0 336000
1723218855707 340000.0 340000
1723218872709 344000.0 344000
1723218891810 348000.0 348000
1723218908405 352000.0 352000
1723218924965 356000.0 356000
1723218941330 360000.0 360000
1723218958326 364000.0 364000
1723218975132 368000.0 368000
1723218998640 372000.0 372000
1723219018654 376000.0 376000
1723219035817 380000.0 380000
1723219052663 384000.0 384000
1723219071110 388000.0 388000
1723219087996 392000.0 392000
1723219104639 396000.0 396000
1723219121637 400000.0 400000
1723219138477 404000.0 404000
1723219155847 408000.0 408000
1723219173064 412000.0 412000
1723219190731 416000.0 416000
1723219208207 420000.0 420000
1723219225442 424000.0 424000
1723219241829 428000.0 428000
1723219258131 432000.0 432000
1723219274781 436000.0 436000
1723219290838 440000.0 440000
1723219306985 444000.0 444000
1723219322740 448000.0 448000
1723219339876 452000.0 452000
1723219358099 456000.0 456000
1723219375619 460000.0 460000
1723219392139 464000.0 464000
1723219408681 468000.0 468000
1723219425178 472000.0 472000
1723219442524 476000.0 476000
1723219458897 480000.0 480000
1723219475656 484000.0 484000
1723219492424 488000.0 488000
1723219509038 492000.0 492000
1723219525665 496000.0 496000
1723219541924 500000.0 500000
1723219558323 504000.0 504000
1723219574725 508000.0 508000
1723219591074 512000.0 512000
1723219606483 516000.0 516000
1723219622830 520000.0 520000
1723219640204 524000.0 524000
1723219656990 528000.0 528000
1723219673933 532000.0 532000
1723219690178 536000.0 536000
1723219706380 540000.0 540000
1723219722652 544000.0 544000
1723219739163 548000.0 548000
1723219757176 552000.0 552000
1723219774046 556000.0 556000
1723219791137 560000.0 560000
1723219807882 564000.0 564000
1723219825284 568000.0 568000
1723219842196 572000.0 572000
1723219858669 576000.0 576000
1723219876116 580000.0 580000
1723219891571 584000.0 584000
1723219907207 588000.0 588000
1723219922996 592000.0 592000
1723219939727 596000.0 596000
1723219956191 600000.0 600000
1723219972221 604000.0 604000
1723219988179 608000.0 608000
1723220004893 612000.0 612000
1723220021115 616000.0 616000
1723220037489 620000.0 620000
1723220054722 624000.0 624000
1723220071750 628000.0 628000
1723220088521 632000.0 632000
1723220104839 636000.0 636000
1723220121184 640000.0 640000
1723220137504 644000.0 644000
1723220153490 648000.0 648000
1723220169576 652000.0 652000
1723220186460 656000.0 656000
1723220202844 660000.0 660000
1723220219270 664000.0 664000
1723220235578 668000.0 668000
1723220252308 672000.0 672000
1723220268660 676000.0 676000
1723220285366 680000.0 680000
1723220302154 684000.0 684000
1723220318691 688000.0 688000
1723220335494 692000.0 692000
1723220351618 696000.0 696000
1723220368013 700000.0 700000
1723220383891 704000.0 704000
1723220400007 708000.0 708000
1723220415979 712000.0 712000
1723220432874 716000.0 716000
1723220448573 720000.0 720000
1723220464984 724000.0 724000
1723220481650 728000.0 728000
1723220498756 732000.0 732000
1723220515535 736000.0 736000
1723220532005 740000.0 740000
1723220548689 744000.0 744000
1723220565178 748000.0 748000
1723220581650 752000.0 752000
1723220598491 756000.0 756000
1723220614680 760000.0 760000
1723220629383 764000.0 764000
1723220643156 768000.0 768000
1723220657042 772000.0 772000
1723220671563 776000.0 776000
1723220686010 780000.0 780000
1723220700236 784000.0 784000
1723220714235 788000.0 788000
1723220728660 792000.0 792000
1723220742871 796000.0 796000
1723220756643 800000.0 800000
1723220770429 804000.0 804000
1723220784531 808000.0 808000
1723220798562 812000.0 812000
1723220812437 816000.0 816000
1723220826152 820000.0 820000
1723220839875 824000.0 824000
1723220859486 828000.0 828000
1723220874336 832000.0 832000
1723220888572 836000.0 836000
1723220902279 840000.0 840000
1723220916516 844000.0 844000
1723220930608 848000.0 848000
1723220944131 852000.0 852000
1723220958300 856000.0 856000
1723220972333 860000.0 860000
1723220986695 864000.0 864000
1723221000949 868000.0 868000
1723221014971 872000.0 872000
1723221029208 876000.0 876000
1723221043411 880000.0 880000
1723221057343 884000.0 884000
1723221071202 888000.0 888000
1723221085080 892000.0 892000
1723221099224 896000.0 896000
1723221113321 900000.0 900000
1723221127147 904000.0 904000
1723221141235 908000.0 908000
1723221155959 912000.0 912000
1723221169866 916000.0 916000
1723221184306 920000.0 920000
1723221198391 924000.0 924000
1723221212322 928000.0 928000
1723221226442 932000.0 932000
1723221240268 936000.0 936000
1723221253928 940000.0 940000
1723221268461 944000.0 944000
1723221282612 948000.0 948000
1723221297262 952000.0 952000
1723221311327 956000.0 956000
1723221325971 960000.0 960000
1723221340136 964000.0 964000
1723221354026 968000.0 968000
1723221368453 972000.0 972000
1723221382745 976000.0 976000
1723221396697 980000.0 980000
1723221410786 984000.0 984000
1723221424996 988000.0 988000
1723221438925 992000.0 992000
1723221453583 996000.0 996000
1723221467759 1000000.0 1000000
1723221481976 1004000.0 1004000
1723221496433 1008000.0 1008000
1723221510519 1012000.0 1012000
1723221523995 1016000.0 1016000
1723221538461 1020000.0 1020000
1723221552736 1024000.0 1024000
1723221567103 1028000.0 1028000
1723221581231 1032000.0 1032000
1723221594905 1036000.0 1036000
1723221609114 1040000.0 1040000
1723221623218 1044000.0 1044000
1723221637125 1048000.0 1048000
1723221651211 1052000.0 1052000
1723221665145 1056000.0 1056000
1723221678952 1060000.0 1060000
1723221693505 1064000.0 1064000
1723221707808 1068000.0 1068000
1723221722157 1072000.0 1072000
1723221736127 1076000.0 1076000
1723221750436 1080000.0 1080000
1723221763992 1084000.0 1084000
1723221777819 1088000.0 1088000
1723221791776 1092000.0 1092000
1723221805712 1096000.0 1096000
1723221820251 1100000.0 1100000
1723221834486 1104000.0 1104000
1723221848824 1108000.0 1108000
1723221863381 1112000.0 1112000
1723221876978 1116000.0 1116000
1723221890134 1120000.0 1120000
1723221903695 1124000.0 1124000
1723221917586 1128000.0 1128000
1723221930886 1132000.0 1132000
1723221944541 1136000.0 1136000
1723221958108 1140000.0 1140000
1723221971595 1144000.0 1144000
1723221986435 1148000.0 1148000
1723221999770 1152000.0 1152000
1723222013406 1156000.0 1156000
1723222026846 1160000.0 1160000
1723222040481 1164000.0 1164000
1723222054893 1168000.0 1168000
1723222068755 1172000.0 1172000
1723222082671 1176000.0 1176000
1723222096552 1180000.0 1180000
1723222110777 1184000.0 1184000
1723222123885 1188000.0 1188000
1723222136876 1192000.0 1192000
1723222149396 1196000.0 1196000
1723222162164 1200000.0 1200000
1723222175261 1204000.0 1204000
1723222188760 1208000.0 1208000
1723222202232 1212000.0 1212000
1723222215233 1216000.0 1216000
1723222228952 1220000.0 1220000
1723222242121 1224000.0 1224000
1723222255146 1228000.0 1228000
1723222268308 1232000.0 1232000
1723222281492 1236000.0 1236000
1723222295247 1240000.0 1240000
1723222308763 1244000.0 1244000
1723222322445 1248000.0 1248000
1723222335199 1252000.0 1252000
1723222348624 1256000.0 1256000
1723222361212 1260000.0 1260000
1723222374087 1264000.0 1264000
1723222386793 1268000.0 1268000
1723222399926 1272000.0 1272000
1723222413281 1276000.0 1276000
1723222426944 1280000.0 1280000
1723222440270 1284000.0 1284000
1723222453839 1288000.0 1288000
1723222467605 1292000.0 1292000
1723222480604 1296000.0 1296000
1723222493982 1300000.0 1300000
1723222507064 1304000.0 1304000
1723222520123 1308000.0 1308000
1723222533909 1312000.0 1312000
1723222547107 1316000.0 1316000
1723222560640 1320000.0 1320000
1723222574190 1324000.0 1324000
1723222587814 1328000.0 1328000
1723222600995 1332000.0 1332000
1723222614049 1336000.0 1336000
1723222627158 1340000.0 1340000
1723222639773 1344000.0 1344000
1723222653997 1348000.0 1348000
1723222666969 1352000.0 1352000
1723222680520 1356000.0 1356000
1723222694062 1360000.0 1360000
1723222707117 1364000.0 1364000
1723222720607 1368000.0 1368000
1723222733902 1372000.0 1372000
1723222747154 1376000.0 1376000
1723222760427 1380000.0 1380000
1723222773938 1384000.0 1384000
1723222787405 1388000.0 1388000
1723222800579 1392000.0 1392000
1723222813778 1396000.0 1396000
1723222828045 1400000.0 1400000
1723222841762 1404000.0 1404000
1723222855078 1408000.0 1408000
1723222868562 1412000.0 1412000
1723222881975 1416000.0 1416000
1723222895743 1420000.0 1420000
1723222908810 1424000.0 1424000
1723222922255 1428000.0 1428000
1723222935916 1432000.0 1432000
1723222949642 1436000.0 1436000
1723222963222 1440000.0 1440000
1723222976413 1444000.0 1444000
1723222990343 1448000.0 1448000
1723223003729 1452000.0 1452000
1723223016997 1456000.0 1456000
1723223030079 1460000.0 1460000
1723223042758 1464000.0 1464000
1723223056145 1468000.0 1468000
1723223070055 1472000.0 1472000
1723223083709 1476000.0 1476000
1723223097223 1480000.0 1480000
1723223110338 1484000.0 1484000
1723223124755 1488000.0 1488000
1723223138652 1492000.0 1492000
1723223152220 1496000.0 1496000
1723223166321 1500000.0 1500000
1723223179596 1504000.0 1504000
1723223193391 1508000.0 1508000
1723223206752 1512000.0 1512000
1723223219818 1516000.0 1516000
1723223232974 1520000.0 1520000
1723223246553 1524000.0 1524000
1723223259802 1528000.0 1528000
1723223273331 1532000.0 1532000
1723223286803 1536000.0 1536000
1723223300803 1540000.0 1540000
1723223314058 1544000.0 1544000
1723223327305 1548000.0 1548000
1723223340632 1552000.0 1552000
1723223354127 1556000.0 1556000
1723223367595 1560000.0 1560000
1723223380754 1564000.0 1564000
1723223393679 1568000.0 1568000
1723223407200 1572000.0 1572000
1723223420628 1576000.0 1576000
1723223434275 1580000.0 1580000
1723223447394 1584000.0 1584000
1723223460586 1588000.0 1588000
1723223473913 1592000.0 1592000
1723223487956 1596000.0 1596000
1723223501100 1600000.0 1600000
1723223514329 1604000.0 1604000
1723223527853 1608000.0 1608000
1723224061963 1612000.0 1612000
1723224075807 1616000.0 1616000
1723224088936 1620000.0 1620000
1723224102233 1624000.0 1624000
1723224274506 1628000.0 1628000
1723224291324 1632000.0 1632000
1723224305034 1636000.0 1636000
1723224319939 1640000.0 1640000
1723224332967 1644000.0 1644000
1723224345791 1648000.0 1648000
1723224359016 1652000.0 1652000
1723224372676 1656000.0 1656000
1723224386745 1660000.0 1660000
1723224418173 1664000.0 1664000
1723224438050 1668000.0 1668000
1723224844363 1672000.0 1672000
1723224857797 1676000.0 1676000
1723224870205 1680000.0 1680000
1723225074197 1684000.0 1684000
1723225091688 1688000.0 1688000
1723225104935 1692000.0 1692000
1723225148435 1696000.0 1696000
1723225161584 1700000.0 1700000
1723225174355 1704000.0 1704000
1723225187260 1708000.0 1708000
1723225259184 1712000.0 1712000
1723225271430 1716000.0 1716000
1723225283878 1720000.0 1720000
1723225296420 1724000.0 1724000
1723226305997 1728000.0 1728000
1723226318405 1732000.0 1732000
1723226331185 1736000.0 1736000
1723226344078 1740000.0 1740000
1723226356721 1744000.0 1744000
1723226369013 1748000.0 1748000
1723226382077 1752000.0 1752000
1723226394343 1756000.0 1756000
1723226406837 1760000.0 1760000
1723226419334 1764000.0 1764000
1723226431755 1768000.0 1768000
1723226444174 1772000.0 1772000
1723226456576 1776000.0 1776000
1723226468878 1780000.0 1780000
1723226481645 1784000.0 1784000
1723226493701 1788000.0 1788000
1723226506031 1792000.0 1792000
1723226518647 1796000.0 1796000
1723226530788 1800000.0 1800000
1723226543101 1804000.0 1804000
1723226555649 1808000.0 1808000
1723226568028 1812000.0 1812000
1723226580397 1816000.0 1816000
1723226592773 1820000.0 1820000
1723226604776 1824000.0 1824000
1723226617014 1828000.0 1828000
1723226629633 1832000.0 1832000
1723226642233 1836000.0 1836000
1723226654370 1840000.0 1840000
1723226666696 1844000.0 1844000
1723226678918 1848000.0 1848000
1723226691333 1852000.0 1852000
1723226703672 1856000.0 1856000
1723226715759 1860000.0 1860000
1723226728427 1864000.0 1864000
1723226740754 1868000.0 1868000
1723226753205 1872000.0 1872000
1723226765463 1876000.0 1876000
1723226777492 1880000.0 1880000
1723226789604 1884000.0 1884000
1723226801814 1888000.0 1888000
1723226814025 1892000.0 1892000
1723226826173 1896000.0 1896000
1723226838901 1900000.0 1900000
1723226851066 1904000.0 1904000
1723226863359 1908000.0 1908000
1723226875589 1912000.0 1912000
1723226887578 1916000.0 1916000
1723226899744 1920000.0 1920000
1723226911406 1924000.0 1924000
1723226923189 1928000.0 1928000
1723226935270 1932000.0 1932000
1723226948507 1936000.0 1936000
1723226965051 1940000.0 1940000
1723226981351 1944000.0 1944000
1723226999791 1948000.0 1948000
1723227017743 1952000.0 1952000
1723227035334 1956000.0 1956000
1723227053240 1960000.0 1960000
1723227071316 1964000.0 1964000
1723227089350 1968000.0 1968000
1723227106717 1972000.0 1972000
1723227123595 1976000.0 1976000
1723227139111 1980000.0 1980000
1723227155026 1984000.0 1984000
1723227170210 1988000.0 1988000
1723227185184 1992000.0 1992000
1723227203050 1996000.0 1996000
1723227218882 2000000.0 2000000
