1723157948692 0.0 4000
1723157966427 0.0 8000
1723157984337 0.0 12000
1723157998285 0.0 16000
1723158011266 0.0 20000
1723158024085 0.0 24000
1723158037026 0.0 28000
1723158050910 0.0 32000
1723158065124 0.0 36000
1723158079134 0.0 40000
1723158093225 0.0 44000
1723158107366 0.0 48000
1723158121433 0.0 52000
1723158135473 0.0 56000
1723158149230 0.0 60000
1723158163274 0.0 64000
1723158177277 0.0 68000
1723158191685 0.0 72000
1723158205828 0.0 76000
1723158220108 0.0 80000
1723158234107 0.0 84000
1723158248239 0.0 88000
1723158262257 0.0 92000
1723158276250 0.0 96000
1723158290121 0.0 100000
1723158304291 0.0 104000
1723158319178 0.0 108000
1723158333649 0.0 112000
1723158348213 0.0 116000
1723158362637 0.0 120000
1723158377110 0.0 124000
1723158392842 0.0 128000
1723158414778 0.0 132000
1723158430071 0.0 136000
1723158444657 0.0 140000
1723158458982 0.0 144000
1723158473375 0.0 148000
1723158487784 0.0 152000
1723158501903 0.0 156000
1723158516146 0.0 160000
1723158530525 0.0 164000
1723158545566 0.0 168000
1723158560295 0.0 172000
1723158575018 0.0 176000
1723158589529 0.0 180000
1723158603482 0.0 184000
1723158617269 0.0 188000
1723158631375 0.0 192000
1723158645181 0.0 196000
1723158658736 0.0 200000
1723158672864 0.0 204000
1723158687412 0.0 208000
1723158701638 0.0 212000
1723158715806 0.0 216000
1723158730268 0.0 220000
1723158744594 0.0 224000
1723158758491 0.0 228000
1723158772779 0.0 232000
1723158786658 0.0 236000
1723158800647 0.0 240000
1723158814606 0.0 244000
1723158829045 0.0 248000
1723158842538 0.0 252000
1723158856393 0.0 256000
1723158870669 0.0 260000
1723158885404 0.0 264000
1723158899342 0.0 268000
1723158913944 0.0 272000
1723158928315 0.0 276000
1723158942281 0.0 280000
1723158955918 0.0 284000
1723158969799 0.0 288000
1723158983826 0.0 292000
1723158997335 0.0 296000
1723159010900 0.0 300000
1723159024474 0.0 304000
1723159041386 0.0 308000
1723159061420 0.0 312000
1723159081119 0.0 316000
1723159096094 0.0 320000
1723159109844 0.0 324000
1723159123376 0.0 328000
1723159137147 0.0 332000
1723159151074 0.0 336000
1723159164692 0.0 340000
1723159178361 0.0 344000
1723159192383 0.0 348000
1723159205685 0.0 352000
1723159218882 0.0 356000
1723159232509 0.0 360000
1723159246766 0.0 364000
1723159260161 0.0 368000
1723159273456 0.0 372000
1723159287058 0.0 376000
1723159301098 0.0 380000
1723159315226 0.0 384000
1723159329035 0.0 388000
1723159343048 0.0 392000
1723159356720 0.0 396000
1723159370497 0.0 400000
1723159384778 0.0 404000
1723159399003 0.0 408000
1723159412461 0.0 412000
1723159431053 0.0 416000
1723159446389 0.0 420000
1723159460577 0.0 424000
1723159474861 0.0 428000
1723159488968 0.0 432000
1723159502419 0.0 436000
1723159515653 0.0 440000
1723159528950 0.0 444000
1723159542631 0.0 448000
1723159556249 0.0 452000
1723159583023 0.0 456000
1723159601079 0.0 460000
1723159618321 0.0 464000
1723159636508 0.0 468000
1723159654263 0.0 472000
1723159674017 0.0 476000
1723159692920 0.0 480000
1723159710312 0.0 484000
1723159724955 0.0 488000
1723159738629 0.0 492000
1723159751918 0.0 496000
1723159765635 0.0 500000
1723159779324 0.0 504000
1723159793055 0.0 508000
1723159806555 0.0 512000
1723159819909 0.0 516000
1723159834676 0.0 520000
1723159848622 0.0 524000
1723159863079 0.0 528000
1723159877361 0.0 532000
1723159891393 0.0 536000
1723159905573 0.0 540000
1723159919829 0.0 544000
1723159934179 0.0 548000
1723159948052 0.0 552000
1723159962167 0.0 556000
1723159976434 0.0 560000
1723159989938 0.0 564000
1723160003553 0.0 568000
1723160017368 0.0 572000
1723160031074 0.0 576000
1723160044783 0.0 580000
1723160063079 0.0 584000
1723160081289 0.0 588000
1723160099149 0.0 592000
1723160117057 0.0 596000
1723160130369 0.0 600000
1723160142889 0.0 604000
1723160155487 0.0 608000
1723160168027 0.0 612000
1723160180788 0.0 616000
1723160194110 0.0 620000
1723160206849 0.0 624000
1723160219789 0.0 628000
1723160232668 0.0 632000
1723160245033 0.0 636000
1723160257894 0.0 640000
1723160274843 0.0 644000
1723160292073 0.0 648000
1723160309409 0.0 652000
1723160326959 0.0 656000
1723160345114 0.0 660000
1723160362669 0.0 664000
1723160376967 0.0 668000
1723160390016 0.0 672000
1723160403501 0.0 676000
1723160424866 0.0 680000
1723160442735 0.0 684000
1723160460992 0.0 688000
1723160479369 0.0 692000
1723160493582 0.0 696000
1723160506754 0.0 700000
1723160523361 0.0 704000
1723160541328 0.0 708000
1723160560159 0.0 712000
1723160578847 0.0 716000
1723160596230 0.0 720000
1723160614237 0.0 724000
1723160634985 0.0 728000
1723160653667 0.0 732000
1723160672978 0.0 736000
1723160687865 0.0 740000
1723160702091 0.0 744000
1723160715675 0.0 748000
1723160729193 0.0 752000
1723160743704 0.0 756000
1723160756856 0.0 760000
1723160770745 0.0 764000
1723160783614 0.0 768000
1723160796229 0.0 772000
1723160808850 0.0 776000
1723160822453 0.0 780000
1723160835257 0.0 784000
1723160848175 0.0 788000
1723160861052 0.0 792000
1723160873917 0.0 796000
1723160887733 0.0 800000
1723160900946 0.0 804000
1723160913963 0.0 808000
1723160926631 0.0 812000
1723160939211 0.0 816000
1723160953153 0.0 820000
1723160970948 0.0 824000
1723160991087 0.0 828000
1723161004956 0.0 832000
1723161018170 0.0 836000
1723161031868 0.0 840000
1723161044388 0.0 844000
1723161057096 0.0 848000
1723161069890 0.0 852000
1723161082599 0.0 856000
1723161094985 0.0 860000
1723161107795 0.0 864000
1723161119810 0.0 868000
1723161132228 0.0 872000
1723161144791 0.0 876000
1723161156944 0.0 880000
1723161169367 0.0 884000
1723161181897 0.0 888000
1723161194368 0.0 892000
1723161206518 0.0 896000
1723161218503 0.0 900000
1723161231035 0.0 904000
1723161243432 0.0 908000
1723161255371 0.0 912000
1723161267608 0.0 916000
1723161279721 0.0 920000
1723161292036 0.0 924000
1723161304012 0.0 928000
1723161316123 0.0 932000
1723161328488 0.0 936000
1723161340638 0.0 940000
1723161353117 0.0 944000
1723161365631 0.0 948000
1723161378391 0.0 952000
1723161391176 0.0 956000
1723161403133 0.0 960000
1723161415496 0.0 964000
1723161428054 0.0 968000
1723161439969 0.0 972000
1723161452537 0.0 976000
1723161464784 0.0 980000
1723161477283 0.0 984000
1723161490010 0.0 988000
1723161502727 0.0 992000
1723161515145 0.0 996000
1723161527486 0.0 1000000
1723161540423 0.0 1004000
1723161552944 0.0 1008000
1723161565537 0.0 1012000
1723161577908 0.0 1016000
1723161590284 0.0 1020000
1723161602217 0.0 1024000
1723161614599 0.0 1028000
1723161626821 0.0 1032000
1723161639071 0.0 1036000
1723161651231 0.0 1040000
1723161663584 0.0 1044000
1723161675761 0.0 1048000
1723161687844 0.0 1052000
1723161699584 0.0 1056000
1723161711885 0.0 1060000
1723161723749 0.0 1064000
1723161735763 0.0 1068000
1723161747986 0.0 1072000
1723161760375 0.0 1076000
1723161773096 0.0 1080000
1723161785817 0.0 1084000
1723161798201 0.0 1088000
1723161810666 0.0 1092000
1723161823107 0.0 1096000
1723161835584 0.0 1100000
1723161847339 0.0 1104000
1723161859617 0.0 1108000
1723161871974 0.0 1112000
1723161883989 0.0 1116000
1723161896080 0.0 1120000
1723161908164 0.0 1124000
1723161920457 0.0 1128000
1723161932753 0.0 1132000
1723161945217 0.0 1136000
1723161957384 0.0 1140000
1723161969648 0.0 1144000
1723161982404 0.0 1148000
1723161994757 0.0 1152000
1723162007130 0.0 1156000
1723162019569 0.0 1160000
1723162032137 0.0 1164000
1723162044604 0.0 1168000
1723162057271 0.0 1172000
1723162069667 0.0 1176000
1723162082688 0.0 1180000
1723162095083 0.0 1184000
1723162108160 0.0 1188000
1723162120777 0.0 1192000
1723162133445 0.0 1196000
1723162146075 0.0 1200000
