1723173953628 3.7254901960784315 4000
1723173968261 5.679012345679013 8000
1723173984104 5.37037037037037 12000
1723173999080 6.049382716049383 16000
1723174014656 9.044585987261147 20000
1723174030091 7.405063291139241 24000
1723174046332 6.604938271604938 28000
1723174061218 6.790123456790123 32000
1723174078169 9.745222929936306 36000
1723174093325 5.987654320987654 40000
1723174108162 8.79746835443038 44000
1723174124673 7.592592592592593 48000
1723174139244 7.32484076433121 52000
1723174153137 8.08641975308642 56000
1723174167307 10.37037037037037 60000
1723174181416 9.430379746835444 64000
1723174195994 12.229299363057326 68000
1723174209799 11.11111111111111 72000
1723174224063 15.74074074074074 76000
1723174238075 9.753086419753087 80000
1723174252304 13.986928104575163 84000
1723174266652 13.518518518518519 88000
1723174280786 15.987654320987655 92000
1723174294676 13.703703703703704 96000
1723174308613 16.54320987654321 100000
1723174322337 12.941176470588236 104000
1723174335979 15.925925925925926 108000
1723174350331 15.74074074074074 112000
1723174364328 15.864197530864198 116000
1723174378736 15.031847133757962 120000
1723174394119 18.9873417721519 124000
1723174408341 17.469135802469136 128000
1723174422237 14.506172839506172 132000
1723174436590 13.121019108280255 136000
1723174450664 13.333333333333334 140000
1723174464527 15.632911392405063 144000
1723174478441 18.209876543209877 148000
1723174492148 16.687898089171973 152000
1723174505749 17.901234567901234 156000
1723174519158 16.728395061728396 160000
1723174532554 15.822784810126583 164000
1723174546877 15.796178343949045 168000
1723174560430 18.395061728395063 172000
1723174574347 17.77777777777778 176000
1723174588856 15.0 180000
1723174602430 12.875816993464053 184000
1723174616137 15.0 188000
1723174630059 15.123456790123457 192000
1723174643596 16.85185185185185 196000
1723174657289 14.691358024691358 200000
1723174671290 15.882352941176471 204000
1723174684862 13.88888888888889 208000
1723174698589 14.25925925925926 212000
1723174711795 18.271604938271604 216000
1723174725152 14.012738853503185 220000
1723174739047 16.075949367088608 224000
1723174752360 14.012345679012345 228000
1723174765876 12.716049382716049 232000
1723174779156 14.45859872611465 236000
1723174792754 12.839506172839506 240000
1723174806486 13.227848101265822 244000
1723174820219 15.432098765432098 248000
1723174833660 13.184713375796179 252000
1723174846807 14.691358024691358 256000
1723174860308 12.345679012345679 260000
1723174874148 11.582278481012658 264000
1723174887737 12.611464968152866 268000
1723174901064 13.395061728395062 272000
1723174914700 13.08641975308642 276000
1723174927724 16.234567901234566 280000
1723174941103 8.235294117647058 284000
1723174954264 12.839506172839506 288000
1723174967754 12.098765432098766 292000
1723174981008 12.901234567901234 296000
1723174994300 15.0 300000
1723175007679 12.875816993464053 304000
1723175021043 13.88888888888889 308000
1723175034404 11.604938271604938 312000
1723175047491 12.469135802469136 316000
1723175060467 13.121019108280255 320000
1723175073952 10.759493670886076 324000
1723175087332 13.024691358024691 328000
1723175100607 10.864197530864198 332000
1723175113760 12.929936305732484 336000
1723175127377 12.592592592592593 340000
1723175140609 14.367088607594937 344000
1723175153966 11.666666666666666 348000
1723175167560 11.78343949044586 352000
1723175181352 13.333333333333334 356000
1723175194541 13.024691358024691 360000
1723175208620 13.860759493670885 364000
1723175221303 14.64968152866242 368000
1723175234250 12.716049382716049 372000
1723175248036 12.469135802469136 376000
1723175261298 11.234567901234568 380000
1723175275210 11.50326797385621 384000
1723175288843 10.432098765432098 388000
1723175302406 9.135802469135802 392000
1723175315709 10.679012345679013 396000
1723175329270 9.876543209876543 400000
1723175342521 10.392156862745098 404000
1723175355777 10.864197530864198 408000
1723175369033 11.728395061728396 412000
1723175382105 11.790123456790123 416000
1723175395860 11.273885350318471 420000
1723175409484 11.89873417721519 424000
1723175423004 10.802469135802468 428000
1723175436316 11.481481481481481 432000
1723175449746 11.146496815286625 436000
1723175462894 12.283950617283951 440000
1723175476064 8.924050632911392 444000
1723175490496 9.938271604938272 448000
1723175503489 12.420382165605096 452000
1723175517130 9.567901234567902 456000
1723175530030 10.493827160493828 460000
1723175543144 10.632911392405063 464000
1723175555099 11.78343949044586 468000
1723175567945 10.493827160493828 472000
1723175581178 8.765432098765432 476000
1723175594547 12.160493827160494 480000
1723175608030 13.006535947712418 484000
1723175621279 10.246913580246913 488000
1723175634935 10.37037037037037 492000
1723175648844 10.864197530864198 496000
1723175662502 12.222222222222221 500000
1723175675879 10.784313725490197 504000
1723175689650 11.91358024691358 508000
1723175703496 8.333333333333334 512000
1723175717487 10.617283950617283 516000
1723175731083 10.573248407643312 520000
1723175744908 12.278481012658228 524000
1723175758897 8.395061728395062 528000
1723175773235 9.197530864197532 532000
1723175786696 10.445859872611464 536000
1723175800468 13.024691358024691 540000
1723175813534 10.063291139240507 544000
1723175826542 10.432098765432098 548000
1723175839808 10.636942675159236 552000
1723175853360 8.641975308641975 556000
1723175867613 9.506172839506172 560000
1723175881427 9.810126582278482 564000
1723175894851 10.254777070063694 568000
1723175910154 10.37037037037037 572000
1723175924117 7.469135802469136 576000
1723175937021 9.876543209876543 580000
1723175950566 11.372549019607844 584000
1723175963569 9.012345679012345 588000
1723175976862 8.950617283950617 592000
1723175990771 11.234567901234568 596000
1723176005498 12.407407407407407 600000
1723176019115 10.326797385620916 604000
1723176032562 10.0 608000
1723176045670 10.925925925925926 612000
1723176058103 10.123456790123457 616000
1723176071835 9.617834394904458 620000
1723176085575 10.443037974683545 624000
1723176099261 9.197530864197532 628000
1723176113446 9.320987654320987 632000
1723176126583 7.643312101910828 636000
1723176140599 10.679012345679013 640000
1723176153269 8.734177215189874 644000
1723176166511 11.604938271604938 648000
1723176180343 10.063694267515924 652000
1723176194046 10.0 656000
1723176207546 9.814814814814815 660000
1723176220817 11.20253164556962 664000
1723176234811 8.662420382165605 668000
1723176247860 11.481481481481481 672000
1723176261558 10.987654320987655 676000
1723176274861 7.901234567901234 680000
1723176289190 10.392156862745098 684000
1723176302256 9.444444444444445 688000
1723176314522 7.901234567901234 692000
1723176327948 12.160493827160494 696000
1723176341341 7.283950617283951 700000
1723176354763 9.607843137254902 704000
1723176368486 9.012345679012345 708000
1723176382049 10.246913580246913 712000
1723176395403 9.320987654320987 716000
1723176409354 9.490445859872612 720000
1723176423264 9.810126582278482 724000
1723176436539 12.654320987654321 728000
1723176448926 9.25925925925926 732000
1723176462229 9.044585987261147 736000
1723176475879 11.419753086419753 740000
1723176489193 8.924050632911392 744000
1723176502996 9.62962962962963 748000
1723176516422 10.89171974522293 752000
1723176529973 10.308641975308642 756000
1723176543288 11.851851851851851 760000
1723176556943 10.443037974683545 764000
1723176569961 8.980891719745223 768000
1723176583683 11.54320987654321 772000
1723176597520 10.617283950617283 776000
1723176610784 11.234567901234568 780000
1723176624218 12.026143790849673 784000
1723176637354 10.679012345679013 788000
1723176650680 12.037037037037036 792000
1723176663768 10.432098765432098 796000
1723176677078 10.246913580246913 800000
1723176691005 10.130718954248366 804000
1723176704855 8.209876543209877 808000
1723176718271 9.691358024691358 812000
1723176731538 8.45679012345679 816000
1723176744768 8.21656050955414 820000
1723176758027 10.253164556962025 824000
1723176771638 11.419753086419753 828000
1723176785246 8.45679012345679 832000
1723176798711 10.764331210191083 836000
1723176812012 9.814814814814815 840000
1723176825580 11.075949367088608 844000
1723176839387 9.62962962962963 848000
1723176852802 11.401273885350319 852000
1723176866158 9.382716049382717 856000
1723176879495 9.506172839506172 860000
1723176893292 10.632911392405063 864000
1723176907382 11.019108280254777 868000
1723176921175 9.135802469135802 872000
1723176934707 9.197530864197532 876000
1723176948262 11.296296296296296 880000
1723176961764 10.65359477124183 884000
1723176975530 10.493827160493828 888000
1723176989039 10.37037037037037 892000
1723177002449 9.62962962962963 896000
1723177015785 8.765432098765432 900000
1723177029224 10.915032679738562 904000
1723177042187 7.160493827160494 908000
1723177056307 10.246913580246913 912000
1723177069961 12.469135802469136 916000
1723177083467 11.528662420382165 920000
1723177097246 12.405063291139241 924000
1723177110637 8.82716049382716 928000
1723177124246 12.716049382716049 932000
1723177137971 10.127388535031848 936000
1723177151204 10.864197530864198 940000
1723177164404 10.126582278481013 944000
1723177177903 10.987654320987655 948000
1723177192478 12.101910828025478 952000
1723177205840 10.246913580246913 956000
1723177219456 11.11111111111111 960000
1723177232846 10.632911392405063 964000
1723177246430 10.063694267515924 968000
1723177260066 10.617283950617283 972000
1723177274335 9.753086419753087 976000
1723177287974 10.185185185185185 980000
1723177301962 10.784313725490197 984000
1723177315726 11.728395061728396 988000
1723177329328 11.296296296296296 992000
1723177342454 11.358024691358025 996000
1723177355620 9.62962962962963 1000000
1723177369177 10.0 1004000
1723177382874 7.592592592592593 1008000
1723177396567 12.037037037037036 1012000
1723177410303 8.950617283950617 1016000
1723177423747 11.847133757961783 1020000
1723177437325 9.556962025316455 1024000
1723177451090 10.555555555555555 1028000
1723177464786 10.74074074074074 1032000
1723177478920 10.063694267515924 1036000
1723177492962 9.197530864197532 1040000
1723177506871 10.253164556962025 1044000
1723177520541 9.938271604938272 1048000
1723177534420 12.101910828025478 1052000
1723177548261 11.91358024691358 1056000
1723177561810 13.82716049382716 1060000
1723177575962 11.329113924050633 1064000
1723177589602 10.764331210191083 1068000
1723177602421 11.604938271604938 1072000
1723177615590 9.444444444444445 1076000
1723177628936 12.160493827160494 1080000
1723177641978 11.764705882352942 1084000
1723177655408 12.777777777777779 1088000
1723177668855 10.802469135802468 1092000
1723177682561 10.925925925925926 1096000
1723177696065 8.82716049382716 1100000
1723177709610 11.699346405228757 1104000
1723177723103 11.296296296296296 1108000
1723177737051 10.679012345679013 1112000
1723177750221 9.876543209876543 1116000
1723177763791 11.910828025477707 1120000
1723177777164 10.569620253164556 1124000
1723177790718 9.876543209876543 1128000
1723177803886 10.493827160493828 1132000
1723177817039 10.254777070063694 1136000
1723177830545 12.654320987654321 1140000
1723177844256 11.708860759493671 1144000
1723177858373 11.91358024691358 1148000
1723177871951 13.05732484076433 1152000
1723177885616 8.950617283950617 1156000
1723177899132 8.950617283950617 1160000
1723177912731 11.455696202531646 1164000
1723177925721 8.02547770700637 1168000
1723177939333 13.765432098765432 1172000
1723177952323 10.617283950617283 1176000
1723177965673 10.061728395061728 1180000
1723177979140 10.84967320261438 1184000
1723177993069 13.950617283950617 1188000
1723178006555 9.25925925925926 1192000
1723178019776 11.296296296296296 1196000
1723178033048 10.555555555555555 1200000
1723178045159 12.679738562091503 1204000
1723178058675 11.91358024691358 1208000
1723178071612 11.296296296296296 1212000
1723178084949 9.25925925925926 1216000
1723178097814 10.318471337579618 1220000
1723178111140 10.063291139240507 1224000
1723178124345 12.962962962962964 1228000
1723178137677 10.493827160493828 1232000
1723178151423 10.700636942675159 1236000
1723178165187 9.814814814814815 1240000
1723178178622 10.316455696202532 1244000
1723178191689 10.987654320987655 1248000
1723178205063 8.9171974522293 1252000
1723178218967 9.753086419753087 1256000
1723178232294 9.444444444444445 1260000
1723178245723 10.126582278481013 1264000
1723178259226 10.509554140127388 1268000
1723178273047 10.864197530864198 1272000
1723178286353 12.777777777777779 1276000
1723178299551 10.802469135802468 1280000
1723178312902 10.718954248366012 1284000
1723178326940 10.555555555555555 1288000
1723178340886 10.679012345679013 1292000
1723178354502 10.432098765432098 1296000
1723178367835 9.197530864197532 1300000
1723178381131 8.235294117647058 1304000
1723178394726 9.567901234567902 1308000
1723178407705 13.88888888888889 1312000
1723178420909 9.506172839506172 1316000
1723178434408 8.343949044585987 1320000
1723178447738 10.69620253164557 1324000
1723178461231 9.012345679012345 1328000
1723178474767 10.123456790123457 1332000
1723178488243 7.197452229299363 1336000
1723178501692 8.45679012345679 1340000
1723178515719 10.0 1344000
1723178529928 9.197530864197532 1348000
1723178543423 12.67515923566879 1352000
1723178556958 11.975308641975309 1356000
1723178570388 10.864197530864198 1360000
1723178583531 11.329113924050633 1364000
1723178597109 10.382165605095542 1368000
1723178610324 9.25925925925926 1372000
1723178623480 12.901234567901234 1376000
1723178636612 9.25925925925926 1380000
1723178649931 8.431372549019608 1384000
1723178662645 10.123456790123457 1388000
1723178675144 10.0 1392000
1723178688501 10.555555555555555 1396000
1723178701608 9.62962962962963 1400000
1723178714945 9.803921568627452 1404000
1723178728583 11.17283950617284 1408000
1723178742370 9.938271604938272 1412000
1723178755601 10.74074074074074 1416000
1723178769342 11.59235668789809 1420000
1723178782866 9.240506329113924 1424000
1723178796306 10.74074074074074 1428000
1723178809876 10.493827160493828 1432000
1723178823232 9.872611464968152 1436000
1723178836124 11.666666666666666 1440000
1723178847531 11.075949367088608 1444000
1723178859329 8.765432098765432 1448000
1723178871063 9.617834394904458 1452000
1723178883038 10.925925925925926 1456000
1723178895042 10.74074074074074 1460000
1723178907086 8.227848101265822 1464000
1723178918384 10.700636942675159 1468000
1723178929954 10.987654320987655 1472000
1723178942209 10.864197530864198 1476000
1723178953886 9.320987654320987 1480000
1723178965795 8.69281045751634 1484000
1723178977727 11.728395061728396 1488000
1723178989864 11.419753086419753 1492000
1723179001742 8.45679012345679 1496000
1723179013756 10.123456790123457 1500000
1723179025377 12.61437908496732 1504000
1723179037297 9.567901234567902 1508000
1723179049015 9.320987654320987 1512000
1723179060659 10.185185185185185 1516000
1723179072631 9.936305732484076 1520000
1723179084940 9.050632911392405 1524000
1723179096600 11.419753086419753 1528000
1723179108110 12.777777777777779 1532000
1723179119714 10.764331210191083 1536000
1723179131475 11.481481481481481 1540000
1723179143260 12.405063291139241 1544000
1723179154804 10.864197530864198 1548000
1723179166524 13.949044585987261 1552000
1723179177980 10.061728395061728 1556000
1723179189815 10.555555555555555 1560000
1723179201097 10.063291139240507 1564000
1723179212735 10.318471337579618 1568000
1723179224415 11.790123456790123 1572000
1723179236326 11.234567901234568 1576000
1723179247943 11.481481481481481 1580000
1723179259136 12.61437908496732 1584000
1723179270738 8.950617283950617 1588000
1723179282432 10.123456790123457 1592000
1723179293790 10.864197530864198 1596000
1723179305075 10.432098765432098 1600000
1723179316184 12.352941176470589 1604000
1723179327996 10.617283950617283 1608000
1723179339554 12.283950617283951 1612000
1723179350949 11.54320987654321 1616000
1723179362342 10.573248407643312 1620000
1723179373629 11.012658227848101 1624000
1723179384979 11.358024691358025 1628000
1723179396230 11.975308641975309 1632000
1723179407420 9.171974522292993 1636000
1723179418906 11.419753086419753 1640000
1723179430585 12.658227848101266 1644000
1723179441934 10.185185185185185 1648000
1723179453282 12.165605095541402 1652000
1723179464684 9.567901234567902 1656000
1723179475990 14.135802469135802 1660000
1723179487808 9.050632911392405 1664000
1723179499222 9.554140127388536 1668000
1723179510763 8.950617283950617 1672000
1723179522299 12.592592592592593 1676000
1723179533939 11.666666666666666 1680000
1723179544959 13.202614379084967 1684000
1723179556221 8.950617283950617 1688000
1723179567707 8.82716049382716 1692000
1723179579098 9.876543209876543 1696000
1723179590476 9.382716049382717 1700000
1723179601848 10.784313725490197 1704000
1723179613143 10.617283950617283 1708000
1723179624289 11.975308641975309 1712000
1723179635710 10.061728395061728 1716000
1723179646968 11.210191082802547 1720000
1723179658471 10.886075949367088 1724000
1723179669896 13.271604938271604 1728000
1723179681189 11.358024691358025 1732000
1723179692541 11.97452229299363 1736000
1723179703986 11.419753086419753 1740000
1723179715238 10.0 1744000
1723179726691 10.123456790123457 1748000
1723179738171 11.337579617834395 1752000
1723179749547 11.296296296296296 1756000
1723179760744 10.555555555555555 1760000
1723179772188 11.835443037974683 1764000
1723179784193 9.299363057324841 1768000
1723179795986 11.17283950617284 1772000
1723179807457 11.419753086419753 1776000
1723179818886 10.987654320987655 1780000
1723179830411 10.65359477124183 1784000
1723179842588 10.864197530864198 1788000
1723179853847 10.308641975308642 1792000
1723179865370 11.17283950617284 1796000
1723179876406 12.592592592592593 1800000
1723179888023 11.633986928104575 1804000
1723179899476 10.925925925925926 1808000
1723179911027 13.271604938271604 1812000
1723179922402 9.25925925925926 1816000
1723179933836 12.48407643312102 1820000
1723179945156 10.949367088607595 1824000
1723179956394 12.654320987654321 1828000
1723179967971 9.506172839506172 1832000
1723179979267 12.738853503184714 1836000
1723179990760 10.061728395061728 1840000
1723180002144 11.455696202531646 1844000
1723180013322 10.802469135802468 1848000
1723180024913 10.89171974522293 1852000
1723180036554 11.419753086419753 1856000
1723180048227 10.925925925925926 1860000
1723180059762 10.189873417721518 1864000
1723180071105 10.700636942675159 1868000
1723180082511 9.62962962962963 1872000
1723180093888 12.716049382716049 1876000
1723180105060 10.987654320987655 1880000
1723180116382 10.915032679738562 1884000
1723180127858 9.691358024691358 1888000
1723180139386 8.88888888888889 1892000
1723180150887 11.790123456790123 1896000
1723180162033 10.246913580246913 1900000
1723180173278 10.980392156862745 1904000
1723180184563 10.802469135802468 1908000
1723180196158 11.91358024691358 1912000
1723180207618 10.185185185185185 1916000
1723180219014 9.80891719745223 1920000
1723180230499 9.367088607594937 1924000
1723180241765 10.864197530864198 1928000
1723180253491 10.555555555555555 1932000
1723180264972 10.955414012738853 1936000
1723180276097 11.049382716049383 1940000
1723180287554 9.936708860759493 1944000
1723180298787 8.395061728395062 1948000
1723180310142 10.382165605095542 1952000
1723180321912 11.54320987654321 1956000
1723180333048 9.506172839506172 1960000
1723180344527 11.89873417721519 1964000
1723180356174 10.636942675159236 1968000
1723180367658 14.25925925925926 1972000
1723180379163 9.753086419753087 1976000
1723180390548 10.679012345679013 1980000
1723180401950 9.281045751633988 1984000
1723180413620 10.185185185185185 1988000
1723180425379 11.17283950617284 1992000
1723180436831 11.975308641975309 1996000
1723180448678 10.123456790123457 2000000
