1723145479447 -1.0 4000
1723145492601 -1.0 8000
1723145505866 -1.0 12000
1723145519949 -1.0 16000
1723145533900 -1.0 20000
1723145548740 -1.0 24000
1723145563256 -1.0 28000
1723145577669 -1.0 32000
1723145592185 -1.0 36000
1723145606781 -1.0 40000
1723145621120 -1.0 44000
1723145635534 -1.0 48000
1723145649481 -1.0 52000
1723145664066 -1.0 56000
1723145678988 -1.0 60000
1723145694205 -1.0 64000
1723145715502 -1.0 68000
1723145731835 -1.0 72000
1723145746903 -1.0 76000
1723145762662 -1.0 80000
1723145778772 -1.0 84000
1723145796486 -1.0 88000
1723145814149 -1.0 92000
1723145829992 -1.0 96000
1723145845026 -1.0 100000
1723145864081 -1.0 104000
1723145887408 -1.0 108000
1723145903339 -1.0 112000
1723145918358 -1.0 116000
1723145933910 -1.0 120000
1723145948260 -1.0 124000
1723145962106 -1.0 128000
1723145976322 -1.0 132000
1723145990852 -1.0 136000
1723146004843 -1.0 140000
1723146019081 -1.0 144000
1723146033067 -1.0 148000
1723146047400 -1.0 152000
1723146061582 -1.0 156000
1723146076145 -1.0 160000
1723146090473 -1.0 164000
1723146105495 -1.0 168000
1723146119339 -1.0 172000
1723146133173 -1.0 176000
1723146147591 -1.0 180000
1723146161858 -1.0 184000
1723146176102 -1.0 188000
1723146190282 -1.0 192000
1723146204517 -1.0 196000
1723146218739 -1.0 200000
1723146233053 -1.0 204000
1723146247027 -1.0 208000
1723146261021 -1.0 212000
1723146274448 -1.0 216000
1723146288572 -1.0 220000
1723146303002 -1.0 224000
1723146316933 -1.0 228000
1723146330744 -1.0 232000
1723146344827 -1.0 236000
1723146358829 -1.0 240000
1723146372674 -1.0 244000
1723146386803 -1.0 248000
1723146400334 -1.0 252000
1723146414374 -1.0 256000
1723146427985 -1.0 260000
1723146441749 -1.0 264000
1723146455423 -1.0 268000
1723146469128 -1.0 272000
1723146483186 -1.0 276000
1723146496617 -1.0 280000
1723146509773 -1.0 284000
1723146523405 -1.0 288000
1723146536676 -1.0 292000
1723146550268 -1.0 296000
1723146563750 -1.0 300000
1723146577461 -1.0 304000
1723146591005 -1.0 308000
1723146604714 -1.0 312000
1723146618290 -1.0 316000
1723146632394 -1.0 320000
1723146646480 -1.0 324000
1723146659949 -1.0 328000
1723146674163 -1.0 332000
1723146687907 -1.0 336000
1723146701333 -1.0 340000
1723146715725 -1.0 344000
1723146729012 -1.0 348000
1723146742610 -1.0 352000
1723146756098 -1.0 356000
1723146769250 -1.0 360000
1723146783159 -1.0 364000
1723146796952 -1.0 368000
1723146810724 -1.0 372000
1723146824266 -1.0 376000
1723146838061 -1.0 380000
1723146851420 -1.0 384000
1723146864954 -1.0 388000
1723146878258 -1.0 392000
1723146892029 -1.0 396000
1723146905073 -1.0 400000
