1723145479445 -1.0 4000
1723145492601 -1.0 8000
1723145505865 -1.0 12000
1723145519948 -1.0 16000
1723145533899 -1.0 20000
1723145548740 -1.0 24000
1723145563255 -1.0 28000
1723145577667 -1.0 32000
1723145592184 -1.0 36000
1723145606778 -1.0 40000
1723145621119 -1.0 44000
1723145635533 -1.0 48000
1723145649480 -1.0 52000
1723145664065 -1.0 56000
1723145678987 -1.0 60000
1723145694204 -1.0 64000
1723145715501 -1.0 68000
1723145731834 -1.0 72000
1723145746902 -1.0 76000
1723145762661 -1.0 80000
1723145778771 -1.0 84000
1723145796485 -1.0 88000
1723145814148 -1.0 92000
1723145829991 -1.0 96000
1723145845024 -1.0 100000
1723145864080 -1.0 104000
1723145887407 -1.0 108000
1723145903338 -1.0 112000
1723145918357 -1.0 116000
1723145933909 -1.0 120000
1723145948259 -1.0 124000
1723145962105 -1.0 128000
1723145976321 -1.0 132000
1723145990851 -1.0 136000
1723146004842 -1.0 140000
1723146019080 -1.0 144000
1723146033066 -1.0 148000
1723146047399 -1.0 152000
1723146061581 -1.0 156000
1723146076144 -1.0 160000
1723146090472 -1.0 164000
1723146105494 -1.0 168000
1723146119338 -1.0 172000
1723146133171 -1.0 176000
1723146147590 -1.0 180000
1723146161856 -1.0 184000
1723146176101 -1.0 188000
1723146190281 -1.0 192000
1723146204516 -1.0 196000
1723146218738 -1.0 200000
1723146233052 -1.0 204000
1723146247025 -1.0 208000
1723146261020 -1.0 212000
1723146274447 -1.0 216000
1723146288571 -1.0 220000
1723146303001 -1.0 224000
1723146316932 -1.0 228000
1723146330743 -1.0 232000
1723146344826 -1.0 236000
1723146358828 -1.0 240000
1723146372673 -1.0 244000
1723146386802 -1.0 248000
1723146400333 -1.0 252000
1723146414373 -1.0 256000
1723146427984 -1.0 260000
1723146441748 -1.0 264000
1723146455422 -1.0 268000
1723146469127 -1.0 272000
1723146483185 -1.0 276000
1723146496616 -1.0 280000
1723146509772 -1.0 284000
1723146523404 -1.0 288000
1723146536675 -1.0 292000
1723146550267 -1.0 296000
1723146563749 -1.0 300000
1723146577459 -1.0 304000
1723146591003 -1.0 308000
1723146604713 -1.0 312000
1723146618289 -1.0 316000
1723146632393 -1.0 320000
1723146646479 -1.0 324000
1723146659948 -1.0 328000
1723146674162 -1.0 332000
1723146687906 -1.0 336000
1723146701332 -1.0 340000
1723146715724 -1.0 344000
1723146729011 -1.0 348000
1723146742609 -1.0 352000
1723146756097 -1.0 356000
1723146769249 -1.0 360000
1723146783158 -1.0 364000
1723146796950 -1.0 368000
1723146810723 -1.0 372000
1723146824265 -1.0 376000
1723146838060 -1.0 380000
1723146851419 -1.0 384000
1723146864953 -1.0 388000
1723146878257 -1.0 392000
1723146892028 -1.0 396000
1723146905072 -1.0 400000
