1723145479407 0.0 4000
1723145492575 0.0 8000
1723145505840 0.0 12000
1723145519923 0.0 16000
1723145533874 0.0 20000
1723145548714 0.0 24000
1723145563230 0.0 28000
1723145577642 0.0 32000
1723145592159 0.0 36000
1723145606752 0.0 40000
1723145621089 0.0 44000
1723145635507 0.0 48000
1723145649452 0.0 52000
1723145664038 0.0 56000
1723145678959 0.0 60000
1723145694176 0.0 64000
1723145715473 0.0 68000
1723145731807 0.0 72000
1723145746872 0.0 76000
1723145762630 0.0 80000
1723145778741 0.0 84000
1723145796451 0.0 88000
1723145814119 0.0 92000
1723145829958 0.0 96000
1723145844996 0.0 100000
1723145864050 0.0 104000
1723145887375 0.0 108000
1723145903310 0.0 112000
1723145918329 0.0 116000
1723145933881 0.0 120000
1723145948232 0.0 124000
1723145962076 0.0 128000
1723145976288 0.0 132000
1723145990824 0.0 136000
1723146004816 0.0 140000
1723146019053 0.0 144000
1723146033039 0.0 148000
1723146047372 0.0 152000
1723146061554 0.0 156000
1723146076118 0.0 160000
1723146090445 0.0 164000
1723146105468 0.0 168000
1723146119312 0.0 172000
1723146133145 0.0 176000
1723146147564 0.0 180000
1723146161828 0.0 184000
1723146176074 0.0 188000
1723146190255 0.0 192000
1723146204489 0.0 196000
1723146218711 0.0 200000
1723146233024 0.0 204000
1723146246998 0.0 208000
1723146260993 0.0 212000
1723146274421 0.0 216000
1723146288543 0.0 220000
1723146302975 0.0 224000
1723146316905 0.0 228000
1723146330716 0.0 232000
1723146344799 0.0 236000
1723146358800 0.0 240000
1723146372647 0.0 244000
1723146386776 0.0 248000
1723146400306 0.0 252000
1723146414346 0.0 256000
1723146427958 0.0 260000
1723146441722 0.0 264000
1723146455394 0.0 268000
1723146469100 0.0 272000
1723146483157 0.0 276000
1723146496589 0.0 280000
1723146509746 0.0 284000
1723146523377 0.0 288000
1723146536644 0.0 292000
1723146550241 0.0 296000
1723146563723 0.0 300000
1723146577426 0.0 304000
1723146590977 0.0 308000
1723146604686 0.0 312000
1723146618261 0.0 316000
1723146632366 0.0 320000
1723146646452 0.0 324000
1723146659921 0.0 328000
1723146674136 0.0 332000
1723146687879 0.0 336000
1723146701299 0.0 340000
1723146715697 0.0 344000
1723146728983 0.0 348000
1723146742583 0.0 352000
1723146756071 0.0 356000
1723146769223 0.0 360000
1723146783131 0.0 364000
1723146796924 0.0 368000
1723146810697 0.0 372000
1723146824238 0.0 376000
1723146838034 0.0 380000
1723146851392 0.0 384000
1723146864927 0.0 388000
1723146878230 0.0 392000
1723146892001 0.0 396000
1723146905044 0.0 400000
