1723145479413 1.0 4000
1723145492580 1.0 8000
1723145505844 1.0 12000
1723145519928 1.0 16000
1723145533878 1.0 20000
1723145548718 1.0 24000
1723145563234 1.0 28000
1723145577646 1.0 32000
1723145592163 1.0 36000
1723145606757 1.0 40000
1723145621094 1.0 44000
1723145635512 1.0 48000
1723145649457 1.0 52000
1723145664043 1.0 56000
1723145678963 1.0 60000
1723145694181 1.0 64000
1723145715478 1.0 68000
1723145731812 1.0 72000
1723145746877 1.0 76000
1723145762635 1.0 80000
1723145778745 1.0 84000
1723145796456 1.0 88000
1723145814125 1.0 92000
1723145829963 1.0 96000
1723145845001 1.0 100000
1723145864055 1.0 104000
1723145887380 1.0 108000
1723145903315 1.0 112000
1723145918334 1.0 116000
1723145933887 1.0 120000
1723145948236 1.0 124000
1723145962081 1.0 128000
1723145976293 1.0 132000
1723145990829 1.0 136000
1723146004821 1.0 140000
1723146019058 1.0 144000
1723146033044 1.0 148000
1723146047377 1.0 152000
1723146061559 1.0 156000
1723146076122 1.0 160000
1723146090450 1.0 164000
1723146105472 1.0 168000
1723146119316 1.0 172000
1723146133150 1.0 176000
1723146147569 1.0 180000
1723146161833 1.0 184000
1723146176079 1.0 188000
1723146190259 1.0 192000
1723146204494 1.0 196000
1723146218715 1.0 200000
1723146233028 1.0 204000
1723146247003 1.0 208000
1723146260998 1.0 212000
1723146274425 1.0 216000
1723146288547 1.0 220000
1723146302979 1.0 224000
1723146316910 1.0 228000
1723146330721 1.0 232000
1723146344803 1.0 236000
1723146358806 1.0 240000
1723146372652 1.0 244000
1723146386780 1.0 248000
1723146400311 1.0 252000
1723146414350 1.0 256000
1723146427963 1.0 260000
1723146441727 1.0 264000
1723146455399 1.0 268000
1723146469105 1.0 272000
1723146483162 1.0 276000
1723146496594 1.0 280000
1723146509750 1.0 284000
1723146523382 1.0 288000
1723146536649 1.0 292000
1723146550245 1.0 296000
1723146563728 1.0 300000
1723146577431 1.0 304000
1723146590981 1.0 308000
1723146604691 1.0 312000
1723146618266 1.0 316000
1723146632371 1.0 320000
1723146646457 1.0 324000
1723146659926 1.0 328000
1723146674140 1.0 332000
1723146687884 1.0 336000
1723146701305 1.0 340000
1723146715702 1.0 344000
1723146728988 1.0 348000
1723146742588 1.0 352000
1723146756075 1.0 356000
1723146769228 1.0 360000
1723146783136 1.0 364000
1723146796929 1.0 368000
1723146810701 1.0 372000
1723146824243 1.0 376000
1723146838038 1.0 380000
1723146851397 1.0 384000
1723146864932 1.0 388000
1723146878235 1.0 392000
1723146892005 1.0 396000
1723146905049 1.0 400000
