1723145479429 0.0 4000
1723145492593 0.0 8000
1723145505857 0.0 12000
1723145519941 0.0 16000
1723145533891 0.0 20000
1723145548732 0.0 24000
1723145563247 0.0 28000
1723145577660 0.0 32000
1723145592177 0.0 36000
1723145606770 0.0 40000
1723145621108 0.0 44000
1723145635525 0.0 48000
1723145649471 0.0 52000
1723145664057 0.0 56000
1723145678978 0.0 60000
1723145694196 0.0 64000
1723145715493 0.0 68000
1723145731826 0.0 72000
1723145746893 0.0 76000
1723145762652 0.0 80000
1723145778763 0.0 84000
1723145796473 0.0 88000
1723145814139 0.0 92000
1723145829980 0.0 96000
1723145845015 0.0 100000
1723145864070 0.0 104000
1723145887396 0.0 108000
1723145903330 0.0 112000
1723145918349 0.0 116000
1723145933901 0.0 120000
1723145948250 0.0 124000
1723145962097 0.0 128000
1723145976309 0.0 132000
1723145990843 0.0 136000
1723146004834 0.0 140000
1723146019072 0.0 144000
1723146033058 0.0 148000
1723146047391 0.0 152000
1723146061573 0.0 156000
1723146076136 0.0 160000
1723146090464 0.0 164000
1723146105486 0.0 168000
1723146119330 0.0 172000
1723146133163 0.0 176000
1723146147582 0.0 180000
1723146161848 0.0 184000
1723146176093 0.0 188000
1723146190273 0.0 192000
1723146204507 0.0 196000
1723146218729 0.0 200000
1723146233043 0.0 204000
1723146247017 0.0 208000
1723146261012 0.0 212000
1723146274439 0.0 216000
1723146288562 0.0 220000
1723146302993 0.0 224000
1723146316924 0.0 228000
1723146330735 0.0 232000
1723146344817 0.0 236000
1723146358819 0.0 240000
1723146372665 0.0 244000
1723146386794 0.0 248000
1723146400325 0.0 252000
1723146414365 0.0 256000
1723146427976 0.0 260000
1723146441740 0.0 264000
1723146455414 0.0 268000
1723146469119 0.0 272000
1723146483177 0.0 276000
1723146496608 0.0 280000
1723146509764 0.0 284000
1723146523395 0.0 288000
1723146536667 0.0 292000
1723146550259 0.0 296000
1723146563742 0.0 300000
1723146577447 0.0 304000
1723146590995 0.0 308000
1723146604705 0.0 312000
1723146618281 0.0 316000
1723146632385 0.0 320000
1723146646471 0.0 324000
1723146659939 0.0 328000
1723146674154 0.0 332000
1723146687898 0.0 336000
1723146701322 0.0 340000
1723146715716 0.0 344000
1723146729002 0.0 348000
1723146742601 0.0 352000
1723146756089 0.0 356000
1723146769241 0.0 360000
1723146783150 0.0 364000
1723146796942 0.0 368000
1723146810715 0.0 372000
1723146824257 0.0 376000
1723146838052 0.0 380000
1723146851411 0.0 384000
1723146864945 0.0 388000
1723146878249 0.0 392000
1723146892019 0.0 396000
1723146905064 0.0 400000
