1723145479453 0.3 4000
1723145492605 0.3 8000
1723145505869 0.3 12000
1723145519953 0.3 16000
1723145533904 0.3 20000
1723145548744 0.3 24000
1723145563259 0.3 28000
1723145577672 0.3 32000
1723145592189 0.3 36000
1723145606785 0.3 40000
1723145621124 0.3 44000
1723145635537 0.3 48000
1723145649486 0.3 52000
1723145664069 0.3 56000
1723145678992 0.3 60000
1723145694209 0.3 64000
1723145715506 0.3 68000
1723145731839 0.3 72000
1723145746908 0.3 76000
1723145762666 0.3 80000
1723145778776 0.3 84000
1723145796493 0.3 88000
1723145814153 0.3 92000
1723145829998 0.3 96000
1723145845031 0.3 100000
1723145864087 0.3 104000
1723145887412 0.3 108000
1723145903344 0.3 112000
1723145918363 0.3 116000
1723145933914 0.3 120000
1723145948265 0.3 124000
1723145962110 0.3 128000
1723145976327 0.3 132000
1723145990856 0.3 136000
1723146004849 0.3 140000
1723146019084 0.3 144000
1723146033071 0.3 148000
1723146047404 0.3 152000
1723146061587 0.3 156000
1723146076149 0.3 160000
1723146090477 0.3 164000
1723146105499 0.3 168000
1723146119343 0.3 172000
1723146133176 0.3 176000
1723146147595 0.3 180000
1723146161862 0.3 184000
1723146176105 0.3 188000
1723146190286 0.3 192000
1723146204521 0.3 196000
1723146218742 0.3 200000
1723146233057 0.3 204000
1723146247031 0.3 208000
1723146261025 0.3 212000
1723146274452 0.3 216000
1723146288576 0.3 220000
1723146303006 0.3 224000
1723146316936 0.3 228000
1723146330747 0.3 232000
1723146344831 0.3 236000
1723146358832 0.3 240000
1723146372678 0.3 244000
1723146386807 0.3 248000
1723146400338 0.3 252000
1723146414378 0.3 256000
1723146427989 0.3 260000
1723146441753 0.3 264000
1723146455427 0.3 268000
1723146469132 0.3 272000
1723146483190 0.3 276000
1723146496621 0.3 280000
1723146509777 0.3 284000
1723146523409 0.3 288000
1723146536681 0.3 292000
1723146550272 0.3 296000
1723146563754 0.3 300000
1723146577465 0.3 304000
1723146591008 0.3 308000
1723146604718 0.3 312000
1723146618294 0.3 316000
1723146632398 0.3 320000
1723146646484 0.3 324000
1723146659953 0.3 328000
1723146674167 0.3 332000
1723146687910 0.3 336000
1723146701337 0.3 340000
1723146715729 0.3 344000
1723146729015 0.3 348000
1723146742614 0.3 352000
1723146756102 0.3 356000
1723146769254 0.3 360000
1723146783163 0.3 364000
1723146796955 0.3 368000
1723146810728 0.3 372000
1723146824270 0.3 376000
1723146838065 0.3 380000
1723146851424 0.3 384000
1723146864958 0.3 388000
1723146878262 0.3 392000
1723146892033 0.3 396000
1723146905077 0.3 400000
