1723145479432 60.0 4000
1723145492596 60.0 8000
1723145505860 60.0 12000
1723145519943 60.0 16000
1723145533894 60.0 20000
1723145548735 60.0 24000
1723145563250 60.0 28000
1723145577662 60.0 32000
1723145592179 60.0 36000
1723145606773 60.0 40000
1723145621111 60.0 44000
1723145635528 60.0 48000
1723145649474 60.0 52000
1723145664059 60.0 56000
1723145678981 60.0 60000
1723145694199 60.0 64000
1723145715495 60.0 68000
1723145731829 60.0 72000
1723145746896 60.0 76000
1723145762655 60.0 80000
1723145778766 60.0 84000
1723145796478 60.0 88000
1723145814143 60.0 92000
1723145829984 60.0 96000
1723145845019 60.0 100000
1723145864074 60.0 104000
1723145887401 60.0 108000
1723145903333 60.0 112000
1723145918352 60.0 116000
1723145933904 60.0 120000
1723145948253 60.0 124000
1723145962099 60.0 128000
1723145976313 60.0 132000
1723145990846 60.0 136000
1723146004837 60.0 140000
1723146019074 60.0 144000
1723146033060 60.0 148000
1723146047393 60.0 152000
1723146061576 60.0 156000
1723146076139 60.0 160000
1723146090467 60.0 164000
1723146105489 60.0 168000
1723146119333 60.0 172000
1723146133166 60.0 176000
1723146147585 60.0 180000
1723146161851 60.0 184000
1723146176095 60.0 188000
1723146190276 60.0 192000
1723146204510 60.0 196000
1723146218732 60.0 200000
1723146233046 60.0 204000
1723146247020 60.0 208000
1723146261015 60.0 212000
1723146274442 60.0 216000
1723146288565 60.0 220000
1723146302996 60.0 224000
1723146316926 60.0 228000
1723146330737 60.0 232000
1723146344821 60.0 236000
1723146358822 60.0 240000
1723146372668 60.0 244000
1723146386797 60.0 248000
1723146400327 60.0 252000
1723146414368 60.0 256000
1723146427979 60.0 260000
1723146441743 60.0 264000
1723146455417 60.0 268000
1723146469122 60.0 272000
1723146483180 60.0 276000
1723146496611 60.0 280000
1723146509767 60.0 284000
1723146523399 60.0 288000
1723146536670 60.0 292000
1723146550262 60.0 296000
1723146563744 60.0 300000
1723146577452 60.0 304000
1723146590998 60.0 308000
1723146604707 60.0 312000
1723146618283 60.0 316000
1723146632387 60.0 320000
1723146646474 60.0 324000
1723146659942 60.0 328000
1723146674157 60.0 332000
1723146687900 60.0 336000
1723146701326 60.0 340000
1723146715719 60.0 344000
1723146729005 60.0 348000
1723146742604 60.0 352000
1723146756092 60.0 356000
1723146769244 60.0 360000
1723146783153 60.0 364000
1723146796945 60.0 368000
1723146810718 60.0 372000
1723146824260 60.0 376000
1723146838055 60.0 380000
1723146851413 60.0 384000
1723146864948 60.0 388000
1723146878252 60.0 392000
1723146892022 60.0 396000
1723146905067 60.0 400000
