1723145479452 0.0 4000
1723145492605 0.0 8000
1723145505869 0.0 12000
1723145519953 0.0 16000
1723145533903 0.0 20000
1723145548744 0.0 24000
1723145563259 0.0 28000
1723145577672 0.0 32000
1723145592189 0.0 36000
1723145606785 0.0 40000
1723145621124 0.0 44000
1723145635537 0.0 48000
1723145649485 0.0 52000
1723145664069 0.0 56000
1723145678991 0.0 60000
1723145694209 0.0 64000
1723145715505 0.0 68000
1723145731839 0.0 72000
1723145746907 0.0 76000
1723145762666 0.0 80000
1723145778776 0.0 84000
1723145796492 0.0 88000
1723145814153 0.0 92000
1723145829998 0.0 96000
1723145845030 0.0 100000
1723145864087 0.0 104000
1723145887412 0.0 108000
1723145903344 0.0 112000
1723145918362 0.0 116000
1723145933914 0.0 120000
1723145948264 0.0 124000
1723145962110 0.0 128000
1723145976327 0.0 132000
1723145990855 0.0 136000
1723146004848 0.0 140000
1723146019084 0.0 144000
1723146033071 0.0 148000
1723146047403 0.0 152000
1723146061586 0.0 156000
1723146076149 0.0 160000
1723146090477 0.0 164000
1723146105499 0.0 168000
1723146119343 0.0 172000
1723146133176 0.0 176000
1723146147595 0.0 180000
1723146161861 0.0 184000
1723146176105 0.0 188000
1723146190285 0.0 192000
1723146204520 0.0 196000
1723146218742 0.0 200000
1723146233056 0.0 204000
1723146247030 0.0 208000
1723146261025 0.0 212000
1723146274452 0.0 216000
1723146288575 0.0 220000
1723146303006 0.0 224000
1723146316936 0.0 228000
1723146330747 0.0 232000
1723146344830 0.0 236000
1723146358832 0.0 240000
1723146372678 0.0 244000
1723146386807 0.0 248000
1723146400337 0.0 252000
1723146414378 0.0 256000
1723146427989 0.0 260000
1723146441753 0.0 264000
1723146455426 0.0 268000
1723146469132 0.0 272000
1723146483190 0.0 276000
1723146496621 0.0 280000
1723146509777 0.0 284000
1723146523409 0.0 288000
1723146536680 0.0 292000
1723146550272 0.0 296000
1723146563754 0.0 300000
1723146577465 0.0 304000
1723146591008 0.0 308000
1723146604717 0.0 312000
1723146618293 0.0 316000
1723146632397 0.0 320000
1723146646484 0.0 324000
1723146659952 0.0 328000
1723146674167 0.0 332000
1723146687910 0.0 336000
1723146701337 0.0 340000
1723146715729 0.0 344000
1723146729015 0.0 348000
1723146742614 0.0 352000
1723146756102 0.0 356000
1723146769254 0.0 360000
1723146783163 0.0 364000
1723146796955 0.0 368000
1723146810728 0.0 372000
1723146824269 0.0 376000
1723146838065 0.0 380000
1723146851424 0.0 384000
1723146864958 0.0 388000
1723146878262 0.0 392000
1723146892033 0.0 396000
1723146905076 0.0 400000
