1723145479433 30.0 4000
1723145492597 30.0 8000
1723145505861 30.0 12000
1723145519944 30.0 16000
1723145533895 30.0 20000
1723145548736 30.0 24000
1723145563251 30.0 28000
1723145577664 30.0 32000
1723145592180 30.0 36000
1723145606774 30.0 40000
1723145621112 30.0 44000
1723145635529 30.0 48000
1723145649475 30.0 52000
1723145664060 30.0 56000
1723145678982 30.0 60000
1723145694200 30.0 64000
1723145715496 30.0 68000
1723145731830 30.0 72000
1723145746898 30.0 76000
1723145762657 30.0 80000
1723145778767 30.0 84000
1723145796479 30.0 88000
1723145814144 30.0 92000
1723145829985 30.0 96000
1723145845020 30.0 100000
1723145864075 30.0 104000
1723145887402 30.0 108000
1723145903334 30.0 112000
1723145918353 30.0 116000
1723145933905 30.0 120000
1723145948254 30.0 124000
1723145962101 30.0 128000
1723145976315 30.0 132000
1723145990847 30.0 136000
1723146004838 30.0 140000
1723146019075 30.0 144000
1723146033061 30.0 148000
1723146047394 30.0 152000
1723146061577 30.0 156000
1723146076140 30.0 160000
1723146090468 30.0 164000
1723146105490 30.0 168000
1723146119334 30.0 172000
1723146133167 30.0 176000
1723146147586 30.0 180000
1723146161852 30.0 184000
1723146176096 30.0 188000
1723146190277 30.0 192000
1723146204511 30.0 196000
1723146218733 30.0 200000
1723146233047 30.0 204000
1723146247021 30.0 208000
1723146261016 30.0 212000
1723146274443 30.0 216000
1723146288566 30.0 220000
1723146302997 30.0 224000
1723146316927 30.0 228000
1723146330738 30.0 232000
1723146344822 30.0 236000
1723146358823 30.0 240000
1723146372669 30.0 244000
1723146386798 30.0 248000
1723146400329 30.0 252000
1723146414369 30.0 256000
1723146427980 30.0 260000
1723146441744 30.0 264000
1723146455418 30.0 268000
1723146469123 30.0 272000
1723146483181 30.0 276000
1723146496612 30.0 280000
1723146509768 30.0 284000
1723146523400 30.0 288000
1723146536671 30.0 292000
1723146550263 30.0 296000
1723146563745 30.0 300000
1723146577454 30.0 304000
1723146590999 30.0 308000
1723146604708 30.0 312000
1723146618285 30.0 316000
1723146632388 30.0 320000
1723146646475 30.0 324000
1723146659943 30.0 328000
1723146674158 30.0 332000
1723146687901 30.0 336000
1723146701327 30.0 340000
1723146715720 30.0 344000
1723146729006 30.0 348000
1723146742605 30.0 352000
1723146756093 30.0 356000
1723146769245 30.0 360000
1723146783154 30.0 364000
1723146796946 30.0 368000
1723146810719 30.0 372000
1723146824261 30.0 376000
1723146838056 30.0 380000
1723146851415 30.0 384000
1723146864949 30.0 388000
1723146878253 30.0 392000
1723146892023 30.0 396000
1723146905068 30.0 400000
