1723145479434 1800.0 4000
1723145492597 1800.0 8000
1723145505861 1800.0 12000
1723145519944 1800.0 16000
1723145533895 1800.0 20000
1723145548736 1800.0 24000
1723145563251 1800.0 28000
1723145577664 1800.0 32000
1723145592181 1800.0 36000
1723145606774 1800.0 40000
1723145621113 1800.0 44000
1723145635529 1800.0 48000
1723145649475 1800.0 52000
1723145664061 1800.0 56000
1723145678983 1800.0 60000
1723145694200 1800.0 64000
1723145715497 1800.0 68000
1723145731830 1800.0 72000
1723145746898 1800.0 76000
1723145762657 1800.0 80000
1723145778767 1800.0 84000
1723145796479 1800.0 88000
1723145814144 1800.0 92000
1723145829986 1800.0 96000
1723145845021 1800.0 100000
1723145864075 1800.0 104000
1723145887403 1800.0 108000
1723145903334 1800.0 112000
1723145918353 1800.0 116000
1723145933905 1800.0 120000
1723145948254 1800.0 124000
1723145962101 1800.0 128000
1723145976316 1800.0 132000
1723145990847 1800.0 136000
1723146004838 1800.0 140000
1723146019076 1800.0 144000
1723146033062 1800.0 148000
1723146047395 1800.0 152000
1723146061577 1800.0 156000
1723146076140 1800.0 160000
1723146090468 1800.0 164000
1723146105490 1800.0 168000
1723146119334 1800.0 172000
1723146133167 1800.0 176000
1723146147586 1800.0 180000
1723146161852 1800.0 184000
1723146176097 1800.0 188000
1723146190277 1800.0 192000
1723146204512 1800.0 196000
1723146218734 1800.0 200000
1723146233048 1800.0 204000
1723146247021 1800.0 208000
1723146261016 1800.0 212000
1723146274443 1800.0 216000
1723146288567 1800.0 220000
1723146302997 1800.0 224000
1723146316928 1800.0 228000
1723146330739 1800.0 232000
1723146344822 1800.0 236000
1723146358823 1800.0 240000
1723146372669 1800.0 244000
1723146386798 1800.0 248000
1723146400329 1800.0 252000
1723146414369 1800.0 256000
1723146427980 1800.0 260000
1723146441744 1800.0 264000
1723146455418 1800.0 268000
1723146469123 1800.0 272000
1723146483181 1800.0 276000
1723146496612 1800.0 280000
1723146509768 1800.0 284000
1723146523400 1800.0 288000
1723146536671 1800.0 292000
1723146550263 1800.0 296000
1723146563746 1800.0 300000
1723146577455 1800.0 304000
1723146590999 1800.0 308000
1723146604709 1800.0 312000
1723146618285 1800.0 316000
1723146632389 1800.0 320000
1723146646475 1800.0 324000
1723146659944 1800.0 328000
1723146674158 1800.0 332000
1723146687902 1800.0 336000
1723146701327 1800.0 340000
1723146715720 1800.0 344000
1723146729007 1800.0 348000
1723146742605 1800.0 352000
1723146756093 1800.0 356000
1723146769245 1800.0 360000
1723146783154 1800.0 364000
1723146796946 1800.0 368000
1723146810719 1800.0 372000
1723146824261 1800.0 376000
1723146838056 1800.0 380000
1723146851415 1800.0 384000
1723146864949 1800.0 388000
1723146878253 1800.0 392000
1723146892024 1800.0 396000
1723146905068 1800.0 400000
