1723145479417 0.99 4000
1723145492583 0.99 8000
1723145505848 0.99 12000
1723145519931 0.99 16000
1723145533882 0.99 20000
1723145548722 0.99 24000
1723145563238 0.99 28000
1723145577650 0.99 32000
1723145592167 0.99 36000
1723145606761 0.99 40000
1723145621098 0.99 44000
1723145635515 0.99 48000
1723145649461 0.99 52000
1723145664047 0.99 56000
1723145678967 0.99 60000
1723145694185 0.99 64000
1723145715482 0.99 68000
1723145731816 0.99 72000
1723145746881 0.99 76000
1723145762642 0.99 80000
1723145778751 0.99 84000
1723145796461 0.99 88000
1723145814129 0.99 92000
1723145829967 0.99 96000
1723145845005 0.99 100000
1723145864059 0.99 104000
1723145887384 0.99 108000
1723145903319 0.99 112000
1723145918338 0.99 116000
1723145933891 0.99 120000
1723145948240 0.99 124000
1723145962085 0.99 128000
1723145976297 0.99 132000
1723145990833 0.99 136000
1723146004824 0.99 140000
1723146019062 0.99 144000
1723146033048 0.99 148000
1723146047381 0.99 152000
1723146061563 0.99 156000
1723146076126 0.99 160000
1723146090454 0.99 164000
1723146105476 0.99 168000
1723146119320 0.99 172000
1723146133154 0.99 176000
1723146147572 0.99 180000
1723146161837 0.99 184000
1723146176083 0.99 188000
1723146190263 0.99 192000
1723146204497 0.99 196000
1723146218719 0.99 200000
1723146233033 0.99 204000
1723146247007 0.99 208000
1723146261002 0.99 212000
1723146274429 0.99 216000
1723146288551 0.99 220000
1723146302983 0.99 224000
1723146316913 0.99 228000
1723146330725 0.99 232000
1723146344807 0.99 236000
1723146358809 0.99 240000
1723146372655 0.99 244000
1723146386784 0.99 248000
1723146400315 0.99 252000
1723146414355 0.99 256000
1723146427966 0.99 260000
1723146441731 0.99 264000
1723146455403 0.99 268000
1723146469109 0.99 272000
1723146483166 0.99 276000
1723146496598 0.99 280000
1723146509754 0.99 284000
1723146523385 0.99 288000
1723146536655 0.99 292000
1723146550249 0.99 296000
1723146563732 0.99 300000
1723146577435 0.99 304000
1723146590985 0.99 308000
1723146604695 0.99 312000
1723146618270 0.99 316000
1723146632375 0.99 320000
1723146646461 0.99 324000
1723146659930 0.99 328000
1723146674144 0.99 332000
1723146687888 0.99 336000
1723146701311 0.99 340000
1723146715706 0.99 344000
1723146728992 0.99 348000
1723146742592 0.99 352000
1723146756079 0.99 356000
1723146769231 0.99 360000
1723146783140 0.99 364000
1723146796933 0.99 368000
1723146810705 0.99 372000
1723146824247 0.99 376000
1723146838042 0.99 380000
1723146851401 0.99 384000
1723146864936 0.99 388000
1723146878239 0.99 392000
1723146892009 0.99 396000
1723146905053 0.99 400000
