1723145479449 0.01 4000
1723145492603 0.01 8000
1723145505867 0.01 12000
1723145519951 0.01 16000
1723145533902 0.01 20000
1723145548742 0.01 24000
1723145563257 0.01 28000
1723145577670 0.01 32000
1723145592187 0.01 36000
1723145606783 0.01 40000
1723145621122 0.01 44000
1723145635535 0.01 48000
1723145649483 0.01 52000
1723145664067 0.01 56000
1723145678990 0.01 60000
1723145694207 0.01 64000
1723145715504 0.01 68000
1723145731837 0.01 72000
1723145746905 0.01 76000
1723145762664 0.01 80000
1723145778774 0.01 84000
1723145796488 0.01 88000
1723145814151 0.01 92000
1723145829995 0.01 96000
1723145845028 0.01 100000
1723145864084 0.01 104000
1723145887410 0.01 108000
1723145903341 0.01 112000
1723145918360 0.01 116000
1723145933912 0.01 120000
1723145948262 0.01 124000
1723145962108 0.01 128000
1723145976324 0.01 132000
1723145990854 0.01 136000
1723146004845 0.01 140000
1723146019082 0.01 144000
1723146033069 0.01 148000
1723146047402 0.01 152000
1723146061584 0.01 156000
1723146076147 0.01 160000
1723146090475 0.01 164000
1723146105497 0.01 168000
1723146119341 0.01 172000
1723146133174 0.01 176000
1723146147593 0.01 180000
1723146161860 0.01 184000
1723146176103 0.01 188000
1723146190284 0.01 192000
1723146204519 0.01 196000
1723146218740 0.01 200000
1723146233055 0.01 204000
1723146247029 0.01 208000
1723146261023 0.01 212000
1723146274450 0.01 216000
1723146288573 0.01 220000
1723146303004 0.01 224000
1723146316934 0.01 228000
1723146330745 0.01 232000
1723146344828 0.01 236000
1723146358830 0.01 240000
1723146372676 0.01 244000
1723146386805 0.01 248000
1723146400336 0.01 252000
1723146414376 0.01 256000
1723146427987 0.01 260000
1723146441751 0.01 264000
1723146455425 0.01 268000
1723146469130 0.01 272000
1723146483188 0.01 276000
1723146496619 0.01 280000
1723146509775 0.01 284000
1723146523407 0.01 288000
1723146536678 0.01 292000
1723146550270 0.01 296000
1723146563752 0.01 300000
1723146577463 0.01 304000
1723146591006 0.01 308000
1723146604715 0.01 312000
1723146618292 0.01 316000
1723146632395 0.01 320000
1723146646482 0.01 324000
1723146659950 0.01 328000
1723146674165 0.01 332000
1723146687908 0.01 336000
1723146701335 0.01 340000
1723146715727 0.01 344000
1723146729013 0.01 348000
1723146742612 0.01 352000
1723146756100 0.01 356000
1723146769252 0.01 360000
1723146783161 0.01 364000
1723146796953 0.01 368000
1723146810726 0.01 372000
1723146824268 0.01 376000
1723146838063 0.01 380000
1723146851422 0.01 384000
1723146864956 0.01 388000
1723146878260 0.01 392000
1723146892031 0.01 396000
1723146905075 0.01 400000
