1723145479417 0.0 4000
1723145492583 0.0 8000
1723145505848 0.0 12000
1723145519931 0.0 16000
1723145533882 0.0 20000
1723145548722 0.0 24000
1723145563238 0.0 28000
1723145577650 0.0 32000
1723145592167 0.0 36000
1723145606761 0.0 40000
1723145621098 0.0 44000
1723145635515 0.0 48000
1723145649461 0.0 52000
1723145664047 0.0 56000
1723145678967 0.0 60000
1723145694185 0.0 64000
1723145715481 0.0 68000
1723145731815 0.0 72000
1723145746881 0.0 76000
1723145762640 0.0 80000
1723145778750 0.0 84000
1723145796460 0.0 88000
1723145814128 0.0 92000
1723145829967 0.0 96000
1723145845004 0.0 100000
1723145864058 0.0 104000
1723145887384 0.0 108000
1723145903319 0.0 112000
1723145918338 0.0 116000
1723145933891 0.0 120000
1723145948240 0.0 124000
1723145962085 0.0 128000
1723145976297 0.0 132000
1723145990833 0.0 136000
1723146004824 0.0 140000
1723146019061 0.0 144000
1723146033047 0.0 148000
1723146047380 0.0 152000
1723146061563 0.0 156000
1723146076126 0.0 160000
1723146090454 0.0 164000
1723146105476 0.0 168000
1723146119320 0.0 172000
1723146133153 0.0 176000
1723146147572 0.0 180000
1723146161837 0.0 184000
1723146176082 0.0 188000
1723146190263 0.0 192000
1723146204497 0.0 196000
1723146218719 0.0 200000
1723146233032 0.0 204000
1723146247006 0.0 208000
1723146261002 0.0 212000
1723146274428 0.0 216000
1723146288551 0.0 220000
1723146302983 0.0 224000
1723146316913 0.0 228000
1723146330724 0.0 232000
1723146344807 0.0 236000
1723146358809 0.0 240000
1723146372655 0.0 244000
1723146386784 0.0 248000
1723146400314 0.0 252000
1723146414354 0.0 256000
1723146427966 0.0 260000
1723146441730 0.0 264000
1723146455403 0.0 268000
1723146469109 0.0 272000
1723146483165 0.0 276000
1723146496598 0.0 280000
1723146509754 0.0 284000
1723146523385 0.0 288000
1723146536654 0.0 292000
1723146550249 0.0 296000
1723146563732 0.0 300000
1723146577435 0.0 304000
1723146590985 0.0 308000
1723146604694 0.0 312000
1723146618269 0.0 316000
1723146632374 0.0 320000
1723146646460 0.0 324000
1723146659929 0.0 328000
1723146674144 0.0 332000
1723146687887 0.0 336000
1723146701311 0.0 340000
1723146715706 0.0 344000
1723146728991 0.0 348000
1723146742591 0.0 352000
1723146756079 0.0 356000
1723146769231 0.0 360000
1723146783140 0.0 364000
1723146796932 0.0 368000
1723146810705 0.0 372000
1723146824247 0.0 376000
1723146838042 0.0 380000
1723146851400 0.0 384000
1723146864935 0.0 388000
1723146878239 0.0 392000
1723146892009 0.0 396000
1723146905053 0.0 400000
