1723145479418 5e-05 4000
1723145492584 5e-05 8000
1723145505848 5e-05 12000
1723145519932 5e-05 16000
1723145533882 5e-05 20000
1723145548722 5e-05 24000
1723145563238 5e-05 28000
1723145577651 5e-05 32000
1723145592167 5e-05 36000
1723145606762 5e-05 40000
1723145621098 5e-05 44000
1723145635516 5e-05 48000
1723145649461 5e-05 52000
1723145664047 5e-05 56000
1723145678967 5e-05 60000
1723145694185 5e-05 64000
1723145715482 5e-05 68000
1723145731816 5e-05 72000
1723145746881 5e-05 76000
1723145762642 5e-05 80000
1723145778751 5e-05 84000
1723145796461 5e-05 88000
1723145814129 5e-05 92000
1723145829968 5e-05 96000
1723145845005 5e-05 100000
1723145864059 5e-05 104000
1723145887385 5e-05 108000
1723145903319 5e-05 112000
1723145918339 5e-05 116000
1723145933891 5e-05 120000
1723145948240 5e-05 124000
1723145962086 5e-05 128000
1723145976297 5e-05 132000
1723145990833 5e-05 136000
1723146004825 5e-05 140000
1723146019062 5e-05 144000
1723146033048 5e-05 148000
1723146047381 5e-05 152000
1723146061563 5e-05 156000
1723146076127 5e-05 160000
1723146090454 5e-05 164000
1723146105477 5e-05 168000
1723146119321 5e-05 172000
1723146133154 5e-05 176000
1723146147573 5e-05 180000
1723146161837 5e-05 184000
1723146176083 5e-05 188000
1723146190264 5e-05 192000
1723146204498 5e-05 196000
1723146218719 5e-05 200000
1723146233033 5e-05 204000
1723146247007 5e-05 208000
1723146261002 5e-05 212000
1723146274429 5e-05 216000
1723146288552 5e-05 220000
1723146302983 5e-05 224000
1723146316914 5e-05 228000
1723146330725 5e-05 232000
1723146344808 5e-05 236000
1723146358810 5e-05 240000
1723146372656 5e-05 244000
1723146386785 5e-05 248000
1723146400315 5e-05 252000
1723146414355 5e-05 256000
1723146427967 5e-05 260000
1723146441731 5e-05 264000
1723146455403 5e-05 268000
1723146469109 5e-05 272000
1723146483166 5e-05 276000
1723146496599 5e-05 280000
1723146509755 5e-05 284000
1723146523386 5e-05 288000
1723146536655 5e-05 292000
1723146550250 5e-05 296000
1723146563733 5e-05 300000
1723146577436 5e-05 304000
1723146590986 5e-05 308000
1723146604695 5e-05 312000
1723146618270 5e-05 316000
1723146632375 5e-05 320000
1723146646461 5e-05 324000
1723146659930 5e-05 328000
1723146674144 5e-05 332000
1723146687888 5e-05 336000
1723146701311 5e-05 340000
1723146715706 5e-05 344000
1723146728992 5e-05 348000
1723146742592 5e-05 352000
1723146756080 5e-05 356000
1723146769232 5e-05 360000
1723146783140 5e-05 364000
1723146796933 5e-05 368000
1723146810706 5e-05 372000
1723146824247 5e-05 376000
1723146838043 5e-05 380000
1723146851401 5e-05 384000
1723146864936 5e-05 388000
1723146878240 5e-05 392000
1723146892010 5e-05 396000
1723146905053 5e-05 400000
