1723145479432 1000.0 4000
1723145492595 1000.0 8000
1723145505859 1000.0 12000
1723145519943 1000.0 16000
1723145533894 1000.0 20000
1723145548734 1000.0 24000
1723145563250 1000.0 28000
1723145577662 1000.0 32000
1723145592179 1000.0 36000
1723145606773 1000.0 40000
1723145621111 1000.0 44000
1723145635527 1000.0 48000
1723145649474 1000.0 52000
1723145664059 1000.0 56000
1723145678981 1000.0 60000
1723145694198 1000.0 64000
1723145715495 1000.0 68000
1723145731828 1000.0 72000
1723145746896 1000.0 76000
1723145762655 1000.0 80000
1723145778766 1000.0 84000
1723145796477 1000.0 88000
1723145814142 1000.0 92000
1723145829983 1000.0 96000
1723145845019 1000.0 100000
1723145864073 1000.0 104000
1723145887400 1000.0 108000
1723145903333 1000.0 112000
1723145918351 1000.0 116000
1723145933904 1000.0 120000
1723145948253 1000.0 124000
1723145962099 1000.0 128000
1723145976313 1000.0 132000
1723145990845 1000.0 136000
1723146004837 1000.0 140000
1723146019074 1000.0 144000
1723146033060 1000.0 148000
1723146047393 1000.0 152000
1723146061575 1000.0 156000
1723146076138 1000.0 160000
1723146090467 1000.0 164000
1723146105488 1000.0 168000
1723146119332 1000.0 172000
1723146133166 1000.0 176000
1723146147584 1000.0 180000
1723146161850 1000.0 184000
1723146176095 1000.0 188000
1723146190275 1000.0 192000
1723146204510 1000.0 196000
1723146218732 1000.0 200000
1723146233046 1000.0 204000
1723146247019 1000.0 208000
1723146261014 1000.0 212000
1723146274441 1000.0 216000
1723146288565 1000.0 220000
1723146302996 1000.0 224000
1723146316926 1000.0 228000
1723146330737 1000.0 232000
1723146344820 1000.0 236000
1723146358822 1000.0 240000
1723146372668 1000.0 244000
1723146386796 1000.0 248000
1723146400327 1000.0 252000
1723146414368 1000.0 256000
1723146427978 1000.0 260000
1723146441743 1000.0 264000
1723146455416 1000.0 268000
1723146469121 1000.0 272000
1723146483179 1000.0 276000
1723146496611 1000.0 280000
1723146509767 1000.0 284000
1723146523398 1000.0 288000
1723146536669 1000.0 292000
1723146550262 1000.0 296000
1723146563744 1000.0 300000
1723146577451 1000.0 304000
1723146590998 1000.0 308000
1723146604707 1000.0 312000
1723146618283 1000.0 316000
1723146632387 1000.0 320000
1723146646473 1000.0 324000
1723146659942 1000.0 328000
1723146674156 1000.0 332000
1723146687900 1000.0 336000
1723146701325 1000.0 340000
1723146715718 1000.0 344000
1723146729005 1000.0 348000
1723146742604 1000.0 352000
1723146756091 1000.0 356000
1723146769244 1000.0 360000
1723146783152 1000.0 364000
1723146796945 1000.0 368000
1723146810718 1000.0 372000
1723146824259 1000.0 376000
1723146838055 1000.0 380000
1723146851413 1000.0 384000
1723146864948 1000.0 388000
1723146878252 1000.0 392000
1723146892021 1000.0 396000
1723146905066 1000.0 400000
