1723145479427 100.0 4000
1723145492592 100.0 8000
1723145505856 100.0 12000
1723145519939 100.0 16000
1723145533890 100.0 20000
1723145548731 100.0 24000
1723145563246 100.0 28000
1723145577658 100.0 32000
1723145592175 100.0 36000
1723145606769 100.0 40000
1723145621107 100.0 44000
1723145635524 100.0 48000
1723145649469 100.0 52000
1723145664055 100.0 56000
1723145678977 100.0 60000
1723145694194 100.0 64000
1723145715491 100.0 68000
1723145731825 100.0 72000
1723145746892 100.0 76000
1723145762651 100.0 80000
1723145778762 100.0 84000
1723145796470 100.0 88000
1723145814137 100.0 92000
1723145829978 100.0 96000
1723145845014 100.0 100000
1723145864069 100.0 104000
1723145887394 100.0 108000
1723145903328 100.0 112000
1723145918347 100.0 116000
1723145933900 100.0 120000
1723145948249 100.0 124000
1723145962095 100.0 128000
1723145976308 100.0 132000
1723145990841 100.0 136000
1723146004833 100.0 140000
1723146019070 100.0 144000
1723146033056 100.0 148000
1723146047389 100.0 152000
1723146061571 100.0 156000
1723146076135 100.0 160000
1723146090463 100.0 164000
1723146105485 100.0 168000
1723146119329 100.0 172000
1723146133162 100.0 176000
1723146147581 100.0 180000
1723146161846 100.0 184000
1723146176091 100.0 188000
1723146190272 100.0 192000
1723146204506 100.0 196000
1723146218728 100.0 200000
1723146233041 100.0 204000
1723146247015 100.0 208000
1723146261011 100.0 212000
1723146274437 100.0 216000
1723146288561 100.0 220000
1723146302992 100.0 224000
1723146316922 100.0 228000
1723146330733 100.0 232000
1723146344816 100.0 236000
1723146358818 100.0 240000
1723146372664 100.0 244000
1723146386792 100.0 248000
1723146400323 100.0 252000
1723146414364 100.0 256000
1723146427975 100.0 260000
1723146441739 100.0 264000
1723146455412 100.0 268000
1723146469117 100.0 272000
1723146483175 100.0 276000
1723146496607 100.0 280000
1723146509763 100.0 284000
1723146523394 100.0 288000
1723146536666 100.0 292000
1723146550258 100.0 296000
1723146563740 100.0 300000
1723146577445 100.0 304000
1723146590994 100.0 308000
1723146604703 100.0 312000
1723146618279 100.0 316000
1723146632383 100.0 320000
1723146646470 100.0 324000
1723146659938 100.0 328000
1723146674153 100.0 332000
1723146687896 100.0 336000
1723146701321 100.0 340000
1723146715715 100.0 344000
1723146729001 100.0 348000
1723146742600 100.0 352000
1723146756088 100.0 356000
1723146769240 100.0 360000
1723146783149 100.0 364000
1723146796941 100.0 368000
1723146810714 100.0 372000
1723146824256 100.0 376000
1723146838051 100.0 380000
1723146851409 100.0 384000
1723146864944 100.0 388000
1723146878248 100.0 392000
1723146892018 100.0 396000
1723146905062 100.0 400000
