1723145479410 1.0 4000
1723145492578 1.0 8000
1723145505842 1.0 12000
1723145519926 1.0 16000
1723145533876 1.0 20000
1723145548716 1.0 24000
1723145563232 1.0 28000
1723145577644 1.0 32000
1723145592161 1.0 36000
1723145606755 1.0 40000
1723145621091 1.0 44000
1723145635509 1.0 48000
1723145649455 1.0 52000
1723145664041 1.0 56000
1723145678961 1.0 60000
1723145694179 1.0 64000
1723145715476 1.0 68000
1723145731810 1.0 72000
1723145746874 1.0 76000
1723145762633 1.0 80000
1723145778743 1.0 84000
1723145796454 1.0 88000
1723145814122 1.0 92000
1723145829961 1.0 96000
1723145844999 1.0 100000
1723145864052 1.0 104000
1723145887378 1.0 108000
1723145903313 1.0 112000
1723145918332 1.0 116000
1723145933885 1.0 120000
1723145948234 1.0 124000
1723145962079 1.0 128000
1723145976291 1.0 132000
1723145990827 1.0 136000
1723146004818 1.0 140000
1723146019055 1.0 144000
1723146033042 1.0 148000
1723146047375 1.0 152000
1723146061557 1.0 156000
1723146076120 1.0 160000
1723146090447 1.0 164000
1723146105470 1.0 168000
1723146119314 1.0 172000
1723146133147 1.0 176000
1723146147566 1.0 180000
1723146161831 1.0 184000
1723146176077 1.0 188000
1723146190257 1.0 192000
1723146204492 1.0 196000
1723146218713 1.0 200000
1723146233026 1.0 204000
1723146247001 1.0 208000
1723146260996 1.0 212000
1723146274423 1.0 216000
1723146288545 1.0 220000
1723146302977 1.0 224000
1723146316907 1.0 228000
1723146330719 1.0 232000
1723146344801 1.0 236000
1723146358803 1.0 240000
1723146372650 1.0 244000
1723146386778 1.0 248000
1723146400309 1.0 252000
1723146414348 1.0 256000
1723146427960 1.0 260000
1723146441725 1.0 264000
1723146455397 1.0 268000
1723146469103 1.0 272000
1723146483160 1.0 276000
1723146496592 1.0 280000
1723146509748 1.0 284000
1723146523379 1.0 288000
1723146536646 1.0 292000
1723146550243 1.0 296000
1723146563726 1.0 300000
1723146577429 1.0 304000
1723146590979 1.0 308000
1723146604689 1.0 312000
1723146618264 1.0 316000
1723146632369 1.0 320000
1723146646455 1.0 324000
1723146659924 1.0 328000
1723146674138 1.0 332000
1723146687882 1.0 336000
1723146701303 1.0 340000
1723146715700 1.0 344000
1723146728986 1.0 348000
1723146742585 1.0 352000
1723146756073 1.0 356000
1723146769225 1.0 360000
1723146783134 1.0 364000
1723146796927 1.0 368000
1723146810699 1.0 372000
1723146824240 1.0 376000
1723146838036 1.0 380000
1723146851395 1.0 384000
1723146864930 1.0 388000
1723146878233 1.0 392000
1723146892003 1.0 396000
1723146905047 1.0 400000
