1723145479433 100.0 4000
1723145492596 100.0 8000
1723145505860 100.0 12000
1723145519944 100.0 16000
1723145533895 100.0 20000
1723145548735 100.0 24000
1723145563250 100.0 28000
1723145577663 100.0 32000
1723145592180 100.0 36000
1723145606774 100.0 40000
1723145621112 100.0 44000
1723145635528 100.0 48000
1723145649475 100.0 52000
1723145664060 100.0 56000
1723145678982 100.0 60000
1723145694199 100.0 64000
1723145715496 100.0 68000
1723145731829 100.0 72000
1723145746897 100.0 76000
1723145762656 100.0 80000
1723145778767 100.0 84000
1723145796478 100.0 88000
1723145814143 100.0 92000
1723145829985 100.0 96000
1723145845020 100.0 100000
1723145864075 100.0 104000
1723145887402 100.0 108000
1723145903334 100.0 112000
1723145918352 100.0 116000
1723145933905 100.0 120000
1723145948254 100.0 124000
1723145962100 100.0 128000
1723145976314 100.0 132000
1723145990846 100.0 136000
1723146004838 100.0 140000
1723146019075 100.0 144000
1723146033061 100.0 148000
1723146047394 100.0 152000
1723146061576 100.0 156000
1723146076139 100.0 160000
1723146090468 100.0 164000
1723146105489 100.0 168000
1723146119334 100.0 172000
1723146133167 100.0 176000
1723146147586 100.0 180000
1723146161851 100.0 184000
1723146176096 100.0 188000
1723146190276 100.0 192000
1723146204511 100.0 196000
1723146218733 100.0 200000
1723146233047 100.0 204000
1723146247020 100.0 208000
1723146261015 100.0 212000
1723146274442 100.0 216000
1723146288566 100.0 220000
1723146302997 100.0 224000
1723146316927 100.0 228000
1723146330738 100.0 232000
1723146344821 100.0 236000
1723146358823 100.0 240000
1723146372669 100.0 244000
1723146386797 100.0 248000
1723146400328 100.0 252000
1723146414369 100.0 256000
1723146427979 100.0 260000
1723146441744 100.0 264000
1723146455417 100.0 268000
1723146469122 100.0 272000
1723146483180 100.0 276000
1723146496612 100.0 280000
1723146509768 100.0 284000
1723146523399 100.0 288000
1723146536671 100.0 292000
1723146550263 100.0 296000
1723146563745 100.0 300000
1723146577453 100.0 304000
1723146590999 100.0 308000
1723146604708 100.0 312000
1723146618284 100.0 316000
1723146632388 100.0 320000
1723146646475 100.0 324000
1723146659943 100.0 328000
1723146674157 100.0 332000
1723146687901 100.0 336000
1723146701326 100.0 340000
1723146715719 100.0 344000
1723146729006 100.0 348000
1723146742605 100.0 352000
1723146756092 100.0 356000
1723146769245 100.0 360000
1723146783153 100.0 364000
1723146796946 100.0 368000
1723146810719 100.0 372000
1723146824260 100.0 376000
1723146838056 100.0 380000
1723146851414 100.0 384000
1723146864949 100.0 388000
1723146878253 100.0 392000
1723146892023 100.0 396000
1723146905067 100.0 400000
