1723145479455 9.0 4000
1723145492607 9.0 8000
1723145505871 9.0 12000
1723145519955 9.0 16000
1723145533906 9.0 20000
1723145548746 9.0 24000
1723145563261 9.0 28000
1723145577674 9.0 32000
1723145592191 9.0 36000
1723145606788 9.0 40000
1723145621127 9.0 44000
1723145635539 9.0 48000
1723145649489 9.0 52000
1723145664071 9.0 56000
1723145678994 9.0 60000
1723145694211 9.0 64000
1723145715508 9.0 68000
1723145731841 9.0 72000
1723145746910 9.0 76000
1723145762669 9.0 80000
1723145778778 9.0 84000
1723145796495 9.0 88000
1723145814156 9.0 92000
1723145830000 9.0 96000
1723145845033 9.0 100000
1723145864091 9.0 104000
1723145887415 9.0 108000
1723145903346 9.0 112000
1723145918365 9.0 116000
1723145933917 9.0 120000
1723145948267 9.0 124000
1723145962112 9.0 128000
1723145976330 9.0 132000
1723145990858 9.0 136000
1723146004852 9.0 140000
1723146019086 9.0 144000
1723146033073 9.0 148000
1723146047406 9.0 152000
1723146061589 9.0 156000
1723146076151 9.0 160000
1723146090479 9.0 164000
1723146105502 9.0 168000
1723146119345 9.0 172000
1723146133178 9.0 176000
1723146147597 9.0 180000
1723146161864 9.0 184000
1723146176108 9.0 188000
1723146190288 9.0 192000
1723146204523 9.0 196000
1723146218745 9.0 200000
1723146233059 9.0 204000
1723146247033 9.0 208000
1723146261027 9.0 212000
1723146274454 9.0 216000
1723146288578 9.0 220000
1723146303008 9.0 224000
1723146316939 9.0 228000
1723146330750 9.0 232000
1723146344833 9.0 236000
1723146358835 9.0 240000
1723146372680 9.0 244000
1723146386809 9.0 248000
1723146400340 9.0 252000
1723146414380 9.0 256000
1723146427991 9.0 260000
1723146441755 9.0 264000
1723146455429 9.0 268000
1723146469134 9.0 272000
1723146483192 9.0 276000
1723146496624 9.0 280000
1723146509779 9.0 284000
1723146523411 9.0 288000
1723146536683 9.0 292000
1723146550274 9.0 296000
1723146563757 9.0 300000
1723146577467 9.0 304000
1723146591010 9.0 308000
1723146604720 9.0 312000
1723146618296 9.0 316000
1723146632400 9.0 320000
1723146646486 9.0 324000
1723146659955 9.0 328000
1723146674169 9.0 332000
1723146687913 9.0 336000
1723146701340 9.0 340000
1723146715731 9.0 344000
1723146729017 9.0 348000
1723146742616 9.0 352000
1723146756104 9.0 356000
1723146769256 9.0 360000
1723146783165 9.0 364000
1723146796958 9.0 368000
1723146810731 9.0 372000
1723146824272 9.0 376000
1723146838067 9.0 380000
1723146851426 9.0 384000
1723146864960 9.0 388000
1723146878264 9.0 392000
1723146892035 9.0 396000
1723146905079 9.0 400000
