1723145479456 1.0 4000
1723145492608 1.0 8000
1723145505872 1.0 12000
1723145519955 1.0 16000
1723145533906 1.0 20000
1723145548746 1.0 24000
1723145563262 1.0 28000
1723145577674 1.0 32000
1723145592191 1.0 36000
1723145606789 1.0 40000
1723145621127 1.0 44000
1723145635539 1.0 48000
1723145649489 1.0 52000
1723145664072 1.0 56000
1723145678994 1.0 60000
1723145694212 1.0 64000
1723145715509 1.0 68000
1723145731842 1.0 72000
1723145746911 1.0 76000
1723145762669 1.0 80000
1723145778779 1.0 84000
1723145796496 1.0 88000
1723145814156 1.0 92000
1723145830001 1.0 96000
1723145845033 1.0 100000
1723145864092 1.0 104000
1723145887415 1.0 108000
1723145903346 1.0 112000
1723145918365 1.0 116000
1723145933917 1.0 120000
1723145948268 1.0 124000
1723145962112 1.0 128000
1723145976330 1.0 132000
1723145990858 1.0 136000
1723146004852 1.0 140000
1723146019087 1.0 144000
1723146033073 1.0 148000
1723146047406 1.0 152000
1723146061589 1.0 156000
1723146076151 1.0 160000
1723146090480 1.0 164000
1723146105502 1.0 168000
1723146119346 1.0 172000
1723146133179 1.0 176000
1723146147597 1.0 180000
1723146161864 1.0 184000
1723146176108 1.0 188000
1723146190288 1.0 192000
1723146204523 1.0 196000
1723146218745 1.0 200000
1723146233059 1.0 204000
1723146247033 1.0 208000
1723146261028 1.0 212000
1723146274455 1.0 216000
1723146288578 1.0 220000
1723146303009 1.0 224000
1723146316939 1.0 228000
1723146330750 1.0 232000
1723146344833 1.0 236000
1723146358835 1.0 240000
1723146372681 1.0 244000
1723146386809 1.0 248000
1723146400340 1.0 252000
1723146414380 1.0 256000
1723146427991 1.0 260000
1723146441756 1.0 264000
1723146455429 1.0 268000
1723146469134 1.0 272000
1723146483192 1.0 276000
1723146496624 1.0 280000
1723146509780 1.0 284000
1723146523412 1.0 288000
1723146536683 1.0 292000
1723146550274 1.0 296000
1723146563757 1.0 300000
1723146577468 1.0 304000
1723146591011 1.0 308000
1723146604720 1.0 312000
1723146618296 1.0 316000
1723146632400 1.0 320000
1723146646487 1.0 324000
1723146659955 1.0 328000
1723146674169 1.0 332000
1723146687913 1.0 336000
1723146701340 1.0 340000
1723146715732 1.0 344000
1723146729018 1.0 348000
1723146742617 1.0 352000
1723146756105 1.0 356000
1723146769257 1.0 360000
1723146783165 1.0 364000
1723146796958 1.0 368000
1723146810731 1.0 372000
1723146824272 1.0 376000
1723146838068 1.0 380000
1723146851427 1.0 384000
1723146864961 1.0 388000
1723146878265 1.0 392000
1723146892035 1.0 396000
1723146905079 1.0 400000
