1723145479457 1.0 4000
1723145492609 1.0 8000
1723145505873 1.0 12000
1723145519956 1.0 16000
1723145533907 1.0 20000
1723145548747 1.0 24000
1723145563263 1.0 28000
1723145577675 1.0 32000
1723145592192 1.0 36000
1723145606790 1.0 40000
1723145621129 1.0 44000
1723145635541 1.0 48000
1723145649490 1.0 52000
1723145664073 1.0 56000
1723145678995 1.0 60000
1723145694213 1.0 64000
1723145715510 1.0 68000
1723145731843 1.0 72000
1723145746912 1.0 76000
1723145762670 1.0 80000
1723145778780 1.0 84000
1723145796497 1.0 88000
1723145814157 1.0 92000
1723145830002 1.0 96000
1723145845034 1.0 100000
1723145864093 1.0 104000
1723145887416 1.0 108000
1723145903348 1.0 112000
1723145918366 1.0 116000
1723145933918 1.0 120000
1723145948269 1.0 124000
1723145962114 1.0 128000
1723145976331 1.0 132000
1723145990859 1.0 136000
1723146004853 1.0 140000
1723146019088 1.0 144000
1723146033075 1.0 148000
1723146047407 1.0 152000
1723146061590 1.0 156000
1723146076152 1.0 160000
1723146090481 1.0 164000
1723146105503 1.0 168000
1723146119347 1.0 172000
1723146133180 1.0 176000
1723146147598 1.0 180000
1723146161866 1.0 184000
1723146176109 1.0 188000
1723146190289 1.0 192000
1723146204524 1.0 196000
1723146218746 1.0 200000
1723146233061 1.0 204000
1723146247034 1.0 208000
1723146261029 1.0 212000
1723146274456 1.0 216000
1723146288579 1.0 220000
1723146303010 1.0 224000
1723146316940 1.0 228000
1723146330751 1.0 232000
1723146344834 1.0 236000
1723146358836 1.0 240000
1723146372682 1.0 244000
1723146386811 1.0 248000
1723146400341 1.0 252000
1723146414382 1.0 256000
1723146427993 1.0 260000
1723146441757 1.0 264000
1723146455430 1.0 268000
1723146469135 1.0 272000
1723146483193 1.0 276000
1723146496625 1.0 280000
1723146509781 1.0 284000
1723146523413 1.0 288000
1723146536684 1.0 292000
1723146550276 1.0 296000
1723146563758 1.0 300000
1723146577469 1.0 304000
1723146591012 1.0 308000
1723146604721 1.0 312000
1723146618297 1.0 316000
1723146632401 1.0 320000
1723146646488 1.0 324000
1723146659956 1.0 328000
1723146674170 1.0 332000
1723146687914 1.0 336000
1723146701341 1.0 340000
1723146715733 1.0 344000
1723146729019 1.0 348000
1723146742618 1.0 352000
1723146756106 1.0 356000
1723146769258 1.0 360000
1723146783166 1.0 364000
1723146796959 1.0 368000
1723146810732 1.0 372000
1723146824273 1.0 376000
1723146838069 1.0 380000
1723146851428 1.0 384000
1723146864962 1.0 388000
1723146878266 1.0 392000
1723146892036 1.0 396000
1723146905080 1.0 400000
