1723145479439 -1.0 4000
1723145492599 -1.0 8000
1723145505863 -1.0 12000
1723145519946 -1.0 16000
1723145533897 -1.0 20000
1723145548738 -1.0 24000
1723145563253 -1.0 28000
1723145577666 -1.0 32000
1723145592183 -1.0 36000
1723145606776 -1.0 40000
1723145621117 -1.0 44000
1723145635531 -1.0 48000
1723145649478 -1.0 52000
1723145664063 -1.0 56000
1723145678985 -1.0 60000
1723145694202 -1.0 64000
1723145715499 -1.0 68000
1723145731832 -1.0 72000
1723145746900 -1.0 76000
1723145762659 -1.0 80000
1723145778769 -1.0 84000
1723145796482 -1.0 88000
1723145814146 -1.0 92000
1723145829988 -1.0 96000
1723145845023 -1.0 100000
1723145864078 -1.0 104000
1723145887405 -1.0 108000
1723145903337 -1.0 112000
1723145918355 -1.0 116000
1723145933907 -1.0 120000
1723145948257 -1.0 124000
1723145962103 -1.0 128000
1723145976318 -1.0 132000
1723145990849 -1.0 136000
1723146004841 -1.0 140000
1723146019078 -1.0 144000
1723146033064 -1.0 148000
1723146047397 -1.0 152000
1723146061580 -1.0 156000
1723146076142 -1.0 160000
1723146090470 -1.0 164000
1723146105492 -1.0 168000
1723146119337 -1.0 172000
1723146133170 -1.0 176000
1723146147588 -1.0 180000
1723146161855 -1.0 184000
1723146176099 -1.0 188000
1723146190279 -1.0 192000
1723146204514 -1.0 196000
1723146218736 -1.0 200000
1723146233050 -1.0 204000
1723146247024 -1.0 208000
1723146261018 -1.0 212000
1723146274445 -1.0 216000
1723146288569 -1.0 220000
1723146302999 -1.0 224000
1723146316930 -1.0 228000
1723146330741 -1.0 232000
1723146344824 -1.0 236000
1723146358826 -1.0 240000
1723146372671 -1.0 244000
1723146386800 -1.0 248000
1723146400331 -1.0 252000
1723146414371 -1.0 256000
1723146427982 -1.0 260000
1723146441746 -1.0 264000
1723146455420 -1.0 268000
1723146469125 -1.0 272000
1723146483183 -1.0 276000
1723146496615 -1.0 280000
1723146509771 -1.0 284000
1723146523402 -1.0 288000
1723146536673 -1.0 292000
1723146550265 -1.0 296000
1723146563748 -1.0 300000
1723146577458 -1.0 304000
1723146591001 -1.0 308000
1723146604711 -1.0 312000
1723146618287 -1.0 316000
1723146632391 -1.0 320000
1723146646477 -1.0 324000
1723146659946 -1.0 328000
1723146674160 -1.0 332000
1723146687904 -1.0 336000
1723146701329 -1.0 340000
1723146715722 -1.0 344000
1723146729009 -1.0 348000
1723146742608 -1.0 352000
1723146756095 -1.0 356000
1723146769248 -1.0 360000
1723146783156 -1.0 364000
1723146796949 -1.0 368000
1723146810722 -1.0 372000
1723146824263 -1.0 376000
1723146838059 -1.0 380000
1723146851417 -1.0 384000
1723146864952 -1.0 388000
1723146878255 -1.0 392000
1723146892026 -1.0 396000
1723146905070 -1.0 400000
