1723145479420 0.0 4000
1723145492586 0.0 8000
1723145505850 0.0 12000
1723145519934 0.0 16000
1723145533884 0.0 20000
1723145548724 0.0 24000
1723145563240 0.0 28000
1723145577653 0.0 32000
1723145592169 0.0 36000
1723145606764 0.0 40000
1723145621101 0.0 44000
1723145635518 0.0 48000
1723145649463 0.0 52000
1723145664049 0.0 56000
1723145678970 0.0 60000
1723145694188 0.0 64000
1723145715484 0.0 68000
1723145731818 0.0 72000
1723145746884 0.0 76000
1723145762645 0.0 80000
1723145778754 0.0 84000
1723145796463 0.0 88000
1723145814131 0.0 92000
1723145829970 0.0 96000
1723145845008 0.0 100000
1723145864062 0.0 104000
1723145887387 0.0 108000
1723145903322 0.0 112000
1723145918341 0.0 116000
1723145933894 0.0 120000
1723145948243 0.0 124000
1723145962088 0.0 128000
1723145976300 0.0 132000
1723145990835 0.0 136000
1723146004827 0.0 140000
1723146019064 0.0 144000
1723146033050 0.0 148000
1723146047383 0.0 152000
1723146061565 0.0 156000
1723146076129 0.0 160000
1723146090457 0.0 164000
1723146105479 0.0 168000
1723146119323 0.0 172000
1723146133156 0.0 176000
1723146147575 0.0 180000
1723146161840 0.0 184000
1723146176085 0.0 188000
1723146190266 0.0 192000
1723146204500 0.0 196000
1723146218721 0.0 200000
1723146233035 0.0 204000
1723146247009 0.0 208000
1723146261004 0.0 212000
1723146274431 0.0 216000
1723146288554 0.0 220000
1723146302986 0.0 224000
1723146316916 0.0 228000
1723146330727 0.0 232000
1723146344810 0.0 236000
1723146358812 0.0 240000
1723146372658 0.0 244000
1723146386787 0.0 248000
1723146400317 0.0 252000
1723146414358 0.0 256000
1723146427969 0.0 260000
1723146441733 0.0 264000
1723146455405 0.0 268000
1723146469111 0.0 272000
1723146483169 0.0 276000
1723146496601 0.0 280000
1723146509757 0.0 284000
1723146523388 0.0 288000
1723146536659 0.0 292000
1723146550252 0.0 296000
1723146563735 0.0 300000
1723146577438 0.0 304000
1723146590988 0.0 308000
1723146604697 0.0 312000
1723146618273 0.0 316000
1723146632377 0.0 320000
1723146646463 0.0 324000
1723146659932 0.0 328000
1723146674147 0.0 332000
1723146687890 0.0 336000
1723146701314 0.0 340000
1723146715708 0.0 344000
1723146728994 0.0 348000
1723146742594 0.0 352000
1723146756082 0.0 356000
1723146769234 0.0 360000
1723146783142 0.0 364000
1723146796935 0.0 368000
1723146810708 0.0 372000
1723146824249 0.0 376000
1723146838045 0.0 380000
1723146851403 0.0 384000
1723146864938 0.0 388000
1723146878242 0.0 392000
1723146892012 0.0 396000
1723146905055 0.0 400000
