1723145479431 0.0 4000
1723145492595 0.0 8000
1723145505859 0.0 12000
1723145519943 0.0 16000
1723145533893 0.0 20000
1723145548734 0.0 24000
1723145563249 0.0 28000
1723145577662 0.0 32000
1723145592179 0.0 36000
1723145606773 0.0 40000
1723145621111 0.0 44000
1723145635527 0.0 48000
1723145649473 0.0 52000
1723145664059 0.0 56000
1723145678980 0.0 60000
1723145694198 0.0 64000
1723145715495 0.0 68000
1723145731828 0.0 72000
1723145746896 0.0 76000
1723145762655 0.0 80000
1723145778765 0.0 84000
1723145796476 0.0 88000
1723145814141 0.0 92000
1723145829983 0.0 96000
1723145845018 0.0 100000
1723145864073 0.0 104000
1723145887399 0.0 108000
1723145903332 0.0 112000
1723145918351 0.0 116000
1723145933903 0.0 120000
1723145948252 0.0 124000
1723145962099 0.0 128000
1723145976312 0.0 132000
1723145990845 0.0 136000
1723146004836 0.0 140000
1723146019074 0.0 144000
1723146033060 0.0 148000
1723146047393 0.0 152000
1723146061575 0.0 156000
1723146076138 0.0 160000
1723146090466 0.0 164000
1723146105488 0.0 168000
1723146119332 0.0 172000
1723146133165 0.0 176000
1723146147584 0.0 180000
1723146161850 0.0 184000
1723146176095 0.0 188000
1723146190275 0.0 192000
1723146204510 0.0 196000
1723146218732 0.0 200000
1723146233045 0.0 204000
1723146247019 0.0 208000
1723146261014 0.0 212000
1723146274441 0.0 216000
1723146288565 0.0 220000
1723146302995 0.0 224000
1723146316926 0.0 228000
1723146330737 0.0 232000
1723146344820 0.0 236000
1723146358821 0.0 240000
1723146372667 0.0 244000
1723146386796 0.0 248000
1723146400327 0.0 252000
1723146414367 0.0 256000
1723146427978 0.0 260000
1723146441742 0.0 264000
1723146455416 0.0 268000
1723146469121 0.0 272000
1723146483179 0.0 276000
1723146496610 0.0 280000
1723146509766 0.0 284000
1723146523398 0.0 288000
1723146536669 0.0 292000
1723146550261 0.0 296000
1723146563744 0.0 300000
1723146577451 0.0 304000
1723146590997 0.0 308000
1723146604707 0.0 312000
1723146618283 0.0 316000
1723146632387 0.0 320000
1723146646473 0.0 324000
1723146659942 0.0 328000
1723146674156 0.0 332000
1723146687900 0.0 336000
1723146701325 0.0 340000
1723146715718 0.0 344000
1723146729004 0.0 348000
1723146742603 0.0 352000
1723146756091 0.0 356000
1723146769243 0.0 360000
1723146783152 0.0 364000
1723146796944 0.0 368000
1723146810717 0.0 372000
1723146824259 0.0 376000
1723146838054 0.0 380000
1723146851413 0.0 384000
1723146864947 0.0 388000
1723146878251 0.0 392000
1723146892021 0.0 396000
1723146905066 0.0 400000
