1723145479433 0.0 4000
1723145492596 0.0 8000
1723145505860 0.0 12000
1723145519944 0.0 16000
1723145533894 0.0 20000
1723145548735 0.0 24000
1723145563250 0.0 28000
1723145577663 0.0 32000
1723145592180 0.0 36000
1723145606773 0.0 40000
1723145621112 0.0 44000
1723145635528 0.0 48000
1723145649474 0.0 52000
1723145664060 0.0 56000
1723145678981 0.0 60000
1723145694199 0.0 64000
1723145715496 0.0 68000
1723145731829 0.0 72000
1723145746897 0.0 76000
1723145762656 0.0 80000
1723145778766 0.0 84000
1723145796478 0.0 88000
1723145814143 0.0 92000
1723145829984 0.0 96000
1723145845019 0.0 100000
1723145864074 0.0 104000
1723145887401 0.0 108000
1723145903333 0.0 112000
1723145918352 0.0 116000
1723145933904 0.0 120000
1723145948253 0.0 124000
1723145962100 0.0 128000
1723145976313 0.0 132000
1723145990846 0.0 136000
1723146004837 0.0 140000
1723146019075 0.0 144000
1723146033061 0.0 148000
1723146047394 0.0 152000
1723146061576 0.0 156000
1723146076139 0.0 160000
1723146090467 0.0 164000
1723146105489 0.0 168000
1723146119333 0.0 172000
1723146133166 0.0 176000
1723146147585 0.0 180000
1723146161851 0.0 184000
1723146176096 0.0 188000
1723146190276 0.0 192000
1723146204511 0.0 196000
1723146218733 0.0 200000
1723146233047 0.0 204000
1723146247020 0.0 208000
1723146261015 0.0 212000
1723146274442 0.0 216000
1723146288566 0.0 220000
1723146302996 0.0 224000
1723146316927 0.0 228000
1723146330738 0.0 232000
1723146344821 0.0 236000
1723146358822 0.0 240000
1723146372668 0.0 244000
1723146386797 0.0 248000
1723146400328 0.0 252000
1723146414368 0.0 256000
1723146427979 0.0 260000
1723146441743 0.0 264000
1723146455417 0.0 268000
1723146469122 0.0 272000
1723146483180 0.0 276000
1723146496611 0.0 280000
1723146509767 0.0 284000
1723146523399 0.0 288000
1723146536670 0.0 292000
1723146550262 0.0 296000
1723146563745 0.0 300000
1723146577453 0.0 304000
1723146590998 0.0 308000
1723146604708 0.0 312000
1723146618284 0.0 316000
1723146632388 0.0 320000
1723146646474 0.0 324000
1723146659943 0.0 328000
1723146674157 0.0 332000
1723146687901 0.0 336000
1723146701326 0.0 340000
1723146715719 0.0 344000
1723146729005 0.0 348000
1723146742604 0.0 352000
1723146756092 0.0 356000
1723146769244 0.0 360000
1723146783153 0.0 364000
1723146796945 0.0 368000
1723146810718 0.0 372000
1723146824260 0.0 376000
1723146838055 0.0 380000
1723146851414 0.0 384000
1723146864948 0.0 388000
1723146878252 0.0 392000
1723146892022 0.0 396000
1723146905067 0.0 400000
