1723145479421 0.0 4000
1723145492587 0.0 8000
1723145505851 0.0 12000
1723145519935 0.0 16000
1723145533885 0.0 20000
1723145548725 0.0 24000
1723145563241 0.0 28000
1723145577654 0.0 32000
1723145592170 0.0 36000
1723145606764 0.0 40000
1723145621102 0.0 44000
1723145635519 0.0 48000
1723145649464 0.0 52000
1723145664050 0.0 56000
1723145678972 0.0 60000
1723145694189 0.0 64000
1723145715486 0.0 68000
1723145731819 0.0 72000
1723145746885 0.0 76000
1723145762646 0.0 80000
1723145778755 0.0 84000
1723145796465 0.0 88000
1723145814132 0.0 92000
1723145829971 0.0 96000
1723145845009 0.0 100000
1723145864063 0.0 104000
1723145887388 0.0 108000
1723145903323 0.0 112000
1723145918342 0.0 116000
1723145933895 0.0 120000
1723145948244 0.0 124000
1723145962090 0.0 128000
1723145976301 0.0 132000
1723145990836 0.0 136000
1723146004828 0.0 140000
1723146019065 0.0 144000
1723146033051 0.0 148000
1723146047384 0.0 152000
1723146061566 0.0 156000
1723146076130 0.0 160000
1723146090458 0.0 164000
1723146105480 0.0 168000
1723146119324 0.0 172000
1723146133157 0.0 176000
1723146147576 0.0 180000
1723146161841 0.0 184000
1723146176086 0.0 188000
1723146190267 0.0 192000
1723146204501 0.0 196000
1723146218722 0.0 200000
1723146233036 0.0 204000
1723146247010 0.0 208000
1723146261006 0.0 212000
1723146274432 0.0 216000
1723146288556 0.0 220000
1723146302987 0.0 224000
1723146316917 0.0 228000
1723146330728 0.0 232000
1723146344811 0.0 236000
1723146358813 0.0 240000
1723146372659 0.0 244000
1723146386788 0.0 248000
1723146400318 0.0 252000
1723146414359 0.0 256000
1723146427970 0.0 260000
1723146441734 0.0 264000
1723146455407 0.0 268000
1723146469112 0.0 272000
1723146483170 0.0 276000
1723146496602 0.0 280000
1723146509758 0.0 284000
1723146523389 0.0 288000
1723146536661 0.0 292000
1723146550253 0.0 296000
1723146563736 0.0 300000
1723146577439 0.0 304000
1723146590989 0.0 308000
1723146604698 0.0 312000
1723146618274 0.0 316000
1723146632378 0.0 320000
1723146646464 0.0 324000
1723146659933 0.0 328000
1723146674148 0.0 332000
1723146687891 0.0 336000
1723146701315 0.0 340000
1723146715710 0.0 344000
1723146728995 0.0 348000
1723146742595 0.0 352000
1723146756083 0.0 356000
1723146769235 0.0 360000
1723146783143 0.0 364000
1723146796936 0.0 368000
1723146810709 0.0 372000
1723146824250 0.0 376000
1723146838046 0.0 380000
1723146851404 0.0 384000
1723146864939 0.0 388000
1723146878243 0.0 392000
1723146892013 0.0 396000
1723146905057 0.0 400000
