1723145479416 1.0 4000
1723145492582 1.0 8000
1723145505847 1.0 12000
1723145519930 1.0 16000
1723145533881 1.0 20000
1723145548721 1.0 24000
1723145563237 1.0 28000
1723145577649 1.0 32000
1723145592166 1.0 36000
1723145606760 1.0 40000
1723145621097 1.0 44000
1723145635514 1.0 48000
1723145649460 1.0 52000
1723145664046 1.0 56000
1723145678966 1.0 60000
1723145694184 1.0 64000
1723145715481 1.0 68000
1723145731815 1.0 72000
1723145746880 1.0 76000
1723145762638 1.0 80000
1723145778750 1.0 84000
1723145796459 1.0 88000
1723145814128 1.0 92000
1723145829966 1.0 96000
1723145845004 1.0 100000
1723145864058 1.0 104000
1723145887383 1.0 108000
1723145903318 1.0 112000
1723145918337 1.0 116000
1723145933890 1.0 120000
1723145948239 1.0 124000
1723145962084 1.0 128000
1723145976296 1.0 132000
1723145990832 1.0 136000
1723146004823 1.0 140000
1723146019061 1.0 144000
1723146033047 1.0 148000
1723146047380 1.0 152000
1723146061562 1.0 156000
1723146076125 1.0 160000
1723146090453 1.0 164000
1723146105475 1.0 168000
1723146119319 1.0 172000
1723146133153 1.0 176000
1723146147571 1.0 180000
1723146161836 1.0 184000
1723146176082 1.0 188000
1723146190262 1.0 192000
1723146204496 1.0 196000
1723146218718 1.0 200000
1723146233032 1.0 204000
1723146247006 1.0 208000
1723146261001 1.0 212000
1723146274428 1.0 216000
1723146288550 1.0 220000
1723146302982 1.0 224000
1723146316912 1.0 228000
1723146330724 1.0 232000
1723146344806 1.0 236000
1723146358808 1.0 240000
1723146372654 1.0 244000
1723146386783 1.0 248000
1723146400314 1.0 252000
1723146414354 1.0 256000
1723146427965 1.0 260000
1723146441730 1.0 264000
1723146455402 1.0 268000
1723146469108 1.0 272000
1723146483165 1.0 276000
1723146496597 1.0 280000
1723146509753 1.0 284000
1723146523384 1.0 288000
1723146536653 1.0 292000
1723146550248 1.0 296000
1723146563731 1.0 300000
1723146577434 1.0 304000
1723146590984 1.0 308000
1723146604694 1.0 312000
1723146618269 1.0 316000
1723146632374 1.0 320000
1723146646460 1.0 324000
1723146659929 1.0 328000
1723146674143 1.0 332000
1723146687887 1.0 336000
1723146701310 1.0 340000
1723146715705 1.0 344000
1723146728991 1.0 348000
1723146742591 1.0 352000
1723146756078 1.0 356000
1723146769230 1.0 360000
1723146783139 1.0 364000
1723146796932 1.0 368000
1723146810704 1.0 372000
1723146824246 1.0 376000
1723146838041 1.0 380000
1723146851400 1.0 384000
1723146864935 1.0 388000
1723146878238 1.0 392000
1723146892008 1.0 396000
1723146905052 1.0 400000
