1723145479453 -1.0 4000
1723145492606 -1.0 8000
1723145505870 -1.0 12000
1723145519954 -1.0 16000
1723145533904 -1.0 20000
1723145548745 -1.0 24000
1723145563260 -1.0 28000
1723145577673 -1.0 32000
1723145592190 -1.0 36000
1723145606786 -1.0 40000
1723145621125 -1.0 44000
1723145635538 -1.0 48000
1723145649487 -1.0 52000
1723145664070 -1.0 56000
1723145678992 -1.0 60000
1723145694210 -1.0 64000
1723145715506 -1.0 68000
1723145731840 -1.0 72000
1723145746909 -1.0 76000
1723145762667 -1.0 80000
1723145778777 -1.0 84000
1723145796494 -1.0 88000
1723145814154 -1.0 92000
1723145829999 -1.0 96000
1723145845031 -1.0 100000
1723145864088 -1.0 104000
1723145887413 -1.0 108000
1723145903345 -1.0 112000
1723145918363 -1.0 116000
1723145933915 -1.0 120000
1723145948266 -1.0 124000
1723145962111 -1.0 128000
1723145976328 -1.0 132000
1723145990856 -1.0 136000
1723146004850 -1.0 140000
1723146019085 -1.0 144000
1723146033072 -1.0 148000
1723146047404 -1.0 152000
1723146061587 -1.0 156000
1723146076150 -1.0 160000
1723146090478 -1.0 164000
1723146105500 -1.0 168000
1723146119344 -1.0 172000
1723146133177 -1.0 176000
1723146147596 -1.0 180000
1723146161862 -1.0 184000
1723146176106 -1.0 188000
1723146190286 -1.0 192000
1723146204521 -1.0 196000
1723146218743 -1.0 200000
1723146233058 -1.0 204000
1723146247031 -1.0 208000
1723146261026 -1.0 212000
1723146274453 -1.0 216000
1723146288576 -1.0 220000
1723146303007 -1.0 224000
1723146316937 -1.0 228000
1723146330748 -1.0 232000
1723146344831 -1.0 236000
1723146358833 -1.0 240000
1723146372679 -1.0 244000
1723146386808 -1.0 248000
1723146400338 -1.0 252000
1723146414379 -1.0 256000
1723146427990 -1.0 260000
1723146441754 -1.0 264000
1723146455427 -1.0 268000
1723146469133 -1.0 272000
1723146483191 -1.0 276000
1723146496622 -1.0 280000
1723146509778 -1.0 284000
1723146523410 -1.0 288000
1723146536681 -1.0 292000
1723146550273 -1.0 296000
1723146563755 -1.0 300000
1723146577466 -1.0 304000
1723146591009 -1.0 308000
1723146604718 -1.0 312000
1723146618294 -1.0 316000
1723146632398 -1.0 320000
1723146646485 -1.0 324000
1723146659953 -1.0 328000
1723146674168 -1.0 332000
1723146687911 -1.0 336000
1723146701338 -1.0 340000
1723146715730 -1.0 344000
1723146729016 -1.0 348000
1723146742615 -1.0 352000
1723146756103 -1.0 356000
1723146769255 -1.0 360000
1723146783164 -1.0 364000
1723146796956 -1.0 368000
1723146810729 -1.0 372000
1723146824270 -1.0 376000
1723146838066 -1.0 380000
1723146851425 -1.0 384000
1723146864959 -1.0 388000
1723146878263 -1.0 392000
1723146892034 -1.0 396000
1723146905077 -1.0 400000
