1723231574373 0.0 4000
1723231581557 0.0 8000
1723231588717 0.0 12000
1723231596126 0.0 16000
1723231603482 0.0 20000
1723231610585 0.0 24000
1723231618005 0.0 28000
1723231625265 0.0 32000
1723231632666 0.0 36000
1723231640365 0.0 40000
1723231647664 0.0 44000
1723231654951 0.0 48000
1723231662304 0.0 52000
1723231669613 0.0 56000
1723231678845 0.0 60000
1723231687490 0.0 64000
1723231695498 0.0 68000
1723231704130 0.0 72000
1723231712987 0.0 76000
1723231721642 0.0 80000
1723231730014 0.0 84000
1723231738103 0.0 88000
1723231745888 0.0 92000
1723231755174 0.0 96000
1723231764883 0.0 100000
1723231772555 0.0 104000
1723231780177 0.0 108000
1723231788101 0.0 112000
1723231796935 0.0 116000
1723231804864 0.0 120000
1723231812606 0.0 124000
1723231820175 0.0 128000
1723231827925 0.0 132000
1723231835559 0.0 136000
1723231843232 0.0 140000
1723231850829 0.0 144000
1723231858631 0.0 148000
1723231866375 0.0 152000
1723231874027 0.0 156000
1723231881578 0.0 160000
1723231889475 0.0 164000
1723231897670 0.0 168000
1723231905428 0.0 172000
1723231912960 0.0 176000
1723231920615 0.0 180000
1723231928500 0.0 184000
1723231936423 0.0 188000
1723231944072 0.0 192000
1723231951838 0.0 196000
1723231959217 0.0 200000
1723231966868 0.0 204000
1723231974221 0.0 208000
1723231981771 0.0 212000
1723231989148 0.0 216000
1723231997101 0.0 220000
1723232004777 0.0 224000
1723232012327 0.0 228000
1723232019768 0.0 232000
1723232027259 0.0 236000
1723232034805 0.0 240000
1723232042380 0.0 244000
1723232050033 0.0 248000
1723232057804 0.0 252000
1723232065994 0.0 256000
1723232073725 0.0 260000
1723232080985 0.0 264000
1723232088547 0.0 268000
1723232096026 0.0 272000
1723232103535 0.0 276000
1723232111128 0.0 280000
1723232118695 0.0 284000
1723232126242 0.0 288000
1723232133844 0.0 292000
1723232141154 0.0 296000
1723232148584 0.0 300000
1723232156045 0.0 304000
1723232163455 0.0 308000
1723232171391 0.0 312000
1723232178795 0.0 316000
1723232186251 0.0 320000
1723232193511 0.0 324000
1723232201032 0.0 328000
1723232208594 0.0 332000
1723232216069 0.0 336000
1723232223668 0.0 340000
1723232231059 0.0 344000
1723232238959 0.0 348000
1723232246608 0.0 352000
1723232253870 0.0 356000
1723232261014 0.0 360000
1723232268861 0.0 364000
1723232276514 0.0 368000
1723232283958 0.0 372000
1723232291333 0.0 376000
1723232298955 0.0 380000
1723232306456 0.0 384000
1723232313944 0.0 388000
1723232321271 0.0 392000
1723232328665 0.0 396000
1723232335881 0.0 400000
1723232343407 0.0 404000
1723232350722 0.0 408000
1723232358202 0.0 412000
1723232365483 0.0 416000
1723232372718 0.0 420000
1723232379925 0.0 424000
1723232387340 0.0 428000
1723232394703 0.0 432000
1723232402082 0.0 436000
1723232409235 0.0 440000
1723232416539 0.0 444000
1723232423856 0.0 448000
1723232431222 0.0 452000
1723232438479 0.0 456000
1723232445640 0.0 460000
1723232453303 0.0 464000
1723232460540 0.0 468000
1723232467711 0.0 472000
1723232475098 0.0 476000
1723232482430 0.0 480000
1723232489681 0.0 484000
1723232497009 0.0 488000
1723232504584 0.0 492000
1723232511993 0.0 496000
1723232519513 0.0 500000
1723232526838 0.0 504000
1723232534283 0.0 508000
1723232541786 0.0 512000
1723232549490 0.0 516000
1723232556881 0.0 520000
1723232564321 0.0 524000
1723232571750 0.0 528000
1723232579091 0.0 532000
1723232586599 0.0 536000
1723232594152 0.0 540000
1723232602310 0.0 544000
1723232610001 0.0 548000
1723232617429 0.0 552000
1723232625064 0.0 556000
1723232632559 0.0 560000
1723232640060 0.0 564000
1723232647525 0.0 568000
1723232655059 0.0 572000
1723232662578 0.0 576000
1723232669970 0.0 580000
1723232677397 0.0 584000
1723232684904 0.0 588000
1723232692323 0.0 592000
1723232700438 0.0 596000
1723232708273 0.0 600000
1723232716506 0.0 604000
1723232723859 0.0 608000
1723232731350 0.0 612000
1723232738667 0.0 616000
1723232746211 0.0 620000
1723232753650 0.0 624000
1723232761302 0.0 628000
1723232768727 0.0 632000
1723232776272 0.0 636000
1723232784211 0.0 640000
1723232791896 0.0 644000
1723232799244 0.0 648000
1723232806805 0.0 652000
1723232814715 0.0 656000
1723232822515 0.0 660000
1723232829688 0.0 664000
1723232837339 0.0 668000
1723232844784 0.0 672000
1723232852914 0.0 676000
1723232860415 0.0 680000
1723232867740 0.0 684000
1723232875208 0.0 688000
1723232883071 0.0 692000
1723232890307 0.0 696000
1723232897602 0.0 700000
1723232904923 0.0 704000
1723232912190 0.0 708000
1723232919510 0.0 712000
1723232926741 0.0 716000
1723232934087 0.0 720000
1723232942112 0.0 724000
1723232949887 0.0 728000
1723232957448 0.0 732000
1723232964907 0.0 736000
1723232972450 0.0 740000
1723232980176 0.0 744000
1723232987762 0.0 748000
1723232995276 0.0 752000
1723233002996 0.0 756000
1723233010629 0.0 760000
1723233018234 0.0 764000
1723233025867 0.0 768000
1723233033566 0.0 772000
1723233040914 0.0 776000
1723233048126 0.0 780000
1723233055490 0.0 784000
1723233062716 0.0 788000
1723233069956 0.0 792000
1723233077265 0.0 796000
1723233084614 0.0 800000
