1723231574368 1.0 4000
1723231581552 1.0 8000
1723231588712 1.0 12000
1723231596121 1.0 16000
1723231603477 1.0 20000
1723231610581 1.0 24000
1723231618000 1.0 28000
1723231625260 1.0 32000
1723231632660 1.0 36000
1723231640360 1.0 40000
1723231647659 1.0 44000
1723231654947 1.0 48000
1723231662299 1.0 52000
1723231669608 1.0 56000
1723231678839 1.0 60000
1723231687486 1.0 64000
1723231695493 1.0 68000
1723231704125 1.0 72000
1723231712982 1.0 76000
1723231721637 1.0 80000
1723231730010 1.0 84000
1723231738099 1.0 88000
1723231745884 1.0 92000
1723231755169 1.0 96000
1723231764878 1.0 100000
1723231772550 1.0 104000
1723231780173 1.0 108000
1723231788096 1.0 112000
1723231796930 1.0 116000
1723231804859 1.0 120000
1723231812601 1.0 124000
1723231820171 1.0 128000
1723231827921 1.0 132000
1723231835554 1.0 136000
1723231843227 1.0 140000
1723231850825 1.0 144000
1723231858626 1.0 148000
1723231866371 1.0 152000
1723231874021 1.0 156000
1723231881573 1.0 160000
1723231889470 1.0 164000
1723231897665 1.0 168000
1723231905423 1.0 172000
1723231912955 1.0 176000
1723231920610 1.0 180000
1723231928494 1.0 184000
1723231936419 1.0 188000
1723231944067 1.0 192000
1723231951833 1.0 196000
1723231959212 1.0 200000
1723231966863 1.0 204000
1723231974216 1.0 208000
1723231981765 1.0 212000
1723231989144 1.0 216000
1723231997096 1.0 220000
1723232004773 1.0 224000
1723232012322 1.0 228000
1723232019763 1.0 232000
1723232027254 1.0 236000
1723232034800 1.0 240000
1723232042375 1.0 244000
1723232050029 1.0 248000
1723232057799 1.0 252000
1723232065988 1.0 256000
1723232073721 1.0 260000
1723232080980 1.0 264000
1723232088543 1.0 268000
1723232096021 1.0 272000
1723232103531 1.0 276000
1723232111123 1.0 280000
1723232118690 1.0 284000
1723232126237 1.0 288000
1723232133839 1.0 292000
1723232141150 1.0 296000
1723232148578 1.0 300000
1723232156040 1.0 304000
1723232163450 1.0 308000
1723232171387 1.0 312000
1723232178789 1.0 316000
1723232186246 1.0 320000
1723232193507 1.0 324000
1723232201027 1.0 328000
1723232208589 1.0 332000
1723232216064 1.0 336000
1723232223663 1.0 340000
1723232231055 1.0 344000
1723232238954 1.0 348000
1723232246604 1.0 352000
1723232253865 1.0 356000
1723232261009 1.0 360000
1723232268857 1.0 364000
1723232276509 1.0 368000
1723232283953 1.0 372000
1723232291328 1.0 376000
1723232298950 1.0 380000
1723232306451 1.0 384000
1723232313939 1.0 388000
1723232321267 1.0 392000
1723232328660 1.0 396000
1723232335876 1.0 400000
1723232343402 1.0 404000
1723232350717 1.0 408000
1723232358197 1.0 412000
1723232365478 1.0 416000
1723232372714 1.0 420000
1723232379921 1.0 424000
1723232387335 1.0 428000
1723232394698 1.0 432000
1723232402078 1.0 436000
1723232409230 1.0 440000
1723232416534 1.0 444000
1723232423851 1.0 448000
1723232431218 1.0 452000
1723232438474 1.0 456000
1723232445635 1.0 460000
1723232453299 1.0 464000
1723232460535 1.0 468000
1723232467706 1.0 472000
1723232475093 1.0 476000
1723232482425 1.0 480000
1723232489677 1.0 484000
1723232497004 1.0 488000
1723232504579 1.0 492000
1723232511988 1.0 496000
1723232519509 1.0 500000
1723232526833 1.0 504000
1723232534279 1.0 508000
1723232541782 1.0 512000
1723232549486 1.0 516000
1723232556876 1.0 520000
1723232564316 1.0 524000
1723232571745 1.0 528000
1723232579086 1.0 532000
1723232586595 1.0 536000
1723232594147 1.0 540000
1723232602305 1.0 544000
1723232609996 1.0 548000
1723232617425 1.0 552000
1723232625060 1.0 556000
1723232632554 1.0 560000
1723232640056 1.0 564000
1723232647520 1.0 568000
1723232655054 1.0 572000
1723232662573 1.0 576000
1723232669966 1.0 580000
1723232677392 1.0 584000
1723232684900 1.0 588000
1723232692318 1.0 592000
1723232700433 1.0 596000
1723232708268 1.0 600000
1723232716502 1.0 604000
1723232723854 1.0 608000
1723232731345 1.0 612000
1723232738662 1.0 616000
1723232746206 1.0 620000
1723232753645 1.0 624000
1723232761297 1.0 628000
1723232768722 1.0 632000
1723232776268 1.0 636000
1723232784207 1.0 640000
1723232791891 1.0 644000
1723232799240 1.0 648000
1723232806800 1.0 652000
1723232814710 1.0 656000
1723232822511 1.0 660000
1723232829683 1.0 664000
1723232837334 1.0 668000
1723232844779 1.0 672000
1723232852909 1.0 676000
1723232860411 1.0 680000
1723232867735 1.0 684000
1723232875203 1.0 688000
1723232883066 1.0 692000
1723232890302 1.0 696000
1723232897597 1.0 700000
1723232904918 1.0 704000
1723232912185 1.0 708000
1723232919505 1.0 712000
1723232926736 1.0 716000
1723232934082 1.0 720000
1723232942107 1.0 724000
1723232949881 1.0 728000
1723232957443 1.0 732000
1723232964901 1.0 736000
1723232972443 1.0 740000
1723232980171 1.0 744000
1723232987757 1.0 748000
1723232995272 1.0 752000
1723233002991 1.0 756000
1723233010625 1.0 760000
1723233018230 1.0 764000
1723233025862 1.0 768000
1723233033561 1.0 772000
1723233040909 1.0 776000
1723233048121 1.0 780000
1723233055485 1.0 784000
1723233062711 1.0 788000
1723233069951 1.0 792000
1723233077261 1.0 796000
1723233084610 1.0 800000
