1723231574367 64.0 4000
1723231581552 64.0 8000
1723231588712 64.0 12000
1723231596121 64.0 16000
1723231603477 64.0 20000
1723231610580 64.0 24000
1723231618000 64.0 28000
1723231625260 64.0 32000
1723231632660 64.0 36000
1723231640360 64.0 40000
1723231647659 64.0 44000
1723231654946 64.0 48000
1723231662299 64.0 52000
1723231669607 64.0 56000
1723231678838 64.0 60000
1723231687485 64.0 64000
1723231695493 64.0 68000
1723231704125 64.0 72000
1723231712982 64.0 76000
1723231721637 64.0 80000
1723231730009 64.0 84000
1723231738098 64.0 88000
1723231745883 64.0 92000
1723231755169 64.0 96000
1723231764877 64.0 100000
1723231772550 64.0 104000
1723231780172 64.0 108000
1723231788095 64.0 112000
1723231796930 64.0 116000
1723231804858 64.0 120000
1723231812600 64.0 124000
1723231820170 64.0 128000
1723231827920 64.0 132000
1723231835554 64.0 136000
1723231843227 64.0 140000
1723231850824 64.0 144000
1723231858626 64.0 148000
1723231866370 64.0 152000
1723231874020 64.0 156000
1723231881572 64.0 160000
1723231889470 64.0 164000
1723231897664 64.0 168000
1723231905423 64.0 172000
1723231912954 64.0 176000
1723231920610 64.0 180000
1723231928493 64.0 184000
1723231936418 64.0 188000
1723231944066 64.0 192000
1723231951833 64.0 196000
1723231959212 64.0 200000
1723231966862 64.0 204000
1723231974216 64.0 208000
1723231981765 64.0 212000
1723231989143 64.0 216000
1723231997095 64.0 220000
1723232004772 64.0 224000
1723232012322 64.0 228000
1723232019762 64.0 232000
1723232027253 64.0 236000
1723232034800 64.0 240000
1723232042375 64.0 244000
1723232050028 64.0 248000
1723232057799 64.0 252000
1723232065988 64.0 256000
1723232073720 64.0 260000
1723232080980 64.0 264000
1723232088542 64.0 268000
1723232096020 64.0 272000
1723232103530 64.0 276000
1723232111123 64.0 280000
1723232118690 64.0 284000
1723232126237 64.0 288000
1723232133839 64.0 292000
1723232141149 64.0 296000
1723232148578 64.0 300000
1723232156040 64.0 304000
1723232163450 64.0 308000
1723232171386 64.0 312000
1723232178789 64.0 316000
1723232186246 64.0 320000
1723232193506 64.0 324000
1723232201026 64.0 328000
1723232208589 64.0 332000
1723232216063 64.0 336000
1723232223663 64.0 340000
1723232231054 64.0 344000
1723232238954 64.0 348000
1723232246603 64.0 352000
1723232253865 64.0 356000
1723232261009 64.0 360000
1723232268856 64.0 364000
1723232276508 64.0 368000
1723232283953 64.0 372000
1723232291327 64.0 376000
1723232298949 64.0 380000
1723232306451 64.0 384000
1723232313939 64.0 388000
1723232321266 64.0 392000
1723232328660 64.0 396000
1723232335876 64.0 400000
1723232343402 64.0 404000
1723232350717 64.0 408000
1723232358197 64.0 412000
1723232365477 64.0 416000
1723232372713 64.0 420000
1723232379920 64.0 424000
1723232387335 64.0 428000
1723232394698 64.0 432000
1723232402077 64.0 436000
1723232409230 64.0 440000
1723232416533 64.0 444000
1723232423851 64.0 448000
1723232431218 64.0 452000
1723232438474 64.0 456000
1723232445635 64.0 460000
1723232453298 64.0 464000
1723232460535 64.0 468000
1723232467705 64.0 472000
1723232475093 64.0 476000
1723232482425 64.0 480000
1723232489676 64.0 484000
1723232497004 64.0 488000
1723232504578 64.0 492000
1723232511987 64.0 496000
1723232519508 64.0 500000
1723232526833 64.0 504000
1723232534278 64.0 508000
1723232541781 64.0 512000
1723232549485 64.0 516000
1723232556876 64.0 520000
1723232564315 64.0 524000
1723232571745 64.0 528000
1723232579086 64.0 532000
1723232586595 64.0 536000
1723232594147 64.0 540000
1723232602304 64.0 544000
1723232609996 64.0 548000
1723232617424 64.0 552000
1723232625059 64.0 556000
1723232632554 64.0 560000
1723232640055 64.0 564000
1723232647520 64.0 568000
1723232655053 64.0 572000
1723232662573 64.0 576000
1723232669965 64.0 580000
1723232677391 64.0 584000
1723232684899 64.0 588000
1723232692318 64.0 592000
1723232700433 64.0 596000
1723232708268 64.0 600000
1723232716501 64.0 604000
1723232723854 64.0 608000
1723232731345 64.0 612000
1723232738661 64.0 616000
1723232746206 64.0 620000
1723232753645 64.0 624000
1723232761297 64.0 628000
1723232768722 64.0 632000
1723232776266 64.0 636000
1723232784206 64.0 640000
1723232791891 64.0 644000
1723232799239 64.0 648000
1723232806799 64.0 652000
1723232814710 64.0 656000
1723232822510 64.0 660000
1723232829682 64.0 664000
1723232837334 64.0 668000
1723232844778 64.0 672000
1723232852908 64.0 676000
1723232860410 64.0 680000
1723232867735 64.0 684000
1723232875203 64.0 688000
1723232883066 64.0 692000
1723232890301 64.0 696000
1723232897596 64.0 700000
1723232904918 64.0 704000
1723232912185 64.0 708000
1723232919505 64.0 712000
1723232926736 64.0 716000
1723232934082 64.0 720000
1723232942106 64.0 724000
1723232949881 64.0 728000
1723232957443 64.0 732000
1723232964901 64.0 736000
1723232972442 64.0 740000
1723232980171 64.0 744000
1723232987756 64.0 748000
1723232995271 64.0 752000
1723233002991 64.0 756000
1723233010624 64.0 760000
1723233018229 64.0 764000
1723233025862 64.0 768000
1723233033561 64.0 772000
1723233040909 64.0 776000
1723233048121 64.0 780000
1723233055485 64.0 784000
1723233062711 64.0 788000
1723233069951 64.0 792000
1723233077260 64.0 796000
1723233084609 64.0 800000
