1723231574370 32.0 4000
1723231581554 32.0 8000
1723231588714 32.0 12000
1723231596122 32.0 16000
1723231603479 32.0 20000
1723231610582 32.0 24000
1723231618002 32.0 28000
1723231625262 32.0 32000
1723231632662 32.0 36000
1723231640362 32.0 40000
1723231647660 32.0 44000
1723231654948 32.0 48000
1723231662301 32.0 52000
1723231669609 32.0 56000
1723231678840 32.0 60000
1723231687487 32.0 64000
1723231695495 32.0 68000
1723231704127 32.0 72000
1723231712984 32.0 76000
1723231721639 32.0 80000
1723231730011 32.0 84000
1723231738100 32.0 88000
1723231745885 32.0 92000
1723231755171 32.0 96000
1723231764879 32.0 100000
1723231772552 32.0 104000
1723231780174 32.0 108000
1723231788098 32.0 112000
1723231796932 32.0 116000
1723231804861 32.0 120000
1723231812603 32.0 124000
1723231820172 32.0 128000
1723231827922 32.0 132000
1723231835556 32.0 136000
1723231843229 32.0 140000
1723231850826 32.0 144000
1723231858628 32.0 148000
1723231866372 32.0 152000
1723231874024 32.0 156000
1723231881574 32.0 160000
1723231889472 32.0 164000
1723231897666 32.0 168000
1723231905425 32.0 172000
1723231912956 32.0 176000
1723231920612 32.0 180000
1723231928495 32.0 184000
1723231936420 32.0 188000
1723231944068 32.0 192000
1723231951835 32.0 196000
1723231959214 32.0 200000
1723231966864 32.0 204000
1723231974218 32.0 208000
1723231981767 32.0 212000
1723231989145 32.0 216000
1723231997097 32.0 220000
1723232004774 32.0 224000
1723232012324 32.0 228000
1723232019764 32.0 232000
1723232027255 32.0 236000
1723232034802 32.0 240000
1723232042377 32.0 244000
1723232050030 32.0 248000
1723232057801 32.0 252000
1723232065990 32.0 256000
1723232073722 32.0 260000
1723232080982 32.0 264000
1723232088544 32.0 268000
1723232096022 32.0 272000
1723232103532 32.0 276000
1723232111125 32.0 280000
1723232118692 32.0 284000
1723232126239 32.0 288000
1723232133841 32.0 292000
1723232141151 32.0 296000
1723232148580 32.0 300000
1723232156042 32.0 304000
1723232163452 32.0 308000
1723232171388 32.0 312000
1723232178791 32.0 316000
1723232186248 32.0 320000
1723232193508 32.0 324000
1723232201029 32.0 328000
1723232208591 32.0 332000
1723232216065 32.0 336000
1723232223665 32.0 340000
1723232231056 32.0 344000
1723232238956 32.0 348000
1723232246605 32.0 352000
1723232253867 32.0 356000
1723232261011 32.0 360000
1723232268858 32.0 364000
1723232276510 32.0 368000
1723232283955 32.0 372000
1723232291329 32.0 376000
1723232298952 32.0 380000
1723232306453 32.0 384000
1723232313941 32.0 388000
1723232321268 32.0 392000
1723232328662 32.0 396000
1723232335878 32.0 400000
1723232343404 32.0 404000
1723232350719 32.0 408000
1723232358199 32.0 412000
1723232365479 32.0 416000
1723232372715 32.0 420000
1723232379922 32.0 424000
1723232387337 32.0 428000
1723232394700 32.0 432000
1723232402079 32.0 436000
1723232409232 32.0 440000
1723232416535 32.0 444000
1723232423853 32.0 448000
1723232431219 32.0 452000
1723232438476 32.0 456000
1723232445637 32.0 460000
1723232453300 32.0 464000
1723232460537 32.0 468000
1723232467707 32.0 472000
1723232475095 32.0 476000
1723232482427 32.0 480000
1723232489678 32.0 484000
1723232497006 32.0 488000
1723232504581 32.0 492000
1723232511989 32.0 496000
1723232519510 32.0 500000
1723232526835 32.0 504000
1723232534280 32.0 508000
1723232541783 32.0 512000
1723232549487 32.0 516000
1723232556878 32.0 520000
1723232564318 32.0 524000
1723232571747 32.0 528000
1723232579088 32.0 532000
1723232586596 32.0 536000
1723232594149 32.0 540000
1723232602306 32.0 544000
1723232609998 32.0 548000
1723232617426 32.0 552000
1723232625061 32.0 556000
1723232632556 32.0 560000
1723232640057 32.0 564000
1723232647522 32.0 568000
1723232655055 32.0 572000
1723232662575 32.0 576000
1723232669967 32.0 580000
1723232677393 32.0 584000
1723232684901 32.0 588000
1723232692320 32.0 592000
1723232700435 32.0 596000
1723232708270 32.0 600000
1723232716503 32.0 604000
1723232723856 32.0 608000
1723232731347 32.0 612000
1723232738663 32.0 616000
1723232746208 32.0 620000
1723232753647 32.0 624000
1723232761299 32.0 628000
1723232768724 32.0 632000
1723232776269 32.0 636000
1723232784208 32.0 640000
1723232791893 32.0 644000
1723232799241 32.0 648000
1723232806802 32.0 652000
1723232814712 32.0 656000
1723232822512 32.0 660000
1723232829684 32.0 664000
1723232837336 32.0 668000
1723232844780 32.0 672000
1723232852910 32.0 676000
1723232860412 32.0 680000
1723232867737 32.0 684000
1723232875205 32.0 688000
1723232883068 32.0 692000
1723232890303 32.0 696000
1723232897598 32.0 700000
1723232904920 32.0 704000
1723232912186 32.0 708000
1723232919507 32.0 712000
1723232926738 32.0 716000
1723232934084 32.0 720000
1723232942109 32.0 724000
1723232949883 32.0 728000
1723232957445 32.0 732000
1723232964903 32.0 736000
1723232972445 32.0 740000
1723232980173 32.0 744000
1723232987758 32.0 748000
1723232995273 32.0 752000
1723233002993 32.0 756000
1723233010626 32.0 760000
1723233018231 32.0 764000
1723233025864 32.0 768000
1723233033563 32.0 772000
1723233040911 32.0 776000
1723233048123 32.0 780000
1723233055487 32.0 784000
1723233062713 32.0 788000
1723233069953 32.0 792000
1723233077262 32.0 796000
1723233084611 32.0 800000
