1723231574367 1.0 4000
1723231581552 1.0 8000
1723231588711 1.0 12000
1723231596120 1.0 16000
1723231603476 1.0 20000
1723231610580 1.0 24000
1723231617999 1.0 28000
1723231625259 1.0 32000
1723231632659 1.0 36000
1723231640359 1.0 40000
1723231647658 1.0 44000
1723231654946 1.0 48000
1723231662299 1.0 52000
1723231669607 1.0 56000
1723231678838 1.0 60000
1723231687485 1.0 64000
1723231695493 1.0 68000
1723231704124 1.0 72000
1723231712981 1.0 76000
1723231721637 1.0 80000
1723231730009 1.0 84000
1723231738098 1.0 88000
1723231745883 1.0 92000
1723231755168 1.0 96000
1723231764877 1.0 100000
1723231772549 1.0 104000
1723231780172 1.0 108000
1723231788095 1.0 112000
1723231796929 1.0 116000
1723231804858 1.0 120000
1723231812600 1.0 124000
1723231820170 1.0 128000
1723231827920 1.0 132000
1723231835553 1.0 136000
1723231843227 1.0 140000
1723231850824 1.0 144000
1723231858626 1.0 148000
1723231866370 1.0 152000
1723231874019 1.0 156000
1723231881572 1.0 160000
1723231889469 1.0 164000
1723231897664 1.0 168000
1723231905422 1.0 172000
1723231912954 1.0 176000
1723231920609 1.0 180000
1723231928493 1.0 184000
1723231936418 1.0 188000
1723231944066 1.0 192000
1723231951832 1.0 196000
1723231959211 1.0 200000
1723231966862 1.0 204000
1723231974216 1.0 208000
1723231981764 1.0 212000
1723231989143 1.0 216000
1723231997095 1.0 220000
1723232004772 1.0 224000
1723232012321 1.0 228000
1723232019762 1.0 232000
1723232027253 1.0 236000
1723232034800 1.0 240000
1723232042375 1.0 244000
1723232050028 1.0 248000
1723232057798 1.0 252000
1723232065987 1.0 256000
1723232073720 1.0 260000
1723232080979 1.0 264000
1723232088542 1.0 268000
1723232096020 1.0 272000
1723232103530 1.0 276000
1723232111122 1.0 280000
1723232118689 1.0 284000
1723232126237 1.0 288000
1723232133838 1.0 292000
1723232141149 1.0 296000
1723232148577 1.0 300000
1723232156039 1.0 304000
1723232163449 1.0 308000
1723232171386 1.0 312000
1723232178788 1.0 316000
1723232186245 1.0 320000
1723232193506 1.0 324000
1723232201026 1.0 328000
1723232208588 1.0 332000
1723232216063 1.0 336000
1723232223663 1.0 340000
1723232231054 1.0 344000
1723232238953 1.0 348000
1723232246603 1.0 352000
1723232253864 1.0 356000
1723232261008 1.0 360000
1723232268856 1.0 364000
1723232276508 1.0 368000
1723232283952 1.0 372000
1723232291327 1.0 376000
1723232298949 1.0 380000
1723232306450 1.0 384000
1723232313938 1.0 388000
1723232321266 1.0 392000
1723232328660 1.0 396000
1723232335875 1.0 400000
1723232343401 1.0 404000
1723232350716 1.0 408000
1723232358196 1.0 412000
1723232365477 1.0 416000
1723232372713 1.0 420000
1723232379920 1.0 424000
1723232387335 1.0 428000
1723232394698 1.0 432000
1723232402077 1.0 436000
1723232409229 1.0 440000
1723232416533 1.0 444000
1723232423850 1.0 448000
1723232431217 1.0 452000
1723232438473 1.0 456000
1723232445634 1.0 460000
1723232453298 1.0 464000
1723232460534 1.0 468000
1723232467705 1.0 472000
1723232475092 1.0 476000
1723232482424 1.0 480000
1723232489676 1.0 484000
1723232497004 1.0 488000
1723232504578 1.0 492000
1723232511987 1.0 496000
1723232519508 1.0 500000
1723232526833 1.0 504000
1723232534278 1.0 508000
1723232541781 1.0 512000
1723232549485 1.0 516000
1723232556875 1.0 520000
1723232564315 1.0 524000
1723232571745 1.0 528000
1723232579085 1.0 532000
1723232586594 1.0 536000
1723232594146 1.0 540000
1723232602304 1.0 544000
1723232609996 1.0 548000
1723232617424 1.0 552000
1723232625059 1.0 556000
1723232632554 1.0 560000
1723232640055 1.0 564000
1723232647520 1.0 568000
1723232655053 1.0 572000
1723232662572 1.0 576000
1723232669965 1.0 580000
1723232677391 1.0 584000
1723232684899 1.0 588000
1723232692317 1.0 592000
1723232700432 1.0 596000
1723232708268 1.0 600000
1723232716501 1.0 604000
1723232723854 1.0 608000
1723232731345 1.0 612000
1723232738661 1.0 616000
1723232746205 1.0 620000
1723232753644 1.0 624000
1723232761297 1.0 628000
1723232768721 1.0 632000
1723232776266 1.0 636000
1723232784206 1.0 640000
1723232791890 1.0 644000
1723232799239 1.0 648000
1723232806799 1.0 652000
1723232814709 1.0 656000
1723232822510 1.0 660000
1723232829682 1.0 664000
1723232837333 1.0 668000
1723232844778 1.0 672000
1723232852908 1.0 676000
1723232860410 1.0 680000
1723232867735 1.0 684000
1723232875203 1.0 688000
1723232883066 1.0 692000
1723232890301 1.0 696000
1723232897596 1.0 700000
1723232904917 1.0 704000
1723232912184 1.0 708000
1723232919504 1.0 712000
1723232926735 1.0 716000
1723232934082 1.0 720000
1723232942106 1.0 724000
1723232949880 1.0 728000
1723232957443 1.0 732000
1723232964900 1.0 736000
1723232972441 1.0 740000
1723232980170 1.0 744000
1723232987756 1.0 748000
1723232995271 1.0 752000
1723233002990 1.0 756000
1723233010624 1.0 760000
1723233018229 1.0 764000
1723233025861 1.0 768000
1723233033560 1.0 772000
1723233040909 1.0 776000
1723233048120 1.0 780000
1723233055484 1.0 784000
1723233062711 1.0 788000
1723233069950 1.0 792000
1723233077259 1.0 796000
1723233084609 1.0 800000
