1723231574368 32.0 4000
1723231581553 32.0 8000
1723231588713 32.0 12000
1723231596121 32.0 16000
1723231603478 32.0 20000
1723231610581 32.0 24000
1723231618001 32.0 28000
1723231625261 32.0 32000
1723231632661 32.0 36000
1723231640360 32.0 40000
1723231647659 32.0 44000
1723231654947 32.0 48000
1723231662300 32.0 52000
1723231669608 32.0 56000
1723231678839 32.0 60000
1723231687486 32.0 64000
1723231695494 32.0 68000
1723231704126 32.0 72000
1723231712983 32.0 76000
1723231721638 32.0 80000
1723231730010 32.0 84000
1723231738099 32.0 88000
1723231745884 32.0 92000
1723231755170 32.0 96000
1723231764878 32.0 100000
1723231772551 32.0 104000
1723231780173 32.0 108000
1723231788096 32.0 112000
1723231796930 32.0 116000
1723231804859 32.0 120000
1723231812601 32.0 124000
1723231820171 32.0 128000
1723231827921 32.0 132000
1723231835554 32.0 136000
1723231843228 32.0 140000
1723231850825 32.0 144000
1723231858627 32.0 148000
1723231866371 32.0 152000
1723231874022 32.0 156000
1723231881573 32.0 160000
1723231889471 32.0 164000
1723231897665 32.0 168000
1723231905423 32.0 172000
1723231912955 32.0 176000
1723231920610 32.0 180000
1723231928494 32.0 184000
1723231936419 32.0 188000
1723231944067 32.0 192000
1723231951833 32.0 196000
1723231959212 32.0 200000
1723231966863 32.0 204000
1723231974217 32.0 208000
1723231981766 32.0 212000
1723231989144 32.0 216000
1723231997096 32.0 220000
1723232004773 32.0 224000
1723232012323 32.0 228000
1723232019763 32.0 232000
1723232027254 32.0 236000
1723232034801 32.0 240000
1723232042376 32.0 244000
1723232050029 32.0 248000
1723232057800 32.0 252000
1723232065989 32.0 256000
1723232073721 32.0 260000
1723232080980 32.0 264000
1723232088543 32.0 268000
1723232096021 32.0 272000
1723232103531 32.0 276000
1723232111124 32.0 280000
1723232118691 32.0 284000
1723232126238 32.0 288000
1723232133840 32.0 292000
1723232141150 32.0 296000
1723232148578 32.0 300000
1723232156040 32.0 304000
1723232163451 32.0 308000
1723232171387 32.0 312000
1723232178790 32.0 316000
1723232186247 32.0 320000
1723232193507 32.0 324000
1723232201027 32.0 328000
1723232208590 32.0 332000
1723232216064 32.0 336000
1723232223664 32.0 340000
1723232231055 32.0 344000
1723232238955 32.0 348000
1723232246604 32.0 352000
1723232253866 32.0 356000
1723232261010 32.0 360000
1723232268857 32.0 364000
1723232276509 32.0 368000
1723232283954 32.0 372000
1723232291328 32.0 376000
1723232298950 32.0 380000
1723232306452 32.0 384000
1723232313940 32.0 388000
1723232321267 32.0 392000
1723232328661 32.0 396000
1723232335876 32.0 400000
1723232343402 32.0 404000
1723232350718 32.0 408000
1723232358198 32.0 412000
1723232365478 32.0 416000
1723232372714 32.0 420000
1723232379921 32.0 424000
1723232387336 32.0 428000
1723232394699 32.0 432000
1723232402078 32.0 436000
1723232409231 32.0 440000
1723232416534 32.0 444000
1723232423852 32.0 448000
1723232431218 32.0 452000
1723232438474 32.0 456000
1723232445635 32.0 460000
1723232453299 32.0 464000
1723232460536 32.0 468000
1723232467706 32.0 472000
1723232475093 32.0 476000
1723232482426 32.0 480000
1723232489677 32.0 484000
1723232497005 32.0 488000
1723232504579 32.0 492000
1723232511988 32.0 496000
1723232519509 32.0 500000
1723232526834 32.0 504000
1723232534279 32.0 508000
1723232541782 32.0 512000
1723232549486 32.0 516000
1723232556877 32.0 520000
1723232564316 32.0 524000
1723232571746 32.0 528000
1723232579087 32.0 532000
1723232586595 32.0 536000
1723232594147 32.0 540000
1723232602305 32.0 544000
1723232609997 32.0 548000
1723232617425 32.0 552000
1723232625060 32.0 556000
1723232632555 32.0 560000
1723232640056 32.0 564000
1723232647521 32.0 568000
1723232655054 32.0 572000
1723232662573 32.0 576000
1723232669966 32.0 580000
1723232677392 32.0 584000
1723232684900 32.0 588000
1723232692318 32.0 592000
1723232700433 32.0 596000
1723232708269 32.0 600000
1723232716502 32.0 604000
1723232723855 32.0 608000
1723232731346 32.0 612000
1723232738662 32.0 616000
1723232746207 32.0 620000
1723232753645 32.0 624000
1723232761298 32.0 628000
1723232768722 32.0 632000
1723232776268 32.0 636000
1723232784207 32.0 640000
1723232791891 32.0 644000
1723232799240 32.0 648000
1723232806801 32.0 652000
1723232814711 32.0 656000
1723232822511 32.0 660000
1723232829683 32.0 664000
1723232837335 32.0 668000
1723232844779 32.0 672000
1723232852909 32.0 676000
1723232860411 32.0 680000
1723232867736 32.0 684000
1723232875204 32.0 688000
1723232883067 32.0 692000
1723232890302 32.0 696000
1723232897597 32.0 700000
1723232904919 32.0 704000
1723232912185 32.0 708000
1723232919506 32.0 712000
1723232926736 32.0 716000
1723232934083 32.0 720000
1723232942107 32.0 724000
1723232949882 32.0 728000
1723232957444 32.0 732000
1723232964902 32.0 736000
1723232972443 32.0 740000
1723232980172 32.0 744000
1723232987757 32.0 748000
1723232995272 32.0 752000
1723233002992 32.0 756000
1723233010625 32.0 760000
1723233018230 32.0 764000
1723233025863 32.0 768000
1723233033561 32.0 772000
1723233040910 32.0 776000
1723233048122 32.0 780000
1723233055485 32.0 784000
1723233062712 32.0 788000
1723233069951 32.0 792000
1723233077261 32.0 796000
1723233084610 32.0 800000
