1723231574371 1.0 4000
1723231581555 1.0 8000
1723231588716 1.0 12000
1723231596124 1.0 16000
1723231603480 1.0 20000
1723231610584 1.0 24000
1723231618004 1.0 28000
1723231625263 1.0 32000
1723231632664 1.0 36000
1723231640363 1.0 40000
1723231647662 1.0 44000
1723231654950 1.0 48000
1723231662303 1.0 52000
1723231669611 1.0 56000
1723231678843 1.0 60000
1723231687489 1.0 64000
1723231695497 1.0 68000
1723231704129 1.0 72000
1723231712985 1.0 76000
1723231721641 1.0 80000
1723231730013 1.0 84000
1723231738102 1.0 88000
1723231745887 1.0 92000
1723231755172 1.0 96000
1723231764881 1.0 100000
1723231772553 1.0 104000
1723231780176 1.0 108000
1723231788100 1.0 112000
1723231796933 1.0 116000
1723231804862 1.0 120000
1723231812604 1.0 124000
1723231820174 1.0 128000
1723231827924 1.0 132000
1723231835557 1.0 136000
1723231843231 1.0 140000
1723231850828 1.0 144000
1723231858630 1.0 148000
1723231866374 1.0 152000
1723231874025 1.0 156000
1723231881576 1.0 160000
1723231889473 1.0 164000
1723231897668 1.0 168000
1723231905426 1.0 172000
1723231912958 1.0 176000
1723231920613 1.0 180000
1723231928498 1.0 184000
1723231936422 1.0 188000
1723231944070 1.0 192000
1723231951836 1.0 196000
1723231959215 1.0 200000
1723231966866 1.0 204000
1723231974220 1.0 208000
1723231981770 1.0 212000
1723231989147 1.0 216000
1723231997099 1.0 220000
1723232004776 1.0 224000
1723232012325 1.0 228000
1723232019766 1.0 232000
1723232027257 1.0 236000
1723232034803 1.0 240000
1723232042378 1.0 244000
1723232050032 1.0 248000
1723232057802 1.0 252000
1723232065992 1.0 256000
1723232073724 1.0 260000
1723232080983 1.0 264000
1723232088546 1.0 268000
1723232096024 1.0 272000
1723232103534 1.0 276000
1723232111127 1.0 280000
1723232118693 1.0 284000
1723232126240 1.0 288000
1723232133842 1.0 292000
1723232141153 1.0 296000
1723232148582 1.0 300000
1723232156043 1.0 304000
1723232163453 1.0 308000
1723232171390 1.0 312000
1723232178793 1.0 316000
1723232186249 1.0 320000
1723232193510 1.0 324000
1723232201030 1.0 328000
1723232208593 1.0 332000
1723232216067 1.0 336000
1723232223666 1.0 340000
1723232231058 1.0 344000
1723232238957 1.0 348000
1723232246607 1.0 352000
1723232253868 1.0 356000
1723232261013 1.0 360000
1723232268860 1.0 364000
1723232276512 1.0 368000
1723232283956 1.0 372000
1723232291331 1.0 376000
1723232298953 1.0 380000
1723232306454 1.0 384000
1723232313943 1.0 388000
1723232321270 1.0 392000
1723232328663 1.0 396000
1723232335879 1.0 400000
1723232343405 1.0 404000
1723232350720 1.0 408000
1723232358200 1.0 412000
1723232365481 1.0 416000
1723232372717 1.0 420000
1723232379924 1.0 424000
1723232387338 1.0 428000
1723232394701 1.0 432000
1723232402081 1.0 436000
1723232409233 1.0 440000
1723232416537 1.0 444000
1723232423854 1.0 448000
1723232431221 1.0 452000
1723232438477 1.0 456000
1723232445638 1.0 460000
1723232453302 1.0 464000
1723232460538 1.0 468000
1723232467709 1.0 472000
1723232475097 1.0 476000
1723232482428 1.0 480000
1723232489680 1.0 484000
1723232497008 1.0 488000
1723232504582 1.0 492000
1723232511991 1.0 496000
1723232519512 1.0 500000
1723232526836 1.0 504000
1723232534282 1.0 508000
1723232541785 1.0 512000
1723232549489 1.0 516000
1723232556880 1.0 520000
1723232564319 1.0 524000
1723232571748 1.0 528000
1723232579089 1.0 532000
1723232586598 1.0 536000
1723232594150 1.0 540000
1723232602308 1.0 544000
1723232610000 1.0 548000
1723232617428 1.0 552000
1723232625063 1.0 556000
1723232632558 1.0 560000
1723232640059 1.0 564000
1723232647524 1.0 568000
1723232655057 1.0 572000
1723232662576 1.0 576000
1723232669969 1.0 580000
1723232677395 1.0 584000
1723232684903 1.0 588000
1723232692321 1.0 592000
1723232700436 1.0 596000
1723232708271 1.0 600000
1723232716505 1.0 604000
1723232723858 1.0 608000
1723232731348 1.0 612000
1723232738665 1.0 616000
1723232746210 1.0 620000
1723232753648 1.0 624000
1723232761300 1.0 628000
1723232768725 1.0 632000
1723232776271 1.0 636000
1723232784210 1.0 640000
1723232791894 1.0 644000
1723232799243 1.0 648000
1723232806804 1.0 652000
1723232814713 1.0 656000
1723232822514 1.0 660000
1723232829686 1.0 664000
1723232837337 1.0 668000
1723232844782 1.0 672000
1723232852912 1.0 676000
1723232860414 1.0 680000
1723232867739 1.0 684000
1723232875207 1.0 688000
1723232883070 1.0 692000
1723232890305 1.0 696000
1723232897600 1.0 700000
1723232904921 1.0 704000
1723232912188 1.0 708000
1723232919508 1.0 712000
1723232926739 1.0 716000
1723232934085 1.0 720000
1723232942110 1.0 724000
1723232949885 1.0 728000
1723232957447 1.0 732000
1723232964905 1.0 736000
1723232972448 1.0 740000
1723232980174 1.0 744000
1723232987760 1.0 748000
1723232995275 1.0 752000
1723233002994 1.0 756000
1723233010628 1.0 760000
1723233018233 1.0 764000
1723233025866 1.0 768000
1723233033564 1.0 772000
1723233040912 1.0 776000
1723233048124 1.0 780000
1723233055488 1.0 784000
1723233062714 1.0 788000
1723233069954 1.0 792000
1723233077264 1.0 796000
1723233084613 1.0 800000
