1723231574365 0.0 4000
1723231581550 0.0 8000
1723231588710 0.0 12000
1723231596119 0.0 16000
1723231603475 0.0 20000
1723231610579 0.0 24000
1723231617998 0.0 28000
1723231625258 0.0 32000
1723231632658 0.0 36000
1723231640358 0.0 40000
1723231647657 0.0 44000
1723231654944 0.0 48000
1723231662297 0.0 52000
1723231669605 0.0 56000
1723231678837 0.0 60000
1723231687483 0.0 64000
1723231695491 0.0 68000
1723231704123 0.0 72000
1723231712980 0.0 76000
1723231721635 0.0 80000
1723231730007 0.0 84000
1723231738096 0.0 88000
1723231745881 0.0 92000
1723231755167 0.0 96000
1723231764875 0.0 100000
1723231772548 0.0 104000
1723231780170 0.0 108000
1723231788093 0.0 112000
1723231796927 0.0 116000
1723231804856 0.0 120000
1723231812598 0.0 124000
1723231820168 0.0 128000
1723231827918 0.0 132000
1723231835552 0.0 136000
1723231843225 0.0 140000
1723231850822 0.0 144000
1723231858624 0.0 148000
1723231866368 0.0 152000
1723231874017 0.0 156000
1723231881570 0.0 160000
1723231889468 0.0 164000
1723231897662 0.0 168000
1723231905421 0.0 172000
1723231912953 0.0 176000
1723231920608 0.0 180000
1723231928491 0.0 184000
1723231936416 0.0 188000
1723231944064 0.0 192000
1723231951831 0.0 196000
1723231959210 0.0 200000
1723231966860 0.0 204000
1723231974214 0.0 208000
1723231981763 0.0 212000
1723231989141 0.0 216000
1723231997093 0.0 220000
1723232004770 0.0 224000
1723232012320 0.0 228000
1723232019760 0.0 232000
1723232027251 0.0 236000
1723232034798 0.0 240000
1723232042373 0.0 244000
1723232050026 0.0 248000
1723232057797 0.0 252000
1723232065985 0.0 256000
1723232073718 0.0 260000
1723232080978 0.0 264000
1723232088540 0.0 268000
1723232096018 0.0 272000
1723232103528 0.0 276000
1723232111121 0.0 280000
1723232118688 0.0 284000
1723232126235 0.0 288000
1723232133837 0.0 292000
1723232141147 0.0 296000
1723232148576 0.0 300000
1723232156038 0.0 304000
1723232163448 0.0 308000
1723232171385 0.0 312000
1723232178787 0.0 316000
1723232186244 0.0 320000
1723232193504 0.0 324000
1723232201024 0.0 328000
1723232208587 0.0 332000
1723232216061 0.0 336000
1723232223661 0.0 340000
1723232231052 0.0 344000
1723232238952 0.0 348000
1723232246601 0.0 352000
1723232253863 0.0 356000
1723232261007 0.0 360000
1723232268854 0.0 364000
1723232276507 0.0 368000
1723232283951 0.0 372000
1723232291325 0.0 376000
1723232298947 0.0 380000
1723232306449 0.0 384000
1723232313937 0.0 388000
1723232321264 0.0 392000
1723232328658 0.0 396000
1723232335874 0.0 400000
1723232343400 0.0 404000
1723232350715 0.0 408000
1723232358195 0.0 412000
1723232365475 0.0 416000
1723232372711 0.0 420000
1723232379918 0.0 424000
1723232387333 0.0 428000
1723232394696 0.0 432000
1723232402075 0.0 436000
1723232409228 0.0 440000
1723232416531 0.0 444000
1723232423849 0.0 448000
1723232431216 0.0 452000
1723232438471 0.0 456000
1723232445633 0.0 460000
1723232453296 0.0 464000
1723232460533 0.0 468000
1723232467703 0.0 472000
1723232475091 0.0 476000
1723232482423 0.0 480000
1723232489674 0.0 484000
1723232497002 0.0 488000
1723232504576 0.0 492000
1723232511985 0.0 496000
1723232519506 0.0 500000
1723232526831 0.0 504000
1723232534276 0.0 508000
1723232541779 0.0 512000
1723232549483 0.0 516000
1723232556874 0.0 520000
1723232564313 0.0 524000
1723232571743 0.0 528000
1723232579084 0.0 532000
1723232586593 0.0 536000
1723232594145 0.0 540000
1723232602302 0.0 544000
1723232609994 0.0 548000
1723232617422 0.0 552000
1723232625057 0.0 556000
1723232632552 0.0 560000
1723232640053 0.0 564000
1723232647518 0.0 568000
1723232655051 0.0 572000
1723232662571 0.0 576000
1723232669963 0.0 580000
1723232677390 0.0 584000
1723232684897 0.0 588000
1723232692315 0.0 592000
1723232700431 0.0 596000
1723232708266 0.0 600000
1723232716499 0.0 604000
1723232723852 0.0 608000
1723232731343 0.0 612000
1723232738659 0.0 616000
1723232746204 0.0 620000
1723232753643 0.0 624000
1723232761295 0.0 628000
1723232768720 0.0 632000
1723232776264 0.0 636000
1723232784204 0.0 640000
1723232791889 0.0 644000
1723232799237 0.0 648000
1723232806797 0.0 652000
1723232814708 0.0 656000
1723232822508 0.0 660000
1723232829680 0.0 664000
1723232837332 0.0 668000
1723232844776 0.0 672000
1723232852906 0.0 676000
1723232860408 0.0 680000
1723232867733 0.0 684000
1723232875201 0.0 688000
1723232883064 0.0 692000
1723232890299 0.0 696000
1723232897595 0.0 700000
1723232904916 0.0 704000
1723232912182 0.0 708000
1723232919503 0.0 712000
1723232926734 0.0 716000
1723232934080 0.0 720000
1723232942104 0.0 724000
1723232949879 0.0 728000
1723232957441 0.0 732000
1723232964898 0.0 736000
1723232972439 0.0 740000
1723232980169 0.0 744000
1723232987754 0.0 748000
1723232995269 0.0 752000
1723233002989 0.0 756000
1723233010622 0.0 760000
1723233018227 0.0 764000
1723233025859 0.0 768000
1723233033559 0.0 772000
1723233040907 0.0 776000
1723233048119 0.0 780000
1723233055483 0.0 784000
1723233062709 0.0 788000
1723233069949 0.0 792000
1723233077258 0.0 796000
1723233084607 0.0 800000
