1723230210696 0.7243522950108089 4000
1723230217797 0.6604646202433047 8000
1723230225141 0.6601637853516473 12000
1723230232445 0.6265865556067891 16000
1723230239483 0.614073124149489 20000
1723230246331 0.6657955220609746 24000
1723230253385 0.6835288447520089 28000
1723230260701 0.7054056428885334 32000
1723230267912 0.6796932471492303 36000
1723230275124 0.724445044947049 40000
1723230282199 0.6486254081642502 44000
1723230289898 0.6785009044188041 48000
1723230296955 0.7180855683233373 52000
1723230304620 0.7374900593801781 56000
1723230313821 0.8048185472214032 60000
1723230322320 0.8757378220873535 64000
1723230330452 0.8281450803002353 68000
1723230338530 0.8601256230047771 72000
1723230347018 0.8549540265921562 76000
1723230355065 0.8872288316409424 80000
