1723230210700 0.010145459791206676 4000
1723230217800 0.012652397253821609 8000
1723230225144 0.010350869625816665 12000
1723230232447 0.013063672521008702 16000
1723230239485 0.01713875140206366 20000
1723230246333 0.015451613764855123 24000
1723230253388 0.008871645375435788 28000
1723230260704 0.006884437497513043 32000
1723230267915 0.004799715911282138 36000
1723230275126 0.018783678679459695 40000
1723230282202 0.008087811905461999 44000
1723230289901 0.011389575963230094 48000
1723230296958 0.010359083696283283 52000
1723230304623 0.016249839677697137 56000
1723230313824 0.012410589863383581 60000
1723230322323 0.011872530063902516 64000
1723230330455 0.010112022852559608 68000
1723230338532 0.014750150481002434 72000
1723230347020 0.014773142163853639 76000
1723230355068 0.016297295292908395 80000
