1723145479401 -100.98478321155719 4000
1723145492571 -132.56616728349266 8000
1723145505835 -58.402845210973716 12000
1723145519917 -75.31929418200414 16000
1723145533869 -34.24917564899178 20000
1723145548709 -74.30949257716935 24000
1723145563225 -84.32458254986534 28000
1723145577637 -32.26450144884981 32000
1723145592154 -61.197956274745934 36000
1723145606748 -26.01208942055943 40000
1723145621084 -22.58391540656209 44000
1723145635503 -35.423840427186676 48000
1723145649447 -27.811462995883176 52000
1723145664034 -33.63726843933102 56000
1723145678954 -45.603450694606636 60000
1723145694171 -49.83219604637938 64000
1723145715468 -19.692845061110273 68000
1723145731802 -36.567120871707914 72000
1723145746867 -43.010887433041084 76000
1723145762626 -52.37451247032446 80000
1723145778734 -44.52416538056761 84000
1723145796445 -52.60829306225238 88000
1723145814115 -58.40230122136693 92000
1723145829953 -81.11527255028815 96000
1723145844990 -37.188231372761344 100000
1723145864045 -72.5454253207199 104000
1723145887369 -41.29696109088003 108000
1723145903305 -40.71881979334435 112000
1723145918323 -53.1287204249894 116000
1723145933874 -44.5510642318895 120000
1723145948226 -71.05096533776724 124000
1723145962071 -40.137942387136775 128000
1723145976283 -50.10778105362279 132000
1723145990819 -38.20880505877896 136000
1723146004811 -37.61292292979908 140000
1723146019048 -49.66408058938351 144000
1723146033034 -58.35349585325048 148000
1723146047367 -49.91274761948688 152000
1723146061549 -43.20181188634824 156000
1723146076113 -68.76937157648709 160000
1723146090438 -45.07794435926953 164000
1723146105463 -52.30189803340629 168000
1723146119307 -84.35126698775092 172000
1723146133140 -50.18518168588222 176000
1723146147559 -43.19395118926132 180000
1723146161823 -44.72015945830857 184000
1723146176070 -40.50467095969594 188000
1723146190250 -30.386096793499647 192000
1723146204484 -41.35150440126467 196000
1723146218706 -35.92302796867558 200000
1723146233018 -45.470911199091 204000
1723146246993 -42.649348520440626 208000
1723146260989 -39.83939502827317 212000
1723146274416 -46.2554362328692 216000
1723146288538 -46.098103756317094 220000
1723146302970 -27.74785236283414 224000
1723146316900 -40.594140209006625 228000
1723146330711 -40.990099874482645 232000
1723146344793 -28.712849560025003 236000
1723146358795 -28.45099113225225 240000
1723146372642 -34.75726673520188 244000
1723146386771 -56.77559380079615 248000
1723146400301 -36.92181490832511 252000
1723146414340 -41.19419040555762 256000
1723146427953 -52.23506232711425 260000
1723146441717 -56.97574156342796 264000
1723146455389 -35.02839389447513 268000
1723146469095 -30.733589419150803 272000
1723146483152 -39.5582790970351 276000
1723146496585 -36.50101977000137 280000
1723146509741 -22.530714545965925 284000
1723146523372 -32.22767110158892 288000
1723146536639 -28.885502589814102 292000
1723146550236 -44.45522370914793 296000
1723146563719 -30.740815923069484 300000
1723146577421 -29.346835794340386 304000
1723146590972 -29.915806405887356 308000
1723146604681 -25.51756473075968 312000
1723146618256 -50.720715180372835 316000
1723146632361 -39.52266616097989 320000
1723146646446 -26.977515661056174 324000
1723146659916 -40.20314492513834 328000
1723146674131 -35.738919256922614 332000
1723146687874 -32.63512640966299 336000
1723146701292 -53.44625154267835 340000
1723146715693 -38.76263831413983 344000
1723146728977 -29.713495080744863 348000
1723146742578 -37.8883932324589 352000
1723146756066 -66.35918116386812 356000
1723146769218 -39.36044501562044 360000
1723146783126 -35.26193762968275 364000
1723146796919 -31.870443732055517 368000
1723146810691 -29.618002378419355 372000
1723146824233 -34.56394847729544 376000
1723146838029 -28.17320466462476 380000
1723146851387 -30.517761933453023 384000
1723146864922 -43.07380483947251 388000
1723146878225 -35.29977719365241 392000
1723146891996 -31.750142125967493 396000
1723146905039 -45.71268667074656 400000
