1723145479399 153.0 4000
1723145492569 162.0 8000
1723145505833 162.0 12000
1723145519916 162.0 16000
1723145533868 157.0 20000
1723145548707 158.0 24000
1723145563223 162.0 28000
1723145577635 162.0 32000
1723145592152 157.0 36000
1723145606746 162.0 40000
1723145621082 158.0 44000
1723145635501 162.0 48000
1723145649446 157.0 52000
1723145664032 162.0 56000
1723145678952 162.0 60000
1723145694169 158.0 64000
1723145715466 157.0 68000
1723145731800 162.0 72000
1723145746864 162.0 76000
1723145762624 162.0 80000
1723145778733 153.0 84000
1723145796443 162.0 88000
1723145814113 162.0 92000
1723145829951 162.0 96000
1723145844988 162.0 100000
1723145864043 153.0 104000
1723145887367 162.0 108000
1723145903303 162.0 112000
1723145918321 162.0 116000
1723145933872 157.0 120000
1723145948224 158.0 124000
1723145962069 162.0 128000
1723145976281 162.0 132000
1723145990817 157.0 136000
1723146004809 162.0 140000
1723146019046 158.0 144000
1723146033033 162.0 148000
1723146047365 157.0 152000
1723146061547 162.0 156000
1723146076111 162.0 160000
1723146090434 158.0 164000
1723146105461 157.0 168000
1723146119305 162.0 172000
1723146133138 162.0 176000
1723146147557 162.0 180000
1723146161821 153.0 184000
1723146176068 162.0 188000
1723146190248 162.0 192000
1723146204482 162.0 196000
1723146218704 162.0 200000
1723146233016 153.0 204000
1723146246992 162.0 208000
1723146260987 162.0 212000
1723146274414 162.0 216000
1723146288536 157.0 220000
1723146302968 158.0 224000
1723146316898 162.0 228000
1723146330709 162.0 232000
1723146344791 157.0 236000
1723146358794 162.0 240000
1723146372640 158.0 244000
1723146386769 162.0 248000
1723146400300 157.0 252000
1723146414338 162.0 256000
1723146427951 162.0 260000
1723146441715 158.0 264000
1723146455387 157.0 268000
1723146469094 162.0 272000
1723146483150 162.0 276000
1723146496583 162.0 280000
1723146509739 153.0 284000
1723146523370 162.0 288000
1723146536637 162.0 292000
1723146550234 162.0 296000
1723146563717 162.0 300000
1723146577419 153.0 304000
1723146590970 162.0 308000
1723146604679 162.0 312000
1723146618255 162.0 316000
1723146632359 157.0 320000
1723146646444 158.0 324000
1723146659914 162.0 328000
1723146674129 162.0 332000
1723146687872 157.0 336000
1723146701290 162.0 340000
1723146715691 158.0 344000
1723146728975 162.0 348000
1723146742576 157.0 352000
1723146756064 162.0 356000
1723146769216 162.0 360000
1723146783124 158.0 364000
1723146796917 157.0 368000
1723146810690 162.0 372000
1723146824231 162.0 376000
1723146838027 162.0 380000
1723146851385 153.0 384000
1723146864921 162.0 388000
1723146878224 162.0 392000
1723146891994 162.0 396000
1723146905037 162.0 400000
