1723145479400 0.0 4000
1723145492570 0.0 8000
1723145505834 0.0 12000
1723145519916 0.0 16000
1723145533868 0.0 20000
1723145548708 0.0 24000
1723145563224 0.0 28000
1723145577636 0.0 32000
1723145592153 0.0 36000
1723145606747 0.0 40000
1723145621083 0.0 44000
1723145635502 0.0 48000
1723145649446 0.0 52000
1723145664033 0.0 56000
1723145678952 0.0 60000
1723145694170 0.0 64000
1723145715467 0.0 68000
1723145731801 0.0 72000
1723145746865 0.0 76000
1723145762625 0.0 80000
1723145778733 0.0 84000
1723145796444 0.0 88000
1723145814114 0.0 92000
1723145829952 0.0 96000
1723145844989 0.0 100000
1723145864044 0.0 104000
1723145887368 0.0 108000
1723145903304 0.0 112000
1723145918322 0.0 116000
1723145933873 0.0 120000
1723145948225 0.0 124000
1723145962070 0.0 128000
1723145976282 0.0 132000
1723145990818 0.0 136000
1723146004810 0.0 140000
1723146019046 0.0 144000
1723146033033 0.0 148000
1723146047366 0.0 152000
1723146061548 0.0 156000
1723146076112 0.0 160000
1723146090435 0.0 164000
1723146105462 0.0 168000
1723146119306 0.0 172000
1723146133139 0.0 176000
1723146147557 0.0 180000
1723146161822 0.0 184000
1723146176069 0.0 188000
1723146190249 0.0 192000
1723146204483 0.0 196000
1723146218705 0.0 200000
1723146233017 0.0 204000
1723146246992 0.0 208000
1723146260988 0.0 212000
1723146274415 0.0 216000
1723146288537 0.0 220000
1723146302969 0.0 224000
1723146316899 0.0 228000
1723146330710 0.0 232000
1723146344792 0.0 236000
1723146358794 0.0 240000
1723146372641 0.0 244000
1723146386770 0.0 248000
1723146400300 0.0 252000
1723146414339 0.0 256000
1723146427952 0.0 260000
1723146441716 0.0 264000
1723146455388 0.0 268000
1723146469094 0.0 272000
1723146483151 0.0 276000
1723146496584 0.0 280000
1723146509740 0.0 284000
1723146523371 0.0 288000
1723146536638 0.0 292000
1723146550235 0.0 296000
1723146563717 0.0 300000
1723146577419 0.0 304000
1723146590971 0.0 308000
1723146604680 0.0 312000
1723146618255 0.0 316000
1723146632360 0.0 320000
1723146646445 0.0 324000
1723146659915 0.0 328000
1723146674130 0.0 332000
1723146687873 0.0 336000
1723146701291 0.0 340000
1723146715692 0.0 344000
1723146728975 0.0 348000
1723146742577 0.0 352000
1723146756065 0.0 356000
1723146769217 0.0 360000
1723146783125 0.0 364000
1723146796918 0.0 368000
1723146810690 0.0 372000
1723146824232 0.0 376000
1723146838028 0.0 380000
1723146851385 0.0 384000
1723146864921 0.0 388000
1723146878224 0.0 392000
1723146891995 0.0 396000
1723146905038 0.0 400000
