1723157948624 4000.0 4000
1723157966384 8000.0 8000
1723157984292 12000.0 12000
1723157998246 16000.0 16000
1723158011227 20000.0 20000
1723158024047 24000.0 24000
1723158036987 28000.0 28000
1723158050871 32000.0 32000
1723158065085 36000.0 36000
1723158079096 40000.0 40000
1723158093186 44000.0 44000
1723158107329 48000.0 48000
1723158121393 52000.0 52000
1723158135436 56000.0 56000
1723158149191 60000.0 60000
1723158163234 64000.0 64000
1723158177239 68000.0 68000
1723158191648 72000.0 72000
1723158205790 76000.0 76000
1723158220070 80000.0 80000
1723158234068 84000.0 84000
1723158248201 88000.0 88000
1723158262216 92000.0 92000
1723158276212 96000.0 96000
1723158290083 100000.0 100000
1723158304252 104000.0 104000
1723158319138 108000.0 108000
1723158333611 112000.0 112000
1723158348173 116000.0 116000
1723158362598 120000.0 120000
1723158377070 124000.0 124000
1723158392798 128000.0 128000
1723158414734 132000.0 132000
1723158430032 136000.0 136000
1723158444615 140000.0 140000
1723158458944 144000.0 144000
1723158473335 148000.0 148000
1723158487746 152000.0 152000
1723158501865 156000.0 156000
1723158516107 160000.0 160000
1723158530487 164000.0 164000
1723158545528 168000.0 168000
1723158560255 172000.0 172000
1723158574978 176000.0 176000
1723158589491 180000.0 180000
1723158603445 184000.0 184000
1723158617231 188000.0 188000
1723158631337 192000.0 192000
1723158645143 196000.0 196000
1723158658699 200000.0 200000
1723158672827 204000.0 204000
1723158687371 208000.0 208000
1723158701600 212000.0 212000
1723158715767 216000.0 216000
1723158730231 220000.0 220000
1723158744555 224000.0 224000
1723158758453 228000.0 228000
1723158772742 232000.0 232000
1723158786617 236000.0 236000
1723158800610 240000.0 240000
1723158814568 244000.0 244000
1723158829007 248000.0 248000
1723158842501 252000.0 252000
1723158856353 256000.0 256000
1723158870629 260000.0 260000
1723158885365 264000.0 264000
1723158899301 268000.0 268000
1723158913905 272000.0 272000
1723158928276 276000.0 276000
1723158942243 280000.0 280000
1723158955880 284000.0 284000
1723158969737 288000.0 288000
1723158983789 292000.0 292000
1723158997297 296000.0 296000
1723159010861 300000.0 300000
1723159024436 304000.0 304000
1723159041342 308000.0 308000
1723159061379 312000.0 312000
1723159081070 316000.0 316000
1723159096055 320000.0 320000
1723159109806 324000.0 324000
1723159123337 328000.0 328000
1723159137108 332000.0 332000
1723159151036 336000.0 336000
1723159164654 340000.0 340000
1723159178322 344000.0 344000
1723159192344 348000.0 348000
1723159205648 352000.0 352000
1723159218844 356000.0 356000
1723159232469 360000.0 360000
1723159246728 364000.0 364000
1723159260123 368000.0 368000
1723159273418 372000.0 372000
1723159287020 376000.0 376000
1723159301060 380000.0 380000
1723159315186 384000.0 384000
1723159328996 388000.0 388000
1723159343010 392000.0 392000
1723159356682 396000.0 396000
1723159370456 400000.0 400000
1723159384739 404000.0 404000
1723159398959 408000.0 408000
1723159412422 412000.0 412000
1723159431011 416000.0 416000
1723159446351 420000.0 420000
1723159460539 424000.0 424000
1723159474822 428000.0 428000
1723159488929 432000.0 432000
1723159502380 436000.0 436000
1723159515615 440000.0 440000
1723159528912 444000.0 444000
1723159542593 448000.0 448000
1723159556211 452000.0 452000
1723159582982 456000.0 456000
1723159601034 460000.0 460000
1723159618282 464000.0 464000
1723159636462 468000.0 468000
1723159654222 472000.0 472000
1723159673978 476000.0 476000
1723159692873 480000.0 480000
1723159710271 484000.0 484000
1723159724916 488000.0 488000
1723159738591 492000.0 492000
1723159751880 496000.0 496000
1723159765597 500000.0 500000
1723159779286 504000.0 504000
1723159793016 508000.0 508000
1723159806517 512000.0 512000
1723159819871 516000.0 516000
1723159834637 520000.0 520000
1723159848583 524000.0 524000
1723159863039 528000.0 528000
1723159877322 532000.0 532000
1723159891353 536000.0 536000
1723159905534 540000.0 540000
1723159919790 544000.0 544000
1723159934141 548000.0 548000
1723159948013 552000.0 552000
1723159962129 556000.0 556000
1723159976397 560000.0 560000
1723159989900 564000.0 564000
1723160003516 568000.0 568000
1723160017329 572000.0 572000
1723160031037 576000.0 576000
1723160044745 580000.0 580000
1723160063034 584000.0 584000
1723160081245 588000.0 588000
1723160099101 592000.0 592000
1723160117011 596000.0 596000
1723160130330 600000.0 600000
1723160142852 604000.0 604000
1723160155449 608000.0 608000
1723160167986 612000.0 612000
1723160180745 616000.0 616000
1723160194069 620000.0 620000
1723160206810 624000.0 624000
1723160219746 628000.0 628000
1723160232630 632000.0 632000
1723160244994 636000.0 636000
1723160257856 640000.0 640000
1723160274790 644000.0 644000
1723160292031 648000.0 648000
1723160309368 652000.0 652000
1723160326915 656000.0 656000
1723160345066 660000.0 660000
1723160362626 664000.0 664000
1723160376929 668000.0 668000
1723160389976 672000.0 672000
1723160403462 676000.0 676000
1723160424822 680000.0 680000
1723160442690 684000.0 684000
1723160460949 688000.0 688000
1723160479327 692000.0 692000
1723160493540 696000.0 696000
1723160506716 700000.0 700000
1723160523320 704000.0 704000
1723160541288 708000.0 708000
1723160560118 712000.0 712000
1723160578804 716000.0 716000
1723160596188 720000.0 720000
1723160614198 724000.0 724000
1723160634942 728000.0 728000
1723160653625 732000.0 732000
1723160672935 736000.0 736000
1723160687827 740000.0 740000
1723160702054 744000.0 744000
1723160715636 748000.0 748000
1723160729154 752000.0 752000
1723160743665 756000.0 756000
1723160756816 760000.0 760000
1723160770706 764000.0 764000
1723160783576 768000.0 768000
1723160796191 772000.0 772000
1723160808811 776000.0 776000
1723160822412 780000.0 780000
1723160835218 784000.0 784000
1723160848136 788000.0 788000
1723160861014 792000.0 792000
1723160873879 796000.0 796000
1723160887694 800000.0 800000
1723160900908 804000.0 804000
1723160913925 808000.0 808000
1723160926592 812000.0 812000
1723160939171 816000.0 816000
1723160953114 820000.0 820000
1723160970908 824000.0 824000
1723160991041 828000.0 828000
1723161004911 832000.0 832000
1723161018131 836000.0 836000
1723161031830 840000.0 840000
1723161044349 844000.0 844000
1723161057057 848000.0 848000
1723161069852 852000.0 852000
1723161082559 856000.0 856000
1723161094947 860000.0 860000
1723161107753 864000.0 864000
1723161119772 868000.0 868000
1723161132190 872000.0 872000
1723161144752 876000.0 876000
1723161156904 880000.0 880000
1723161169328 884000.0 884000
1723161181854 888000.0 888000
1723161194326 892000.0 892000
1723161206480 896000.0 896000
1723161218463 900000.0 900000
1723161230997 904000.0 904000
1723161243394 908000.0 908000
1723161255332 912000.0 912000
1723161267569 916000.0 916000
1723161279682 920000.0 920000
1723161291996 924000.0 924000
1723161303973 928000.0 928000
1723161316084 932000.0 932000
1723161328448 936000.0 936000
1723161340600 940000.0 940000
1723161353079 944000.0 944000
1723161365592 948000.0 948000
1723161378352 952000.0 952000
1723161391138 956000.0 956000
1723161403094 960000.0 960000
1723161415458 964000.0 964000
1723161428015 968000.0 968000
1723161439931 972000.0 972000
1723161452498 976000.0 976000
1723161464746 980000.0 980000
1723161477245 984000.0 984000
1723161489971 988000.0 988000
1723161502687 992000.0 992000
1723161515104 996000.0 996000
1723161527444 1000000.0 1000000
1723161540378 1004000.0 1004000
1723161552902 1008000.0 1008000
1723161565499 1012000.0 1012000
1723161577869 1016000.0 1016000
1723161590246 1020000.0 1020000
1723161602178 1024000.0 1024000
1723161614560 1028000.0 1028000
1723161626783 1032000.0 1032000
1723161639033 1036000.0 1036000
1723161651192 1040000.0 1040000
1723161663545 1044000.0 1044000
1723161675723 1048000.0 1048000
1723161687806 1052000.0 1052000
1723161699545 1056000.0 1056000
1723161711841 1060000.0 1060000
1723161723711 1064000.0 1064000
1723161735725 1068000.0 1068000
1723161747948 1072000.0 1072000
1723161760337 1076000.0 1076000
1723161773058 1080000.0 1080000
1723161785778 1084000.0 1084000
1723161798151 1088000.0 1088000
1723161810627 1092000.0 1092000
1723161823069 1096000.0 1096000
1723161835546 1100000.0 1100000
1723161847301 1104000.0 1104000
1723161859578 1108000.0 1108000
1723161871936 1112000.0 1112000
1723161883950 1116000.0 1116000
1723161896042 1120000.0 1120000
1723161908123 1124000.0 1124000
1723161920418 1128000.0 1128000
1723161932714 1132000.0 1132000
1723161945179 1136000.0 1136000
1723161957345 1140000.0 1140000
1723161969610 1144000.0 1144000
1723161982365 1148000.0 1148000
1723161994718 1152000.0 1152000
1723162007092 1156000.0 1156000
1723162019531 1160000.0 1160000
1723162032099 1164000.0 1164000
1723162044561 1168000.0 1168000
1723162057230 1172000.0 1172000
1723162069629 1176000.0 1176000
1723162082650 1180000.0 1180000
1723162095045 1184000.0 1184000
1723162108121 1188000.0 1188000
1723162120738 1192000.0 1192000
1723162133407 1196000.0 1196000
1723162146037 1200000.0 1200000
