1723231574340 -1.0 4000
1723231581528 -1.0 8000
1723231588688 -1.0 12000
1723231596098 -1.0 16000
1723231603453 -1.0 20000
1723231610558 -1.0 24000
1723231617976 -1.0 28000
1723231625236 -1.0 32000
1723231632635 -1.0 36000
1723231640336 -1.0 40000
1723231647635 -1.0 44000
1723231654922 -1.0 48000
1723231662274 -1.0 52000
1723231669584 -1.0 56000
1723231678815 -1.0 60000
1723231687461 -1.0 64000
1723231695469 -1.0 68000
1723231704100 -1.0 72000
1723231712955 -1.0 76000
1723231721614 -1.0 80000
1723231729985 -1.0 84000
1723231738075 -1.0 88000
1723231745859 -1.0 92000
1723231755141 -1.0 96000
1723231764854 -1.0 100000
1723231772526 -1.0 104000
1723231780149 -1.0 108000
1723231788070 -1.0 112000
1723231796906 -1.0 116000
1723231804835 -1.0 120000
1723231812577 -1.0 124000
1723231820147 -1.0 128000
1723231827896 -1.0 132000
1723231835530 -1.0 136000
1723231843204 -1.0 140000
1723231850801 -1.0 144000
1723231858602 -1.0 148000
1723231866347 -1.0 152000
1723231873995 -1.0 156000
1723231881549 -1.0 160000
1723231889447 -1.0 164000
1723231897640 -1.0 168000
1723231905400 -1.0 172000
1723231912931 -1.0 176000
1723231920586 -1.0 180000
1723231928462 -1.0 184000
1723231936395 -1.0 188000
1723231944043 -1.0 192000
1723231951809 -1.0 196000
1723231959187 -1.0 200000
1723231966839 -1.0 204000
1723231974192 -1.0 208000
1723231981742 -1.0 212000
1723231989119 -1.0 216000
1723231997064 -1.0 220000
1723232004749 -1.0 224000
1723232012297 -1.0 228000
1723232019738 -1.0 232000
1723232027229 -1.0 236000
1723232034776 -1.0 240000
1723232042352 -1.0 244000
1723232050005 -1.0 248000
1723232057775 -1.0 252000
1723232065961 -1.0 256000
1723232073696 -1.0 260000
1723232080955 -1.0 264000
1723232088517 -1.0 268000
1723232095996 -1.0 272000
1723232103507 -1.0 276000
1723232111099 -1.0 280000
1723232118666 -1.0 284000
1723232126213 -1.0 288000
1723232133814 -1.0 292000
1723232141125 -1.0 296000
1723232148554 -1.0 300000
1723232156017 -1.0 304000
1723232163426 -1.0 308000
1723232171363 -1.0 312000
1723232178765 -1.0 316000
1723232186222 -1.0 320000
1723232193483 -1.0 324000
1723232201003 -1.0 328000
1723232208562 -1.0 332000
1723232216019 -1.0 336000
1723232223639 -1.0 340000
1723232231030 -1.0 344000
1723232238930 -1.0 348000
1723232246580 -1.0 352000
1723232253841 -1.0 356000
1723232260982 -1.0 360000
1723232268832 -1.0 364000
1723232276485 -1.0 368000
1723232283930 -1.0 372000
1723232291303 -1.0 376000
1723232298925 -1.0 380000
1723232306426 -1.0 384000
1723232313915 -1.0 388000
1723232321243 -1.0 392000
1723232328636 -1.0 396000
1723232335852 -1.0 400000
1723232343377 -1.0 404000
1723232350693 -1.0 408000
1723232358174 -1.0 412000
1723232365452 -1.0 416000
1723232372690 -1.0 420000
1723232379897 -1.0 424000
1723232387310 -1.0 428000
1723232394675 -1.0 432000
1723232402054 -1.0 436000
1723232409206 -1.0 440000
1723232416509 -1.0 444000
1723232423827 -1.0 448000
1723232431193 -1.0 452000
1723232438450 -1.0 456000
1723232445611 -1.0 460000
1723232453274 -1.0 464000
1723232460511 -1.0 468000
1723232467682 -1.0 472000
1723232475068 -1.0 476000
1723232482401 -1.0 480000
1723232489650 -1.0 484000
1723232496977 -1.0 488000
1723232504555 -1.0 492000
1723232511964 -1.0 496000
1723232519485 -1.0 500000
1723232526809 -1.0 504000
1723232534254 -1.0 508000
1723232541758 -1.0 512000
1723232549462 -1.0 516000
1723232556852 -1.0 520000
1723232564292 -1.0 524000
1723232571721 -1.0 528000
1723232579062 -1.0 532000
1723232586570 -1.0 536000
1723232594123 -1.0 540000
1723232602274 -1.0 544000
1723232609972 -1.0 548000
1723232617400 -1.0 552000
1723232625035 -1.0 556000
1723232632531 -1.0 560000
1723232640032 -1.0 564000
1723232647497 -1.0 568000
1723232654995 -1.0 572000
1723232662549 -1.0 576000
1723232669942 -1.0 580000
1723232677368 -1.0 584000
1723232684876 -1.0 588000
1723232692294 -1.0 592000
1723232700409 -1.0 596000
1723232708244 -1.0 600000
1723232716478 -1.0 604000
1723232723830 -1.0 608000
1723232731321 -1.0 612000
1723232738635 -1.0 616000
1723232746182 -1.0 620000
1723232753620 -1.0 624000
1723232761274 -1.0 628000
1723232768698 -1.0 632000
1723232776242 -1.0 636000
1723232784181 -1.0 640000
1723232791867 -1.0 644000
1723232799216 -1.0 648000
1723232806775 -1.0 652000
1723232814686 -1.0 656000
1723232822486 -1.0 660000
1723232829658 -1.0 664000
1723232837309 -1.0 668000
1723232844754 -1.0 672000
1723232852885 -1.0 676000
1723232860386 -1.0 680000
1723232867711 -1.0 684000
1723232875179 -1.0 688000
1723232883042 -1.0 692000
1723232890277 -1.0 696000
1723232897573 -1.0 700000
1723232904892 -1.0 704000
1723232912160 -1.0 708000
1723232919481 -1.0 712000
1723232926712 -1.0 716000
1723232934058 -1.0 720000
1723232942083 -1.0 724000
1723232949855 -1.0 728000
1723232957419 -1.0 732000
1723232964876 -1.0 736000
1723232972414 -1.0 740000
1723232980147 -1.0 744000
1723232987733 -1.0 748000
1723232995247 -1.0 752000
1723233002967 -1.0 756000
1723233010600 -1.0 760000
1723233018205 -1.0 764000
1723233025837 -1.0 768000
1723233033538 -1.0 772000
1723233040885 -1.0 776000
1723233048097 -1.0 780000
1723233055460 -1.0 784000
1723233062687 -1.0 788000
1723233069927 -1.0 792000
1723233077236 -1.0 796000
1723233084585 -1.0 800000
