1723231574335 0.0 4000
1723231581524 0.0 8000
1723231588685 0.0 12000
1723231596094 0.0 16000
1723231603450 0.0 20000
1723231610554 0.0 24000
1723231617973 0.0 28000
1723231625233 0.0 32000
1723231632628 0.0 36000
1723231640332 0.0 40000
1723231647631 0.0 44000
1723231654918 0.0 48000
1723231662271 0.0 52000
1723231669580 0.0 56000
1723231678811 0.0 60000
1723231687457 0.0 64000
1723231695465 0.0 68000
1723231704096 0.0 72000
1723231712952 0.0 76000
1723231721610 0.0 80000
1723231729981 0.0 84000
1723231738071 0.0 88000
1723231745855 0.0 92000
1723231755137 0.0 96000
1723231764850 0.0 100000
1723231772522 0.0 104000
1723231780145 0.0 108000
1723231788066 0.0 112000
1723231796902 0.0 116000
1723231804831 0.0 120000
1723231812573 0.0 124000
1723231820143 0.0 128000
1723231827892 0.0 132000
1723231835526 0.0 136000
1723231843200 0.0 140000
1723231850797 0.0 144000
1723231858598 0.0 148000
1723231866343 0.0 152000
1723231873992 0.0 156000
1723231881545 0.0 160000
1723231889442 0.0 164000
1723231897636 0.0 168000
1723231905396 0.0 172000
1723231912927 0.0 176000
1723231920583 0.0 180000
1723231928458 0.0 184000
1723231936391 0.0 188000
1723231944039 0.0 192000
1723231951805 0.0 196000
1723231959184 0.0 200000
1723231966835 0.0 204000
1723231974188 0.0 208000
1723231981738 0.0 212000
1723231989115 0.0 216000
1723231997059 0.0 220000
1723232004745 0.0 224000
1723232012293 0.0 228000
1723232019735 0.0 232000
1723232027225 0.0 236000
1723232034772 0.0 240000
1723232042348 0.0 244000
1723232050001 0.0 248000
1723232057771 0.0 252000
1723232065956 0.0 256000
1723232073693 0.0 260000
1723232080951 0.0 264000
1723232088513 0.0 268000
1723232095992 0.0 272000
1723232103503 0.0 276000
1723232111095 0.0 280000
1723232118662 0.0 284000
1723232126209 0.0 288000
1723232133810 0.0 292000
1723232141121 0.0 296000
1723232148550 0.0 300000
1723232156013 0.0 304000
1723232163422 0.0 308000
1723232171359 0.0 312000
1723232178761 0.0 316000
1723232186218 0.0 320000
1723232193479 0.0 324000
1723232200999 0.0 328000
1723232208558 0.0 332000
1723232216015 0.0 336000
1723232223636 0.0 340000
1723232231027 0.0 344000
1723232238927 0.0 348000
1723232246576 0.0 352000
1723232253837 0.0 356000
1723232260977 0.0 360000
1723232268829 0.0 364000
1723232276481 0.0 368000
1723232283926 0.0 372000
1723232291299 0.0 376000
1723232298921 0.0 380000
1723232306422 0.0 384000
1723232313911 0.0 388000
1723232321239 0.0 392000
1723232328632 0.0 396000
1723232335848 0.0 400000
1723232343373 0.0 404000
1723232350689 0.0 408000
1723232358170 0.0 412000
1723232365448 0.0 416000
1723232372685 0.0 420000
1723232379893 0.0 424000
1723232387307 0.0 428000
1723232394671 0.0 432000
1723232402051 0.0 436000
1723232409202 0.0 440000
1723232416505 0.0 444000
1723232423823 0.0 448000
1723232431190 0.0 452000
1723232438446 0.0 456000
1723232445607 0.0 460000
1723232453270 0.0 464000
1723232460507 0.0 468000
1723232467678 0.0 472000
1723232475064 0.0 476000
1723232482397 0.0 480000
1723232489647 0.0 484000
1723232496973 0.0 488000
1723232504551 0.0 492000
1723232511960 0.0 496000
1723232519482 0.0 500000
1723232526805 0.0 504000
1723232534250 0.0 508000
1723232541754 0.0 512000
1723232549458 0.0 516000
1723232556848 0.0 520000
1723232564288 0.0 524000
1723232571718 0.0 528000
1723232579058 0.0 532000
1723232586566 0.0 536000
1723232594119 0.0 540000
1723232602270 0.0 544000
1723232609968 0.0 548000
1723232617397 0.0 552000
1723232625032 0.0 556000
1723232632527 0.0 560000
1723232640028 0.0 564000
1723232647493 0.0 568000
1723232654991 0.0 572000
1723232662545 0.0 576000
1723232669938 0.0 580000
1723232677364 0.0 584000
1723232684871 0.0 588000
1723232692290 0.0 592000
1723232700405 0.0 596000
1723232708241 0.0 600000
1723232716474 0.0 604000
1723232723826 0.0 608000
1723232731317 0.0 612000
1723232738631 0.0 616000
1723232746178 0.0 620000
1723232753616 0.0 624000
1723232761270 0.0 628000
1723232768694 0.0 632000
1723232776238 0.0 636000
1723232784178 0.0 640000
1723232791863 0.0 644000
1723232799212 0.0 648000
1723232806772 0.0 652000
1723232814682 0.0 656000
1723232822482 0.0 660000
1723232829655 0.0 664000
1723232837304 0.0 668000
1723232844750 0.0 672000
1723232852880 0.0 676000
1723232860382 0.0 680000
1723232867707 0.0 684000
1723232875175 0.0 688000
1723232883038 0.0 692000
1723232890274 0.0 696000
1723232897569 0.0 700000
1723232904888 0.0 704000
1723232912157 0.0 708000
1723232919477 0.0 712000
1723232926708 0.0 716000
1723232934054 0.0 720000
1723232942079 0.0 724000
1723232949852 0.0 728000
1723232957415 0.0 732000
1723232964872 0.0 736000
1723232972409 0.0 740000
1723232980143 0.0 744000
1723232987729 0.0 748000
1723232995243 0.0 752000
1723233002963 0.0 756000
1723233010597 0.0 760000
1723233018201 0.0 764000
1723233025832 0.0 768000
1723233033534 0.0 772000
1723233040881 0.0 776000
1723233048093 0.0 780000
1723233055455 0.0 784000
1723233062683 0.0 788000
1723233069923 0.0 792000
1723233077232 0.0 796000
1723233084582 0.0 800000
