1723231574309 1.0 4000
1723231581502 1.0 8000
1723231588662 1.0 12000
1723231596071 1.0 16000
1723231603428 1.0 20000
1723231610533 1.0 24000
1723231617950 1.0 28000
1723231625211 1.0 32000
1723231632596 1.0 36000
1723231640310 1.0 40000
1723231647609 1.0 44000
1723231654896 1.0 48000
1723231662249 1.0 52000
1723231669558 1.0 56000
1723231678782 1.0 60000
1723231687435 1.0 64000
1723231695443 1.0 68000
1723231704075 1.0 72000
1723231712929 1.0 76000
1723231721588 1.0 80000
1723231729957 1.0 84000
1723231738049 1.0 88000
1723231745834 1.0 92000
1723231755107 1.0 96000
1723231764828 1.0 100000
1723231772501 1.0 104000
1723231780124 1.0 108000
1723231788044 1.0 112000
1723231796880 1.0 116000
1723231804809 1.0 120000
1723231812551 1.0 124000
1723231820122 1.0 128000
1723231827870 1.0 132000
1723231835505 1.0 136000
1723231843179 1.0 140000
1723231850775 1.0 144000
1723231858577 1.0 148000
1723231866321 1.0 152000
1723231873970 1.0 156000
1723231881524 1.0 160000
1723231889420 1.0 164000
1723231897607 1.0 168000
1723231905374 1.0 172000
1723231912905 1.0 176000
1723231920561 1.0 180000
1723231928430 1.0 184000
1723231936370 1.0 188000
1723231944017 1.0 192000
1723231951784 1.0 196000
1723231959162 1.0 200000
1723231966805 1.0 204000
1723231974166 1.0 208000
1723231981717 1.0 212000
1723231989094 1.0 216000
1723231997037 1.0 220000
1723232004724 1.0 224000
1723232012271 1.0 228000
1723232019713 1.0 232000
1723232027170 1.0 236000
1723232034751 1.0 240000
1723232042326 1.0 244000
1723232049980 1.0 248000
1723232057750 1.0 252000
1723232065931 1.0 256000
1723232073671 1.0 260000
1723232080929 1.0 264000
1723232088491 1.0 268000
1723232095971 1.0 272000
1723232103482 1.0 276000
1723232111074 1.0 280000
1723232118641 1.0 284000
1723232126188 1.0 288000
1723232133787 1.0 292000
1723232141100 1.0 296000
1723232148529 1.0 300000
1723232155970 1.0 304000
1723232163400 1.0 308000
1723232171338 1.0 312000
1723232178740 1.0 316000
1723232186196 1.0 320000
1723232193457 1.0 324000
1723232200978 1.0 328000
1723232208536 1.0 332000
1723232215993 1.0 336000
1723232223614 1.0 340000
1723232231005 1.0 344000
1723232238905 1.0 348000
1723232246555 1.0 352000
1723232253815 1.0 356000
1723232260953 1.0 360000
1723232268807 1.0 364000
1723232276460 1.0 368000
1723232283905 1.0 372000
1723232291277 1.0 376000
1723232298899 1.0 380000
1723232306399 1.0 384000
1723232313890 1.0 388000
1723232321217 1.0 392000
1723232328610 1.0 396000
1723232335826 1.0 400000
1723232343350 1.0 404000
1723232350667 1.0 408000
1723232358149 1.0 412000
1723232365427 1.0 416000
1723232372664 1.0 420000
1723232379870 1.0 424000
1723232387285 1.0 428000
1723232394649 1.0 432000
1723232402029 1.0 436000
1723232409181 1.0 440000
1723232416484 1.0 444000
1723232423801 1.0 448000
1723232431168 1.0 452000
1723232438424 1.0 456000
1723232445585 1.0 460000
1723232453248 1.0 464000
1723232460486 1.0 468000
1723232467657 1.0 472000
1723232475043 1.0 476000
1723232482375 1.0 480000
1723232489625 1.0 484000
1723232496951 1.0 488000
1723232504530 1.0 492000
1723232511939 1.0 496000
1723232519460 1.0 500000
1723232526784 1.0 504000
1723232534229 1.0 508000
1723232541733 1.0 512000
1723232549436 1.0 516000
1723232556827 1.0 520000
1723232564265 1.0 524000
1723232571695 1.0 528000
1723232579036 1.0 532000
1723232586545 1.0 536000
1723232594098 1.0 540000
1723232602247 1.0 544000
1723232609947 1.0 548000
1723232617375 1.0 552000
1723232625010 1.0 556000
1723232632506 1.0 560000
1723232640005 1.0 564000
1723232647472 1.0 568000
1723232654969 1.0 572000
1723232662524 1.0 576000
1723232669917 1.0 580000
1723232677343 1.0 584000
1723232684850 1.0 588000
1723232692267 1.0 592000
1723232700383 1.0 596000
1723232708218 1.0 600000
1723232716452 1.0 604000
1723232723805 1.0 608000
1723232731294 1.0 612000
1723232738608 1.0 616000
1723232746157 1.0 620000
1723232753594 1.0 624000
1723232761248 1.0 628000
1723232768672 1.0 632000
1723232776216 1.0 636000
1723232784155 1.0 640000
1723232791841 1.0 644000
1723232799191 1.0 648000
1723232806750 1.0 652000
1723232814660 1.0 656000
1723232822459 1.0 660000
1723232829633 1.0 664000
1723232837282 1.0 668000
1723232844726 1.0 672000
1723232852857 1.0 676000
1723232860360 1.0 680000
1723232867685 1.0 684000
1723232875154 1.0 688000
1723232883017 1.0 692000
1723232890251 1.0 696000
1723232897548 1.0 700000
1723232904863 1.0 704000
1723232912135 1.0 708000
1723232919456 1.0 712000
1723232926686 1.0 716000
1723232934033 1.0 720000
1723232942057 1.0 724000
1723232949829 1.0 728000
1723232957393 1.0 732000
1723232964849 1.0 736000
1723232972387 1.0 740000
1723232980121 1.0 744000
1723232987707 1.0 748000
1723232995220 1.0 752000
1723233002940 1.0 756000
1723233010575 1.0 760000
1723233018180 1.0 764000
1723233025808 1.0 768000
1723233033512 1.0 772000
1723233040859 1.0 776000
1723233048072 1.0 780000
1723233055432 1.0 784000
1723233062660 1.0 788000
1723233069901 1.0 792000
1723233077211 1.0 796000
1723233084560 1.0 800000
