1723231574347 0.0 4000
1723231581534 0.0 8000
1723231588694 0.0 12000
1723231596104 0.0 16000
1723231603459 0.0 20000
1723231610563 0.0 24000
1723231617982 0.0 28000
1723231625242 0.0 32000
1723231632641 0.0 36000
1723231640342 0.0 40000
1723231647641 0.0 44000
1723231654929 0.0 48000
1723231662281 0.0 52000
1723231669590 0.0 56000
1723231678821 0.0 60000
1723231687467 0.0 64000
1723231695475 0.0 68000
1723231704106 0.0 72000
1723231712962 0.0 76000
1723231721620 0.0 80000
1723231729992 0.0 84000
1723231738081 0.0 88000
1723231745866 0.0 92000
1723231755148 0.0 96000
1723231764859 0.0 100000
1723231772532 0.0 104000
1723231780155 0.0 108000
1723231788076 0.0 112000
1723231796912 0.0 116000
1723231804841 0.0 120000
1723231812583 0.0 124000
1723231820153 0.0 128000
1723231827903 0.0 132000
1723231835536 0.0 136000
1723231843210 0.0 140000
1723231850806 0.0 144000
1723231858608 0.0 148000
1723231866353 0.0 152000
1723231874001 0.0 156000
1723231881555 0.0 160000
1723231889453 0.0 164000
1723231897647 0.0 168000
1723231905405 0.0 172000
1723231912938 0.0 176000
1723231920592 0.0 180000
1723231928469 0.0 184000
1723231936401 0.0 188000
1723231944049 0.0 192000
1723231951815 0.0 196000
1723231959193 0.0 200000
1723231966845 0.0 204000
1723231974198 0.0 208000
1723231981748 0.0 212000
1723231989125 0.0 216000
1723231997070 0.0 220000
1723232004755 0.0 224000
1723232012303 0.0 228000
1723232019744 0.0 232000
1723232027235 0.0 236000
1723232034782 0.0 240000
1723232042357 0.0 244000
1723232050011 0.0 248000
1723232057781 0.0 252000
1723232065968 0.0 256000
1723232073703 0.0 260000
1723232080961 0.0 264000
1723232088525 0.0 268000
1723232096002 0.0 272000
1723232103513 0.0 276000
1723232111104 0.0 280000
1723232118672 0.0 284000
1723232126220 0.0 288000
1723232133821 0.0 292000
1723232141132 0.0 296000
1723232148560 0.0 300000
1723232156023 0.0 304000
1723232163432 0.0 308000
1723232171369 0.0 312000
1723232178771 0.0 316000
1723232186228 0.0 320000
1723232193489 0.0 324000
1723232201009 0.0 328000
1723232208568 0.0 332000
1723232216025 0.0 336000
1723232223645 0.0 340000
1723232231036 0.0 344000
1723232238936 0.0 348000
1723232246586 0.0 352000
1723232253847 0.0 356000
1723232260991 0.0 360000
1723232268838 0.0 364000
1723232276491 0.0 368000
1723232283936 0.0 372000
1723232291309 0.0 376000
1723232298931 0.0 380000
1723232306432 0.0 384000
1723232313921 0.0 388000
1723232321249 0.0 392000
1723232328642 0.0 396000
1723232335858 0.0 400000
1723232343384 0.0 404000
1723232350699 0.0 408000
1723232358179 0.0 412000
1723232365458 0.0 416000
1723232372695 0.0 420000
1723232379903 0.0 424000
1723232387317 0.0 428000
1723232394681 0.0 432000
1723232402060 0.0 436000
1723232409212 0.0 440000
1723232416515 0.0 444000
1723232423834 0.0 448000
1723232431199 0.0 452000
1723232438456 0.0 456000
1723232445617 0.0 460000
1723232453280 0.0 464000
1723232460517 0.0 468000
1723232467688 0.0 472000
1723232475074 0.0 476000
1723232482407 0.0 480000
1723232489657 0.0 484000
1723232496985 0.0 488000
1723232504561 0.0 492000
1723232511970 0.0 496000
1723232519491 0.0 500000
1723232526815 0.0 504000
1723232534260 0.0 508000
1723232541763 0.0 512000
1723232549468 0.0 516000
1723232556858 0.0 520000
1723232564298 0.0 524000
1723232571727 0.0 528000
1723232579068 0.0 532000
1723232586577 0.0 536000
1723232594129 0.0 540000
1723232602281 0.0 544000
1723232609978 0.0 548000
1723232617406 0.0 552000
1723232625041 0.0 556000
1723232632537 0.0 560000
1723232640038 0.0 564000
1723232647502 0.0 568000
1723232655003 0.0 572000
1723232662555 0.0 576000
1723232669948 0.0 580000
1723232677374 0.0 584000
1723232684882 0.0 588000
1723232692300 0.0 592000
1723232700415 0.0 596000
1723232708251 0.0 600000
1723232716484 0.0 604000
1723232723836 0.0 608000
1723232731328 0.0 612000
1723232738642 0.0 616000
1723232746188 0.0 620000
1723232753627 0.0 624000
1723232761279 0.0 628000
1723232768704 0.0 632000
1723232776248 0.0 636000
1723232784188 0.0 640000
1723232791873 0.0 644000
1723232799222 0.0 648000
1723232806781 0.0 652000
1723232814692 0.0 656000
1723232822492 0.0 660000
1723232829665 0.0 664000
1723232837315 0.0 668000
1723232844760 0.0 672000
1723232852891 0.0 676000
1723232860392 0.0 680000
1723232867717 0.0 684000
1723232875185 0.0 688000
1723232883048 0.0 692000
1723232890284 0.0 696000
1723232897579 0.0 700000
1723232904899 0.0 704000
1723232912167 0.0 708000
1723232919487 0.0 712000
1723232926718 0.0 716000
1723232934064 0.0 720000
1723232942089 0.0 724000
1723232949862 0.0 728000
1723232957425 0.0 732000
1723232964883 0.0 736000
1723232972421 0.0 740000
1723232980153 0.0 744000
1723232987739 0.0 748000
1723232995253 0.0 752000
1723233002973 0.0 756000
1723233010607 0.0 760000
1723233018211 0.0 764000
1723233025844 0.0 768000
1723233033543 0.0 772000
1723233040891 0.0 776000
1723233048103 0.0 780000
1723233055466 0.0 784000
1723233062694 0.0 788000
1723233069933 0.0 792000
1723233077242 0.0 796000
1723233084591 0.0 800000
