1723231574303 20.0 4000
1723231581498 20.0 8000
1723231588658 20.0 12000
1723231596066 20.0 16000
1723231603424 20.0 20000
1723231610529 20.0 24000
1723231617946 20.0 28000
1723231625207 20.0 32000
1723231632588 20.0 36000
1723231640305 20.0 40000
1723231647605 20.0 44000
1723231654891 20.0 48000
1723231662244 20.0 52000
1723231669553 20.0 56000
1723231678777 20.0 60000
1723231687431 20.0 64000
1723231695439 20.0 68000
1723231704071 20.0 72000
1723231712924 20.0 76000
1723231721583 20.0 80000
1723231729953 20.0 84000
1723231738045 20.0 88000
1723231745830 20.0 92000
1723231755102 20.0 96000
1723231764824 20.0 100000
1723231772496 20.0 104000
1723231780119 20.0 108000
1723231788040 20.0 112000
1723231796875 20.0 116000
1723231804804 20.0 120000
1723231812547 20.0 124000
1723231820117 20.0 128000
1723231827866 20.0 132000
1723231835501 20.0 136000
1723231843174 20.0 140000
1723231850771 20.0 144000
1723231858573 20.0 148000
1723231866317 20.0 152000
1723231873966 20.0 156000
1723231881520 20.0 160000
1723231889416 20.0 164000
1723231897603 20.0 168000
1723231905370 20.0 172000
1723231912901 20.0 176000
1723231920557 20.0 180000
1723231928426 20.0 184000
1723231936365 20.0 188000
1723231944012 20.0 192000
1723231951779 20.0 196000
1723231959158 20.0 200000
1723231966800 20.0 204000
1723231974162 20.0 208000
1723231981712 20.0 212000
1723231989090 20.0 216000
1723231997032 20.0 220000
1723232004720 20.0 224000
1723232012267 20.0 228000
1723232019708 20.0 232000
1723232027166 20.0 236000
1723232034747 20.0 240000
1723232042322 20.0 244000
1723232049975 20.0 248000
1723232057745 20.0 252000
1723232065925 20.0 256000
1723232073667 20.0 260000
1723232080925 20.0 264000
1723232088486 20.0 268000
1723232095967 20.0 272000
1723232103478 20.0 276000
1723232111069 20.0 280000
1723232118637 20.0 284000
1723232126183 20.0 288000
1723232133783 20.0 292000
1723232141095 20.0 296000
1723232148525 20.0 300000
1723232155961 20.0 304000
1723232163396 20.0 308000
1723232171333 20.0 312000
1723232178736 20.0 316000
1723232186192 20.0 320000
1723232193453 20.0 324000
1723232200973 20.0 328000
1723232208532 20.0 332000
1723232215989 20.0 336000
1723232223609 20.0 340000
1723232231001 20.0 344000
1723232238901 20.0 348000
1723232246550 20.0 352000
1723232253810 20.0 356000
1723232260948 20.0 360000
1723232268802 20.0 364000
1723232276455 20.0 368000
1723232283900 20.0 372000
1723232291273 20.0 376000
1723232298895 20.0 380000
1723232306395 20.0 384000
1723232313885 20.0 388000
1723232321213 20.0 392000
1723232328605 20.0 396000
1723232335821 20.0 400000
1723232343346 20.0 404000
1723232350662 20.0 408000
1723232358144 20.0 412000
1723232365422 20.0 416000
1723232372660 20.0 420000
1723232379865 20.0 424000
1723232387281 20.0 428000
1723232394645 20.0 432000
1723232402025 20.0 436000
1723232409177 20.0 440000
1723232416479 20.0 444000
1723232423797 20.0 448000
1723232431164 20.0 452000
1723232438420 20.0 456000
1723232445581 20.0 460000
1723232453244 20.0 464000
1723232460482 20.0 468000
1723232467652 20.0 472000
1723232475039 20.0 476000
1723232482371 20.0 480000
1723232489621 20.0 484000
1723232496946 20.0 488000
1723232504526 20.0 492000
1723232511934 20.0 496000
1723232519456 20.0 500000
1723232526779 20.0 504000
1723232534224 20.0 508000
1723232541729 20.0 512000
1723232549432 20.0 516000
1723232556823 20.0 520000
1723232564261 20.0 524000
1723232571691 20.0 528000
1723232579031 20.0 532000
1723232586541 20.0 536000
1723232594093 20.0 540000
1723232602243 20.0 544000
1723232609943 20.0 548000
1723232617371 20.0 552000
1723232625006 20.0 556000
1723232632501 20.0 560000
1723232640001 20.0 564000
1723232647467 20.0 568000
1723232654964 20.0 572000
1723232662519 20.0 576000
1723232669912 20.0 580000
1723232677339 20.0 584000
1723232684845 20.0 588000
1723232692262 20.0 592000
1723232700378 20.0 596000
1723232708214 20.0 600000
1723232716448 20.0 604000
1723232723801 20.0 608000
1723232731290 20.0 612000
1723232738604 20.0 616000
1723232746153 20.0 620000
1723232753590 20.0 624000
1723232761243 20.0 628000
1723232768667 20.0 632000
1723232776212 20.0 636000
1723232784151 20.0 640000
1723232791837 20.0 644000
1723232799187 20.0 648000
1723232806745 20.0 652000
1723232814656 20.0 656000
1723232822454 20.0 660000
1723232829629 20.0 664000
1723232837278 20.0 668000
1723232844722 20.0 672000
1723232852853 20.0 676000
1723232860356 20.0 680000
1723232867681 20.0 684000
1723232875149 20.0 688000
1723232883012 20.0 692000
1723232890247 20.0 696000
1723232897543 20.0 700000
1723232904859 20.0 704000
1723232912131 20.0 708000
1723232919451 20.0 712000
1723232926681 20.0 716000
1723232934028 20.0 720000
1723232942053 20.0 724000
1723232949825 20.0 728000
1723232957389 20.0 732000
1723232964844 20.0 736000
1723232972383 20.0 740000
1723232980116 20.0 744000
1723232987703 20.0 748000
1723232995215 20.0 752000
1723233002936 20.0 756000
1723233010571 20.0 760000
1723233018175 20.0 764000
1723233025803 20.0 768000
1723233033508 20.0 772000
1723233040855 20.0 776000
1723233048067 20.0 780000
1723233055427 20.0 784000
1723233062655 20.0 788000
1723233069897 20.0 792000
1723233077206 20.0 796000
1723233084556 20.0 800000
