1723231574305 0.0 4000
1723231581499 0.0 8000
1723231588660 0.0 12000
1723231596068 0.0 16000
1723231603425 0.0 20000
1723231610530 0.0 24000
1723231617948 0.0 28000
1723231625208 0.0 32000
1723231632592 0.0 36000
1723231640307 0.0 40000
1723231647606 0.0 44000
1723231654892 0.0 48000
1723231662246 0.0 52000
1723231669555 0.0 56000
1723231678779 0.0 60000
1723231687433 0.0 64000
1723231695441 0.0 68000
1723231704072 0.0 72000
1723231712926 0.0 76000
1723231721585 0.0 80000
1723231729955 0.0 84000
1723231738047 0.0 88000
1723231745831 0.0 92000
1723231755104 0.0 96000
1723231764826 0.0 100000
1723231772498 0.0 104000
1723231780121 0.0 108000
1723231788042 0.0 112000
1723231796876 0.0 116000
1723231804806 0.0 120000
1723231812549 0.0 124000
1723231820119 0.0 128000
1723231827868 0.0 132000
1723231835502 0.0 136000
1723231843176 0.0 140000
1723231850773 0.0 144000
1723231858574 0.0 148000
1723231866318 0.0 152000
1723231873967 0.0 156000
1723231881521 0.0 160000
1723231889417 0.0 164000
1723231897604 0.0 168000
1723231905372 0.0 172000
1723231912902 0.0 176000
1723231920558 0.0 180000
1723231928427 0.0 184000
1723231936367 0.0 188000
1723231944014 0.0 192000
1723231951781 0.0 196000
1723231959160 0.0 200000
1723231966802 0.0 204000
1723231974163 0.0 208000
1723231981714 0.0 212000
1723231989091 0.0 216000
1723231997034 0.0 220000
1723232004721 0.0 224000
1723232012269 0.0 228000
1723232019710 0.0 232000
1723232027167 0.0 236000
1723232034748 0.0 240000
1723232042324 0.0 244000
1723232049976 0.0 248000
1723232057747 0.0 252000
1723232065927 0.0 256000
1723232073668 0.0 260000
1723232080927 0.0 264000
1723232088488 0.0 268000
1723232095968 0.0 272000
1723232103480 0.0 276000
1723232111071 0.0 280000
1723232118638 0.0 284000
1723232126185 0.0 288000
1723232133785 0.0 292000
1723232141097 0.0 296000
1723232148526 0.0 300000
1723232155967 0.0 304000
1723232163398 0.0 308000
1723232171335 0.0 312000
1723232178738 0.0 316000
1723232186193 0.0 320000
1723232193454 0.0 324000
1723232200975 0.0 328000
1723232208534 0.0 332000
1723232215991 0.0 336000
1723232223611 0.0 340000
1723232231002 0.0 344000
1723232238903 0.0 348000
1723232246552 0.0 352000
1723232253812 0.0 356000
1723232260949 0.0 360000
1723232268804 0.0 364000
1723232276457 0.0 368000
1723232283902 0.0 372000
1723232291275 0.0 376000
1723232298897 0.0 380000
1723232306396 0.0 384000
1723232313887 0.0 388000
1723232321215 0.0 392000
1723232328607 0.0 396000
1723232335823 0.0 400000
1723232343348 0.0 404000
1723232350663 0.0 408000
1723232358146 0.0 412000
1723232365424 0.0 416000
1723232372662 0.0 420000
1723232379867 0.0 424000
1723232387282 0.0 428000
1723232394646 0.0 432000
1723232402026 0.0 436000
1723232409178 0.0 440000
1723232416481 0.0 444000
1723232423798 0.0 448000
1723232431165 0.0 452000
1723232438421 0.0 456000
1723232445583 0.0 460000
1723232453246 0.0 464000
1723232460483 0.0 468000
1723232467654 0.0 472000
1723232475040 0.0 476000
1723232482373 0.0 480000
1723232489623 0.0 484000
1723232496948 0.0 488000
1723232504527 0.0 492000
1723232511936 0.0 496000
1723232519458 0.0 500000
1723232526781 0.0 504000
1723232534226 0.0 508000
1723232541730 0.0 512000
1723232549434 0.0 516000
1723232556824 0.0 520000
1723232564263 0.0 524000
1723232571693 0.0 528000
1723232579033 0.0 532000
1723232586542 0.0 536000
1723232594095 0.0 540000
1723232602244 0.0 544000
1723232609944 0.0 548000
1723232617372 0.0 552000
1723232625007 0.0 556000
1723232632503 0.0 560000
1723232640003 0.0 564000
1723232647469 0.0 568000
1723232654966 0.0 572000
1723232662521 0.0 576000
1723232669914 0.0 580000
1723232677341 0.0 584000
1723232684847 0.0 588000
1723232692264 0.0 592000
1723232700380 0.0 596000
1723232708216 0.0 600000
1723232716449 0.0 604000
1723232723802 0.0 608000
1723232731291 0.0 612000
1723232738605 0.0 616000
1723232746154 0.0 620000
1723232753592 0.0 624000
1723232761245 0.0 628000
1723232768669 0.0 632000
1723232776213 0.0 636000
1723232784152 0.0 640000
1723232791839 0.0 644000
1723232799188 0.0 648000
1723232806747 0.0 652000
1723232814657 0.0 656000
1723232822456 0.0 660000
1723232829630 0.0 664000
1723232837279 0.0 668000
1723232844723 0.0 672000
1723232852854 0.0 676000
1723232860357 0.0 680000
1723232867682 0.0 684000
1723232875151 0.0 688000
1723232883014 0.0 692000
1723232890249 0.0 696000
1723232897545 0.0 700000
1723232904861 0.0 704000
1723232912132 0.0 708000
1723232919453 0.0 712000
1723232926683 0.0 716000
1723232934030 0.0 720000
1723232942054 0.0 724000
1723232949827 0.0 728000
1723232957390 0.0 732000
1723232964846 0.0 736000
1723232972384 0.0 740000
1723232980118 0.0 744000
1723232987705 0.0 748000
1723232995217 0.0 752000
1723233002938 0.0 756000
1723233010572 0.0 760000
1723233018177 0.0 764000
1723233025805 0.0 768000
1723233033509 0.0 772000
1723233040857 0.0 776000
1723233048069 0.0 780000
1723233055429 0.0 784000
1723233062657 0.0 788000
1723233069898 0.0 792000
1723233077208 0.0 796000
1723233084557 0.0 800000
