1723231574334 1800.0 4000
1723231581522 1800.0 8000
1723231588683 1800.0 12000
1723231596092 1800.0 16000
1723231603448 1800.0 20000
1723231610552 1800.0 24000
1723231617971 1800.0 28000
1723231625231 1800.0 32000
1723231632626 1800.0 36000
1723231640330 1800.0 40000
1723231647630 1800.0 44000
1723231654917 1800.0 48000
1723231662269 1800.0 52000
1723231669578 1800.0 56000
1723231678809 1800.0 60000
1723231687456 1800.0 64000
1723231695463 1800.0 68000
1723231704095 1800.0 72000
1723231712950 1800.0 76000
1723231721608 1800.0 80000
1723231729979 1800.0 84000
1723231738069 1800.0 88000
1723231745854 1800.0 92000
1723231755134 1800.0 96000
1723231764848 1800.0 100000
1723231772521 1800.0 104000
1723231780143 1800.0 108000
1723231788065 1800.0 112000
1723231796900 1800.0 116000
1723231804829 1800.0 120000
1723231812571 1800.0 124000
1723231820141 1800.0 128000
1723231827891 1800.0 132000
1723231835525 1800.0 136000
1723231843198 1800.0 140000
1723231850795 1800.0 144000
1723231858597 1800.0 148000
1723231866342 1800.0 152000
1723231873990 1800.0 156000
1723231881544 1800.0 160000
1723231889441 1800.0 164000
1723231897634 1800.0 168000
1723231905394 1800.0 172000
1723231912925 1800.0 176000
1723231920581 1800.0 180000
1723231928456 1800.0 184000
1723231936389 1800.0 188000
1723231944037 1800.0 192000
1723231951804 1800.0 196000
1723231959182 1800.0 200000
1723231966824 1800.0 204000
1723231974186 1800.0 208000
1723231981737 1800.0 212000
1723231989114 1800.0 216000
1723231997058 1800.0 220000
1723232004743 1800.0 224000
1723232012291 1800.0 228000
1723232019733 1800.0 232000
1723232027223 1800.0 236000
1723232034771 1800.0 240000
1723232042346 1800.0 244000
1723232049999 1800.0 248000
1723232057770 1800.0 252000
1723232065954 1800.0 256000
1723232073691 1800.0 260000
1723232080949 1800.0 264000
1723232088512 1800.0 268000
1723232095991 1800.0 272000
1723232103502 1800.0 276000
1723232111093 1800.0 280000
1723232118661 1800.0 284000
1723232126207 1800.0 288000
1723232133809 1800.0 292000
1723232141120 1800.0 296000
1723232148549 1800.0 300000
1723232156011 1800.0 304000
1723232163421 1800.0 308000
1723232171357 1800.0 312000
1723232178760 1800.0 316000
1723232186217 1800.0 320000
1723232193477 1800.0 324000
1723232200997 1800.0 328000
1723232208557 1800.0 332000
1723232216014 1800.0 336000
1723232223634 1800.0 340000
1723232231025 1800.0 344000
1723232238925 1800.0 348000
1723232246574 1800.0 352000
1723232253836 1800.0 356000
1723232260975 1800.0 360000
1723232268827 1800.0 364000
1723232276480 1800.0 368000
1723232283925 1800.0 372000
1723232291298 1800.0 376000
1723232298920 1800.0 380000
1723232306421 1800.0 384000
1723232313910 1800.0 388000
1723232321238 1800.0 392000
1723232328631 1800.0 396000
1723232335846 1800.0 400000
1723232343371 1800.0 404000
1723232350688 1800.0 408000
1723232358168 1800.0 412000
1723232365446 1800.0 416000
1723232372684 1800.0 420000
1723232379891 1800.0 424000
1723232387305 1800.0 428000
1723232394669 1800.0 432000
1723232402049 1800.0 436000
1723232409201 1800.0 440000
1723232416504 1800.0 444000
1723232423822 1800.0 448000
1723232431188 1800.0 452000
1723232438444 1800.0 456000
1723232445606 1800.0 460000
1723232453269 1800.0 464000
1723232460506 1800.0 468000
1723232467676 1800.0 472000
1723232475063 1800.0 476000
1723232482395 1800.0 480000
1723232489645 1800.0 484000
1723232496971 1800.0 488000
1723232504549 1800.0 492000
1723232511959 1800.0 496000
1723232519480 1800.0 500000
1723232526804 1800.0 504000
1723232534248 1800.0 508000
1723232541752 1800.0 512000
1723232549457 1800.0 516000
1723232556847 1800.0 520000
1723232564286 1800.0 524000
1723232571716 1800.0 528000
1723232579057 1800.0 532000
1723232586565 1800.0 536000
1723232594118 1800.0 540000
1723232602268 1800.0 544000
1723232609967 1800.0 548000
1723232617395 1800.0 552000
1723232625030 1800.0 556000
1723232632526 1800.0 560000
1723232640026 1800.0 564000
1723232647491 1800.0 568000
1723232654989 1800.0 572000
1723232662544 1800.0 576000
1723232669936 1800.0 580000
1723232677363 1800.0 584000
1723232684870 1800.0 588000
1723232692288 1800.0 592000
1723232700403 1800.0 596000
1723232708239 1800.0 600000
1723232716473 1800.0 604000
1723232723825 1800.0 608000
1723232731315 1800.0 612000
1723232738629 1800.0 616000
1723232746177 1800.0 620000
1723232753615 1800.0 624000
1723232761268 1800.0 628000
1723232768693 1800.0 632000
1723232776237 1800.0 636000
1723232784176 1800.0 640000
1723232791862 1800.0 644000
1723232799211 1800.0 648000
1723232806770 1800.0 652000
1723232814681 1800.0 656000
1723232822480 1800.0 660000
1723232829653 1800.0 664000
1723232837302 1800.0 668000
1723232844748 1800.0 672000
1723232852879 1800.0 676000
1723232860380 1800.0 680000
1723232867705 1800.0 684000
1723232875174 1800.0 688000
1723232883037 1800.0 692000
1723232890272 1800.0 696000
1723232897567 1800.0 700000
1723232904886 1800.0 704000
1723232912155 1800.0 708000
1723232919475 1800.0 712000
1723232926706 1800.0 716000
1723232934053 1800.0 720000
1723232942077 1800.0 724000
1723232949850 1800.0 728000
1723232957414 1800.0 732000
1723232964870 1800.0 736000
1723232972407 1800.0 740000
1723232980141 1800.0 744000
1723232987727 1800.0 748000
1723232995241 1800.0 752000
1723233002961 1800.0 756000
1723233010595 1800.0 760000
1723233018200 1800.0 764000
1723233025830 1800.0 768000
1723233033532 1800.0 772000
1723233040880 1800.0 776000
1723233048092 1800.0 780000
1723233055453 1800.0 784000
1723233062681 1800.0 788000
1723233069921 1800.0 792000
1723233077231 1800.0 796000
1723233084580 1800.0 800000
