1723231574328 0.0 4000
1723231581518 0.0 8000
1723231588679 0.0 12000
1723231596088 0.0 16000
1723231603444 0.0 20000
1723231610549 0.0 24000
1723231617967 0.0 28000
1723231625227 0.0 32000
1723231632618 0.0 36000
1723231640327 0.0 40000
1723231647626 0.0 44000
1723231654913 0.0 48000
1723231662265 0.0 52000
1723231669574 0.0 56000
1723231678805 0.0 60000
1723231687452 0.0 64000
1723231695459 0.0 68000
1723231704091 0.0 72000
1723231712946 0.0 76000
1723231721604 0.0 80000
1723231729975 0.0 84000
1723231738065 0.0 88000
1723231745850 0.0 92000
1723231755126 0.0 96000
1723231764844 0.0 100000
1723231772517 0.0 104000
1723231780139 0.0 108000
1723231788061 0.0 112000
1723231796896 0.0 116000
1723231804826 0.0 120000
1723231812567 0.0 124000
1723231820137 0.0 128000
1723231827887 0.0 132000
1723231835521 0.0 136000
1723231843194 0.0 140000
1723231850792 0.0 144000
1723231858593 0.0 148000
1723231866338 0.0 152000
1723231873985 0.0 156000
1723231881540 0.0 160000
1723231889437 0.0 164000
1723231897630 0.0 168000
1723231905390 0.0 172000
1723231912921 0.0 176000
1723231920577 0.0 180000
1723231928449 0.0 184000
1723231936385 0.0 188000
1723231944033 0.0 192000
1723231951800 0.0 196000
1723231959178 0.0 200000
1723231966820 0.0 204000
1723231974182 0.0 208000
1723231981733 0.0 212000
1723231989110 0.0 216000
1723231997054 0.0 220000
1723232004740 0.0 224000
1723232012288 0.0 228000
1723232019729 0.0 232000
1723232027218 0.0 236000
1723232034767 0.0 240000
1723232042342 0.0 244000
1723232049995 0.0 248000
1723232057766 0.0 252000
1723232065950 0.0 256000
1723232073687 0.0 260000
1723232080945 0.0 264000
1723232088507 0.0 268000
1723232095987 0.0 272000
1723232103498 0.0 276000
1723232111089 0.0 280000
1723232118657 0.0 284000
1723232126204 0.0 288000
1723232133805 0.0 292000
1723232141115 0.0 296000
1723232148545 0.0 300000
1723232156007 0.0 304000
1723232163417 0.0 308000
1723232171353 0.0 312000
1723232178756 0.0 316000
1723232186213 0.0 320000
1723232193473 0.0 324000
1723232200993 0.0 328000
1723232208552 0.0 332000
1723232216010 0.0 336000
1723232223630 0.0 340000
1723232231021 0.0 344000
1723232238921 0.0 348000
1723232246571 0.0 352000
1723232253831 0.0 356000
1723232260971 0.0 360000
1723232268823 0.0 364000
1723232276476 0.0 368000
1723232283921 0.0 372000
1723232291294 0.0 376000
1723232298915 0.0 380000
1723232306417 0.0 384000
1723232313906 0.0 388000
1723232321234 0.0 392000
1723232328627 0.0 396000
1723232335842 0.0 400000
1723232343367 0.0 404000
1723232350684 0.0 408000
1723232358164 0.0 412000
1723232365442 0.0 416000
1723232372680 0.0 420000
1723232379887 0.0 424000
1723232387301 0.0 428000
1723232394666 0.0 432000
1723232402045 0.0 436000
1723232409197 0.0 440000
1723232416500 0.0 444000
1723232423818 0.0 448000
1723232431184 0.0 452000
1723232438440 0.0 456000
1723232445602 0.0 460000
1723232453264 0.0 464000
1723232460502 0.0 468000
1723232467672 0.0 472000
1723232475059 0.0 476000
1723232482391 0.0 480000
1723232489641 0.0 484000
1723232496967 0.0 488000
1723232504546 0.0 492000
1723232511955 0.0 496000
1723232519476 0.0 500000
1723232526800 0.0 504000
1723232534244 0.0 508000
1723232541748 0.0 512000
1723232549452 0.0 516000
1723232556843 0.0 520000
1723232564282 0.0 524000
1723232571712 0.0 528000
1723232579053 0.0 532000
1723232586561 0.0 536000
1723232594114 0.0 540000
1723232602264 0.0 544000
1723232609963 0.0 548000
1723232617391 0.0 552000
1723232625026 0.0 556000
1723232632521 0.0 560000
1723232640022 0.0 564000
1723232647487 0.0 568000
1723232654985 0.0 572000
1723232662540 0.0 576000
1723232669932 0.0 580000
1723232677359 0.0 584000
1723232684866 0.0 588000
1723232692284 0.0 592000
1723232700399 0.0 596000
1723232708235 0.0 600000
1723232716469 0.0 604000
1723232723821 0.0 608000
1723232731311 0.0 612000
1723232738625 0.0 616000
1723232746173 0.0 620000
1723232753611 0.0 624000
1723232761264 0.0 628000
1723232768688 0.0 632000
1723232776233 0.0 636000
1723232784172 0.0 640000
1723232791858 0.0 644000
1723232799207 0.0 648000
1723232806766 0.0 652000
1723232814677 0.0 656000
1723232822476 0.0 660000
1723232829649 0.0 664000
1723232837298 0.0 668000
1723232844744 0.0 672000
1723232852874 0.0 676000
1723232860376 0.0 680000
1723232867702 0.0 684000
1723232875170 0.0 688000
1723232883033 0.0 692000
1723232890267 0.0 696000
1723232897564 0.0 700000
1723232904882 0.0 704000
1723232912151 0.0 708000
1723232919471 0.0 712000
1723232926702 0.0 716000
1723232934049 0.0 720000
1723232942073 0.0 724000
1723232949846 0.0 728000
1723232957410 0.0 732000
1723232964867 0.0 736000
1723232972403 0.0 740000
1723232980137 0.0 744000
1723232987723 0.0 748000
1723232995236 0.0 752000
1723233002957 0.0 756000
1723233010591 0.0 760000
1723233018196 0.0 764000
1723233025826 0.0 768000
1723233033528 0.0 772000
1723233040876 0.0 776000
1723233048088 0.0 780000
1723233055449 0.0 784000
1723233062677 0.0 788000
1723233069917 0.0 792000
1723233077227 0.0 796000
1723233084576 0.0 800000
