1723231574314 0.99 4000
1723231581506 0.99 8000
1723231588667 0.99 12000
1723231596076 0.99 16000
1723231603432 0.99 20000
1723231610537 0.99 24000
1723231617955 0.99 28000
1723231625215 0.99 32000
1723231632602 0.99 36000
1723231640315 0.99 40000
1723231647614 0.99 44000
1723231654900 0.99 48000
1723231662254 0.99 52000
1723231669562 0.99 56000
1723231678786 0.99 60000
1723231687440 0.99 64000
1723231695448 0.99 68000
1723231704079 0.99 72000
1723231712933 0.99 76000
1723231721592 0.99 80000
1723231729962 0.99 84000
1723231738053 0.99 88000
1723231745838 0.99 92000
1723231755112 0.99 96000
1723231764833 0.99 100000
1723231772505 0.99 104000
1723231780128 0.99 108000
1723231788048 0.99 112000
1723231796884 0.99 116000
1723231804813 0.99 120000
1723231812555 0.99 124000
1723231820126 0.99 128000
1723231827875 0.99 132000
1723231835509 0.99 136000
1723231843183 0.99 140000
1723231850780 0.99 144000
1723231858581 0.99 148000
1723231866326 0.99 152000
1723231873974 0.99 156000
1723231881528 0.99 160000
1723231889425 0.99 164000
1723231897611 0.99 168000
1723231905378 0.99 172000
1723231912910 0.99 176000
1723231920565 0.99 180000
1723231928435 0.99 184000
1723231936374 0.99 188000
1723231944021 0.99 192000
1723231951788 0.99 196000
1723231959167 0.99 200000
1723231966809 0.99 204000
1723231974170 0.99 208000
1723231981721 0.99 212000
1723231989098 0.99 216000
1723231997041 0.99 220000
1723232004728 0.99 224000
1723232012275 0.99 228000
1723232019717 0.99 232000
1723232027174 0.99 236000
1723232034755 0.99 240000
1723232042331 0.99 244000
1723232049984 0.99 248000
1723232057754 0.99 252000
1723232065936 0.99 256000
1723232073675 0.99 260000
1723232080934 0.99 264000
1723232088495 0.99 268000
1723232095975 0.99 272000
1723232103486 0.99 276000
1723232111078 0.99 280000
1723232118645 0.99 284000
1723232126192 0.99 288000
1723232133792 0.99 292000
1723232141104 0.99 296000
1723232148533 0.99 300000
1723232155982 0.99 304000
1723232163405 0.99 308000
1723232171342 0.99 312000
1723232178744 0.99 316000
1723232186201 0.99 320000
1723232193461 0.99 324000
1723232200982 0.99 328000
1723232208540 0.99 332000
1723232215998 0.99 336000
1723232223618 0.99 340000
1723232231010 0.99 344000
1723232238909 0.99 348000
1723232246559 0.99 352000
1723232253819 0.99 356000
1723232260957 0.99 360000
1723232268811 0.99 364000
1723232276464 0.99 368000
1723232283909 0.99 372000
1723232291282 0.99 376000
1723232298904 0.99 380000
1723232306404 0.99 384000
1723232313894 0.99 388000
1723232321222 0.99 392000
1723232328615 0.99 396000
1723232335830 0.99 400000
1723232343355 0.99 404000
1723232350671 0.99 408000
1723232358153 0.99 412000
1723232365431 0.99 416000
1723232372668 0.99 420000
1723232379874 0.99 424000
1723232387289 0.99 428000
1723232394654 0.99 432000
1723232402033 0.99 436000
1723232409185 0.99 440000
1723232416488 0.99 444000
1723232423805 0.99 448000
1723232431173 0.99 452000
1723232438428 0.99 456000
1723232445590 0.99 460000
1723232453253 0.99 464000
1723232460490 0.99 468000
1723232467661 0.99 472000
1723232475047 0.99 476000
1723232482380 0.99 480000
1723232489629 0.99 484000
1723232496955 0.99 488000
1723232504534 0.99 492000
1723232511943 0.99 496000
1723232519464 0.99 500000
1723232526788 0.99 504000
1723232534233 0.99 508000
1723232541737 0.99 512000
1723232549441 0.99 516000
1723232556831 0.99 520000
1723232564270 0.99 524000
1723232571700 0.99 528000
1723232579041 0.99 532000
1723232586549 0.99 536000
1723232594102 0.99 540000
1723232602251 0.99 544000
1723232609951 0.99 548000
1723232617379 0.99 552000
1723232625014 0.99 556000
1723232632510 0.99 560000
1723232640010 0.99 564000
1723232647476 0.99 568000
1723232654973 0.99 572000
1723232662528 0.99 576000
1723232669921 0.99 580000
1723232677347 0.99 584000
1723232684854 0.99 588000
1723232692271 0.99 592000
1723232700387 0.99 596000
1723232708223 0.99 600000
1723232716456 0.99 604000
1723232723809 0.99 608000
1723232731299 0.99 612000
1723232738613 0.99 616000
1723232746161 0.99 620000
1723232753599 0.99 624000
1723232761252 0.99 628000
1723232768676 0.99 632000
1723232776220 0.99 636000
1723232784160 0.99 640000
1723232791846 0.99 644000
1723232799195 0.99 648000
1723232806754 0.99 652000
1723232814664 0.99 656000
1723232822464 0.99 660000
1723232829637 0.99 664000
1723232837286 0.99 668000
1723232844730 0.99 672000
1723232852862 0.99 676000
1723232860364 0.99 680000
1723232867689 0.99 684000
1723232875158 0.99 688000
1723232883021 0.99 692000
1723232890256 0.99 696000
1723232897552 0.99 700000
1723232904868 0.99 704000
1723232912139 0.99 708000
1723232919460 0.99 712000
1723232926690 0.99 716000
1723232934037 0.99 720000
1723232942061 0.99 724000
1723232949834 0.99 728000
1723232957398 0.99 732000
1723232964854 0.99 736000
1723232972391 0.99 740000
1723232980125 0.99 744000
1723232987712 0.99 748000
1723232995224 0.99 752000
1723233002945 0.99 756000
1723233010579 0.99 760000
1723233018184 0.99 764000
1723233025812 0.99 768000
1723233033516 0.99 772000
1723233040864 0.99 776000
1723233048076 0.99 780000
1723233055436 0.99 784000
1723233062666 0.99 788000
1723233069905 0.99 792000
1723233077215 0.99 796000
1723233084564 0.99 800000
