1723231574325 0.0 4000
1723231581515 0.0 8000
1723231588676 0.0 12000
1723231596085 0.0 16000
1723231603441 0.0 20000
1723231610546 0.0 24000
1723231617964 0.0 28000
1723231625224 0.0 32000
1723231632615 0.0 36000
1723231640323 0.0 40000
1723231647622 0.0 44000
1723231654910 0.0 48000
1723231662262 0.0 52000
1723231669571 0.0 56000
1723231678802 0.0 60000
1723231687448 0.0 64000
1723231695456 0.0 68000
1723231704088 0.0 72000
1723231712943 0.0 76000
1723231721601 0.0 80000
1723231729971 0.0 84000
1723231738062 0.0 88000
1723231745846 0.0 92000
1723231755123 0.0 96000
1723231764841 0.0 100000
1723231772514 0.0 104000
1723231780136 0.0 108000
1723231788057 0.0 112000
1723231796893 0.0 116000
1723231804822 0.0 120000
1723231812564 0.0 124000
1723231820134 0.0 128000
1723231827883 0.0 132000
1723231835518 0.0 136000
1723231843191 0.0 140000
1723231850788 0.0 144000
1723231858590 0.0 148000
1723231866335 0.0 152000
1723231873982 0.0 156000
1723231881537 0.0 160000
1723231889433 0.0 164000
1723231897621 0.0 168000
1723231905387 0.0 172000
1723231912918 0.0 176000
1723231920574 0.0 180000
1723231928444 0.0 184000
1723231936382 0.0 188000
1723231944030 0.0 192000
1723231951796 0.0 196000
1723231959175 0.0 200000
1723231966817 0.0 204000
1723231974179 0.0 208000
1723231981729 0.0 212000
1723231989107 0.0 216000
1723231997051 0.0 220000
1723232004737 0.0 224000
1723232012284 0.0 228000
1723232019726 0.0 232000
1723232027214 0.0 236000
1723232034764 0.0 240000
1723232042339 0.0 244000
1723232049992 0.0 248000
1723232057763 0.0 252000
1723232065946 0.0 256000
1723232073684 0.0 260000
1723232080942 0.0 264000
1723232088504 0.0 268000
1723232095984 0.0 272000
1723232103495 0.0 276000
1723232111086 0.0 280000
1723232118654 0.0 284000
1723232126201 0.0 288000
1723232133801 0.0 292000
1723232141112 0.0 296000
1723232148542 0.0 300000
1723232156004 0.0 304000
1723232163414 0.0 308000
1723232171350 0.0 312000
1723232178753 0.0 316000
1723232186210 0.0 320000
1723232193470 0.0 324000
1723232200990 0.0 328000
1723232208549 0.0 332000
1723232216006 0.0 336000
1723232223627 0.0 340000
1723232231018 0.0 344000
1723232238918 0.0 348000
1723232246568 0.0 352000
1723232253828 0.0 356000
1723232260967 0.0 360000
1723232268820 0.0 364000
1723232276472 0.0 368000
1723232283918 0.0 372000
1723232291291 0.0 376000
1723232298912 0.0 380000
1723232306413 0.0 384000
1723232313903 0.0 388000
1723232321231 0.0 392000
1723232328623 0.0 396000
1723232335839 0.0 400000
1723232343364 0.0 404000
1723232350680 0.0 408000
1723232358161 0.0 412000
1723232365439 0.0 416000
1723232372677 0.0 420000
1723232379884 0.0 424000
1723232387298 0.0 428000
1723232394662 0.0 432000
1723232402042 0.0 436000
1723232409194 0.0 440000
1723232416496 0.0 444000
1723232423814 0.0 448000
1723232431181 0.0 452000
1723232438437 0.0 456000
1723232445599 0.0 460000
1723232453261 0.0 464000
1723232460499 0.0 468000
1723232467669 0.0 472000
1723232475056 0.0 476000
1723232482388 0.0 480000
1723232489638 0.0 484000
1723232496964 0.0 488000
1723232504543 0.0 492000
1723232511952 0.0 496000
1723232519473 0.0 500000
1723232526797 0.0 504000
1723232534241 0.0 508000
1723232541745 0.0 512000
1723232549449 0.0 516000
1723232556840 0.0 520000
1723232564279 0.0 524000
1723232571709 0.0 528000
1723232579050 0.0 532000
1723232586558 0.0 536000
1723232594111 0.0 540000
1723232602260 0.0 544000
1723232609960 0.0 548000
1723232617388 0.0 552000
1723232625023 0.0 556000
1723232632518 0.0 560000
1723232640019 0.0 564000
1723232647484 0.0 568000
1723232654982 0.0 572000
1723232662537 0.0 576000
1723232669929 0.0 580000
1723232677356 0.0 584000
1723232684863 0.0 588000
1723232692280 0.0 592000
1723232700396 0.0 596000
1723232708232 0.0 600000
1723232716466 0.0 604000
1723232723818 0.0 608000
1723232731308 0.0 612000
1723232738622 0.0 616000
1723232746170 0.0 620000
1723232753607 0.0 624000
1723232761261 0.0 628000
1723232768685 0.0 632000
1723232776229 0.0 636000
1723232784169 0.0 640000
1723232791855 0.0 644000
1723232799204 0.0 648000
1723232806763 0.0 652000
1723232814673 0.0 656000
1723232822473 0.0 660000
1723232829646 0.0 664000
1723232837295 0.0 668000
1723232844740 0.0 672000
1723232852871 0.0 676000
1723232860373 0.0 680000
1723232867698 0.0 684000
1723232875166 0.0 688000
1723232883030 0.0 692000
1723232890264 0.0 696000
1723232897561 0.0 700000
1723232904878 0.0 704000
1723232912148 0.0 708000
1723232919468 0.0 712000
1723232926699 0.0 716000
1723232934046 0.0 720000
1723232942070 0.0 724000
1723232949843 0.0 728000
1723232957407 0.0 732000
1723232964863 0.0 736000
1723232972400 0.0 740000
1723232980134 0.0 744000
1723232987720 0.0 748000
1723232995233 0.0 752000
1723233002954 0.0 756000
1723233010588 0.0 760000
1723233018193 0.0 764000
1723233025823 0.0 768000
1723233033525 0.0 772000
1723233040872 0.0 776000
1723233048085 0.0 780000
1723233055446 0.0 784000
1723233062674 0.0 788000
1723233069914 0.0 792000
1723233077224 0.0 796000
1723233084573 0.0 800000
