1723231574342 0.01 4000
1723231581530 0.01 8000
1723231588690 0.01 12000
1723231596100 0.01 16000
1723231603455 0.01 20000
1723231610560 0.01 24000
1723231617978 0.01 28000
1723231625238 0.01 32000
1723231632637 0.01 36000
1723231640338 0.01 40000
1723231647637 0.01 44000
1723231654924 0.01 48000
1723231662277 0.01 52000
1723231669586 0.01 56000
1723231678817 0.01 60000
1723231687463 0.01 64000
1723231695471 0.01 68000
1723231704102 0.01 72000
1723231712958 0.01 76000
1723231721615 0.01 80000
1723231729988 0.01 84000
1723231738077 0.01 88000
1723231745861 0.01 92000
1723231755143 0.01 96000
1723231764856 0.01 100000
1723231772528 0.01 104000
1723231780151 0.01 108000
1723231788072 0.01 112000
1723231796907 0.01 116000
1723231804837 0.01 120000
1723231812579 0.01 124000
1723231820149 0.01 128000
1723231827898 0.01 132000
1723231835532 0.01 136000
1723231843206 0.01 140000
1723231850803 0.01 144000
1723231858604 0.01 148000
1723231866349 0.01 152000
1723231873997 0.01 156000
1723231881551 0.01 160000
1723231889449 0.01 164000
1723231897643 0.01 168000
1723231905401 0.01 172000
1723231912933 0.01 176000
1723231920588 0.01 180000
1723231928465 0.01 184000
1723231936397 0.01 188000
1723231944045 0.01 192000
1723231951811 0.01 196000
1723231959189 0.01 200000
1723231966841 0.01 204000
1723231974194 0.01 208000
1723231981744 0.01 212000
1723231989121 0.01 216000
1723231997066 0.01 220000
1723232004751 0.01 224000
1723232012299 0.01 228000
1723232019740 0.01 232000
1723232027231 0.01 236000
1723232034778 0.01 240000
1723232042354 0.01 244000
1723232050007 0.01 248000
1723232057777 0.01 252000
1723232065963 0.01 256000
1723232073699 0.01 260000
1723232080957 0.01 264000
1723232088520 0.01 268000
1723232095998 0.01 272000
1723232103509 0.01 276000
1723232111101 0.01 280000
1723232118668 0.01 284000
1723232126216 0.01 288000
1723232133816 0.01 292000
1723232141127 0.01 296000
1723232148556 0.01 300000
1723232156019 0.01 304000
1723232163428 0.01 308000
1723232171365 0.01 312000
1723232178767 0.01 316000
1723232186225 0.01 320000
1723232193485 0.01 324000
1723232201005 0.01 328000
1723232208564 0.01 332000
1723232216021 0.01 336000
1723232223641 0.01 340000
1723232231032 0.01 344000
1723232238932 0.01 348000
1723232246582 0.01 352000
1723232253843 0.01 356000
1723232260984 0.01 360000
1723232268834 0.01 364000
1723232276487 0.01 368000
1723232283932 0.01 372000
1723232291305 0.01 376000
1723232298927 0.01 380000
1723232306428 0.01 384000
1723232313917 0.01 388000
1723232321245 0.01 392000
1723232328638 0.01 396000
1723232335854 0.01 400000
1723232343379 0.01 404000
1723232350695 0.01 408000
1723232358176 0.01 412000
1723232365454 0.01 416000
1723232372691 0.01 420000
1723232379899 0.01 424000
1723232387313 0.01 428000
1723232394677 0.01 432000
1723232402056 0.01 436000
1723232409208 0.01 440000
1723232416511 0.01 444000
1723232423829 0.01 448000
1723232431195 0.01 452000
1723232438452 0.01 456000
1723232445613 0.01 460000
1723232453276 0.01 464000
1723232460513 0.01 468000
1723232467684 0.01 472000
1723232475070 0.01 476000
1723232482403 0.01 480000
1723232489653 0.01 484000
1723232496980 0.01 488000
1723232504557 0.01 492000
1723232511966 0.01 496000
1723232519487 0.01 500000
1723232526811 0.01 504000
1723232534256 0.01 508000
1723232541760 0.01 512000
1723232549464 0.01 516000
1723232556854 0.01 520000
1723232564294 0.01 524000
1723232571723 0.01 528000
1723232579064 0.01 532000
1723232586572 0.01 536000
1723232594125 0.01 540000
1723232602277 0.01 544000
1723232609974 0.01 548000
1723232617402 0.01 552000
1723232625038 0.01 556000
1723232632533 0.01 560000
1723232640034 0.01 564000
1723232647498 0.01 568000
1723232654997 0.01 572000
1723232662551 0.01 576000
1723232669944 0.01 580000
1723232677370 0.01 584000
1723232684878 0.01 588000
1723232692296 0.01 592000
1723232700411 0.01 596000
1723232708246 0.01 600000
1723232716480 0.01 604000
1723232723832 0.01 608000
1723232731323 0.01 612000
1723232738638 0.01 616000
1723232746184 0.01 620000
1723232753622 0.01 624000
1723232761275 0.01 628000
1723232768700 0.01 632000
1723232776244 0.01 636000
1723232784183 0.01 640000
1723232791869 0.01 644000
1723232799218 0.01 648000
1723232806778 0.01 652000
1723232814688 0.01 656000
1723232822488 0.01 660000
1723232829661 0.01 664000
1723232837311 0.01 668000
1723232844756 0.01 672000
1723232852887 0.01 676000
1723232860388 0.01 680000
1723232867713 0.01 684000
1723232875181 0.01 688000
1723232883044 0.01 692000
1723232890280 0.01 696000
1723232897575 0.01 700000
1723232904894 0.01 704000
1723232912163 0.01 708000
1723232919483 0.01 712000
1723232926714 0.01 716000
1723232934060 0.01 720000
1723232942085 0.01 724000
1723232949857 0.01 728000
1723232957421 0.01 732000
1723232964878 0.01 736000
1723232972416 0.01 740000
1723232980149 0.01 744000
1723232987734 0.01 748000
1723232995248 0.01 752000
1723233002969 0.01 756000
1723233010603 0.01 760000
1723233018207 0.01 764000
1723233025840 0.01 768000
1723233033540 0.01 772000
1723233040887 0.01 776000
1723233048099 0.01 780000
1723233055462 0.01 784000
1723233062689 0.01 788000
1723233069929 0.01 792000
1723233077238 0.01 796000
1723233084587 0.01 800000
