1723231574346 1.0 4000
1723231581533 1.0 8000
1723231588694 1.0 12000
1723231596103 1.0 16000
1723231603459 1.0 20000
1723231610563 1.0 24000
1723231617982 1.0 28000
1723231625242 1.0 32000
1723231632641 1.0 36000
1723231640342 1.0 40000
1723231647641 1.0 44000
1723231654928 1.0 48000
1723231662280 1.0 52000
1723231669589 1.0 56000
1723231678821 1.0 60000
1723231687467 1.0 64000
1723231695475 1.0 68000
1723231704106 1.0 72000
1723231712962 1.0 76000
1723231721619 1.0 80000
1723231729991 1.0 84000
1723231738080 1.0 88000
1723231745865 1.0 92000
1723231755147 1.0 96000
1723231764859 1.0 100000
1723231772532 1.0 104000
1723231780154 1.0 108000
1723231788076 1.0 112000
1723231796911 1.0 116000
1723231804840 1.0 120000
1723231812582 1.0 124000
1723231820152 1.0 128000
1723231827902 1.0 132000
1723231835536 1.0 136000
1723231843209 1.0 140000
1723231850806 1.0 144000
1723231858608 1.0 148000
1723231866352 1.0 152000
1723231874001 1.0 156000
1723231881554 1.0 160000
1723231889452 1.0 164000
1723231897646 1.0 168000
1723231905405 1.0 172000
1723231912937 1.0 176000
1723231920592 1.0 180000
1723231928469 1.0 184000
1723231936400 1.0 188000
1723231944049 1.0 192000
1723231951815 1.0 196000
1723231959193 1.0 200000
1723231966845 1.0 204000
1723231974198 1.0 208000
1723231981748 1.0 212000
1723231989125 1.0 216000
1723231997070 1.0 220000
1723232004755 1.0 224000
1723232012302 1.0 228000
1723232019744 1.0 232000
1723232027235 1.0 236000
1723232034782 1.0 240000
1723232042357 1.0 244000
1723232050010 1.0 248000
1723232057781 1.0 252000
1723232065967 1.0 256000
1723232073702 1.0 260000
1723232080961 1.0 264000
1723232088525 1.0 268000
1723232096002 1.0 272000
1723232103513 1.0 276000
1723232111104 1.0 280000
1723232118672 1.0 284000
1723232126219 1.0 288000
1723232133820 1.0 292000
1723232141131 1.0 296000
1723232148560 1.0 300000
1723232156022 1.0 304000
1723232163432 1.0 308000
1723232171368 1.0 312000
1723232178771 1.0 316000
1723232186228 1.0 320000
1723232193488 1.0 324000
1723232201008 1.0 328000
1723232208568 1.0 332000
1723232216025 1.0 336000
1723232223645 1.0 340000
1723232231036 1.0 344000
1723232238936 1.0 348000
1723232246585 1.0 352000
1723232253847 1.0 356000
1723232260991 1.0 360000
1723232268838 1.0 364000
1723232276490 1.0 368000
1723232283935 1.0 372000
1723232291309 1.0 376000
1723232298931 1.0 380000
1723232306432 1.0 384000
1723232313920 1.0 388000
1723232321248 1.0 392000
1723232328642 1.0 396000
1723232335857 1.0 400000
1723232343383 1.0 404000
1723232350699 1.0 408000
1723232358179 1.0 412000
1723232365458 1.0 416000
1723232372695 1.0 420000
1723232379902 1.0 424000
1723232387316 1.0 428000
1723232394681 1.0 432000
1723232402060 1.0 436000
1723232409212 1.0 440000
1723232416515 1.0 444000
1723232423833 1.0 448000
1723232431199 1.0 452000
1723232438455 1.0 456000
1723232445617 1.0 460000
1723232453280 1.0 464000
1723232460517 1.0 468000
1723232467687 1.0 472000
1723232475074 1.0 476000
1723232482406 1.0 480000
1723232489656 1.0 484000
1723232496984 1.0 488000
1723232504560 1.0 492000
1723232511969 1.0 496000
1723232519491 1.0 500000
1723232526815 1.0 504000
1723232534259 1.0 508000
1723232541763 1.0 512000
1723232549467 1.0 516000
1723232556857 1.0 520000
1723232564297 1.0 524000
1723232571727 1.0 528000
1723232579068 1.0 532000
1723232586576 1.0 536000
1723232594129 1.0 540000
1723232602281 1.0 544000
1723232609978 1.0 548000
1723232617406 1.0 552000
1723232625041 1.0 556000
1723232632537 1.0 560000
1723232640037 1.0 564000
1723232647502 1.0 568000
1723232655002 1.0 572000
1723232662555 1.0 576000
1723232669947 1.0 580000
1723232677374 1.0 584000
1723232684881 1.0 588000
1723232692299 1.0 592000
1723232700415 1.0 596000
1723232708250 1.0 600000
1723232716484 1.0 604000
1723232723836 1.0 608000
1723232731327 1.0 612000
1723232738642 1.0 616000
1723232746188 1.0 620000
1723232753626 1.0 624000
1723232761279 1.0 628000
1723232768704 1.0 632000
1723232776248 1.0 636000
1723232784187 1.0 640000
1723232791873 1.0 644000
1723232799222 1.0 648000
1723232806781 1.0 652000
1723232814692 1.0 656000
1723232822492 1.0 660000
1723232829665 1.0 664000
1723232837314 1.0 668000
1723232844760 1.0 672000
1723232852891 1.0 676000
1723232860391 1.0 680000
1723232867716 1.0 684000
1723232875185 1.0 688000
1723232883048 1.0 692000
1723232890283 1.0 696000
1723232897578 1.0 700000
1723232904899 1.0 704000
1723232912166 1.0 708000
1723232919487 1.0 712000
1723232926717 1.0 716000
1723232934064 1.0 720000
1723232942088 1.0 724000
1723232949861 1.0 728000
1723232957425 1.0 732000
1723232964883 1.0 736000
1723232972420 1.0 740000
1723232980153 1.0 744000
1723232987738 1.0 748000
1723232995253 1.0 752000
1723233002973 1.0 756000
1723233010606 1.0 760000
1723233018211 1.0 764000
1723233025843 1.0 768000
1723233033543 1.0 772000
1723233040891 1.0 776000
1723233048103 1.0 780000
1723233055466 1.0 784000
1723233062693 1.0 788000
1723233069933 1.0 792000
1723233077242 1.0 796000
1723233084591 1.0 800000
