1723231574314 0.0 4000
1723231581506 0.0 8000
1723231588666 0.0 12000
1723231596075 0.0 16000
1723231603432 0.0 20000
1723231610537 0.0 24000
1723231617954 0.0 28000
1723231625215 0.0 32000
1723231632601 0.0 36000
1723231640314 0.0 40000
1723231647613 0.0 44000
1723231654900 0.0 48000
1723231662253 0.0 52000
1723231669562 0.0 56000
1723231678786 0.0 60000
1723231687439 0.0 64000
1723231695447 0.0 68000
1723231704079 0.0 72000
1723231712933 0.0 76000
1723231721592 0.0 80000
1723231729962 0.0 84000
1723231738053 0.0 88000
1723231745837 0.0 92000
1723231755111 0.0 96000
1723231764832 0.0 100000
1723231772505 0.0 104000
1723231780127 0.0 108000
1723231788048 0.0 112000
1723231796883 0.0 116000
1723231804813 0.0 120000
1723231812555 0.0 124000
1723231820125 0.0 128000
1723231827874 0.0 132000
1723231835509 0.0 136000
1723231843182 0.0 140000
1723231850779 0.0 144000
1723231858581 0.0 148000
1723231866325 0.0 152000
1723231873974 0.0 156000
1723231881528 0.0 160000
1723231889424 0.0 164000
1723231897611 0.0 168000
1723231905378 0.0 172000
1723231912909 0.0 176000
1723231920565 0.0 180000
1723231928434 0.0 184000
1723231936373 0.0 188000
1723231944021 0.0 192000
1723231951787 0.0 196000
1723231959166 0.0 200000
1723231966808 0.0 204000
1723231974170 0.0 208000
1723231981720 0.0 212000
1723231989098 0.0 216000
1723231997040 0.0 220000
1723232004727 0.0 224000
1723232012275 0.0 228000
1723232019717 0.0 232000
1723232027174 0.0 236000
1723232034755 0.0 240000
1723232042330 0.0 244000
1723232049983 0.0 248000
1723232057753 0.0 252000
1723232065935 0.0 256000
1723232073675 0.0 260000
1723232080933 0.0 264000
1723232088495 0.0 268000
1723232095975 0.0 272000
1723232103486 0.0 276000
1723232111077 0.0 280000
1723232118645 0.0 284000
1723232126192 0.0 288000
1723232133792 0.0 292000
1723232141103 0.0 296000
1723232148533 0.0 300000
1723232155982 0.0 304000
1723232163404 0.0 308000
1723232171341 0.0 312000
1723232178744 0.0 316000
1723232186200 0.0 320000
1723232193461 0.0 324000
1723232200981 0.0 328000
1723232208540 0.0 332000
1723232215997 0.0 336000
1723232223618 0.0 340000
1723232231009 0.0 344000
1723232238909 0.0 348000
1723232246558 0.0 352000
1723232253818 0.0 356000
1723232260957 0.0 360000
1723232268811 0.0 364000
1723232276463 0.0 368000
1723232283909 0.0 372000
1723232291281 0.0 376000
1723232298903 0.0 380000
1723232306403 0.0 384000
1723232313893 0.0 388000
1723232321221 0.0 392000
1723232328614 0.0 396000
1723232335829 0.0 400000
1723232343354 0.0 404000
1723232350671 0.0 408000
1723232358152 0.0 412000
1723232365430 0.0 416000
1723232372668 0.0 420000
1723232379874 0.0 424000
1723232387289 0.0 428000
1723232394653 0.0 432000
1723232402033 0.0 436000
1723232409185 0.0 440000
1723232416488 0.0 444000
1723232423805 0.0 448000
1723232431172 0.0 452000
1723232438428 0.0 456000
1723232445590 0.0 460000
1723232453252 0.0 464000
1723232460490 0.0 468000
1723232467660 0.0 472000
1723232475047 0.0 476000
1723232482379 0.0 480000
1723232489629 0.0 484000
1723232496955 0.0 488000
1723232504534 0.0 492000
1723232511942 0.0 496000
1723232519464 0.0 500000
1723232526788 0.0 504000
1723232534232 0.0 508000
1723232541737 0.0 512000
1723232549440 0.0 516000
1723232556831 0.0 520000
1723232564269 0.0 524000
1723232571699 0.0 528000
1723232579040 0.0 532000
1723232586549 0.0 536000
1723232594101 0.0 540000
1723232602251 0.0 544000
1723232609951 0.0 548000
1723232617379 0.0 552000
1723232625014 0.0 556000
1723232632509 0.0 560000
1723232640009 0.0 564000
1723232647475 0.0 568000
1723232654973 0.0 572000
1723232662527 0.0 576000
1723232669920 0.0 580000
1723232677347 0.0 584000
1723232684853 0.0 588000
1723232692271 0.0 592000
1723232700387 0.0 596000
1723232708223 0.0 600000
1723232716456 0.0 604000
1723232723809 0.0 608000
1723232731298 0.0 612000
1723232738613 0.0 616000
1723232746161 0.0 620000
1723232753598 0.0 624000
1723232761252 0.0 628000
1723232768676 0.0 632000
1723232776220 0.0 636000
1723232784159 0.0 640000
1723232791845 0.0 644000
1723232799195 0.0 648000
1723232806754 0.0 652000
1723232814664 0.0 656000
1723232822463 0.0 660000
1723232829637 0.0 664000
1723232837286 0.0 668000
1723232844730 0.0 672000
1723232852862 0.0 676000
1723232860364 0.0 680000
1723232867689 0.0 684000
1723232875157 0.0 688000
1723232883021 0.0 692000
1723232890255 0.0 696000
1723232897552 0.0 700000
1723232904868 0.0 704000
1723232912139 0.0 708000
1723232919459 0.0 712000
1723232926689 0.0 716000
1723232934037 0.0 720000
1723232942061 0.0 724000
1723232949834 0.0 728000
1723232957397 0.0 732000
1723232964853 0.0 736000
1723232972391 0.0 740000
1723232980124 0.0 744000
1723232987711 0.0 748000
1723232995223 0.0 752000
1723233002945 0.0 756000
1723233010579 0.0 760000
1723233018183 0.0 764000
1723233025812 0.0 768000
1723233033516 0.0 772000
1723233040863 0.0 776000
1723233048075 0.0 780000
1723233055436 0.0 784000
1723233062665 0.0 788000
1723233069905 0.0 792000
1723233077214 0.0 796000
1723233084564 0.0 800000
