1723231574328 1.0 4000
1723231581518 1.0 8000
1723231588678 1.0 12000
1723231596088 1.0 16000
1723231603444 1.0 20000
1723231610548 1.0 24000
1723231617966 1.0 28000
1723231625227 1.0 32000
1723231632618 1.0 36000
1723231640326 1.0 40000
1723231647625 1.0 44000
1723231654912 1.0 48000
1723231662265 1.0 52000
1723231669574 1.0 56000
1723231678805 1.0 60000
1723231687451 1.0 64000
1723231695459 1.0 68000
1723231704090 1.0 72000
1723231712946 1.0 76000
1723231721604 1.0 80000
1723231729974 1.0 84000
1723231738065 1.0 88000
1723231745849 1.0 92000
1723231755126 1.0 96000
1723231764844 1.0 100000
1723231772517 1.0 104000
1723231780139 1.0 108000
1723231788060 1.0 112000
1723231796895 1.0 116000
1723231804825 1.0 120000
1723231812567 1.0 124000
1723231820137 1.0 128000
1723231827886 1.0 132000
1723231835520 1.0 136000
1723231843194 1.0 140000
1723231850791 1.0 144000
1723231858592 1.0 148000
1723231866337 1.0 152000
1723231873985 1.0 156000
1723231881539 1.0 160000
1723231889436 1.0 164000
1723231897629 1.0 168000
1723231905390 1.0 172000
1723231912921 1.0 176000
1723231920577 1.0 180000
1723231928448 1.0 184000
1723231936385 1.0 188000
1723231944033 1.0 192000
1723231951799 1.0 196000
1723231959178 1.0 200000
1723231966820 1.0 204000
1723231974181 1.0 208000
1723231981732 1.0 212000
1723231989110 1.0 216000
1723231997054 1.0 220000
1723232004739 1.0 224000
1723232012287 1.0 228000
1723232019729 1.0 232000
1723232027217 1.0 236000
1723232034766 1.0 240000
1723232042342 1.0 244000
1723232049995 1.0 248000
1723232057765 1.0 252000
1723232065949 1.0 256000
1723232073686 1.0 260000
1723232080945 1.0 264000
1723232088507 1.0 268000
1723232095987 1.0 272000
1723232103497 1.0 276000
1723232111089 1.0 280000
1723232118657 1.0 284000
1723232126203 1.0 288000
1723232133804 1.0 292000
1723232141115 1.0 296000
1723232148544 1.0 300000
1723232156007 1.0 304000
1723232163416 1.0 308000
1723232171353 1.0 312000
1723232178756 1.0 316000
1723232186212 1.0 320000
1723232193473 1.0 324000
1723232200993 1.0 328000
1723232208552 1.0 332000
1723232216009 1.0 336000
1723232223629 1.0 340000
1723232231021 1.0 344000
1723232238921 1.0 348000
1723232246570 1.0 352000
1723232253831 1.0 356000
1723232260970 1.0 360000
1723232268822 1.0 364000
1723232276475 1.0 368000
1723232283920 1.0 372000
1723232291293 1.0 376000
1723232298915 1.0 380000
1723232306416 1.0 384000
1723232313905 1.0 388000
1723232321233 1.0 392000
1723232328626 1.0 396000
1723232335842 1.0 400000
1723232343366 1.0 404000
1723232350683 1.0 408000
1723232358164 1.0 412000
1723232365442 1.0 416000
1723232372680 1.0 420000
1723232379887 1.0 424000
1723232387301 1.0 428000
1723232394665 1.0 432000
1723232402045 1.0 436000
1723232409197 1.0 440000
1723232416499 1.0 444000
1723232423817 1.0 448000
1723232431184 1.0 452000
1723232438440 1.0 456000
1723232445601 1.0 460000
1723232453264 1.0 464000
1723232460502 1.0 468000
1723232467672 1.0 472000
1723232475058 1.0 476000
1723232482391 1.0 480000
1723232489641 1.0 484000
1723232496966 1.0 488000
1723232504545 1.0 492000
1723232511954 1.0 496000
1723232519476 1.0 500000
1723232526799 1.0 504000
1723232534244 1.0 508000
1723232541748 1.0 512000
1723232549452 1.0 516000
1723232556842 1.0 520000
1723232564282 1.0 524000
1723232571711 1.0 528000
1723232579052 1.0 532000
1723232586560 1.0 536000
1723232594113 1.0 540000
1723232602263 1.0 544000
1723232609963 1.0 548000
1723232617391 1.0 552000
1723232625026 1.0 556000
1723232632521 1.0 560000
1723232640022 1.0 564000
1723232647487 1.0 568000
1723232654985 1.0 572000
1723232662539 1.0 576000
1723232669932 1.0 580000
1723232677359 1.0 584000
1723232684866 1.0 588000
1723232692283 1.0 592000
1723232700399 1.0 596000
1723232708235 1.0 600000
1723232716468 1.0 604000
1723232723821 1.0 608000
1723232731311 1.0 612000
1723232738625 1.0 616000
1723232746172 1.0 620000
1723232753610 1.0 624000
1723232761264 1.0 628000
1723232768688 1.0 632000
1723232776232 1.0 636000
1723232784171 1.0 640000
1723232791857 1.0 644000
1723232799206 1.0 648000
1723232806766 1.0 652000
1723232814676 1.0 656000
1723232822476 1.0 660000
1723232829649 1.0 664000
1723232837298 1.0 668000
1723232844743 1.0 672000
1723232852874 1.0 676000
1723232860376 1.0 680000
1723232867701 1.0 684000
1723232875169 1.0 688000
1723232883032 1.0 692000
1723232890267 1.0 696000
1723232897563 1.0 700000
1723232904881 1.0 704000
1723232912151 1.0 708000
1723232919471 1.0 712000
1723232926702 1.0 716000
1723232934048 1.0 720000
1723232942073 1.0 724000
1723232949846 1.0 728000
1723232957409 1.0 732000
1723232964866 1.0 736000
1723232972403 1.0 740000
1723232980136 1.0 744000
1723232987723 1.0 748000
1723232995236 1.0 752000
1723233002957 1.0 756000
1723233010591 1.0 760000
1723233018195 1.0 764000
1723233025826 1.0 768000
1723233033528 1.0 772000
1723233040875 1.0 776000
1723233048087 1.0 780000
1723233055449 1.0 784000
1723233062677 1.0 788000
1723233069917 1.0 792000
1723233077226 1.0 796000
1723233084576 1.0 800000
