1723231574343 30.0 4000
1723231581531 30.0 8000
1723231588691 30.0 12000
1723231596101 30.0 16000
1723231603456 30.0 20000
1723231610560 30.0 24000
1723231617979 30.0 28000
1723231625239 30.0 32000
1723231632638 30.0 36000
1723231640339 30.0 40000
1723231647638 30.0 44000
1723231654925 30.0 48000
1723231662277 30.0 52000
1723231669587 30.0 56000
1723231678818 30.0 60000
1723231687464 30.0 64000
1723231695472 30.0 68000
1723231704103 30.0 72000
1723231712959 30.0 76000
1723231721616 30.0 80000
1723231729989 30.0 84000
1723231738077 30.0 88000
1723231745862 30.0 92000
1723231755144 30.0 96000
1723231764856 30.0 100000
1723231772529 30.0 104000
1723231780151 30.0 108000
1723231788073 30.0 112000
1723231796908 30.0 116000
1723231804838 30.0 120000
1723231812579 30.0 124000
1723231820150 30.0 128000
1723231827899 30.0 132000
1723231835533 30.0 136000
1723231843206 30.0 140000
1723231850803 30.0 144000
1723231858605 30.0 148000
1723231866350 30.0 152000
1723231873998 30.0 156000
1723231881552 30.0 160000
1723231889450 30.0 164000
1723231897644 30.0 168000
1723231905402 30.0 172000
1723231912934 30.0 176000
1723231920589 30.0 180000
1723231928466 30.0 184000
1723231936398 30.0 188000
1723231944046 30.0 192000
1723231951812 30.0 196000
1723231959190 30.0 200000
1723231966842 30.0 204000
1723231974195 30.0 208000
1723231981745 30.0 212000
1723231989122 30.0 216000
1723231997067 30.0 220000
1723232004752 30.0 224000
1723232012300 30.0 228000
1723232019741 30.0 232000
1723232027232 30.0 236000
1723232034779 30.0 240000
1723232042354 30.0 244000
1723232050008 30.0 248000
1723232057778 30.0 252000
1723232065964 30.0 256000
1723232073699 30.0 260000
1723232080958 30.0 264000
1723232088521 30.0 268000
1723232095999 30.0 272000
1723232103510 30.0 276000
1723232111101 30.0 280000
1723232118669 30.0 284000
1723232126216 30.0 288000
1723232133817 30.0 292000
1723232141128 30.0 296000
1723232148557 30.0 300000
1723232156019 30.0 304000
1723232163429 30.0 308000
1723232171366 30.0 312000
1723232178768 30.0 316000
1723232186225 30.0 320000
1723232193485 30.0 324000
1723232201006 30.0 328000
1723232208565 30.0 332000
1723232216022 30.0 336000
1723232223642 30.0 340000
1723232231033 30.0 344000
1723232238933 30.0 348000
1723232246583 30.0 352000
1723232253844 30.0 356000
1723232260985 30.0 360000
1723232268835 30.0 364000
1723232276488 30.0 368000
1723232283933 30.0 372000
1723232291306 30.0 376000
1723232298928 30.0 380000
1723232306429 30.0 384000
1723232313918 30.0 388000
1723232321246 30.0 392000
1723232328639 30.0 396000
1723232335855 30.0 400000
1723232343380 30.0 404000
1723232350696 30.0 408000
1723232358176 30.0 412000
1723232365455 30.0 416000
1723232372692 30.0 420000
1723232379899 30.0 424000
1723232387313 30.0 428000
1723232394678 30.0 432000
1723232402057 30.0 436000
1723232409209 30.0 440000
1723232416512 30.0 444000
1723232423830 30.0 448000
1723232431196 30.0 452000
1723232438453 30.0 456000
1723232445614 30.0 460000
1723232453277 30.0 464000
1723232460514 30.0 468000
1723232467684 30.0 472000
1723232475071 30.0 476000
1723232482404 30.0 480000
1723232489653 30.0 484000
1723232496981 30.0 488000
1723232504557 30.0 492000
1723232511967 30.0 496000
1723232519488 30.0 500000
1723232526812 30.0 504000
1723232534257 30.0 508000
1723232541760 30.0 512000
1723232549465 30.0 516000
1723232556855 30.0 520000
1723232564294 30.0 524000
1723232571724 30.0 528000
1723232579065 30.0 532000
1723232586573 30.0 536000
1723232594126 30.0 540000
1723232602277 30.0 544000
1723232609975 30.0 548000
1723232617403 30.0 552000
1723232625038 30.0 556000
1723232632533 30.0 560000
1723232640034 30.0 564000
1723232647499 30.0 568000
1723232654999 30.0 572000
1723232662552 30.0 576000
1723232669944 30.0 580000
1723232677371 30.0 584000
1723232684879 30.0 588000
1723232692297 30.0 592000
1723232700412 30.0 596000
1723232708247 30.0 600000
1723232716481 30.0 604000
1723232723833 30.0 608000
1723232731324 30.0 612000
1723232738638 30.0 616000
1723232746185 30.0 620000
1723232753623 30.0 624000
1723232761276 30.0 628000
1723232768701 30.0 632000
1723232776245 30.0 636000
1723232784184 30.0 640000
1723232791870 30.0 644000
1723232799219 30.0 648000
1723232806778 30.0 652000
1723232814689 30.0 656000
1723232822489 30.0 660000
1723232829662 30.0 664000
1723232837312 30.0 668000
1723232844757 30.0 672000
1723232852887 30.0 676000
1723232860388 30.0 680000
1723232867714 30.0 684000
1723232875182 30.0 688000
1723232883045 30.0 692000
1723232890281 30.0 696000
1723232897576 30.0 700000
1723232904895 30.0 704000
1723232912163 30.0 708000
1723232919484 30.0 712000
1723232926715 30.0 716000
1723232934061 30.0 720000
1723232942085 30.0 724000
1723232949858 30.0 728000
1723232957422 30.0 732000
1723232964879 30.0 736000
1723232972417 30.0 740000
1723232980150 30.0 744000
1723232987735 30.0 748000
1723232995249 30.0 752000
1723233002970 30.0 756000
1723233010604 30.0 760000
1723233018208 30.0 764000
1723233025840 30.0 768000
1723233033540 30.0 772000
1723233040888 30.0 776000
1723233048100 30.0 780000
1723233055463 30.0 784000
1723233062690 30.0 788000
1723233069930 30.0 792000
1723233077239 30.0 796000
1723233084588 30.0 800000
