1723231574330 0.0 4000
1723231581520 0.0 8000
1723231588680 0.0 12000
1723231596090 0.0 16000
1723231603446 0.0 20000
1723231610550 0.0 24000
1723231617969 0.0 28000
1723231625229 0.0 32000
1723231632622 0.0 36000
1723231640328 0.0 40000
1723231647627 0.0 44000
1723231654914 0.0 48000
1723231662267 0.0 52000
1723231669576 0.0 56000
1723231678806 0.0 60000
1723231687453 0.0 64000
1723231695461 0.0 68000
1723231704092 0.0 72000
1723231712948 0.0 76000
1723231721606 0.0 80000
1723231729976 0.0 84000
1723231738067 0.0 88000
1723231745851 0.0 92000
1723231755131 0.0 96000
1723231764846 0.0 100000
1723231772519 0.0 104000
1723231780141 0.0 108000
1723231788062 0.0 112000
1723231796897 0.0 116000
1723231804827 0.0 120000
1723231812569 0.0 124000
1723231820139 0.0 128000
1723231827888 0.0 132000
1723231835523 0.0 136000
1723231843196 0.0 140000
1723231850793 0.0 144000
1723231858594 0.0 148000
1723231866339 0.0 152000
1723231873987 0.0 156000
1723231881541 0.0 160000
1723231889438 0.0 164000
1723231897632 0.0 168000
1723231905391 0.0 172000
1723231912923 0.0 176000
1723231920579 0.0 180000
1723231928451 0.0 184000
1723231936387 0.0 188000
1723231944035 0.0 192000
1723231951801 0.0 196000
1723231959180 0.0 200000
1723231966822 0.0 204000
1723231974183 0.0 208000
1723231981734 0.0 212000
1723231989112 0.0 216000
1723231997056 0.0 220000
1723232004741 0.0 224000
1723232012289 0.0 228000
1723232019731 0.0 232000
1723232027220 0.0 236000
1723232034769 0.0 240000
1723232042344 0.0 244000
1723232049997 0.0 248000
1723232057768 0.0 252000
1723232065952 0.0 256000
1723232073689 0.0 260000
1723232080947 0.0 264000
1723232088509 0.0 268000
1723232095989 0.0 272000
1723232103499 0.0 276000
1723232111091 0.0 280000
1723232118659 0.0 284000
1723232126205 0.0 288000
1723232133806 0.0 292000
1723232141117 0.0 296000
1723232148546 0.0 300000
1723232156009 0.0 304000
1723232163418 0.0 308000
1723232171355 0.0 312000
1723232178758 0.0 316000
1723232186214 0.0 320000
1723232193475 0.0 324000
1723232200995 0.0 328000
1723232208554 0.0 332000
1723232216011 0.0 336000
1723232223632 0.0 340000
1723232231023 0.0 344000
1723232238923 0.0 348000
1723232246572 0.0 352000
1723232253833 0.0 356000
1723232260972 0.0 360000
1723232268824 0.0 364000
1723232276477 0.0 368000
1723232283922 0.0 372000
1723232291295 0.0 376000
1723232298917 0.0 380000
1723232306418 0.0 384000
1723232313907 0.0 388000
1723232321235 0.0 392000
1723232328628 0.0 396000
1723232335844 0.0 400000
1723232343368 0.0 404000
1723232350685 0.0 408000
1723232358166 0.0 412000
1723232365444 0.0 416000
1723232372681 0.0 420000
1723232379889 0.0 424000
1723232387303 0.0 428000
1723232394667 0.0 432000
1723232402047 0.0 436000
1723232409199 0.0 440000
1723232416501 0.0 444000
1723232423819 0.0 448000
1723232431186 0.0 452000
1723232438442 0.0 456000
1723232445604 0.0 460000
1723232453266 0.0 464000
1723232460504 0.0 468000
1723232467674 0.0 472000
1723232475060 0.0 476000
1723232482393 0.0 480000
1723232489643 0.0 484000
1723232496968 0.0 488000
1723232504547 0.0 492000
1723232511956 0.0 496000
1723232519478 0.0 500000
1723232526801 0.0 504000
1723232534246 0.0 508000
1723232541750 0.0 512000
1723232549454 0.0 516000
1723232556844 0.0 520000
1723232564284 0.0 524000
1723232571713 0.0 528000
1723232579054 0.0 532000
1723232586562 0.0 536000
1723232594115 0.0 540000
1723232602265 0.0 544000
1723232609965 0.0 548000
1723232617393 0.0 552000
1723232625028 0.0 556000
1723232632523 0.0 560000
1723232640024 0.0 564000
1723232647489 0.0 568000
1723232654987 0.0 572000
1723232662541 0.0 576000
1723232669934 0.0 580000
1723232677361 0.0 584000
1723232684868 0.0 588000
1723232692285 0.0 592000
1723232700401 0.0 596000
1723232708237 0.0 600000
1723232716470 0.0 604000
1723232723823 0.0 608000
1723232731313 0.0 612000
1723232738627 0.0 616000
1723232746174 0.0 620000
1723232753612 0.0 624000
1723232761266 0.0 628000
1723232768690 0.0 632000
1723232776234 0.0 636000
1723232784174 0.0 640000
1723232791859 0.0 644000
1723232799208 0.0 648000
1723232806768 0.0 652000
1723232814678 0.0 656000
1723232822478 0.0 660000
1723232829651 0.0 664000
1723232837300 0.0 668000
1723232844746 0.0 672000
1723232852876 0.0 676000
1723232860378 0.0 680000
1723232867703 0.0 684000
1723232875171 0.0 688000
1723232883034 0.0 692000
1723232890270 0.0 696000
1723232897565 0.0 700000
1723232904884 0.0 704000
1723232912153 0.0 708000
1723232919473 0.0 712000
1723232926704 0.0 716000
1723232934051 0.0 720000
1723232942075 0.0 724000
1723232949847 0.0 728000
1723232957411 0.0 732000
1723232964868 0.0 736000
1723232972405 0.0 740000
1723232980138 0.0 744000
1723232987725 0.0 748000
1723232995238 0.0 752000
1723233002959 0.0 756000
1723233010593 0.0 760000
1723233018197 0.0 764000
1723233025828 0.0 768000
1723233033530 0.0 772000
1723233040877 0.0 776000
1723233048089 0.0 780000
1723233055451 0.0 784000
1723233062679 0.0 788000
1723233069919 0.0 792000
1723233077228 0.0 796000
1723233084578 0.0 800000
