1723231574307 0.0 4000
1723231581501 0.0 8000
1723231588661 0.0 12000
1723231596069 0.0 16000
1723231603427 0.0 20000
1723231610531 0.0 24000
1723231617949 0.0 28000
1723231625209 0.0 32000
1723231632593 0.0 36000
1723231640308 0.0 40000
1723231647608 0.0 44000
1723231654894 0.0 48000
1723231662247 0.0 52000
1723231669556 0.0 56000
1723231678780 0.0 60000
1723231687434 0.0 64000
1723231695442 0.0 68000
1723231704073 0.0 72000
1723231712927 0.0 76000
1723231721586 0.0 80000
1723231729956 0.0 84000
1723231738048 0.0 88000
1723231745832 0.0 92000
1723231755105 0.0 96000
1723231764827 0.0 100000
1723231772499 0.0 104000
1723231780122 0.0 108000
1723231788043 0.0 112000
1723231796878 0.0 116000
1723231804807 0.0 120000
1723231812550 0.0 124000
1723231820120 0.0 128000
1723231827869 0.0 132000
1723231835504 0.0 136000
1723231843177 0.0 140000
1723231850774 0.0 144000
1723231858576 0.0 148000
1723231866320 0.0 152000
1723231873968 0.0 156000
1723231881523 0.0 160000
1723231889419 0.0 164000
1723231897605 0.0 168000
1723231905373 0.0 172000
1723231912904 0.0 176000
1723231920560 0.0 180000
1723231928429 0.0 184000
1723231936368 0.0 188000
1723231944015 0.0 192000
1723231951782 0.0 196000
1723231959161 0.0 200000
1723231966803 0.0 204000
1723231974164 0.0 208000
1723231981715 0.0 212000
1723231989093 0.0 216000
1723231997035 0.0 220000
1723232004722 0.0 224000
1723232012270 0.0 228000
1723232019711 0.0 232000
1723232027169 0.0 236000
1723232034749 0.0 240000
1723232042325 0.0 244000
1723232049977 0.0 248000
1723232057748 0.0 252000
1723232065929 0.0 256000
1723232073669 0.0 260000
1723232080928 0.0 264000
1723232088489 0.0 268000
1723232095969 0.0 272000
1723232103481 0.0 276000
1723232111072 0.0 280000
1723232118639 0.0 284000
1723232126186 0.0 288000
1723232133786 0.0 292000
1723232141098 0.0 296000
1723232148527 0.0 300000
1723232155968 0.0 304000
1723232163399 0.0 308000
1723232171336 0.0 312000
1723232178739 0.0 316000
1723232186194 0.0 320000
1723232193455 0.0 324000
1723232200976 0.0 328000
1723232208535 0.0 332000
1723232215992 0.0 336000
1723232223612 0.0 340000
1723232231004 0.0 344000
1723232238904 0.0 348000
1723232246553 0.0 352000
1723232253813 0.0 356000
1723232260951 0.0 360000
1723232268805 0.0 364000
1723232276458 0.0 368000
1723232283903 0.0 372000
1723232291276 0.0 376000
1723232298898 0.0 380000
1723232306397 0.0 384000
1723232313888 0.0 388000
1723232321216 0.0 392000
1723232328608 0.0 396000
1723232335824 0.0 400000
1723232343349 0.0 404000
1723232350665 0.0 408000
1723232358147 0.0 412000
1723232365425 0.0 416000
1723232372663 0.0 420000
1723232379868 0.0 424000
1723232387283 0.0 428000
1723232394648 0.0 432000
1723232402028 0.0 436000
1723232409180 0.0 440000
1723232416482 0.0 444000
1723232423800 0.0 448000
1723232431166 0.0 452000
1723232438423 0.0 456000
1723232445584 0.0 460000
1723232453247 0.0 464000
1723232460484 0.0 468000
1723232467655 0.0 472000
1723232475041 0.0 476000
1723232482374 0.0 480000
1723232489624 0.0 484000
1723232496949 0.0 488000
1723232504528 0.0 492000
1723232511937 0.0 496000
1723232519459 0.0 500000
1723232526782 0.0 504000
1723232534227 0.0 508000
1723232541731 0.0 512000
1723232549435 0.0 516000
1723232556825 0.0 520000
1723232564264 0.0 524000
1723232571694 0.0 528000
1723232579034 0.0 532000
1723232586544 0.0 536000
1723232594096 0.0 540000
1723232602245 0.0 544000
1723232609945 0.0 548000
1723232617373 0.0 552000
1723232625009 0.0 556000
1723232632504 0.0 560000
1723232640004 0.0 564000
1723232647470 0.0 568000
1723232654967 0.0 572000
1723232662522 0.0 576000
1723232669915 0.0 580000
1723232677342 0.0 584000
1723232684848 0.0 588000
1723232692265 0.0 592000
1723232700381 0.0 596000
1723232708217 0.0 600000
1723232716450 0.0 604000
1723232723803 0.0 608000
1723232731292 0.0 612000
1723232738607 0.0 616000
1723232746155 0.0 620000
1723232753593 0.0 624000
1723232761246 0.0 628000
1723232768670 0.0 632000
1723232776215 0.0 636000
1723232784154 0.0 640000
1723232791840 0.0 644000
1723232799189 0.0 648000
1723232806748 0.0 652000
1723232814659 0.0 656000
1723232822457 0.0 660000
1723232829632 0.0 664000
1723232837281 0.0 668000
1723232844725 0.0 672000
1723232852856 0.0 676000
1723232860358 0.0 680000
1723232867683 0.0 684000
1723232875152 0.0 688000
1723232883015 0.0 692000
1723232890250 0.0 696000
1723232897546 0.0 700000
1723232904862 0.0 704000
1723232912134 0.0 708000
1723232919454 0.0 712000
1723232926684 0.0 716000
1723232934031 0.0 720000
1723232942055 0.0 724000
1723232949828 0.0 728000
1723232957392 0.0 732000
1723232964847 0.0 736000
1723232972386 0.0 740000
1723232980119 0.0 744000
1723232987706 0.0 748000
1723232995218 0.0 752000
1723233002939 0.0 756000
1723233010573 0.0 760000
1723233018178 0.0 764000
1723233025806 0.0 768000
1723233033510 0.0 772000
1723233040858 0.0 776000
1723233048070 0.0 780000
1723233055430 0.0 784000
1723233062658 0.0 788000
1723233069899 0.0 792000
1723233077209 0.0 796000
1723233084558 0.0 800000
