1723231574332 0.0 4000
1723231581521 0.0 8000
1723231588682 0.0 12000
1723231596091 0.0 16000
1723231603447 0.0 20000
1723231610551 0.0 24000
1723231617970 0.0 28000
1723231625230 0.0 32000
1723231632624 0.0 36000
1723231640329 0.0 40000
1723231647628 0.0 44000
1723231654916 0.0 48000
1723231662268 0.0 52000
1723231669577 0.0 56000
1723231678808 0.0 60000
1723231687454 0.0 64000
1723231695462 0.0 68000
1723231704094 0.0 72000
1723231712949 0.0 76000
1723231721607 0.0 80000
1723231729978 0.0 84000
1723231738068 0.0 88000
1723231745853 0.0 92000
1723231755133 0.0 96000
1723231764847 0.0 100000
1723231772520 0.0 104000
1723231780142 0.0 108000
1723231788063 0.0 112000
1723231796899 0.0 116000
1723231804828 0.0 120000
1723231812570 0.0 124000
1723231820140 0.0 128000
1723231827889 0.0 132000
1723231835524 0.0 136000
1723231843197 0.0 140000
1723231850794 0.0 144000
1723231858596 0.0 148000
1723231866340 0.0 152000
1723231873989 0.0 156000
1723231881543 0.0 160000
1723231889439 0.0 164000
1723231897633 0.0 168000
1723231905393 0.0 172000
1723231912924 0.0 176000
1723231920580 0.0 180000
1723231928453 0.0 184000
1723231936388 0.0 188000
1723231944036 0.0 192000
1723231951803 0.0 196000
1723231959181 0.0 200000
1723231966823 0.0 204000
1723231974185 0.0 208000
1723231981736 0.0 212000
1723231989113 0.0 216000
1723231997057 0.0 220000
1723232004742 0.0 224000
1723232012290 0.0 228000
1723232019732 0.0 232000
1723232027222 0.0 236000
1723232034770 0.0 240000
1723232042345 0.0 244000
1723232049998 0.0 248000
1723232057769 0.0 252000
1723232065953 0.0 256000
1723232073690 0.0 260000
1723232080948 0.0 264000
1723232088511 0.0 268000
1723232095990 0.0 272000
1723232103501 0.0 276000
1723232111092 0.0 280000
1723232118660 0.0 284000
1723232126206 0.0 288000
1723232133808 0.0 292000
1723232141118 0.0 296000
1723232148548 0.0 300000
1723232156010 0.0 304000
1723232163419 0.0 308000
1723232171356 0.0 312000
1723232178759 0.0 316000
1723232186216 0.0 320000
1723232193476 0.0 324000
1723232200996 0.0 328000
1723232208556 0.0 332000
1723232216012 0.0 336000
1723232223633 0.0 340000
1723232231024 0.0 344000
1723232238924 0.0 348000
1723232246573 0.0 352000
1723232253835 0.0 356000
1723232260974 0.0 360000
1723232268826 0.0 364000
1723232276478 0.0 368000
1723232283924 0.0 372000
1723232291297 0.0 376000
1723232298919 0.0 380000
1723232306419 0.0 384000
1723232313908 0.0 388000
1723232321236 0.0 392000
1723232328629 0.0 396000
1723232335845 0.0 400000
1723232343370 0.0 404000
1723232350687 0.0 408000
1723232358167 0.0 412000
1723232365445 0.0 416000
1723232372683 0.0 420000
1723232379890 0.0 424000
1723232387304 0.0 428000
1723232394668 0.0 432000
1723232402048 0.0 436000
1723232409200 0.0 440000
1723232416502 0.0 444000
1723232423820 0.0 448000
1723232431187 0.0 452000
1723232438443 0.0 456000
1723232445605 0.0 460000
1723232453267 0.0 464000
1723232460505 0.0 468000
1723232467675 0.0 472000
1723232475061 0.0 476000
1723232482394 0.0 480000
1723232489644 0.0 484000
1723232496970 0.0 488000
1723232504548 0.0 492000
1723232511957 0.0 496000
1723232519479 0.0 500000
1723232526803 0.0 504000
1723232534247 0.0 508000
1723232541751 0.0 512000
1723232549455 0.0 516000
1723232556845 0.0 520000
1723232564285 0.0 524000
1723232571715 0.0 528000
1723232579056 0.0 532000
1723232586564 0.0 536000
1723232594116 0.0 540000
1723232602267 0.0 544000
1723232609966 0.0 548000
1723232617394 0.0 552000
1723232625029 0.0 556000
1723232632525 0.0 560000
1723232640025 0.0 564000
1723232647490 0.0 568000
1723232654988 0.0 572000
1723232662542 0.0 576000
1723232669935 0.0 580000
1723232677362 0.0 584000
1723232684869 0.0 588000
1723232692287 0.0 592000
1723232700402 0.0 596000
1723232708238 0.0 600000
1723232716471 0.0 604000
1723232723824 0.0 608000
1723232731314 0.0 612000
1723232738628 0.0 616000
1723232746175 0.0 620000
1723232753613 0.0 624000
1723232761267 0.0 628000
1723232768691 0.0 632000
1723232776235 0.0 636000
1723232784175 0.0 640000
1723232791861 0.0 644000
1723232799210 0.0 648000
1723232806769 0.0 652000
1723232814680 0.0 656000
1723232822479 0.0 660000
1723232829652 0.0 664000
1723232837301 0.0 668000
1723232844747 0.0 672000
1723232852877 0.0 676000
1723232860379 0.0 680000
1723232867704 0.0 684000
1723232875172 0.0 688000
1723232883036 0.0 692000
1723232890271 0.0 696000
1723232897566 0.0 700000
1723232904885 0.0 704000
1723232912154 0.0 708000
1723232919474 0.0 712000
1723232926705 0.0 716000
1723232934052 0.0 720000
1723232942076 0.0 724000
1723232949849 0.0 728000
1723232957412 0.0 732000
1723232964869 0.0 736000
1723232972406 0.0 740000
1723232980140 0.0 744000
1723232987726 0.0 748000
1723232995239 0.0 752000
1723233002960 0.0 756000
1723233010594 0.0 760000
1723233018199 0.0 764000
1723233025829 0.0 768000
1723233033531 0.0 772000
1723233040879 0.0 776000
1723233048090 0.0 780000
1723233055452 0.0 784000
1723233062680 0.0 788000
1723233069920 0.0 792000
1723233077229 0.0 796000
1723233084579 0.0 800000
