1723231574308 60.0 4000
1723231581502 60.0 8000
1723231588662 60.0 12000
1723231596070 60.0 16000
1723231603428 60.0 20000
1723231610533 60.0 24000
1723231617950 60.0 28000
1723231625211 60.0 32000
1723231632595 60.0 36000
1723231640309 60.0 40000
1723231647609 60.0 44000
1723231654895 60.0 48000
1723231662248 60.0 52000
1723231669557 60.0 56000
1723231678781 60.0 60000
1723231687435 60.0 64000
1723231695443 60.0 68000
1723231704074 60.0 72000
1723231712928 60.0 76000
1723231721588 60.0 80000
1723231729957 60.0 84000
1723231738049 60.0 88000
1723231745833 60.0 92000
1723231755106 60.0 96000
1723231764828 60.0 100000
1723231772500 60.0 104000
1723231780123 60.0 108000
1723231788044 60.0 112000
1723231796879 60.0 116000
1723231804809 60.0 120000
1723231812551 60.0 124000
1723231820121 60.0 128000
1723231827870 60.0 132000
1723231835505 60.0 136000
1723231843178 60.0 140000
1723231850775 60.0 144000
1723231858577 60.0 148000
1723231866321 60.0 152000
1723231873970 60.0 156000
1723231881524 60.0 160000
1723231889420 60.0 164000
1723231897606 60.0 168000
1723231905374 60.0 172000
1723231912905 60.0 176000
1723231920561 60.0 180000
1723231928430 60.0 184000
1723231936369 60.0 188000
1723231944016 60.0 192000
1723231951783 60.0 196000
1723231959162 60.0 200000
1723231966804 60.0 204000
1723231974165 60.0 208000
1723231981716 60.0 212000
1723231989094 60.0 216000
1723231997036 60.0 220000
1723232004723 60.0 224000
1723232012271 60.0 228000
1723232019712 60.0 232000
1723232027170 60.0 236000
1723232034751 60.0 240000
1723232042326 60.0 244000
1723232049979 60.0 248000
1723232057749 60.0 252000
1723232065930 60.0 256000
1723232073670 60.0 260000
1723232080929 60.0 264000
1723232088490 60.0 268000
1723232095971 60.0 272000
1723232103482 60.0 276000
1723232111073 60.0 280000
1723232118640 60.0 284000
1723232126187 60.0 288000
1723232133787 60.0 292000
1723232141099 60.0 296000
1723232148529 60.0 300000
1723232155969 60.0 304000
1723232163400 60.0 308000
1723232171337 60.0 312000
1723232178740 60.0 316000
1723232186196 60.0 320000
1723232193457 60.0 324000
1723232200977 60.0 328000
1723232208536 60.0 332000
1723232215993 60.0 336000
1723232223613 60.0 340000
1723232231005 60.0 344000
1723232238905 60.0 348000
1723232246554 60.0 352000
1723232253814 60.0 356000
1723232260952 60.0 360000
1723232268806 60.0 364000
1723232276459 60.0 368000
1723232283904 60.0 372000
1723232291277 60.0 376000
1723232298899 60.0 380000
1723232306399 60.0 384000
1723232313889 60.0 388000
1723232321217 60.0 392000
1723232328610 60.0 396000
1723232335825 60.0 400000
1723232343350 60.0 404000
1723232350666 60.0 408000
1723232358148 60.0 412000
1723232365426 60.0 416000
1723232372664 60.0 420000
1723232379870 60.0 424000
1723232387284 60.0 428000
1723232394649 60.0 432000
1723232402029 60.0 436000
1723232409181 60.0 440000
1723232416483 60.0 444000
1723232423801 60.0 448000
1723232431167 60.0 452000
1723232438424 60.0 456000
1723232445585 60.0 460000
1723232453248 60.0 464000
1723232460486 60.0 468000
1723232467656 60.0 472000
1723232475043 60.0 476000
1723232482375 60.0 480000
1723232489625 60.0 484000
1723232496950 60.0 488000
1723232504529 60.0 492000
1723232511938 60.0 496000
1723232519460 60.0 500000
1723232526784 60.0 504000
1723232534228 60.0 508000
1723232541732 60.0 512000
1723232549436 60.0 516000
1723232556827 60.0 520000
1723232564265 60.0 524000
1723232571695 60.0 528000
1723232579036 60.0 532000
1723232586545 60.0 536000
1723232594097 60.0 540000
1723232602247 60.0 544000
1723232609946 60.0 548000
1723232617375 60.0 552000
1723232625010 60.0 556000
1723232632505 60.0 560000
1723232640005 60.0 564000
1723232647471 60.0 568000
1723232654968 60.0 572000
1723232662523 60.0 576000
1723232669916 60.0 580000
1723232677343 60.0 584000
1723232684849 60.0 588000
1723232692267 60.0 592000
1723232700383 60.0 596000
1723232708218 60.0 600000
1723232716452 60.0 604000
1723232723805 60.0 608000
1723232731293 60.0 612000
1723232738608 60.0 616000
1723232746157 60.0 620000
1723232753594 60.0 624000
1723232761247 60.0 628000
1723232768671 60.0 632000
1723232776216 60.0 636000
1723232784155 60.0 640000
1723232791841 60.0 644000
1723232799190 60.0 648000
1723232806749 60.0 652000
1723232814660 60.0 656000
1723232822459 60.0 660000
1723232829633 60.0 664000
1723232837282 60.0 668000
1723232844726 60.0 672000
1723232852857 60.0 676000
1723232860360 60.0 680000
1723232867685 60.0 684000
1723232875153 60.0 688000
1723232883016 60.0 692000
1723232890251 60.0 696000
1723232897547 60.0 700000
1723232904863 60.0 704000
1723232912135 60.0 708000
1723232919455 60.0 712000
1723232926685 60.0 716000
1723232934032 60.0 720000
1723232942057 60.0 724000
1723232949829 60.0 728000
1723232957393 60.0 732000
1723232964848 60.0 736000
1723232972387 60.0 740000
1723232980120 60.0 744000
1723232987707 60.0 748000
1723232995219 60.0 752000
1723233002940 60.0 756000
1723233010575 60.0 760000
1723233018179 60.0 764000
1723233025807 60.0 768000
1723233033512 60.0 772000
1723233040859 60.0 776000
1723233048071 60.0 780000
1723233055431 60.0 784000
1723233062659 60.0 788000
1723233069900 60.0 792000
1723233077210 60.0 796000
1723233084560 60.0 800000
