1723231574343 1.0 4000
1723231581531 1.0 8000
1723231588692 1.0 12000
1723231596101 1.0 16000
1723231603456 1.0 20000
1723231610561 1.0 24000
1723231617980 1.0 28000
1723231625240 1.0 32000
1723231632638 1.0 36000
1723231640339 1.0 40000
1723231647638 1.0 44000
1723231654926 1.0 48000
1723231662278 1.0 52000
1723231669587 1.0 56000
1723231678818 1.0 60000
1723231687465 1.0 64000
1723231695472 1.0 68000
1723231704103 1.0 72000
1723231712959 1.0 76000
1723231721617 1.0 80000
1723231729989 1.0 84000
1723231738078 1.0 88000
1723231745862 1.0 92000
1723231755144 1.0 96000
1723231764857 1.0 100000
1723231772529 1.0 104000
1723231780152 1.0 108000
1723231788073 1.0 112000
1723231796909 1.0 116000
1723231804838 1.0 120000
1723231812580 1.0 124000
1723231820150 1.0 128000
1723231827900 1.0 132000
1723231835533 1.0 136000
1723231843207 1.0 140000
1723231850804 1.0 144000
1723231858606 1.0 148000
1723231866350 1.0 152000
1723231873999 1.0 156000
1723231881552 1.0 160000
1723231889450 1.0 164000
1723231897644 1.0 168000
1723231905402 1.0 172000
1723231912934 1.0 176000
1723231920590 1.0 180000
1723231928466 1.0 184000
1723231936398 1.0 188000
1723231944046 1.0 192000
1723231951812 1.0 196000
1723231959190 1.0 200000
1723231966843 1.0 204000
1723231974195 1.0 208000
1723231981745 1.0 212000
1723231989122 1.0 216000
1723231997067 1.0 220000
1723232004752 1.0 224000
1723232012300 1.0 228000
1723232019741 1.0 232000
1723232027232 1.0 236000
1723232034779 1.0 240000
1723232042355 1.0 244000
1723232050008 1.0 248000
1723232057778 1.0 252000
1723232065965 1.0 256000
1723232073700 1.0 260000
1723232080959 1.0 264000
1723232088522 1.0 268000
1723232095999 1.0 272000
1723232103510 1.0 276000
1723232111102 1.0 280000
1723232118669 1.0 284000
1723232126217 1.0 288000
1723232133817 1.0 292000
1723232141129 1.0 296000
1723232148557 1.0 300000
1723232156020 1.0 304000
1723232163429 1.0 308000
1723232171366 1.0 312000
1723232178768 1.0 316000
1723232186226 1.0 320000
1723232193486 1.0 324000
1723232201006 1.0 328000
1723232208566 1.0 332000
1723232216022 1.0 336000
1723232223643 1.0 340000
1723232231034 1.0 344000
1723232238934 1.0 348000
1723232246583 1.0 352000
1723232253844 1.0 356000
1723232260986 1.0 360000
1723232268835 1.0 364000
1723232276488 1.0 368000
1723232283933 1.0 372000
1723232291306 1.0 376000
1723232298928 1.0 380000
1723232306429 1.0 384000
1723232313918 1.0 388000
1723232321246 1.0 392000
1723232328639 1.0 396000
1723232335855 1.0 400000
1723232343381 1.0 404000
1723232350696 1.0 408000
1723232358177 1.0 412000
1723232365456 1.0 416000
1723232372693 1.0 420000
1723232379900 1.0 424000
1723232387314 1.0 428000
1723232394679 1.0 432000
1723232402058 1.0 436000
1723232409209 1.0 440000
1723232416512 1.0 444000
1723232423831 1.0 448000
1723232431197 1.0 452000
1723232438453 1.0 456000
1723232445614 1.0 460000
1723232453277 1.0 464000
1723232460514 1.0 468000
1723232467685 1.0 472000
1723232475072 1.0 476000
1723232482404 1.0 480000
1723232489654 1.0 484000
1723232496981 1.0 488000
1723232504558 1.0 492000
1723232511967 1.0 496000
1723232519488 1.0 500000
1723232526812 1.0 504000
1723232534257 1.0 508000
1723232541761 1.0 512000
1723232549465 1.0 516000
1723232556855 1.0 520000
1723232564295 1.0 524000
1723232571725 1.0 528000
1723232579065 1.0 532000
1723232586574 1.0 536000
1723232594126 1.0 540000
1723232602278 1.0 544000
1723232609975 1.0 548000
1723232617404 1.0 552000
1723232625039 1.0 556000
1723232632534 1.0 560000
1723232640035 1.0 564000
1723232647500 1.0 568000
1723232655000 1.0 572000
1723232662552 1.0 576000
1723232669945 1.0 580000
1723232677371 1.0 584000
1723232684879 1.0 588000
1723232692297 1.0 592000
1723232700412 1.0 596000
1723232708248 1.0 600000
1723232716481 1.0 604000
1723232723833 1.0 608000
1723232731324 1.0 612000
1723232738639 1.0 616000
1723232746185 1.0 620000
1723232753624 1.0 624000
1723232761277 1.0 628000
1723232768701 1.0 632000
1723232776246 1.0 636000
1723232784185 1.0 640000
1723232791870 1.0 644000
1723232799219 1.0 648000
1723232806779 1.0 652000
1723232814689 1.0 656000
1723232822489 1.0 660000
1723232829662 1.0 664000
1723232837312 1.0 668000
1723232844757 1.0 672000
1723232852888 1.0 676000
1723232860389 1.0 680000
1723232867714 1.0 684000
1723232875182 1.0 688000
1723232883045 1.0 692000
1723232890281 1.0 696000
1723232897576 1.0 700000
1723232904896 1.0 704000
1723232912164 1.0 708000
1723232919484 1.0 712000
1723232926715 1.0 716000
1723232934061 1.0 720000
1723232942086 1.0 724000
1723232949859 1.0 728000
1723232957422 1.0 732000
1723232964880 1.0 736000
1723232972417 1.0 740000
1723232980150 1.0 744000
1723232987736 1.0 748000
1723232995250 1.0 752000
1723233002970 1.0 756000
1723233010604 1.0 760000
1723233018208 1.0 764000
1723233025841 1.0 768000
1723233033541 1.0 772000
1723233040888 1.0 776000
1723233048100 1.0 780000
1723233055463 1.0 784000
1723233062691 1.0 788000
1723233069930 1.0 792000
1723233077239 1.0 796000
1723233084589 1.0 800000
