1723231574304 0.0 4000
1723231581498 0.0 8000
1723231588658 0.0 12000
1723231596067 0.0 16000
1723231603424 0.0 20000
1723231610529 0.0 24000
1723231617946 0.0 28000
1723231625207 0.0 32000
1723231632589 0.0 36000
1723231640306 0.0 40000
1723231647605 0.0 44000
1723231654891 0.0 48000
1723231662245 0.0 52000
1723231669554 0.0 56000
1723231678778 0.0 60000
1723231687432 0.0 64000
1723231695440 0.0 68000
1723231704071 0.0 72000
1723231712925 0.0 76000
1723231721584 0.0 80000
1723231729954 0.0 84000
1723231738045 0.0 88000
1723231745830 0.0 92000
1723231755102 0.0 96000
1723231764824 0.0 100000
1723231772497 0.0 104000
1723231780120 0.0 108000
1723231788040 0.0 112000
1723231796875 0.0 116000
1723231804805 0.0 120000
1723231812547 0.0 124000
1723231820118 0.0 128000
1723231827866 0.0 132000
1723231835501 0.0 136000
1723231843175 0.0 140000
1723231850772 0.0 144000
1723231858573 0.0 148000
1723231866317 0.0 152000
1723231873966 0.0 156000
1723231881520 0.0 160000
1723231889416 0.0 164000
1723231897603 0.0 168000
1723231905370 0.0 172000
1723231912901 0.0 176000
1723231920557 0.0 180000
1723231928426 0.0 184000
1723231936366 0.0 188000
1723231944012 0.0 192000
1723231951780 0.0 196000
1723231959159 0.0 200000
1723231966801 0.0 204000
1723231974162 0.0 208000
1723231981713 0.0 212000
1723231989090 0.0 216000
1723231997033 0.0 220000
1723232004720 0.0 224000
1723232012267 0.0 228000
1723232019709 0.0 232000
1723232027166 0.0 236000
1723232034747 0.0 240000
1723232042322 0.0 244000
1723232049975 0.0 248000
1723232057746 0.0 252000
1723232065926 0.0 256000
1723232073667 0.0 260000
1723232080926 0.0 264000
1723232088487 0.0 268000
1723232095967 0.0 272000
1723232103478 0.0 276000
1723232111070 0.0 280000
1723232118637 0.0 284000
1723232126183 0.0 288000
1723232133784 0.0 292000
1723232141096 0.0 296000
1723232148525 0.0 300000
1723232155961 0.0 304000
1723232163396 0.0 308000
1723232171334 0.0 312000
1723232178736 0.0 316000
1723232186192 0.0 320000
1723232193453 0.0 324000
1723232200974 0.0 328000
1723232208532 0.0 332000
1723232215989 0.0 336000
1723232223610 0.0 340000
1723232231001 0.0 344000
1723232238901 0.0 348000
1723232246551 0.0 352000
1723232253811 0.0 356000
1723232260948 0.0 360000
1723232268803 0.0 364000
1723232276456 0.0 368000
1723232283901 0.0 372000
1723232291274 0.0 376000
1723232298895 0.0 380000
1723232306395 0.0 384000
1723232313886 0.0 388000
1723232321214 0.0 392000
1723232328606 0.0 396000
1723232335822 0.0 400000
1723232343346 0.0 404000
1723232350662 0.0 408000
1723232358145 0.0 412000
1723232365423 0.0 416000
1723232372661 0.0 420000
1723232379866 0.0 424000
1723232387281 0.0 428000
1723232394645 0.0 432000
1723232402025 0.0 436000
1723232409177 0.0 440000
1723232416480 0.0 444000
1723232423797 0.0 448000
1723232431164 0.0 452000
1723232438420 0.0 456000
1723232445582 0.0 460000
1723232453245 0.0 464000
1723232460482 0.0 468000
1723232467653 0.0 472000
1723232475039 0.0 476000
1723232482372 0.0 480000
1723232489621 0.0 484000
1723232496947 0.0 488000
1723232504526 0.0 492000
1723232511935 0.0 496000
1723232519456 0.0 500000
1723232526780 0.0 504000
1723232534225 0.0 508000
1723232541729 0.0 512000
1723232549433 0.0 516000
1723232556823 0.0 520000
1723232564261 0.0 524000
1723232571691 0.0 528000
1723232579032 0.0 532000
1723232586541 0.0 536000
1723232594094 0.0 540000
1723232602243 0.0 544000
1723232609943 0.0 548000
1723232617371 0.0 552000
1723232625006 0.0 556000
1723232632502 0.0 560000
1723232640002 0.0 564000
1723232647468 0.0 568000
1723232654965 0.0 572000
1723232662520 0.0 576000
1723232669913 0.0 580000
1723232677339 0.0 584000
1723232684845 0.0 588000
1723232692262 0.0 592000
1723232700379 0.0 596000
1723232708215 0.0 600000
1723232716448 0.0 604000
1723232723801 0.0 608000
1723232731290 0.0 612000
1723232738604 0.0 616000
1723232746153 0.0 620000
1723232753591 0.0 624000
1723232761243 0.0 628000
1723232768667 0.0 632000
1723232776212 0.0 636000
1723232784151 0.0 640000
1723232791837 0.0 644000
1723232799187 0.0 648000
1723232806746 0.0 652000
1723232814656 0.0 656000
1723232822454 0.0 660000
1723232829629 0.0 664000
1723232837278 0.0 668000
1723232844722 0.0 672000
1723232852853 0.0 676000
1723232860356 0.0 680000
1723232867681 0.0 684000
1723232875150 0.0 688000
1723232883013 0.0 692000
1723232890248 0.0 696000
1723232897544 0.0 700000
1723232904860 0.0 704000
1723232912131 0.0 708000
1723232919452 0.0 712000
1723232926682 0.0 716000
1723232934029 0.0 720000
1723232942053 0.0 724000
1723232949826 0.0 728000
1723232957389 0.0 732000
1723232964844 0.0 736000
1723232972383 0.0 740000
1723232980116 0.0 744000
1723232987703 0.0 748000
1723232995216 0.0 752000
1723233002937 0.0 756000
1723233010571 0.0 760000
1723233018176 0.0 764000
1723233025803 0.0 768000
1723233033508 0.0 772000
1723233040855 0.0 776000
1723233048068 0.0 780000
1723233055427 0.0 784000
1723233062655 0.0 788000
1723233069897 0.0 792000
1723233077207 0.0 796000
1723233084556 0.0 800000
