1723231574312 1.0 4000
1723231581505 1.0 8000
1723231588665 1.0 12000
1723231596074 1.0 16000
1723231603431 1.0 20000
1723231610536 1.0 24000
1723231617953 1.0 28000
1723231625214 1.0 32000
1723231632600 1.0 36000
1723231640312 1.0 40000
1723231647612 1.0 44000
1723231654899 1.0 48000
1723231662252 1.0 52000
1723231669561 1.0 56000
1723231678784 1.0 60000
1723231687438 1.0 64000
1723231695446 1.0 68000
1723231704078 1.0 72000
1723231712932 1.0 76000
1723231721591 1.0 80000
1723231729960 1.0 84000
1723231738052 1.0 88000
1723231745836 1.0 92000
1723231755110 1.0 96000
1723231764831 1.0 100000
1723231772503 1.0 104000
1723231780126 1.0 108000
1723231788047 1.0 112000
1723231796882 1.0 116000
1723231804812 1.0 120000
1723231812554 1.0 124000
1723231820124 1.0 128000
1723231827873 1.0 132000
1723231835508 1.0 136000
1723231843181 1.0 140000
1723231850778 1.0 144000
1723231858580 1.0 148000
1723231866324 1.0 152000
1723231873973 1.0 156000
1723231881527 1.0 160000
1723231889423 1.0 164000
1723231897609 1.0 168000
1723231905377 1.0 172000
1723231912908 1.0 176000
1723231920564 1.0 180000
1723231928433 1.0 184000
1723231936372 1.0 188000
1723231944020 1.0 192000
1723231951786 1.0 196000
1723231959165 1.0 200000
1723231966807 1.0 204000
1723231974168 1.0 208000
1723231981719 1.0 212000
1723231989097 1.0 216000
1723231997039 1.0 220000
1723232004726 1.0 224000
1723232012274 1.0 228000
1723232019715 1.0 232000
1723232027173 1.0 236000
1723232034754 1.0 240000
1723232042329 1.0 244000
1723232049982 1.0 248000
1723232057752 1.0 252000
1723232065934 1.0 256000
1723232073674 1.0 260000
1723232080932 1.0 264000
1723232088493 1.0 268000
1723232095974 1.0 272000
1723232103485 1.0 276000
1723232111076 1.0 280000
1723232118644 1.0 284000
1723232126191 1.0 288000
1723232133790 1.0 292000
1723232141102 1.0 296000
1723232148532 1.0 300000
1723232155976 1.0 304000
1723232163403 1.0 308000
1723232171340 1.0 312000
1723232178743 1.0 316000
1723232186199 1.0 320000
1723232193460 1.0 324000
1723232200980 1.0 328000
1723232208539 1.0 332000
1723232215996 1.0 336000
1723232223616 1.0 340000
1723232231008 1.0 344000
1723232238908 1.0 348000
1723232246557 1.0 352000
1723232253817 1.0 356000
1723232260955 1.0 360000
1723232268809 1.0 364000
1723232276462 1.0 368000
1723232283907 1.0 372000
1723232291280 1.0 376000
1723232298902 1.0 380000
1723232306402 1.0 384000
1723232313892 1.0 388000
1723232321220 1.0 392000
1723232328613 1.0 396000
1723232335828 1.0 400000
1723232343353 1.0 404000
1723232350670 1.0 408000
1723232358151 1.0 412000
1723232365429 1.0 416000
1723232372667 1.0 420000
1723232379873 1.0 424000
1723232387287 1.0 428000
1723232394652 1.0 432000
1723232402032 1.0 436000
1723232409184 1.0 440000
1723232416486 1.0 444000
1723232423804 1.0 448000
1723232431170 1.0 452000
1723232438427 1.0 456000
1723232445588 1.0 460000
1723232453251 1.0 464000
1723232460489 1.0 468000
1723232467659 1.0 472000
1723232475046 1.0 476000
1723232482378 1.0 480000
1723232489628 1.0 484000
1723232496953 1.0 488000
1723232504533 1.0 492000
1723232511941 1.0 496000
1723232519463 1.0 500000
1723232526787 1.0 504000
1723232534231 1.0 508000
1723232541735 1.0 512000
1723232549439 1.0 516000
1723232556830 1.0 520000
1723232564268 1.0 524000
1723232571698 1.0 528000
1723232579039 1.0 532000
1723232586548 1.0 536000
1723232594100 1.0 540000
1723232602250 1.0 544000
1723232609949 1.0 548000
1723232617377 1.0 552000
1723232625013 1.0 556000
1723232632508 1.0 560000
1723232640008 1.0 564000
1723232647474 1.0 568000
1723232654971 1.0 572000
1723232662526 1.0 576000
1723232669919 1.0 580000
1723232677346 1.0 584000
1723232684852 1.0 588000
1723232692270 1.0 592000
1723232700386 1.0 596000
1723232708222 1.0 600000
1723232716455 1.0 604000
1723232723808 1.0 608000
1723232731297 1.0 612000
1723232738612 1.0 616000
1723232746160 1.0 620000
1723232753597 1.0 624000
1723232761250 1.0 628000
1723232768675 1.0 632000
1723232776219 1.0 636000
1723232784158 1.0 640000
1723232791844 1.0 644000
1723232799193 1.0 648000
1723232806753 1.0 652000
1723232814663 1.0 656000
1723232822462 1.0 660000
1723232829636 1.0 664000
1723232837285 1.0 668000
1723232844729 1.0 672000
1723232852861 1.0 676000
1723232860363 1.0 680000
1723232867688 1.0 684000
1723232875156 1.0 688000
1723232883019 1.0 692000
1723232890254 1.0 696000
1723232897550 1.0 700000
1723232904867 1.0 704000
1723232912138 1.0 708000
1723232919458 1.0 712000
1723232926688 1.0 716000
1723232934036 1.0 720000
1723232942060 1.0 724000
1723232949832 1.0 728000
1723232957396 1.0 732000
1723232964852 1.0 736000
1723232972390 1.0 740000
1723232980123 1.0 744000
1723232987710 1.0 748000
1723232995222 1.0 752000
1723233002943 1.0 756000
1723233010578 1.0 760000
1723233018182 1.0 764000
1723233025810 1.0 768000
1723233033515 1.0 772000
1723233040862 1.0 776000
1723233048074 1.0 780000
1723233055434 1.0 784000
1723233062664 1.0 788000
1723233069904 1.0 792000
1723233077213 1.0 796000
1723233084563 1.0 800000
