1723231574337 -1.0 4000
1723231581525 -1.0 8000
1723231588686 -1.0 12000
1723231596095 -1.0 16000
1723231603451 -1.0 20000
1723231610555 -1.0 24000
1723231617974 -1.0 28000
1723231625234 -1.0 32000
1723231632632 -1.0 36000
1723231640333 -1.0 40000
1723231647632 -1.0 44000
1723231654919 -1.0 48000
1723231662272 -1.0 52000
1723231669581 -1.0 56000
1723231678812 -1.0 60000
1723231687459 -1.0 64000
1723231695466 -1.0 68000
1723231704097 -1.0 72000
1723231712953 -1.0 76000
1723231721611 -1.0 80000
1723231729982 -1.0 84000
1723231738072 -1.0 88000
1723231745856 -1.0 92000
1723231755138 -1.0 96000
1723231764851 -1.0 100000
1723231772524 -1.0 104000
1723231780146 -1.0 108000
1723231788067 -1.0 112000
1723231796903 -1.0 116000
1723231804832 -1.0 120000
1723231812574 -1.0 124000
1723231820144 -1.0 128000
1723231827893 -1.0 132000
1723231835528 -1.0 136000
1723231843201 -1.0 140000
1723231850798 -1.0 144000
1723231858599 -1.0 148000
1723231866344 -1.0 152000
1723231873993 -1.0 156000
1723231881546 -1.0 160000
1723231889444 -1.0 164000
1723231897637 -1.0 168000
1723231905397 -1.0 172000
1723231912928 -1.0 176000
1723231920584 -1.0 180000
1723231928459 -1.0 184000
1723231936392 -1.0 188000
1723231944040 -1.0 192000
1723231951806 -1.0 196000
1723231959185 -1.0 200000
1723231966836 -1.0 204000
1723231974189 -1.0 208000
1723231981739 -1.0 212000
1723231989117 -1.0 216000
1723231997061 -1.0 220000
1723232004746 -1.0 224000
1723232012294 -1.0 228000
1723232019736 -1.0 232000
1723232027226 -1.0 236000
1723232034774 -1.0 240000
1723232042349 -1.0 244000
1723232050002 -1.0 248000
1723232057773 -1.0 252000
1723232065958 -1.0 256000
1723232073694 -1.0 260000
1723232080952 -1.0 264000
1723232088515 -1.0 268000
1723232095994 -1.0 272000
1723232103505 -1.0 276000
1723232111096 -1.0 280000
1723232118664 -1.0 284000
1723232126211 -1.0 288000
1723232133811 -1.0 292000
1723232141122 -1.0 296000
1723232148552 -1.0 300000
1723232156014 -1.0 304000
1723232163424 -1.0 308000
1723232171360 -1.0 312000
1723232178763 -1.0 316000
1723232186220 -1.0 320000
1723232193480 -1.0 324000
1723232201000 -1.0 328000
1723232208560 -1.0 332000
1723232216016 -1.0 336000
1723232223637 -1.0 340000
1723232231028 -1.0 344000
1723232238928 -1.0 348000
1723232246577 -1.0 352000
1723232253838 -1.0 356000
1723232260978 -1.0 360000
1723232268830 -1.0 364000
1723232276482 -1.0 368000
1723232283928 -1.0 372000
1723232291300 -1.0 376000
1723232298923 -1.0 380000
1723232306423 -1.0 384000
1723232313912 -1.0 388000
1723232321240 -1.0 392000
1723232328633 -1.0 396000
1723232335849 -1.0 400000
1723232343374 -1.0 404000
1723232350690 -1.0 408000
1723232358171 -1.0 412000
1723232365449 -1.0 416000
1723232372687 -1.0 420000
1723232379894 -1.0 424000
1723232387308 -1.0 428000
1723232394672 -1.0 432000
1723232402052 -1.0 436000
1723232409204 -1.0 440000
1723232416507 -1.0 444000
1723232423824 -1.0 448000
1723232431191 -1.0 452000
1723232438447 -1.0 456000
1723232445609 -1.0 460000
1723232453271 -1.0 464000
1723232460509 -1.0 468000
1723232467679 -1.0 472000
1723232475066 -1.0 476000
1723232482398 -1.0 480000
1723232489648 -1.0 484000
1723232496974 -1.0 488000
1723232504552 -1.0 492000
1723232511961 -1.0 496000
1723232519483 -1.0 500000
1723232526807 -1.0 504000
1723232534251 -1.0 508000
1723232541755 -1.0 512000
1723232549459 -1.0 516000
1723232556849 -1.0 520000
1723232564289 -1.0 524000
1723232571719 -1.0 528000
1723232579059 -1.0 532000
1723232586568 -1.0 536000
1723232594120 -1.0 540000
1723232602272 -1.0 544000
1723232609970 -1.0 548000
1723232617398 -1.0 552000
1723232625033 -1.0 556000
1723232632528 -1.0 560000
1723232640029 -1.0 564000
1723232647494 -1.0 568000
1723232654992 -1.0 572000
1723232662546 -1.0 576000
1723232669939 -1.0 580000
1723232677365 -1.0 584000
1723232684873 -1.0 588000
1723232692291 -1.0 592000
1723232700406 -1.0 596000
1723232708242 -1.0 600000
1723232716475 -1.0 604000
1723232723828 -1.0 608000
1723232731318 -1.0 612000
1723232738632 -1.0 616000
1723232746180 -1.0 620000
1723232753617 -1.0 624000
1723232761271 -1.0 628000
1723232768695 -1.0 632000
1723232776239 -1.0 636000
1723232784179 -1.0 640000
1723232791864 -1.0 644000
1723232799213 -1.0 648000
1723232806773 -1.0 652000
1723232814683 -1.0 656000
1723232822483 -1.0 660000
1723232829656 -1.0 664000
1723232837306 -1.0 668000
1723232844751 -1.0 672000
1723232852882 -1.0 676000
1723232860383 -1.0 680000
1723232867708 -1.0 684000
1723232875176 -1.0 688000
1723232883039 -1.0 692000
1723232890275 -1.0 696000
1723232897570 -1.0 700000
1723232904889 -1.0 704000
1723232912158 -1.0 708000
1723232919478 -1.0 712000
1723232926709 -1.0 716000
1723232934056 -1.0 720000
1723232942080 -1.0 724000
1723232949853 -1.0 728000
1723232957416 -1.0 732000
1723232964873 -1.0 736000
1723232972411 -1.0 740000
1723232980144 -1.0 744000
1723232987730 -1.0 748000
1723232995244 -1.0 752000
1723233002964 -1.0 756000
1723233010598 -1.0 760000
1723233018202 -1.0 764000
1723233025834 -1.0 768000
1723233033535 -1.0 772000
1723233040882 -1.0 776000
1723233048094 -1.0 780000
1723233055457 -1.0 784000
1723233062684 -1.0 788000
1723233069924 -1.0 792000
1723233077233 -1.0 796000
1723233084583 -1.0 800000
