1723235371562 0.0 4000
1723235378854 0.0 8000
1723235386186 0.0 12000
1723235393414 0.0 16000
1723235401507 0.0 20000
1723235409647 0.0 24000
1723235417376 0.0 28000
1723235425046 0.0 32000
1723235432742 0.0 36000
1723235440342 0.0 40000
1723235447897 0.0 44000
1723235455307 0.0 48000
1723235463608 0.0 52000
1723235472372 0.0 56000
1723235480437 0.0 60000
1723235488296 0.0 64000
1723235496326 0.0 68000
1723235504111 0.0 72000
1723235511782 0.0 76000
1723235519426 0.0 80000
1723235527074 0.0 84000
1723235535180 0.0 88000
1723235543089 0.0 92000
1723235550806 0.0 96000
1723235558495 0.0 100000
1723235566438 0.0 104000
1723235574067 0.0 108000
1723235581693 0.0 112000
1723235589186 0.0 116000
1723235596917 0.0 120000
1723235604742 0.0 124000
1723235612376 0.0 128000
1723235619954 0.0 132000
1723235627422 0.0 136000
1723235634975 0.0 140000
1723235642530 0.0 144000
1723235649925 0.0 148000
1723235658087 0.0 152000
1723235665583 0.0 156000
1723235673045 0.0 160000
1723235680524 0.0 164000
1723235688256 0.0 168000
1723235696199 0.0 172000
1723235704103 0.0 176000
1723235712258 0.0 180000
1723235720625 0.0 184000
1723235728448 0.0 188000
1723235736253 0.0 192000
1723235745032 0.0 196000
1723235753605 0.0 200000
1723235761844 0.0 204000
1723235770740 0.0 208000
1723235779547 0.0 212000
1723235787658 0.0 216000
1723235795477 0.0 220000
1723235803335 0.0 224000
1723235811806 0.0 228000
1723235819805 0.0 232000
1723235828028 0.0 236000
1723235837113 0.0 240000
1723235846368 0.0 244000
1723235854600 0.0 248000
1723235862613 0.0 252000
1723235871536 0.0 256000
1723235879739 0.0 260000
1723235887606 0.0 264000
1723235895380 0.0 268000
1723235903176 0.0 272000
1723235910806 0.0 276000
1723235918318 0.0 280000
1723235925753 0.0 284000
1723235933275 0.0 288000
1723235940732 0.0 292000
1723235948424 0.0 296000
1723235956632 0.0 300000
1723235964262 0.0 304000
1723235971821 0.0 308000
1723235979198 0.0 312000
1723235986581 0.0 316000
1723235994079 0.0 320000
1723236001628 0.0 324000
1723236009461 0.0 328000
1723236017710 0.0 332000
1723236025150 0.0 336000
1723236032610 0.0 340000
1723236039778 0.0 344000
1723236047217 0.0 348000
1723236054567 0.0 352000
1723236061961 0.0 356000
1723236069508 0.0 360000
1723236077440 0.0 364000
1723236084967 0.0 368000
1723236092400 0.0 372000
1723236099584 0.0 376000
1723236107106 0.0 380000
1723236114549 0.0 384000
1723236121942 0.0 388000
1723236129327 0.0 392000
1723236137473 0.0 396000
1723236145245 0.0 400000
1723236153244 0.0 404000
1723236160629 0.0 408000
1723236168399 0.0 412000
1723236175823 0.0 416000
1723236183152 0.0 420000
1723236190643 0.0 424000
1723236198987 0.0 428000
1723236206946 0.0 432000
1723236214450 0.0 436000
1723236221856 0.0 440000
1723236229266 0.0 444000
1723236237167 0.0 448000
1723236244715 0.0 452000
1723236252091 0.0 456000
1723236259910 0.0 460000
1723236267640 0.0 464000
1723236275058 0.0 468000
1723236282616 0.0 472000
1723236290575 0.0 476000
1723236298047 0.0 480000
1723236305483 0.0 484000
1723236312959 0.0 488000
1723236320492 0.0 492000
1723236327994 0.0 496000
1723236335465 0.0 500000
1723236342795 0.0 504000
1723236350138 0.0 508000
1723236357560 0.0 512000
1723236365047 0.0 516000
1723236372228 0.0 520000
1723236380334 0.0 524000
1723236387762 0.0 528000
1723236395098 0.0 532000
1723236402589 0.0 536000
1723236409824 0.0 540000
1723236417320 0.0 544000
1723236424705 0.0 548000
1723236432098 0.0 552000
1723236440392 0.0 556000
1723236448062 0.0 560000
1723236455465 0.0 564000
1723236462830 0.0 568000
1723236470337 0.0 572000
1723236477696 0.0 576000
1723236485122 0.0 580000
1723236492617 0.0 584000
1723236501090 0.0 588000
1723236509143 0.0 592000
1723236516724 0.0 596000
1723236524735 0.0 600000
1723236532640 0.0 604000
1723236540301 0.0 608000
1723236547934 0.0 612000
1723236555484 0.0 616000
1723236563309 0.0 620000
1723236571018 0.0 624000
1723236579006 0.0 628000
1723236587171 0.0 632000
1723236595784 0.0 636000
1723236606143 0.0 640000
1723236614445 0.0 644000
1723236622772 0.0 648000
1723236630976 0.0 652000
1723236639374 0.0 656000
1723236647240 0.0 660000
1723236654887 0.0 664000
1723236662473 0.0 668000
1723236670049 0.0 672000
1723236677607 0.0 676000
1723236685270 0.0 680000
1723236692934 0.0 684000
1723236700859 0.0 688000
1723236708802 0.0 692000
1723236716337 0.0 696000
1723236724150 0.0 700000
1723236731909 0.0 704000
1723236739947 0.0 708000
1723236748319 0.0 712000
1723236756184 0.0 716000
1723236764493 0.0 720000
1723236773257 0.0 724000
1723236781555 0.0 728000
1723236789928 0.0 732000
1723236797982 0.0 736000
1723236806006 0.0 740000
1723236813676 0.0 744000
1723236821715 0.0 748000
1723236829289 0.0 752000
1723236836687 0.0 756000
1723236844255 0.0 760000
1723236851783 0.0 764000
1723236860060 0.0 768000
1723236867577 0.0 772000
1723236875040 0.0 776000
1723236882433 0.0 780000
1723236890021 0.0 784000
1723236897506 0.0 788000
1723236905066 0.0 792000
1723236912665 0.0 796000
1723236920272 0.0 800000
