1723235371566 514.5821761236576 4000
1723235378858 562.939118399769 8000
1723235386190 555.7350124483106 12000
1723235393433 563.7713380688575 16000
1723235401512 506.8956345931679 20000
1723235409651 500.7912501370091 24000
1723235417379 526.6941032555787 28000
1723235425050 530.5446634778318 32000
1723235432746 528.7960524466139 36000
1723235440345 535.6976740955912 40000
1723235447900 539.1047550888622 44000
1723235455311 549.6374870151986 48000
1723235463611 493.07859060749837 52000
1723235472376 464.43340476958133 56000
1723235480441 507.54355139233553 60000
1723235488299 518.4653906325447 64000
1723235496330 507.03606615917977 68000
1723235504115 523.19636712987 72000
1723235511786 533.5389993637812 76000
1723235519430 533.0745512176627 80000
1723235527078 532.6310326267468 84000
1723235535183 502.31725544594923 88000
1723235543093 515.0454292954449 92000
1723235550809 528.0596994067439 96000
1723235558499 530.0094018040937 100000
1723235566442 513.3396366072142 104000
1723235574070 534.3612948658882 108000
1723235581697 534.5086744317307 112000
1723235589189 544.0975371382245 116000
1723235596923 526.8085484254759 120000
1723235604746 523.3500422414816 124000
1723235612379 533.9024655461998 128000
1723235619958 537.6006554304865 132000
1723235627425 545.6745368615691 136000
1723235634978 539.7103410573509 140000
1723235642534 539.8123798875002 144000
1723235649928 551.4627033650723 148000
1723235658091 498.9840064553905 152000
1723235665586 543.9543816943956 156000
1723235673049 546.8064998378048 160000
1723235680527 545.3761091411719 164000
1723235688259 527.1939258690104 168000
1723235696202 513.4754112960994 172000
1723235704107 515.5117349080252 176000
1723235712262 499.654606324622 180000
1723235720629 486.6590366288228 184000
1723235728452 521.2078732100273 188000
1723235736256 522.2927600483715 192000
1723235745036 464.55529184852884 196000
1723235753608 475.1135541324138 200000
1723235761848 494.28879440193106 204000
1723235770743 457.5758691497686 208000
1723235779550 462.159329229974 212000
1723235787661 502.6678625235927 216000
1723235795481 523.7230828234432 220000
1723235803340 518.7834642644058 224000
1723235811810 480.72224600444355 228000
1723235819808 509.6841165735888 232000
1723235828032 495.8109435181171 236000
1723235837117 449.33390861902774 240000
1723235846371 442.7081611276524 244000
1723235854603 498.74073821062024 248000
1723235862617 509.16821794510645 252000
1723235871540 459.9394018381 256000
1723235879742 497.2220148473555 260000
1723235887610 518.890533105297 264000
1723235895383 524.7781263707138 268000
1723235903179 523.4299021042378 272000
1723235910810 534.4948131700731 276000
1723235918323 543.5096607541706 280000
1723235925757 549.3550899204151 284000
1723235933279 542.5933006227017 288000
1723235940736 547.7380346065949 292000
1723235948428 530.4211604240153 296000
1723235956635 496.462414236904 300000
1723235964265 535.2352672782548 304000
1723235971825 540.0069440065682 308000
1723235979201 553.7316235303173 312000
1723235986585 553.2282515458915 316000
1723235994082 544.4581320753982 320000
1723236001631 541.0783371496759 324000
1723236009464 520.785344245483 328000
1723236017713 494.16849217311045 332000
1723236025154 549.1076844989685 336000
1723236032614 547.6510326501837 340000
1723236039782 570.2053735922078 344000
1723236047220 549.2184140215486 348000
1723236054571 555.7603251267016 352000
1723236061966 552.3475671044106 356000
1723236069512 541.2736055262172 360000
1723236077443 514.6167905729872 364000
1723236084971 545.1204951945081 368000
1723236092403 549.8430016394136 372000
1723236099588 569.0430587442819 376000
1723236107109 543.1310491627466 380000
1723236114552 549.0088565765633 384000
1723236121946 552.7659124981212 388000
1723236129331 553.3736474769939 392000
1723236137476 500.92558223302507 396000
1723236145249 525.4706867271923 400000
1723236153247 510.05901127715407 404000
1723236160632 553.7550176697957 408000
1723236168403 525.3160270488087 412000
1723236175826 550.5722504131946 416000
1723236183155 557.6762699852337 420000
1723236190647 545.486722038313 424000
1723236198991 493.51551843200986 428000
1723236206949 513.8695989905411 432000
1723236214454 545.9688673210225 436000
1723236221860 552.7177454044913 440000
1723236229270 552.5135155277286 444000
1723236237171 516.8604408824106 448000
1723236244719 541.9039949183064 452000
1723236252095 554.2456347234962 456000
1723236259913 522.9146626849572 460000
1723236267643 529.3675963994632 464000
1723236275062 551.5569406746457 468000
1723236282620 541.4866831073983 472000
1723236290579 513.4667052330481 476000
1723236298051 547.5997670062675 480000
1723236305487 550.1843882656038 484000
1723236312963 546.8334118246631 488000
1723236320496 543.3230162553081 492000
1723236327997 544.9590459308451 496000
1723236335469 547.7130719083126 500000
1723236342799 558.2699995481189 504000
1723236350142 557.2921471050296 508000
1723236357563 551.3084905409273 512000
1723236365051 546.548653377749 516000
1723236372232 570.4591060517325 520000
1723236380338 504.8086793117853 524000
1723236387766 551.9851303825589 528000
1723236395102 558.1033976605999 532000
1723236402593 546.7705559715134 536000
1723236409828 566.1172539701848 540000
1723236417324 545.7402653284291 544000
1723236424709 554.125163825159 548000
1723236432102 553.5189189717066 552000
1723236440396 494.2818335336666 556000
1723236448066 533.4925300082903 560000
1723236455469 552.9712585542254 564000
1723236462834 556.0888626317769 568000
1723236470341 545.493993774549 572000
1723236477699 556.4442525789899 576000
1723236485126 551.3745323589452 580000
1723236492621 546.4981813542121 584000
1723236501093 486.4776778718921 588000
1723236509147 507.70918494523806 592000
1723236516727 540.4004793677386 596000
1723236524738 510.3353051727507 600000
1723236532644 517.5254784010622 604000
1723236540304 534.4080689005169 608000
1723236547937 536.1322161653941 612000
1723236555487 542.439535518404 616000
1723236563313 523.0450325156983 620000
1723236571022 530.6726050286948 624000
1723236579010 511.90283094456555 628000
1723236587175 501.9191571432794 632000
1723236595789 477.95339101385696 636000
1723236606147 406.5631834478547 640000
1723236614448 493.1062418798848 644000
1723236622776 491.6359953676571 648000
1723236630980 499.41887526018445 652000
1723236639377 487.4195261170645 656000
1723236647244 520.3035318128625 660000
1723236654891 536.1532215868097 664000
1723236662476 539.9053702273682 668000
1723236670053 541.5086869759881 672000
1723236677610 541.8014088463725 676000
1723236685275 534.3816511177102 680000
1723236692937 534.6361500013511 684000
1723236700863 516.5636621339664 688000
1723236708805 515.305674579795 692000
1723236716341 543.746371721845 696000
1723236724154 523.8615603192264 700000
1723236731913 527.5995776741929 704000
1723236739950 509.19289700684203 708000
1723236748322 488.9042429388895 712000
1723236756191 521.0322485834375 716000
1723236764497 495.0856659509947 720000
1723236773260 466.15938183343843 724000
1723236781559 492.9340371256789 728000
1723236789931 488.8281465586805 732000
1723236797986 508.480747764094 736000
1723236806010 510.9588558396741 740000
1723236813680 534.2793749320695 744000
1723236821719 509.3731715083567 748000
1723236829293 541.48521508131 752000
1723236836691 554.4939358604495 756000
1723236844258 548.5962483327247 760000
1723236851787 544.9040178074822 764000
1723236860074 495.93708984362473 768000
1723236867581 546.5073671026475 772000
1723236875043 549.4057132284497 776000
1723236882436 555.0177547486952 780000
1723236890025 540.2334807715647 784000
1723236897510 548.0869636235932 788000
1723236905070 542.4214192564529 792000
1723236912669 539.684698493618 796000
1723236920276 539.2570337792916 800000
