1723235371567 4000.0 4000
1723235378859 8000.0 8000
1723235386191 12000.0 12000
1723235393434 16000.0 16000
1723235401513 20000.0 20000
1723235409652 24000.0 24000
1723235417380 28000.0 28000
1723235425051 32000.0 32000
1723235432746 36000.0 36000
1723235440346 40000.0 40000
1723235447901 44000.0 44000
1723235455312 48000.0 48000
1723235463612 52000.0 52000
1723235472376 56000.0 56000
1723235480442 60000.0 60000
1723235488300 64000.0 64000
1723235496331 68000.0 68000
1723235504116 72000.0 72000
1723235511787 76000.0 76000
1723235519431 80000.0 80000
1723235527079 84000.0 84000
1723235535184 88000.0 88000
1723235543093 92000.0 92000
1723235550810 96000.0 96000
1723235558500 100000.0 100000
1723235566443 104000.0 104000
1723235574071 108000.0 108000
1723235581697 112000.0 112000
1723235589190 116000.0 116000
1723235596923 120000.0 120000
1723235604746 124000.0 124000
1723235612380 128000.0 128000
1723235619958 132000.0 132000
1723235627426 136000.0 136000
1723235634979 140000.0 140000
1723235642535 144000.0 144000
1723235649929 148000.0 148000
1723235658092 152000.0 152000
1723235665587 156000.0 156000
1723235673049 160000.0 160000
1723235680528 164000.0 164000
1723235688260 168000.0 168000
1723235696203 172000.0 172000
1723235704108 176000.0 176000
1723235712263 180000.0 180000
1723235720630 184000.0 184000
1723235728452 188000.0 188000
1723235736257 192000.0 192000
1723235745037 196000.0 196000
1723235753609 200000.0 200000
1723235761849 204000.0 204000
1723235770744 208000.0 208000
1723235779551 212000.0 212000
1723235787662 216000.0 216000
1723235795481 220000.0 220000
1723235803341 224000.0 224000
1723235811811 228000.0 228000
1723235819809 232000.0 232000
1723235828032 236000.0 236000
1723235837117 240000.0 240000
1723235846372 244000.0 244000
1723235854604 248000.0 248000
1723235862618 252000.0 252000
1723235871541 256000.0 256000
1723235879743 260000.0 260000
1723235887611 264000.0 264000
1723235895384 268000.0 268000
1723235903180 272000.0 272000
1723235910810 276000.0 276000
1723235918323 280000.0 280000
1723235925758 284000.0 284000
1723235933280 288000.0 288000
1723235940737 292000.0 292000
1723235948429 296000.0 296000
1723235956636 300000.0 300000
1723235964267 304000.0 304000
1723235971826 308000.0 308000
1723235979202 312000.0 312000
1723235986585 316000.0 316000
1723235994083 320000.0 320000
1723236001632 324000.0 324000
1723236009465 328000.0 328000
1723236017714 332000.0 332000
1723236025155 336000.0 336000
1723236032614 340000.0 340000
1723236039783 344000.0 344000
1723236047221 348000.0 348000
1723236054572 352000.0 352000
1723236061966 356000.0 356000
1723236069512 360000.0 360000
1723236077444 364000.0 364000
1723236084971 368000.0 368000
1723236092404 372000.0 372000
1723236099588 376000.0 376000
1723236107110 380000.0 380000
1723236114553 384000.0 384000
1723236121946 388000.0 388000
1723236129332 392000.0 392000
1723236137477 396000.0 396000
1723236145250 400000.0 400000
1723236153248 404000.0 404000
1723236160633 408000.0 408000
1723236168403 412000.0 412000
1723236175827 416000.0 416000
1723236183156 420000.0 420000
1723236190648 424000.0 424000
1723236198992 428000.0 428000
1723236206950 432000.0 432000
1723236214454 436000.0 436000
1723236221861 440000.0 440000
1723236229271 444000.0 444000
1723236237171 448000.0 448000
1723236244719 452000.0 452000
1723236252096 456000.0 456000
1723236259914 460000.0 460000
1723236267644 464000.0 464000
1723236275063 468000.0 468000
1723236282621 472000.0 472000
1723236290580 476000.0 476000
1723236298052 480000.0 480000
1723236305488 484000.0 484000
1723236312963 488000.0 488000
1723236320496 492000.0 492000
1723236327998 496000.0 496000
1723236335469 500000.0 500000
1723236342800 504000.0 504000
1723236350142 508000.0 508000
1723236357564 512000.0 512000
1723236365052 516000.0 516000
1723236372232 520000.0 520000
1723236380339 524000.0 524000
1723236387767 528000.0 528000
1723236395103 532000.0 532000
1723236402594 536000.0 536000
1723236409829 540000.0 540000
1723236417324 544000.0 544000
1723236424710 548000.0 548000
1723236432102 552000.0 552000
1723236440397 556000.0 556000
1723236448067 560000.0 560000
1723236455470 564000.0 564000
1723236462835 568000.0 568000
1723236470342 572000.0 572000
1723236477700 576000.0 576000
1723236485127 580000.0 580000
1723236492621 584000.0 584000
1723236501094 588000.0 588000
1723236509147 592000.0 592000
1723236516728 596000.0 596000
1723236524739 600000.0 600000
1723236532645 604000.0 604000
1723236540305 608000.0 608000
1723236547938 612000.0 612000
1723236555488 616000.0 616000
1723236563314 620000.0 620000
1723236571023 624000.0 624000
1723236579010 628000.0 628000
1723236587176 632000.0 632000
1723236595791 636000.0 636000
1723236606148 640000.0 640000
1723236614449 644000.0 644000
1723236622777 648000.0 648000
1723236630981 652000.0 652000
1723236639378 656000.0 656000
1723236647245 660000.0 660000
1723236654892 664000.0 664000
1723236662477 668000.0 668000
1723236670054 672000.0 672000
1723236677611 676000.0 676000
1723236685276 680000.0 680000
1723236692938 684000.0 684000
1723236700864 688000.0 688000
1723236708806 692000.0 692000
1723236716341 696000.0 696000
1723236724154 700000.0 700000
1723236731914 704000.0 704000
1723236739951 708000.0 708000
1723236748323 712000.0 712000
1723236756208 716000.0 716000
1723236764498 720000.0 720000
1723236773261 724000.0 724000
1723236781560 728000.0 728000
1723236789932 732000.0 732000
1723236797986 736000.0 736000
1723236806010 740000.0 740000
1723236813680 744000.0 744000
1723236821719 748000.0 748000
1723236829294 752000.0 752000
1723236836692 756000.0 756000
1723236844259 760000.0 760000
1723236851788 764000.0 764000
1723236860075 768000.0 768000
1723236867582 772000.0 772000
1723236875044 776000.0 776000
1723236882437 780000.0 780000
1723236890026 784000.0 784000
1723236897511 788000.0 788000
1723236905071 792000.0 792000
1723236912670 796000.0 796000
1723236920277 800000.0 800000
