1723235371564 4000.0 4000
1723235378856 8000.0 8000
1723235386188 12000.0 12000
1723235393425 16000.0 16000
1723235401510 20000.0 20000
1723235409649 24000.0 24000
1723235417378 28000.0 28000
1723235425048 32000.0 32000
1723235432744 36000.0 36000
1723235440344 40000.0 40000
1723235447899 44000.0 44000
1723235455309 48000.0 48000
1723235463610 52000.0 52000
1723235472374 56000.0 56000
1723235480440 60000.0 60000
1723235488298 64000.0 64000
1723235496329 68000.0 68000
1723235504113 72000.0 72000
1723235511784 76000.0 76000
1723235519429 80000.0 80000
1723235527076 84000.0 84000
1723235535182 88000.0 88000
1723235543091 92000.0 92000
1723235550808 96000.0 96000
1723235558497 100000.0 100000
1723235566440 104000.0 104000
1723235574069 108000.0 108000
1723235581695 112000.0 112000
1723235589187 116000.0 116000
1723235596919 120000.0 120000
1723235604744 124000.0 124000
1723235612378 128000.0 128000
1723235619956 132000.0 132000
1723235627423 136000.0 136000
1723235634977 140000.0 140000
1723235642532 144000.0 144000
1723235649927 148000.0 148000
1723235658089 152000.0 152000
1723235665585 156000.0 156000
1723235673047 160000.0 160000
1723235680526 164000.0 164000
1723235688258 168000.0 168000
1723235696201 172000.0 172000
1723235704105 176000.0 176000
1723235712260 180000.0 180000
1723235720627 184000.0 184000
1723235728450 188000.0 188000
1723235736255 192000.0 192000
1723235745035 196000.0 196000
1723235753607 200000.0 200000
1723235761846 204000.0 204000
1723235770742 208000.0 208000
1723235779549 212000.0 212000
1723235787660 216000.0 216000
1723235795479 220000.0 220000
1723235803338 224000.0 224000
1723235811808 228000.0 228000
1723235819807 232000.0 232000
1723235828030 236000.0 236000
1723235837115 240000.0 240000
1723235846370 244000.0 244000
1723235854602 248000.0 248000
1723235862615 252000.0 252000
1723235871538 256000.0 256000
1723235879740 260000.0 260000
1723235887608 264000.0 264000
1723235895381 268000.0 268000
1723235903178 272000.0 272000
1723235910808 276000.0 276000
1723235918321 280000.0 280000
1723235925755 284000.0 284000
1723235933278 288000.0 288000
1723235940734 292000.0 292000
1723235948427 296000.0 296000
1723235956634 300000.0 300000
1723235964264 304000.0 304000
1723235971823 308000.0 308000
1723235979200 312000.0 312000
1723235986583 316000.0 316000
1723235994081 320000.0 320000
1723236001630 324000.0 324000
1723236009463 328000.0 328000
1723236017712 332000.0 332000
1723236025152 336000.0 336000
1723236032612 340000.0 340000
1723236039780 344000.0 344000
1723236047219 348000.0 348000
1723236054569 352000.0 352000
1723236061964 356000.0 356000
1723236069510 360000.0 360000
1723236077442 364000.0 364000
1723236084969 368000.0 368000
1723236092402 372000.0 372000
1723236099586 376000.0 376000
1723236107107 380000.0 380000
1723236114551 384000.0 384000
1723236121944 388000.0 388000
1723236129329 392000.0 392000
1723236137475 396000.0 396000
1723236145248 400000.0 400000
1723236153246 404000.0 404000
1723236160631 408000.0 408000
1723236168401 412000.0 412000
1723236175825 416000.0 416000
1723236183154 420000.0 420000
1723236190645 424000.0 424000
1723236198990 428000.0 428000
1723236206948 432000.0 432000
1723236214452 436000.0 436000
1723236221858 440000.0 440000
1723236229268 444000.0 444000
1723236237169 448000.0 448000
1723236244717 452000.0 452000
1723236252093 456000.0 456000
1723236259912 460000.0 460000
1723236267642 464000.0 464000
1723236275060 468000.0 468000
1723236282618 472000.0 472000
1723236290577 476000.0 476000
1723236298049 480000.0 480000
1723236305485 484000.0 484000
1723236312961 488000.0 488000
1723236320494 492000.0 492000
1723236327996 496000.0 496000
1723236335467 500000.0 500000
1723236342797 504000.0 504000
1723236350140 508000.0 508000
1723236357562 512000.0 512000
1723236365049 516000.0 516000
1723236372230 520000.0 520000
1723236380336 524000.0 524000
1723236387764 528000.0 528000
1723236395100 532000.0 532000
1723236402591 536000.0 536000
1723236409826 540000.0 540000
1723236417322 544000.0 544000
1723236424707 548000.0 548000
1723236432100 552000.0 552000
1723236440394 556000.0 556000
1723236448064 560000.0 560000
1723236455467 564000.0 564000
1723236462833 568000.0 568000
1723236470340 572000.0 572000
1723236477698 576000.0 576000
1723236485124 580000.0 580000
1723236492619 584000.0 584000
1723236501092 588000.0 588000
1723236509145 592000.0 592000
1723236516726 596000.0 596000
1723236524737 600000.0 600000
1723236532642 604000.0 604000
1723236540303 608000.0 608000
1723236547936 612000.0 612000
1723236555486 616000.0 616000
1723236563311 620000.0 620000
1723236571020 624000.0 624000
1723236579008 628000.0 628000
1723236587173 632000.0 632000
1723236595787 636000.0 636000
1723236606146 640000.0 640000
1723236614447 644000.0 644000
1723236622774 648000.0 648000
1723236630978 652000.0 652000
1723236639376 656000.0 656000
1723236647242 660000.0 660000
1723236654889 664000.0 664000
1723236662475 668000.0 668000
1723236670051 672000.0 672000
1723236677609 676000.0 676000
1723236685273 680000.0 680000
1723236692936 684000.0 684000
1723236700861 688000.0 688000
1723236708804 692000.0 692000
1723236716339 696000.0 696000
1723236724152 700000.0 700000
1723236731911 704000.0 704000
1723236739949 708000.0 708000
1723236748321 712000.0 712000
1723236756187 716000.0 716000
1723236764495 720000.0 720000
1723236773259 724000.0 724000
1723236781557 728000.0 728000
1723236789930 732000.0 732000
1723236797984 736000.0 736000
1723236806008 740000.0 740000
1723236813678 744000.0 744000
1723236821717 748000.0 748000
1723236829291 752000.0 752000
1723236836689 756000.0 756000
1723236844257 760000.0 760000
1723236851785 764000.0 764000
1723236860071 768000.0 768000
1723236867579 772000.0 772000
1723236875042 776000.0 776000
1723236882434 780000.0 780000
1723236890023 784000.0 784000
1723236897508 788000.0 788000
1723236905068 792000.0 792000
1723236912667 796000.0 796000
1723236920274 800000.0 800000
