1723235371568 4000.0 4000
1723235378860 4000.0 8000
1723235386192 4000.0 12000
1723235393435 4000.0 16000
1723235401514 4000.0 20000
1723235409652 4000.0 24000
1723235417381 4000.0 28000
1723235425051 4000.0 32000
1723235432747 4000.0 36000
1723235440347 4000.0 40000
1723235447902 4000.0 44000
1723235455313 4000.0 48000
1723235463613 4000.0 52000
1723235472377 4000.0 56000
1723235480443 4000.0 60000
1723235488301 4000.0 64000
1723235496332 4000.0 68000
1723235504116 4000.0 72000
1723235511788 4000.0 76000
1723235519432 4000.0 80000
1723235527079 4000.0 84000
1723235535185 4000.0 88000
1723235543094 4000.0 92000
1723235550811 4000.0 96000
1723235558501 4000.0 100000
1723235566443 4000.0 104000
1723235574072 4000.0 108000
1723235581698 4000.0 112000
1723235589190 4000.0 116000
1723235596924 4000.0 120000
1723235604747 4000.0 124000
1723235612381 4000.0 128000
1723235619959 4000.0 132000
1723235627426 4000.0 136000
1723235634980 4000.0 140000
1723235642536 4000.0 144000
1723235649930 4000.0 148000
1723235658092 4000.0 152000
1723235665588 4000.0 156000
1723235673050 4000.0 160000
1723235680529 4000.0 164000
1723235688261 4000.0 168000
1723235696204 4000.0 172000
1723235704109 4000.0 176000
1723235712264 4000.0 180000
1723235720630 4000.0 184000
1723235728453 4000.0 188000
1723235736258 4000.0 192000
1723235745038 4000.0 196000
1723235753610 4000.0 200000
1723235761849 4000.0 204000
1723235770745 4000.0 208000
1723235779552 4000.0 212000
1723235787663 4000.0 216000
1723235795482 4000.0 220000
1723235803342 4000.0 224000
1723235811811 4000.0 228000
1723235819810 4000.0 232000
1723235828033 4000.0 236000
1723235837118 4000.0 240000
1723235846373 4000.0 244000
1723235854605 4000.0 248000
1723235862619 4000.0 252000
1723235871541 4000.0 256000
1723235879744 4000.0 260000
1723235887611 4000.0 264000
1723235895385 4000.0 268000
1723235903181 4000.0 272000
1723235910811 4000.0 276000
1723235918324 4000.0 280000
1723235925758 4000.0 284000
1723235933281 4000.0 288000
1723235940738 4000.0 292000
1723235948430 4000.0 296000
1723235956637 4000.0 300000
1723235964268 4000.0 304000
1723235971827 4000.0 308000
1723235979203 4000.0 312000
1723235986586 4000.0 316000
1723235994084 4000.0 320000
1723236001633 4000.0 324000
1723236009466 4000.0 328000
1723236017715 4000.0 332000
1723236025155 4000.0 336000
1723236032615 4000.0 340000
1723236039784 4000.0 344000
1723236047222 4000.0 348000
1723236054572 4000.0 352000
1723236061967 4000.0 356000
1723236069513 4000.0 360000
1723236077445 4000.0 364000
1723236084972 4000.0 368000
1723236092405 4000.0 372000
1723236099589 4000.0 376000
1723236107111 4000.0 380000
1723236114553 4000.0 384000
1723236121947 4000.0 388000
1723236129332 4000.0 392000
1723236137478 4000.0 396000
1723236145251 4000.0 400000
1723236153249 4000.0 404000
1723236160634 4000.0 408000
1723236168404 4000.0 412000
1723236175828 4000.0 416000
1723236183157 4000.0 420000
1723236190648 4000.0 424000
1723236198993 4000.0 428000
1723236206951 4000.0 432000
1723236214455 4000.0 436000
1723236221861 4000.0 440000
1723236229272 4000.0 444000
1723236237172 4000.0 448000
1723236244720 4000.0 452000
1723236252096 4000.0 456000
1723236259915 4000.0 460000
1723236267645 4000.0 464000
1723236275064 4000.0 468000
1723236282621 4000.0 472000
1723236290580 4000.0 476000
1723236298052 4000.0 480000
1723236305489 4000.0 484000
1723236312964 4000.0 488000
1723236320497 4000.0 492000
1723236327999 4000.0 496000
1723236335470 4000.0 500000
1723236342800 4000.0 504000
1723236350143 4000.0 508000
1723236357565 4000.0 512000
1723236365052 4000.0 516000
1723236372233 4000.0 520000
1723236380339 4000.0 524000
1723236387768 4000.0 528000
1723236395103 4000.0 532000
1723236402594 4000.0 536000
1723236409829 4000.0 540000
1723236417325 4000.0 544000
1723236424711 4000.0 548000
1723236432103 4000.0 552000
1723236440398 4000.0 556000
1723236448068 4000.0 560000
1723236455471 4000.0 564000
1723236462836 4000.0 568000
1723236470343 4000.0 572000
1723236477701 4000.0 576000
1723236485127 4000.0 580000
1723236492622 4000.0 584000
1723236501095 4000.0 588000
1723236509148 4000.0 592000
1723236516729 4000.0 596000
1723236524740 4000.0 600000
1723236532645 4000.0 604000
1723236540306 4000.0 608000
1723236547939 4000.0 612000
1723236555489 4000.0 616000
1723236563314 4000.0 620000
1723236571023 4000.0 624000
1723236579011 4000.0 628000
1723236587177 4000.0 632000
1723236595792 4000.0 636000
1723236606149 4000.0 640000
1723236614450 4000.0 644000
1723236622778 4000.0 648000
1723236630981 4000.0 652000
1723236639379 4000.0 656000
1723236647246 4000.0 660000
1723236654892 4000.0 664000
1723236662478 4000.0 668000
1723236670054 4000.0 672000
1723236677612 4000.0 676000
1723236685276 4000.0 680000
1723236692939 4000.0 684000
1723236700864 4000.0 688000
1723236708807 4000.0 692000
1723236716342 4000.0 696000
1723236724155 4000.0 700000
1723236731915 4000.0 704000
1723236739952 4000.0 708000
1723236748324 4000.0 712000
1723236756213 4000.0 716000
1723236764499 4000.0 720000
1723236773262 4000.0 724000
1723236781561 4000.0 728000
1723236789933 4000.0 732000
1723236797987 4000.0 736000
1723236806011 4000.0 740000
1723236813681 4000.0 744000
1723236821720 4000.0 748000
1723236829294 4000.0 752000
1723236836693 4000.0 756000
1723236844260 4000.0 760000
1723236851789 4000.0 764000
1723236860076 4000.0 768000
1723236867582 4000.0 772000
1723236875045 4000.0 776000
1723236882438 4000.0 780000
1723236890026 4000.0 784000
1723236897511 4000.0 788000
1723236905071 4000.0 792000
1723236912671 4000.0 796000
1723236920278 4000.0 800000
