1723235371571 88263.0 4000
1723235378863 88263.0 8000
1723235386194 88263.0 12000
1723235393438 88263.0 16000
1723235401516 88263.0 20000
1723235409655 88263.0 24000
1723235417385 88263.0 28000
1723235425055 88263.0 32000
1723235432750 88263.0 36000
1723235440349 88263.0 40000
1723235447905 88263.0 44000
1723235455316 88263.0 48000
1723235463616 88263.0 52000
1723235472380 88263.0 56000
1723235480446 88263.0 60000
1723235488304 88263.0 64000
1723235496335 88263.0 68000
1723235504119 88263.0 72000
1723235511790 88263.0 76000
1723235519435 88263.0 80000
1723235527082 88263.0 84000
1723235535188 88263.0 88000
1723235543097 88263.0 92000
1723235550814 88263.0 96000
1723235558503 88263.0 100000
1723235566446 88263.0 104000
1723235574075 88263.0 108000
1723235581701 88263.0 112000
1723235589193 88263.0 116000
1723235596943 88263.0 120000
1723235604750 88263.0 124000
1723235612384 88263.0 128000
1723235619962 88263.0 132000
1723235627429 88263.0 136000
1723235634982 88263.0 140000
1723235642539 88263.0 144000
1723235649933 88263.0 148000
1723235658095 88263.0 152000
1723235665591 88263.0 156000
1723235673053 88263.0 160000
1723235680532 88263.0 164000
1723235688265 88263.0 168000
1723235696207 88263.0 172000
1723235704112 88263.0 176000
1723235712267 88263.0 180000
1723235720633 88263.0 184000
1723235728456 88263.0 188000
1723235736260 88263.0 192000
1723235745041 88263.0 196000
1723235753612 88263.0 200000
1723235761853 88263.0 204000
1723235770748 88263.0 208000
1723235779556 88263.0 212000
1723235787665 88263.0 216000
1723235795485 88263.0 220000
1723235803345 88263.0 224000
1723235811814 88263.0 228000
1723235819812 88263.0 232000
1723235828037 88263.0 236000
1723235837122 88263.0 240000
1723235846376 88263.0 244000
1723235854607 88263.0 248000
1723235862622 88263.0 252000
1723235871545 88263.0 256000
1723235879746 88263.0 260000
1723235887614 88263.0 264000
1723235895387 88263.0 268000
1723235903184 88263.0 272000
1723235910814 88263.0 276000
1723235918327 88263.0 280000
1723235925761 88263.0 284000
1723235933284 88263.0 288000
1723235940740 88263.0 292000
1723235948433 88263.0 296000
1723235956640 88263.0 300000
1723235964271 88263.0 304000
1723235971830 88263.0 308000
1723235979206 88263.0 312000
1723235986589 88263.0 316000
1723235994087 88263.0 320000
1723236001636 88263.0 324000
1723236009468 88263.0 328000
1723236017717 88263.0 332000
1723236025158 88263.0 336000
1723236032618 88263.0 340000
1723236039786 88263.0 344000
1723236047224 88263.0 348000
1723236054575 88263.0 352000
1723236061970 88263.0 356000
1723236069516 88263.0 360000
1723236077447 88263.0 364000
1723236084975 88263.0 368000
1723236092407 88263.0 372000
1723236099592 88263.0 376000
1723236107113 88263.0 380000
1723236114556 88263.0 384000
1723236121950 88263.0 388000
1723236129335 88263.0 392000
1723236137481 88263.0 396000
1723236145254 88263.0 400000
1723236153252 88263.0 404000
1723236160637 88263.0 408000
1723236168407 88263.0 412000
1723236175831 88263.0 416000
1723236183160 88263.0 420000
1723236190651 88263.0 424000
1723236198996 88263.0 428000
1723236206954 88263.0 432000
1723236214458 88263.0 436000
1723236221864 88263.0 440000
1723236229275 88263.0 444000
1723236237175 88263.0 448000
1723236244723 88263.0 452000
1723236252099 88263.0 456000
1723236259918 88263.0 460000
1723236267648 88263.0 464000
1723236275066 88263.0 468000
1723236282624 88263.0 472000
1723236290583 88263.0 476000
1723236298055 88263.0 480000
1723236305492 88263.0 484000
1723236312968 88263.0 488000
1723236320500 88263.0 492000
1723236328002 88263.0 496000
1723236335473 88263.0 500000
1723236342803 88263.0 504000
1723236350146 88263.0 508000
1723236357568 88263.0 512000
1723236365055 88263.0 516000
1723236372236 88263.0 520000
1723236380342 88263.0 524000
1723236387771 88263.0 528000
1723236395107 88263.0 532000
1723236402597 88263.0 536000
1723236409832 88263.0 540000
1723236417328 88263.0 544000
1723236424713 88263.0 548000
1723236432106 88263.0 552000
1723236440401 88263.0 556000
1723236448071 88263.0 560000
1723236455473 88263.0 564000
1723236462839 88263.0 568000
1723236470345 88263.0 572000
1723236477704 88263.0 576000
1723236485130 88263.0 580000
1723236492625 88263.0 584000
1723236501098 88263.0 588000
1723236509151 88263.0 592000
1723236516731 88263.0 596000
1723236524743 88263.0 600000
1723236532649 88263.0 604000
1723236540309 88263.0 608000
1723236547942 88263.0 612000
1723236555492 88263.0 616000
1723236563317 88263.0 620000
1723236571026 88263.0 624000
1723236579014 88263.0 628000
1723236587179 88263.0 632000
1723236595795 88263.0 636000
1723236606152 88263.0 640000
1723236614453 88263.0 644000
1723236622781 88263.0 648000
1723236630984 88263.0 652000
1723236639382 88263.0 656000
1723236647249 88263.0 660000
1723236654895 88263.0 664000
1723236662481 88263.0 668000
1723236670057 88263.0 672000
1723236677615 88263.0 676000
1723236685280 88263.0 680000
1723236692942 88263.0 684000
1723236700867 88263.0 688000
1723236708810 88263.0 692000
1723236716345 88263.0 696000
1723236724158 88263.0 700000
1723236731917 88263.0 704000
1723236739955 88263.0 708000
1723236748327 88263.0 712000
1723236756224 88263.0 716000
1723236764502 88263.0 720000
1723236773264 88263.0 724000
1723236781564 88263.0 728000
1723236789935 88263.0 732000
1723236797990 88263.0 736000
1723236806014 88263.0 740000
1723236813684 88263.0 744000
1723236821723 88263.0 748000
1723236829297 88263.0 752000
1723236836695 88263.0 756000
1723236844263 88263.0 760000
1723236851792 88263.0 764000
1723236860079 88263.0 768000
1723236867585 88263.0 772000
1723236875048 88263.0 776000
1723236882441 88263.0 780000
1723236890029 88263.0 784000
1723236897514 88263.0 788000
1723236905075 88263.0 792000
1723236912674 88263.0 796000
1723236920280 88263.0 800000
