1723235371571 7.775995969772339 4000
1723235378862 14.885192155838013 8000
1723235386194 22.08582901954651 12000
1723235393437 29.183611154556274 16000
1723235401516 37.12689709663391 20000
1723235409655 45.11699295043945 24000
1723235417384 52.71532106399536 28000
1723235425054 60.257461071014404 32000
1723235432749 67.8245940208435 36000
1723235440349 75.29471516609192 40000
1723235447905 82.71807837486267 44000
1723235455315 89.99858546257019 48000
1723235463615 98.16048169136047 52000
1723235472379 106.77811574935913 56000
1723235480445 114.66565775871277 60000
1723235488303 122.3853964805603 64000
1723235496334 130.27910041809082 68000
1723235504119 137.92959642410278 72000
1723235511790 145.45187044143677 76000
1723235519434 152.9595274925232 80000
1723235527082 160.47443461418152 84000
1723235535188 168.44286584854126 88000
1723235543096 176.21461510658264 92000
1723235550813 183.7939751148224 96000
1723235558503 191.34559798240662 100000
1723235566446 199.1431930065155 104000
1723235574074 206.6343388557434 108000
1723235581701 214.12181115150452 112000
1723235589193 221.47799515724182 116000
1723235596942 229.0762734413147 120000
1723235604749 236.72446537017822 124000
1723235612383 244.2212734222412 128000
1723235619962 251.66702342033386 132000
1723235627429 259.00196743011475 136000
1723235634982 266.41798639297485 140000
1723235642538 273.8322741985321 144000
1723235649932 281.08991718292236 148000
1723235658095 289.1124551296234 152000
1723235665590 296.47097730636597 156000
1723235673053 303.79004430770874 160000
1723235680531 311.12955045700073 164000
1723235688264 318.72214937210083 168000
1723235696206 326.5173993110657 172000
1723235704111 334.2809114456177 176000
1723235712266 342.2908983230591 180000
1723235720633 350.51504135131836 184000
1723235728456 358.1942923069 188000
1723235736260 365.85793018341064 192000
1723235745040 374.4949803352356 196000
1723235753612 382.91885924339294 200000
1723235761852 391.0159001350403 204000
1723235770748 399.7633090019226 208000
1723235779555 408.42271304130554 212000
1723235787665 416.3842830657959 216000
1723235795484 424.0260510444641 220000
1723235803345 431.74214720726013 224000
1723235811814 440.0675141811371 228000
1723235819812 447.9205791950226 232000
1723235828036 455.99422430992126 236000
1723235837121 464.9270193576813 240000
1723235846376 474.0245864391327 244000
1723235854607 482.0503053665161 248000
1723235862622 489.9118483066559 252000
1723235871544 498.6697382926941 256000
1723235879746 506.7205846309662 260000
1723235887614 514.4394943714142 264000
1723235895387 522.0662133693695 268000
1723235903183 529.7131955623627 272000
1723235910813 537.200932264328 276000
1723235918327 544.5663692951202 280000
1723235925761 551.8533370494843 284000
1723235933283 559.231183052063 288000
1723235940740 566.5381870269775 292000
1723235948433 574.0843839645386 296000
1723235956640 582.1461188793182 300000
1723235964270 589.6247460842133 304000
1723235971829 597.0374462604523 308000
1723235979205 604.2661831378937 312000
1723235986589 611.5011413097382 316000
1723235994086 618.8526985645294 320000
1723236001635 626.2512454986572 324000
1723236009468 633.9359264373779 328000
1723236017717 642.0355246067047 332000
1723236025158 649.3244676589966 336000
1723236032618 656.6327366828918 340000
1723236039786 663.6519417762756 344000
1723236047224 670.9397957324982 348000
1723236054575 678.1422758102417 352000
1723236061969 685.389420747757 356000
1723236069516 692.7831845283508 360000
1723236077447 700.5590345859528 364000
1723236084975 707.9018394947052 368000
1723236092407 715.1807587146759 372000
1723236099592 722.2141335010529 376000
1723236107113 729.5841336250305 380000
1723236114556 736.8746535778046 384000
1723236121950 744.1150274276733 388000
1723236129335 751.3497593402863 392000
1723236137481 759.3410921096802 396000
1723236145254 766.9568889141083 400000
1723236153251 774.8035800457001 404000
1723236160636 782.030599117279 408000
1723236168407 789.6497881412506 412000
1723236175830 796.9195230007172 416000
1723236183159 804.0959808826447 420000
1723236190651 811.4343221187592 424000
1723236198996 819.5995540618896 428000
1723236206953 827.3887619972229 432000
1723236214458 834.7278459072113 436000
1723236221864 841.9705049991608 440000
1723236229275 849.2149751186371 444000
1723236237175 856.9581053256989 448000
1723236244723 864.3453693389893 452000
1723236252099 871.5674264431 456000
1723236259917 879.2224533557892 460000
1723236267647 886.7827701568604 464000
1723236275066 894.0407280921936 468000
1723236282624 901.4341838359833 472000
1723236290583 909.2300138473511 476000
1723236298055 916.5386877059937 480000
1723236305491 923.8139398097992 484000
1723236312967 931.1331498622894 488000
1723236320499 938.4988100528717 492000
1723236328002 945.8431441783905 496000
1723236335473 953.1502532958984 500000
1723236342803 960.3206775188446 504000
1723236350146 967.5033826828003 508000
1723236357567 974.7637257575989 512000
1723236365055 982.0874788761139 516000
1723236372236 989.1049239635468 520000
1723236380342 997.0334389209747 524000
1723236387770 1004.292674779892 528000
1723236395107 1011.465657711029 532000
1723236402597 1018.7866687774658 536000
1723236409832 1025.8560726642609 540000
1723236417328 1033.1898527145386 544000
1723236424713 1040.4130775928497 548000
1723236432106 1047.6443207263947 552000
1723236440400 1055.7706446647644 556000
1723236448070 1063.273358821869 560000
1723236455473 1070.5124068260193 564000
1723236462838 1077.711268901825 568000
1723236470345 1085.048455953598 572000
1723236477703 1092.242296218872 576000
1723236485130 1099.5013613700867 580000
1723236492625 1106.8246541023254 584000
1723236501098 1115.0962407588959 588000
1723236509151 1122.9789869785309 592000
1723236516731 1130.3860008716583 596000
1723236524743 1138.2292387485504 600000
1723236532648 1145.9623477458954 604000
1723236540308 1153.4525866508484 608000
1723236547941 1160.9178235530853 612000
1723236555491 1168.296683549881 616000
1723236563317 1175.948591709137 620000
1723236571026 1183.4901337623596 624000
1723236579014 1191.3076004981995 628000
1723236587179 1199.2902994155884 632000
1723236595794 1207.7068634033203 636000
1723236606151 1217.6021254062653 640000
1723236614453 1225.718314409256 644000
1723236622780 1233.8604185581207 648000
1723236630984 1241.8752026557922 652000
1723236639381 1250.0878076553345 656000
1723236647249 1257.7796776294708 660000
1723236654895 1265.244289636612 664000
1723236662480 1272.6571426391602 668000
1723236670057 1280.0493426322937 672000
1723236677614 1287.436767578125 676000
1723236685279 1294.9264636039734 680000
1723236692941 1302.4137806892395 684000
1723236700867 1310.1618666648865 688000
1723236708809 1317.9289855957031 692000
1723236716345 1325.291116476059 696000
1723236724157 1332.9310104846954 700000
1723236731917 1340.5167105197906 704000
1723236739954 1348.377133846283 708000
1723236748327 1356.5649287700653 712000
1723236756224 1364.2474908828735 716000
1723236764501 1372.330799818039 720000
1723236773264 1380.9162378311157 724000
1723236781563 1389.035671710968 728000
1723236789935 1397.226004600525 732000
1723236797990 1405.0975263118744 736000
1723236806014 1412.9315333366394 740000
1723236813684 1420.4223713874817 744000
1723236821723 1428.2799425125122 748000
1723236829297 1435.6728525161743 752000
1723236836695 1442.8926312923431 756000
1723236844262 1450.1888320446014 760000
1723236851792 1457.5351221561432 764000
1723236860078 1465.6058621406555 768000
1723236867585 1472.9296052455902 772000
1723236875047 1480.2149770259857 776000
1723236882441 1487.4268329143524 780000
1723236890029 1494.835875749588 784000
1723236897514 1502.1393237113953 788000
1723236905074 1509.5176937580109 792000
1723236912673 1516.9345426559448 796000
1723236920280 1524.3565125465393 800000
