1723147967126 1.0 4000
1723147979843 1.0 8000
1723147994336 1.0 12000
1723148013959 1.0 16000
1723148031066 1.0 20000
1723148046245 1.0 24000
1723148059809 1.0 28000
1723148071909 1.0 32000
1723148084728 1.0 36000
1723148097997 1.0 40000
1723148111843 1.0 44000
1723148124211 1.0 48000
1723148142636 1.0 52000
1723148155867 1.0 56000
1723148169111 1.0 60000
1723148181760 1.0 64000
1723148194590 1.0 68000
1723148209411 1.0 72000
1723148227449 1.0 76000
1723148243858 1.0 80000
1723148256662 1.0 84000
1723148271483 1.0 88000
1723148289410 1.0 92000
1723148307030 1.0 96000
1723148319631 1.0 100000
1723148331201 1.0 104000
1723148345242 1.0 108000
1723148365686 1.0 112000
1723148379154 1.0 116000
1723148392517 1.0 120000
1723148406287 1.0 124000
1723148418875 1.0 128000
1723148431920 1.0 132000
1723148444643 1.0 136000
1723148457903 1.0 140000
1723148470824 1.0 144000
1723148488499 1.0 148000
1723148501571 1.0 152000
1723148514686 1.0 156000
1723148529279 1.0 160000
1723148542151 1.0 164000
1723148554986 1.0 168000
1723148567391 1.0 172000
1723148583203 1.0 176000
1723148596479 1.0 180000
1723148610362 1.0 184000
1723148622777 1.0 188000
1723148636050 1.0 192000
1723148651238 1.0 196000
1723148665406 1.0 200000
1723148677473 1.0 204000
1723148689108 1.0 208000
1723148707255 1.0 212000
1723148723877 1.0 216000
1723148740393 1.0 220000
1723148756468 1.0 224000
1723148772501 1.0 228000
1723148789328 1.0 232000
1723148808675 1.0 236000
1723148823959 1.0 240000
1723148835931 1.0 244000
1723148848848 1.0 248000
1723148865062 1.0 252000
1723148884092 1.0 256000
1723148904718 1.0 260000
1723148916608 1.0 264000
1723148928572 1.0 268000
1723148940727 1.0 272000
1723148952409 1.0 276000
1723148964008 1.0 280000
1723148977299 1.0 284000
1723148988987 1.0 288000
1723149002184 1.0 292000
1723149014667 1.0 296000
1723149025930 1.0 300000
1723149037307 1.0 304000
1723149049604 1.0 308000
1723149067548 1.0 312000
1723149084216 1.0 316000
1723149103806 1.0 320000
1723149117483 1.0 324000
1723149131904 1.0 328000
1723149150990 1.0 332000
1723149166436 1.0 336000
1723149183044 1.0 340000
1723149199376 1.0 344000
1723149215921 1.0 348000
1723149234173 1.0 352000
1723149247256 1.0 356000
1723149259571 1.0 360000
1723149271985 1.0 364000
1723149283836 1.0 368000
1723149295723 1.0 372000
1723149307904 1.0 376000
1723149320450 1.0 380000
1723149332542 1.0 384000
1723149344635 1.0 388000
1723149356973 1.0 392000
1723149369077 1.0 396000
1723149380529 1.0 400000
1723149392339 1.0 404000
1723149403829 1.0 408000
1723149415338 1.0 412000
1723149427159 1.0 416000
1723149446060 1.0 420000
1723149459051 1.0 424000
1723149470555 1.0 428000
1723149481987 1.0 432000
1723149493724 1.0 436000
1723149505939 1.0 440000
1723149518258 1.0 444000
1723149529938 1.0 448000
1723149541635 1.0 452000
1723149553007 1.0 456000
1723149564555 1.0 460000
1723149576777 1.0 464000
1723149588402 1.0 468000
1723149599700 1.0 472000
1723149611069 1.0 476000
1723149622451 1.0 480000
1723149633611 1.0 484000
1723149645014 1.0 488000
1723149656083 1.0 492000
1723149667650 1.0 496000
1723149679032 1.0 500000
1723149690387 1.0 504000
1723149701719 1.0 508000
1723149713013 1.0 512000
1723149724390 1.0 516000
1723149735818 1.0 520000
1723149747301 1.0 524000
1723149759234 1.0 528000
1723149770872 1.0 532000
1723149782187 1.0 536000
1723149793499 1.0 540000
1723149804494 1.0 544000
1723149815929 1.0 548000
1723149826998 1.0 552000
1723149838291 1.0 556000
1723149850134 1.0 560000
1723149861312 1.0 564000
1723149873010 1.0 568000
1723149884377 1.0 572000
1723149895735 1.0 576000
1723149906943 1.0 580000
1723149918475 1.0 584000
1723149929890 1.0 588000
1723149941595 1.0 592000
1723149953016 1.0 596000
1723149964870 1.0 600000
1723149976136 1.0 604000
1723149987548 1.0 608000
1723149999085 1.0 612000
1723150010301 1.0 616000
1723150021657 1.0 620000
1723150032950 1.0 624000
1723150044412 1.0 628000
1723150055850 1.0 632000
1723150067240 1.0 636000
1723150078881 1.0 640000
1723150090664 1.0 644000
1723150101988 1.0 648000
1723150113511 1.0 652000
1723150124852 1.0 656000
1723150136285 1.0 660000
1723150147547 1.0 664000
1723150158527 1.0 668000
1723150169735 1.0 672000
1723150181004 1.0 676000
1723150192339 1.0 680000
1723150203434 1.0 684000
1723150214442 1.0 688000
1723150225918 1.0 692000
1723150237279 1.0 696000
1723150249199 1.0 700000
1723150260679 1.0 704000
1723150272151 1.0 708000
1723150283678 1.0 712000
1723150295562 1.0 716000
1723150306765 1.0 720000
1723150319474 1.0 724000
1723150330869 1.0 728000
1723150342179 1.0 732000
1723150353470 1.0 736000
1723150365056 1.0 740000
1723150376369 1.0 744000
1723150387722 1.0 748000
1723150399162 1.0 752000
1723150410887 1.0 756000
1723150422345 1.0 760000
1723150433822 1.0 764000
1723150445062 1.0 768000
1723150456491 1.0 772000
1723150467495 1.0 776000
1723150479419 1.0 780000
1723150490831 1.0 784000
1723150505665 1.0 788000
1723150524407 1.0 792000
1723150543363 1.0 796000
1723150557358 1.0 800000
