1723147967131 84.0 4000
1723147979847 84.0 8000
1723147994341 84.0 12000
1723148013963 84.0 16000
1723148031070 84.0 20000
1723148046249 84.0 24000
1723148059814 84.0 28000
1723148071913 84.0 32000
1723148084732 84.0 36000
1723148098002 84.0 40000
1723148111848 84.0 44000
1723148124215 84.0 48000
1723148142640 84.0 52000
1723148155871 84.0 56000
1723148169115 84.0 60000
1723148181764 84.0 64000
1723148194594 84.0 68000
1723148209416 84.0 72000
1723148227453 84.0 76000
1723148243863 84.0 80000
1723148256665 84.0 84000
1723148271487 84.0 88000
1723148289414 84.0 92000
1723148307034 84.0 96000
1723148319635 84.0 100000
1723148331205 84.0 104000
1723148345250 84.0 108000
1723148365690 84.0 112000
1723148379158 84.0 116000
1723148392521 84.0 120000
1723148406292 84.0 124000
1723148418879 84.0 128000
1723148431924 84.0 132000
1723148444648 84.0 136000
1723148457907 84.0 140000
1723148470828 84.0 144000
1723148488503 84.0 148000
1723148501575 84.0 152000
1723148514690 84.0 156000
1723148529282 84.0 160000
1723148542155 84.0 164000
1723148554990 84.0 168000
1723148567395 84.0 172000
1723148583208 84.0 176000
1723148596483 84.0 180000
1723148610370 84.0 184000
1723148622781 84.0 188000
1723148636054 84.0 192000
1723148651242 84.0 196000
1723148665410 84.0 200000
1723148677477 84.0 204000
1723148689112 84.0 208000
1723148707259 84.0 212000
1723148723881 84.0 216000
1723148740397 84.0 220000
1723148756473 84.0 224000
1723148772505 84.0 228000
1723148789333 84.0 232000
1723148808680 84.0 236000
1723148823962 84.0 240000
1723148835935 84.0 244000
1723148848852 84.0 248000
1723148865066 84.0 252000
1723148884098 84.0 256000
1723148904723 84.0 260000
1723148916612 84.0 264000
1723148928576 84.0 268000
1723148940731 84.0 272000
1723148952413 84.0 276000
1723148964012 84.0 280000
1723148977303 84.0 284000
1723148988991 84.0 288000
1723149002189 84.0 292000
1723149014671 84.0 296000
1723149025934 84.0 300000
1723149037311 84.0 304000
1723149049608 84.0 308000
1723149067552 84.0 312000
1723149084222 84.0 316000
1723149103810 84.0 320000
1723149117487 84.0 324000
1723149131908 84.0 328000
1723149150994 84.0 332000
1723149166441 84.0 336000
1723149183048 84.0 340000
1723149199380 84.0 344000
1723149215925 84.0 348000
1723149234178 84.0 352000
1723149247260 84.0 356000
1723149259575 84.0 360000
1723149271989 84.0 364000
1723149283840 84.0 368000
1723149295726 84.0 372000
1723149307908 84.0 376000
1723149320454 84.0 380000
1723149332547 84.0 384000
1723149344638 84.0 388000
1723149356977 84.0 392000
1723149369081 84.0 396000
1723149380533 84.0 400000
1723149392344 84.0 404000
1723149403832 84.0 408000
1723149415343 84.0 412000
1723149427163 84.0 416000
1723149446064 84.0 420000
1723149459055 84.0 424000
1723149470559 84.0 428000
1723149481991 84.0 432000
1723149493728 84.0 436000
1723149505943 84.0 440000
1723149518262 84.0 444000
1723149529941 84.0 448000
1723149541639 84.0 452000
1723149553011 84.0 456000
1723149564559 84.0 460000
1723149576781 84.0 464000
1723149588406 84.0 468000
1723149599704 84.0 472000
1723149611073 84.0 476000
1723149622455 84.0 480000
1723149633615 84.0 484000
1723149645018 84.0 488000
1723149656086 84.0 492000
1723149667654 84.0 496000
1723149679036 84.0 500000
1723149690391 84.0 504000
1723149701723 84.0 508000
1723149713017 84.0 512000
1723149724394 84.0 516000
1723149735822 84.0 520000
1723149747305 84.0 524000
1723149759238 84.0 528000
1723149770876 84.0 532000
1723149782191 84.0 536000
1723149793503 84.0 540000
1723149804497 84.0 544000
1723149815933 84.0 548000
1723149827002 84.0 552000
1723149838295 84.0 556000
1723149850138 84.0 560000
1723149861316 84.0 564000
1723149873014 84.0 568000
1723149884381 84.0 572000
1723149895738 84.0 576000
1723149906947 84.0 580000
1723149918479 84.0 584000
1723149929894 84.0 588000
1723149941599 84.0 592000
1723149953020 84.0 596000
1723149964874 84.0 600000
1723149976140 84.0 604000
1723149987552 84.0 608000
1723149999089 84.0 612000
1723150010305 84.0 616000
1723150021661 84.0 620000
1723150032954 84.0 624000
1723150044416 84.0 628000
1723150055854 84.0 632000
1723150067244 84.0 636000
1723150078884 84.0 640000
1723150090667 84.0 644000
1723150101992 84.0 648000
1723150113515 84.0 652000
1723150124855 84.0 656000
1723150136289 84.0 660000
1723150147551 84.0 664000
1723150158531 84.0 668000
1723150169738 84.0 672000
1723150181007 84.0 676000
1723150192343 84.0 680000
1723150203438 84.0 684000
1723150214446 84.0 688000
1723150225922 84.0 692000
1723150237283 84.0 696000
1723150249203 84.0 700000
1723150260683 84.0 704000
1723150272155 84.0 708000
1723150283681 84.0 712000
1723150295567 84.0 716000
1723150306769 84.0 720000
1723150319478 84.0 724000
1723150330873 84.0 728000
1723150342182 84.0 732000
1723150353474 84.0 736000
1723150365060 84.0 740000
1723150376373 84.0 744000
1723150387726 84.0 748000
1723150399166 84.0 752000
1723150410891 84.0 756000
1723150422349 84.0 760000
1723150433826 84.0 764000
1723150445066 84.0 768000
1723150456495 84.0 772000
1723150467499 84.0 776000
1723150479423 84.0 780000
1723150490835 84.0 784000
1723150505668 84.0 788000
1723150524411 84.0 792000
1723150543368 84.0 796000
1723150557362 84.0 800000
