1723147967130 1.0 4000
1723147979847 1.0 8000
1723147994340 1.0 12000
1723148013963 1.0 16000
1723148031070 1.0 20000
1723148046249 1.0 24000
1723148059814 1.0 28000
1723148071913 1.0 32000
1723148084731 1.0 36000
1723148098001 1.0 40000
1723148111847 1.0 44000
1723148124215 1.0 48000
1723148142640 1.0 52000
1723148155871 1.0 56000
1723148169115 1.0 60000
1723148181764 1.0 64000
1723148194593 1.0 68000
1723148209416 1.0 72000
1723148227453 1.0 76000
1723148243863 1.0 80000
1723148256665 1.0 84000
1723148271487 1.0 88000
1723148289414 1.0 92000
1723148307034 1.0 96000
1723148319634 1.0 100000
1723148331204 1.0 104000
1723148345249 1.0 108000
1723148365690 1.0 112000
1723148379158 1.0 116000
1723148392521 1.0 120000
1723148406291 1.0 124000
1723148418879 1.0 128000
1723148431924 1.0 132000
1723148444648 1.0 136000
1723148457906 1.0 140000
1723148470827 1.0 144000
1723148488503 1.0 148000
1723148501575 1.0 152000
1723148514689 1.0 156000
1723148529282 1.0 160000
1723148542155 1.0 164000
1723148554990 1.0 168000
1723148567395 1.0 172000
1723148583207 1.0 176000
1723148596483 1.0 180000
1723148610370 1.0 184000
1723148622781 1.0 188000
1723148636054 1.0 192000
1723148651242 1.0 196000
1723148665410 1.0 200000
1723148677476 1.0 204000
1723148689112 1.0 208000
1723148707259 1.0 212000
1723148723881 1.0 216000
1723148740397 1.0 220000
1723148756472 1.0 224000
1723148772505 1.0 228000
1723148789332 1.0 232000
1723148808679 1.0 236000
1723148823962 1.0 240000
1723148835934 1.0 244000
1723148848852 1.0 248000
1723148865066 1.0 252000
1723148884097 1.0 256000
1723148904722 1.0 260000
1723148916611 1.0 264000
1723148928575 1.0 268000
1723148940731 1.0 272000
1723148952413 1.0 276000
1723148964012 1.0 280000
1723148977303 1.0 284000
1723148988990 1.0 288000
1723149002188 1.0 292000
1723149014670 1.0 296000
1723149025934 1.0 300000
1723149037311 1.0 304000
1723149049607 1.0 308000
1723149067552 1.0 312000
1723149084222 1.0 316000
1723149103810 1.0 320000
1723149117486 1.0 324000
1723149131908 1.0 328000
1723149150994 1.0 332000
1723149166440 1.0 336000
1723149183048 1.0 340000
1723149199380 1.0 344000
1723149215925 1.0 348000
1723149234177 1.0 352000
1723149247260 1.0 356000
1723149259575 1.0 360000
1723149271988 1.0 364000
1723149283840 1.0 368000
1723149295726 1.0 372000
1723149307907 1.0 376000
1723149320453 1.0 380000
1723149332546 1.0 384000
1723149344638 1.0 388000
1723149356976 1.0 392000
1723149369081 1.0 396000
1723149380533 1.0 400000
1723149392343 1.0 404000
1723149403832 1.0 408000
1723149415343 1.0 412000
1723149427163 1.0 416000
1723149446063 1.0 420000
1723149459055 1.0 424000
1723149470559 1.0 428000
1723149481991 1.0 432000
1723149493728 1.0 436000
1723149505943 1.0 440000
1723149518262 1.0 444000
1723149529941 1.0 448000
1723149541638 1.0 452000
1723149553010 1.0 456000
1723149564559 1.0 460000
1723149576781 1.0 464000
1723149588406 1.0 468000
1723149599704 1.0 472000
1723149611073 1.0 476000
1723149622455 1.0 480000
1723149633615 1.0 484000
1723149645018 1.0 488000
1723149656086 1.0 492000
1723149667654 1.0 496000
1723149679036 1.0 500000
1723149690390 1.0 504000
1723149701723 1.0 508000
1723149713016 1.0 512000
1723149724394 1.0 516000
1723149735822 1.0 520000
1723149747305 1.0 524000
1723149759238 1.0 528000
1723149770876 1.0 532000
1723149782191 1.0 536000
1723149793503 1.0 540000
1723149804497 1.0 544000
1723149815932 1.0 548000
1723149827001 1.0 552000
1723149838295 1.0 556000
1723149850137 1.0 560000
1723149861316 1.0 564000
1723149873013 1.0 568000
1723149884381 1.0 572000
1723149895738 1.0 576000
1723149906947 1.0 580000
1723149918478 1.0 584000
1723149929894 1.0 588000
1723149941599 1.0 592000
1723149953019 1.0 596000
1723149964874 1.0 600000
1723149976139 1.0 604000
1723149987552 1.0 608000
1723149999089 1.0 612000
1723150010304 1.0 616000
1723150021660 1.0 620000
1723150032953 1.0 624000
1723150044416 1.0 628000
1723150055854 1.0 632000
1723150067244 1.0 636000
1723150078884 1.0 640000
1723150090667 1.0 644000
1723150101992 1.0 648000
1723150113514 1.0 652000
1723150124855 1.0 656000
1723150136288 1.0 660000
1723150147551 1.0 664000
1723150158531 1.0 668000
1723150169738 1.0 672000
1723150181007 1.0 676000
1723150192342 1.0 680000
1723150203438 1.0 684000
1723150214446 1.0 688000
1723150225921 1.0 692000
1723150237283 1.0 696000
1723150249202 1.0 700000
1723150260683 1.0 704000
1723150272155 1.0 708000
1723150283681 1.0 712000
1723150295566 1.0 716000
1723150306768 1.0 720000
1723150319477 1.0 724000
1723150330873 1.0 728000
1723150342182 1.0 732000
1723150353473 1.0 736000
1723150365060 1.0 740000
1723150376372 1.0 744000
1723150387726 1.0 748000
1723150399166 1.0 752000
1723150410891 1.0 756000
1723150422349 1.0 760000
1723150433825 1.0 764000
1723150445066 1.0 768000
1723150456495 1.0 772000
1723150467498 1.0 776000
1723150479423 1.0 780000
1723150490834 1.0 784000
1723150505668 1.0 788000
1723150524410 1.0 792000
1723150543368 1.0 796000
1723150557362 1.0 800000
