1723147967118 0.0 4000
1723147979840 0.0 8000
1723147994332 0.0 12000
1723148013956 0.0 16000
1723148031063 0.0 20000
1723148046241 0.0 24000
1723148059805 0.0 28000
1723148071906 0.0 32000
1723148084724 0.0 36000
1723148097979 0.0 40000
1723148111840 0.0 44000
1723148124208 0.0 48000
1723148142633 0.0 52000
1723148155864 0.0 56000
1723148169108 0.0 60000
1723148181757 0.0 64000
1723148194587 0.0 68000
1723148209407 0.0 72000
1723148227444 0.0 76000
1723148243854 0.0 80000
1723148256658 0.0 84000
1723148271480 0.0 88000
1723148289406 0.0 92000
1723148307026 0.0 96000
1723148319627 0.0 100000
1723148331198 0.0 104000
1723148345238 0.0 108000
1723148365682 0.0 112000
1723148379151 0.0 116000
1723148392514 0.0 120000
1723148406284 0.0 124000
1723148418872 0.0 128000
1723148431917 0.0 132000
1723148444640 0.0 136000
1723148457900 0.0 140000
1723148470820 0.0 144000
1723148488496 0.0 148000
1723148501567 0.0 152000
1723148514683 0.0 156000
1723148529276 0.0 160000
1723148542148 0.0 164000
1723148554983 0.0 168000
1723148567387 0.0 172000
1723148583199 0.0 176000
1723148596475 0.0 180000
1723148610358 0.0 184000
1723148622774 0.0 188000
1723148636047 0.0 192000
1723148651235 0.0 196000
1723148665402 0.0 200000
1723148677469 0.0 204000
1723148689105 0.0 208000
1723148707252 0.0 212000
1723148723874 0.0 216000
1723148740388 0.0 220000
1723148756465 0.0 224000
1723148772497 0.0 228000
1723148789324 0.0 232000
1723148808672 0.0 236000
1723148823955 0.0 240000
1723148835927 0.0 244000
1723148848845 0.0 248000
1723148865058 0.0 252000
1723148884088 0.0 256000
1723148904715 0.0 260000
1723148916605 0.0 264000
1723148928569 0.0 268000
1723148940724 0.0 272000
1723148952405 0.0 276000
1723148964005 0.0 280000
1723148977296 0.0 284000
1723148988983 0.0 288000
1723149002181 0.0 292000
1723149014663 0.0 296000
1723149025927 0.0 300000
1723149037304 0.0 304000
1723149049601 0.0 308000
1723149067545 0.0 312000
1723149084211 0.0 316000
1723149103803 0.0 320000
1723149117480 0.0 324000
1723149131901 0.0 328000
1723149150987 0.0 332000
1723149166433 0.0 336000
1723149183041 0.0 340000
1723149199373 0.0 344000
1723149215918 0.0 348000
1723149234169 0.0 352000
1723149247253 0.0 356000
1723149259567 0.0 360000
1723149271981 0.0 364000
1723149283833 0.0 368000
1723149295720 0.0 372000
1723149307901 0.0 376000
1723149320447 0.0 380000
1723149332538 0.0 384000
1723149344631 0.0 388000
1723149356970 0.0 392000
1723149369074 0.0 396000
1723149380525 0.0 400000
1723149392336 0.0 404000
1723149403825 0.0 408000
1723149415335 0.0 412000
1723149427155 0.0 416000
1723149446056 0.0 420000
1723149459048 0.0 424000
1723149470552 0.0 428000
1723149481984 0.0 432000
1723149493721 0.0 436000
1723149505936 0.0 440000
1723149518255 0.0 444000
1723149529934 0.0 448000
1723149541631 0.0 452000
1723149553004 0.0 456000
1723149564552 0.0 460000
1723149576774 0.0 464000
1723149588399 0.0 468000
1723149599697 0.0 472000
1723149611066 0.0 476000
1723149622448 0.0 480000
1723149633608 0.0 484000
1723149645011 0.0 488000
1723149656079 0.0 492000
1723149667647 0.0 496000
1723149679029 0.0 500000
1723149690383 0.0 504000
1723149701716 0.0 508000
1723149713010 0.0 512000
1723149724387 0.0 516000
1723149735815 0.0 520000
1723149747298 0.0 524000
1723149759231 0.0 528000
1723149770869 0.0 532000
1723149782184 0.0 536000
1723149793496 0.0 540000
1723149804490 0.0 544000
1723149815925 0.0 548000
1723149826995 0.0 552000
1723149838288 0.0 556000
1723149850131 0.0 560000
1723149861309 0.0 564000
1723149873007 0.0 568000
1723149884374 0.0 572000
1723149895731 0.0 576000
1723149906939 0.0 580000
1723149918472 0.0 584000
1723149929887 0.0 588000
1723149941592 0.0 592000
1723149953013 0.0 596000
1723149964867 0.0 600000
1723149976132 0.0 604000
1723149987545 0.0 608000
1723149999082 0.0 612000
1723150010297 0.0 616000
1723150021654 0.0 620000
1723150032947 0.0 624000
1723150044408 0.0 628000
1723150055847 0.0 632000
1723150067237 0.0 636000
1723150078877 0.0 640000
1723150090660 0.0 644000
1723150101985 0.0 648000
1723150113508 0.0 652000
1723150124848 0.0 656000
1723150136281 0.0 660000
1723150147544 0.0 664000
1723150158524 0.0 668000
1723150169731 0.0 672000
1723150181000 0.0 676000
1723150192336 0.0 680000
1723150203431 0.0 684000
1723150214439 0.0 688000
1723150225915 0.0 692000
1723150237276 0.0 696000
1723150249196 0.0 700000
1723150260676 0.0 704000
1723150272148 0.0 708000
1723150283674 0.0 712000
1723150295559 0.0 716000
1723150306762 0.0 720000
1723150319470 0.0 724000
1723150330866 0.0 728000
1723150342175 0.0 732000
1723150353467 0.0 736000
1723150365053 0.0 740000
1723150376366 0.0 744000
1723150387719 0.0 748000
1723150399159 0.0 752000
1723150410884 0.0 756000
1723150422342 0.0 760000
1723150433818 0.0 764000
1723150445059 0.0 768000
1723150456488 0.0 772000
1723150467491 0.0 776000
1723150479416 0.0 780000
1723150490827 0.0 784000
1723150505661 0.0 788000
1723150524403 0.0 792000
1723150543360 0.0 796000
1723150557355 0.0 800000
