1723157948699 0.004857739591910169 4000
1723157966432 0.0053427837513111255 8000
1723157984341 0.005921390321519639 12000
1723157998290 0.005299515194363064 16000
1723158011270 0.0046489345040290975 20000
1723158024089 0.0050737887998170495 24000
1723158037030 0.004265632158444252 28000
1723158050915 0.004386681097525137 32000
1723158065128 0.004225627631898139 36000
1723158079139 0.004361809035878123 40000
1723158093228 0.004262863835201988 44000
1723158107370 0.0041479681744987585 48000
1723158121438 0.004190016704000485 52000
1723158135477 0.004335759598531841 56000
1723158149235 0.003962163571958189 60000
1723158163279 0.004343971421446981 64000
1723158177281 0.004394418874363991 68000
1723158191689 0.004459751976860894 72000
1723158205833 0.004596033214051046 76000
1723158220112 0.0041872630884617935 80000
1723158234111 0.004225618699017693 84000
1723158248243 0.004283881481782889 88000
1723158262261 0.004400368090029116 92000
1723158276254 0.004411479573190948 96000
1723158290126 0.004124347074532214 100000
1723158304295 0.0043330628887500635 104000
1723158319182 0.004186232884724935 108000
1723158333654 0.00564838633125211 112000
1723158348218 0.004554457134670681 116000
1723158362642 0.004364958234653352 120000
1723158377114 0.004370529440384877 124000
1723158392846 0.004934602313571506 128000
1723158414783 0.008206014279966001 132000
1723158430075 0.0049269882736692 136000
1723158444661 0.009944335913952485 140000
1723158458986 0.004720989661880687 144000
1723158473379 0.004191751833315249 148000
1723158487788 0.004508996465403563 152000
1723158501907 0.004334361464888962 156000
1723158516150 0.0046111183401979046 160000
1723158530529 0.004495171051991137 164000
1723158545570 0.005459178025555459 168000
1723158560300 0.004590146335554711 172000
1723158575023 0.004920841735086323 176000
1723158589533 0.004350771138697494 180000
1723158603486 0.004234500959807751 184000
1723158617273 0.004353346648039641 188000
1723158631379 0.004665424794326594 192000
1723158645185 0.004526420875831887 196000
1723158658740 0.004292270283640167 200000
1723158672868 0.004114356695436964 204000
1723158687416 0.00484203114921664 208000
1723158701642 0.004525464258076232 212000
1723158715810 0.004518032073974609 216000
1723158730272 0.004595480147440722 220000
1723158744598 0.004440998729271225 224000
1723158758495 0.0043573202910246675 228000
1723158772783 0.0042624679612524715 232000
1723158786662 0.004801932413866565 236000
1723158800651 0.004261216999572001 240000
1723158814610 0.004189527487453026 244000
1723158829050 0.004921430422935957 248000
1723158842542 0.004225627631898139 252000
1723158856398 0.004365856264844353 256000
1723158870674 0.004238773275304724 260000
1723158885408 0.005967330329025848 264000
1723158899347 0.004445367557987286 268000
1723158913949 0.004474984274970161 272000
1723158928319 0.0052947321055847926 276000
1723158942285 0.005535652608047297 280000
1723158955922 0.004201698926539203 284000
1723158969806 0.0045097904440797405 288000
1723158983831 0.00529223018222385 292000
1723158997339 0.004435027087176287 296000
1723159010904 0.004286089061219015 300000
1723159024478 0.0043330628887500635 304000
1723159041391 0.004597137003769109 308000
1723159061425 0.006699488486772702 312000
1723159081123 0.005204589278609665 316000
1723159096098 0.004991072757988219 320000
1723159109848 0.005345857596095604 324000
1723159123380 0.004064300913869599 328000
1723159137151 0.004773522600715543 332000
1723159151078 0.004476878293760264 336000
1723159164695 0.004570572464554398 340000
1723159178366 0.004403802412974683 344000
1723159192388 0.004634813026145652 348000
1723159205689 0.004293888237825625 352000
1723159218886 0.004424504291864089 356000
1723159232513 0.0043503296228102695 360000
1723159246770 0.004374603681926486 364000
1723159260165 0.004811043951921402 368000
1723159273461 0.004523477436583719 372000
1723159287062 0.004328033070505401 376000
1723159301103 0.00440500400684498 380000
1723159315230 0.004144353804245494 384000
1723159329039 0.004794641777321145 388000
1723159343053 0.004459457632936078 392000
1723159356725 0.00483746881838198 396000
1723159370501 0.004482490045052988 400000
1723159384782 0.004479308533512689 404000
1723159399007 0.004865799421145592 408000
1723159412466 0.005125116418909143 412000
1723159431057 0.004386607511543933 416000
1723159446393 0.0060474037364789636 420000
1723159460581 0.00523939917359171 424000
1723159474865 0.0047514468063542875 428000
1723159488971 0.004256654668737341 432000
1723159502423 0.004593581910345965 436000
1723159515657 0.004700378135398582 440000
1723159528954 0.004302323619021645 444000
1723159542635 0.004629662007461359 448000
1723159556253 0.004636861716106439 452000
1723159583028 0.004280055010760272 456000
1723159601084 0.004730621973673503 460000
1723159618325 0.0051782855504675755 464000
1723159636512 0.004526004669772592 468000
1723159654267 0.004610529652348271 472000
1723159674022 0.0045340738178771215 476000
1723159692925 0.004919149257518627 480000
1723159710316 0.004395706201690474 484000
1723159724959 0.006455477373099622 488000
1723159738634 0.004375348856419693 492000
1723159751923 0.004326414178918909 496000
1723159765639 0.0043385558658176 500000
1723159779328 0.004889996223200381 504000
1723159793059 0.004305442174275716 508000
1723159806559 0.004448493321736653 512000
1723159819913 0.004238626103342315 516000
1723159834680 0.004368906567810448 520000
1723159848627 0.004670514336115197 524000
1723159863083 0.004199036845454463 528000
1723159877365 0.0048726429173975815 532000
1723159891397 0.004679610015480382 536000
1723159905578 0.004378880983517494 540000
1723159919833 0.004246114175530929 544000
1723159934184 0.004607365455156491 548000
1723159948056 0.004636709857138858 552000
1723159962171 0.004517884902012201 556000
1723159976439 0.004642024452303663 560000
1723159989943 0.004204768168775341 564000
1723160003557 0.004247039746327006 568000
1723160017373 0.004074235021332164 572000
1723160031079 0.004180493178191008 576000
1723160044788 0.0045005186104480135 580000
1723160063083 0.005177734724057266 584000
1723160081293 0.005141820436642494 588000
1723160099153 0.004839602811836902 592000
1723160117062 0.005784078880592629 596000
1723160130373 0.0050028901041289904 600000
1723160142893 0.004293014800626468 604000
1723160155492 0.004532160582365813 608000
1723160168031 0.004118460196035879 612000
1723160180792 0.004540770142166702 616000
1723160194115 0.004237776349304588 620000
1723160206854 0.004153236558165731 624000
1723160219793 0.004571234738385236 628000
1723160232672 0.004155253186637973 632000
1723160245038 0.004322665512182151 636000
1723160257898 0.0043139045621141976 640000
1723160274849 0.004045721850817716 644000
1723160292077 0.006430237381546585 648000
1723160309413 0.004807930843086 652000
1723160326963 0.0061693014921965425 656000
1723160345118 0.0055239524370358315 660000
1723160362674 0.004558020000216327 664000
1723160376973 0.006624240024833922 668000
1723160390020 0.004508980998286494 672000
1723160403505 0.004341499305065767 676000
1723160424870 0.004647764158837589 680000
1723160442739 0.0053019305459814136 684000
1723160460996 0.004898177252875434 688000
1723160479374 0.005390614639093847 692000
1723160493586 0.0047000102054925615 696000
1723160506758 0.004379984773235556 700000
1723160523366 0.004891476599998723 704000
1723160541332 0.005879887828120479 708000
1723160560164 0.0057044588489297 712000
1723160578852 0.0048967055332513505 716000
1723160596235 0.00454536668813912 720000
1723160614241 0.0046453898466086085 724000
1723160634990 0.005943392529899691 728000
1723160653672 0.0083132290545805 732000
1723160672983 0.004808690137923902 736000
1723160687869 0.0054614043530122735 740000
1723160702095 0.006357174885423878 744000
1723160715681 0.004599638927130051 748000
1723160729197 0.004410895572346487 752000
1723160743709 0.004729591769936644 756000
1723160756860 0.004568659229043089 760000
1723160770749 0.004573260681538642 764000
1723160783618 0.004288800962411674 768000
1723160796234 0.004680436334492248 772000
1723160808854 0.004500960126335238 776000
1723160822457 0.004530836034704138 780000
1723160835261 0.005125687792410258 784000
1723160848179 0.004232297708958756 788000
1723160861056 0.004576017827163508 792000
1723160873922 0.004272328482733833 796000
1723160887737 0.004292417455602575 800000
1723160900950 0.005061719931808172 804000
1723160913967 0.004598093621524764 808000
1723160926635 0.004302425149046344 812000
1723160939217 0.0053714822839807585 816000
1723160953157 0.004957815644088065 820000
1723160970952 0.004377923434293723 824000
1723160991091 0.005312687084998613 828000
1723161004960 0.00502783575175721 832000
1723161018174 0.0044749800566655056 836000
1723161031873 0.005111650184348777 840000
1723161044392 0.004284291327754154 844000
1723161057100 0.004271371864978178 848000
1723161069894 0.004264655386566356 852000
1723161082603 0.004926507855639046 856000
1723161094990 0.004145834181043837 860000
1723161107800 0.004099969622455066 864000
1723161119814 0.0038854635445175656 868000
1723161132232 0.004131411328727816 872000
1723161144796 0.004176372363243574 876000
1723161156948 0.003907121258017458 880000
1723161169371 0.00448663250293607 884000
1723161181901 0.0042185371304735726 888000
1723161194373 0.004006977434511538 892000
1723161206522 0.00421515217533818 896000
1723161218508 0.004424357119901681 900000
1723161231040 0.004071192024580015 904000
1723161243437 0.004604569187870732 908000
1723161255375 0.0039667994887740525 912000
1723161267612 0.004586908552381728 916000
1723161279725 0.004129880552838562 920000
1723161292041 0.004085483430307122 924000
1723161304016 0.004224497594951112 928000
1723161316127 0.0041334717362015334 932000
1723161328493 0.003924035722283042 936000
1723161340642 0.0042137540416953 940000
1723161353121 0.0040147877946684635 944000
1723161365635 0.004027213579342689 948000
1723161378395 0.0044708039350570385 952000
1723161391181 0.00427983425281666 956000
1723161403137 0.0047258388848952304 960000
1723161415500 0.005494265616694583 964000
1723161428059 0.004316818941930297 968000
1723161439973 0.004049878061553578 972000
1723161452542 0.004326119834994093 976000
1723161464788 0.004033983489613474 980000
1723161477287 0.004310233920228248 984000
1723161490014 0.004170779828672056 988000
1723161502731 0.0047504166026174285 992000
1723161515149 0.004223246633270641 996000
1723161527491 0.004335980356475453 1000000
1723161540428 0.0050202693814545675 1004000
1723161552949 0.0044420913413718895 1008000
1723161565542 0.004121697979208864 1012000
1723161577913 0.004165113708119334 1016000
1723161590288 0.004146281321337268 1020000
1723161602221 0.003941375998002064 1024000
1723161614603 0.004208161507123782 1028000
1723161626825 0.00451891510574906 1032000
1723161639075 0.004061088440524545 1036000
1723161651236 0.003956791795330283 1040000
1723161663588 0.004625546781322624 1044000
1723161675765 0.003931331045833634 1048000
1723161687848 0.004138688372958238 1052000
1723161699588 0.004016470026086878 1056000
1723161711889 0.003970993889702691 1060000
1723161723753 0.004304964331131947 1064000
1723161735767 0.003990246232148189 1068000
1723161747991 0.004239509135116766 1072000
1723161760380 0.004167909975405093 1076000
1723161773100 0.0038719471590018565 1080000
1723161785821 0.004162975386077282 1084000
1723161798205 0.004580506572016963 1088000
1723161810671 0.004327002866768542 1092000
1723161823111 0.003986741289680387 1096000
1723161835589 0.0042327392248459805 1100000
1723161847343 0.004096202601015178 1104000
1723161859621 0.004297862818211685 1108000
1723161871978 0.004233769428582839 1112000
1723161883993 0.004132588704427083 1116000
1723161896085 0.0039745288290035955 1120000
1723161908168 0.004118982749649241 1124000
1723161920461 0.004303602524745612 1128000
1723161932757 0.0044139079105706865 1132000
1723161945221 0.004220464427000398 1136000
1723161957389 0.004344221986370322 1140000
1723161969653 0.004486796222155607 1144000
1723161982408 0.004328989688261056 1148000
1723161994761 0.004115302091950823 1152000
1723162007134 0.004327812312561788 1156000
1723162019574 0.004640847076604396 1160000
1723162032141 0.004301493680929836 1164000
1723162044609 0.004517196849652916 1168000
1723162057276 0.0045239925384521484 1172000
1723162069671 0.0044713049759099515 1176000
1723162082693 0.004384767862013829 1180000
1723162095088 0.004389784694497102 1184000
1723162108164 0.0046214203775664904 1188000
1723162120782 0.004486463688038013 1192000
1723162133449 0.0052125365645797166 1196000
1723162146080 0.004795009707227165 1200000
