1723147967052 1.0 4000
1723147979784 2.0 8000
1723147994268 3.0 12000
1723148013896 4.0 16000
1723148030996 5.0 20000
1723148046177 6.0 24000
1723148059750 7.0 28000
1723148071851 8.0 32000
1723148084667 9.0 36000
1723148097905 10.0 40000
1723148111782 11.0 44000
1723148124148 12.0 48000
1723148142573 13.0 52000
1723148155810 14.0 56000
1723148169050 15.0 60000
1723148181701 16.0 64000
1723148194532 17.0 68000
1723148209342 18.0 72000
1723148227378 19.0 76000
1723148243790 20.0 80000
1723148256603 21.0 84000
1723148271421 22.0 88000
1723148289343 23.0 92000
1723148306963 24.0 96000
1723148319573 25.0 100000
1723148331143 26.0 104000
1723148345144 27.0 108000
1723148365611 28.0 112000
1723148379093 29.0 116000
1723148392453 30.0 120000
1723148406222 31.0 124000
1723148418815 32.0 128000
1723148431861 33.0 132000
1723148444583 34.0 136000
1723148457841 35.0 140000
1723148470758 36.0 144000
1723148488437 37.0 148000
1723148501509 38.0 152000
1723148514625 39.0 156000
1723148529212 40.0 160000
1723148542091 41.0 164000
1723148554927 42.0 168000
1723148567327 43.0 172000
1723148583139 44.0 176000
1723148596418 45.0 180000
1723148610301 46.0 184000
1723148622715 47.0 188000
1723148635987 48.0 192000
1723148651180 49.0 196000
1723148665338 50.0 200000
1723148677414 51.0 204000
1723148689049 52.0 208000
1723148707187 53.0 212000
1723148723816 54.0 216000
1723148740329 55.0 220000
1723148756407 56.0 224000
1723148772435 57.0 228000
1723148789264 58.0 232000
1723148808608 59.0 236000
1723148823898 60.0 240000
1723148835871 61.0 244000
1723148848788 62.0 248000
1723148864988 63.0 252000
1723148884025 64.0 256000
1723148904656 65.0 260000
1723148916550 66.0 264000
1723148928502 67.0 268000
1723148940668 68.0 272000
1723148952342 69.0 276000
1723148963947 70.0 280000
1723148977238 71.0 284000
1723148988925 72.0 288000
1723149002121 73.0 292000
1723149014609 74.0 296000
1723149025873 75.0 300000
1723149037246 76.0 304000
1723149049544 77.0 308000
1723149067477 78.0 312000
1723149084145 79.0 316000
1723149103740 80.0 320000
1723149117422 81.0 324000
1723149131843 82.0 328000
1723149150928 83.0 332000
1723149166370 84.0 336000
1723149182983 85.0 340000
1723149199309 86.0 344000
1723149215860 87.0 348000
1723149234098 88.0 352000
1723149247197 89.0 356000
1723149259512 90.0 360000
1723149271927 91.0 364000
1723149283775 92.0 368000
1723149295664 93.0 372000
1723149307844 94.0 376000
1723149320392 95.0 380000
1723149332482 96.0 384000
1723149344577 97.0 388000
1723149356915 98.0 392000
1723149369019 99.0 396000
1723149380468 100.0 400000
1723149392282 101.0 404000
1723149403771 102.0 408000
1723149415280 103.0 412000
1723149427053 104.0 416000
1723149445995 105.0 420000
1723149458992 106.0 424000
1723149470497 107.0 428000
1723149481929 108.0 432000
1723149493665 109.0 436000
1723149505879 110.0 440000
1723149518198 111.0 444000
1723149529880 112.0 448000
1723149541576 113.0 452000
1723149552949 114.0 456000
1723149564497 115.0 460000
1723149576719 116.0 464000
1723149588341 117.0 468000
1723149599642 118.0 472000
1723149611012 119.0 476000
1723149622393 120.0 480000
1723149633554 121.0 484000
1723149644956 122.0 488000
1723149656024 123.0 492000
1723149667592 124.0 496000
1723149678974 125.0 500000
1723149690328 126.0 504000
1723149701661 127.0 508000
1723149712953 128.0 512000
1723149724330 129.0 516000
1723149735760 130.0 520000
1723149747244 131.0 524000
1723149759176 132.0 528000
1723149770813 133.0 532000
1723149782129 134.0 536000
1723149793441 135.0 540000
1723149804435 136.0 544000
1723149815870 137.0 548000
1723149826938 138.0 552000
1723149838231 139.0 556000
1723149850076 140.0 560000
1723149861254 141.0 564000
1723149872952 142.0 568000
1723149884319 143.0 572000
1723149895677 144.0 576000
1723149906885 145.0 580000
1723149918416 146.0 584000
1723149929832 147.0 588000
1723149941537 148.0 592000
1723149952956 149.0 596000
1723149964811 150.0 600000
1723149976077 151.0 604000
1723149987491 152.0 608000
1723149999025 153.0 612000
1723150010242 154.0 616000
1723150021597 155.0 620000
1723150032892 156.0 624000
1723150044353 157.0 628000
1723150055792 158.0 632000
1723150067180 159.0 636000
1723150078814 160.0 640000
1723150090606 161.0 644000
1723150101930 162.0 648000
1723150113453 163.0 652000
1723150124793 164.0 656000
1723150136224 165.0 660000
1723150147488 166.0 664000
1723150158468 167.0 668000
1723150169676 168.0 672000
1723150180945 169.0 676000
1723150192281 170.0 680000
1723150203375 171.0 684000
1723150214381 172.0 688000
1723150225858 173.0 692000
1723150237219 174.0 696000
1723150249141 175.0 700000
1723150260620 176.0 704000
1723150272087 177.0 708000
1723150283619 178.0 712000
1723150295504 179.0 716000
1723150306695 180.0 720000
1723150319413 181.0 724000
1723150330809 182.0 728000
1723150342119 183.0 732000
1723150353411 184.0 736000
1723150364997 185.0 740000
1723150376310 186.0 744000
1723150387664 187.0 748000
1723150399103 188.0 752000
1723150410829 189.0 756000
1723150422287 190.0 760000
1723150433763 191.0 764000
1723150445001 192.0 768000
1723150456431 193.0 772000
1723150467434 194.0 776000
1723150479359 195.0 780000
1723150490773 196.0 784000
1723150505603 197.0 788000
1723150524341 198.0 792000
1723150543302 199.0 796000
1723150557299 200.0 800000
