1723147967045 4000.0 4000
1723147979778 4000.0 8000
1723147994262 4000.0 12000
1723148013889 4000.0 16000
1723148030988 4000.0 20000
1723148046171 4000.0 24000
1723148059744 4000.0 28000
1723148071845 4000.0 32000
1723148084661 4000.0 36000
1723148097899 4000.0 40000
1723148111776 4000.0 44000
1723148124142 4000.0 48000
1723148142567 4000.0 52000
1723148155804 4000.0 56000
1723148169044 4000.0 60000
1723148181695 4000.0 64000
1723148194527 4000.0 68000
1723148209336 4000.0 72000
1723148227372 4000.0 76000
1723148243784 4000.0 80000
1723148256597 4000.0 84000
1723148271415 4000.0 88000
1723148289336 4000.0 92000
1723148306957 4000.0 96000
1723148319567 4000.0 100000
1723148331137 4000.0 104000
1723148345134 4000.0 108000
1723148365605 4000.0 112000
1723148379087 4000.0 116000
1723148392445 4000.0 120000
1723148406216 4000.0 124000
1723148418809 4000.0 128000
1723148431856 4000.0 132000
1723148444577 4000.0 136000
1723148457832 4000.0 140000
1723148470750 4000.0 144000
1723148488431 4000.0 148000
1723148501503 4000.0 152000
1723148514619 4000.0 156000
1723148529206 4000.0 160000
1723148542086 4000.0 164000
1723148554921 4000.0 168000
1723148567318 4000.0 172000
1723148583132 4000.0 176000
1723148596412 4000.0 180000
1723148610294 4000.0 184000
1723148622710 4000.0 188000
1723148635982 4000.0 192000
1723148651174 4000.0 196000
1723148665332 4000.0 200000
1723148677408 4000.0 204000
1723148689042 4000.0 208000
1723148707180 4000.0 212000
1723148723810 4000.0 216000
1723148740322 4000.0 220000
1723148756402 4000.0 224000
1723148772429 4000.0 228000
1723148789258 4000.0 232000
1723148808601 4000.0 236000
1723148823892 4000.0 240000
1723148835865 4000.0 244000
1723148848782 4000.0 248000
1723148864980 4000.0 252000
1723148884018 4000.0 256000
1723148904651 4000.0 260000
1723148916545 4000.0 264000
1723148928496 4000.0 268000
1723148940658 4000.0 272000
1723148952336 4000.0 276000
1723148963940 4000.0 280000
1723148977232 4000.0 284000
1723148988919 4000.0 288000
1723149002115 4000.0 292000
1723149014603 4000.0 296000
1723149025867 4000.0 300000
1723149037240 4000.0 304000
1723149049538 4000.0 308000
1723149067469 4000.0 312000
1723149084137 4000.0 316000
1723149103732 4000.0 320000
1723149117416 4000.0 324000
1723149131837 4000.0 328000
1723149150905 4000.0 332000
1723149166364 4000.0 336000
1723149182978 4000.0 340000
1723149199304 4000.0 344000
1723149215853 4000.0 348000
1723149234092 4000.0 352000
1723149247191 4000.0 356000
1723149259506 4000.0 360000
1723149271921 4000.0 364000
1723149283770 4000.0 368000
1723149295659 4000.0 372000
1723149307838 4000.0 376000
1723149320386 4000.0 380000
1723149332476 4000.0 384000
1723149344571 4000.0 388000
1723149356909 4000.0 392000
1723149369013 4000.0 396000
1723149380463 4000.0 400000
1723149392277 4000.0 404000
1723149403765 4000.0 408000
1723149415274 4000.0 412000
1723149427047 4000.0 416000
1723149445988 4000.0 420000
1723149458986 4000.0 424000
1723149470491 4000.0 428000
1723149481924 4000.0 432000
1723149493659 4000.0 436000
1723149505874 4000.0 440000
1723149518192 4000.0 444000
1723149529874 4000.0 448000
1723149541571 4000.0 452000
1723149552943 4000.0 456000
1723149564492 4000.0 460000
1723149576714 4000.0 464000
1723149588335 4000.0 468000
1723149599636 4000.0 472000
1723149611006 4000.0 476000
1723149622388 4000.0 480000
1723149633549 4000.0 484000
1723149644950 4000.0 488000
1723149656018 4000.0 492000
1723149667586 4000.0 496000
1723149678968 4000.0 500000
1723149690323 4000.0 504000
1723149701656 4000.0 508000
1723149712948 4000.0 512000
1723149724324 4000.0 516000
1723149735755 4000.0 520000
1723149747238 4000.0 524000
1723149759171 4000.0 528000
1723149770808 4000.0 532000
1723149782123 4000.0 536000
1723149793435 4000.0 540000
1723149804429 4000.0 544000
1723149815865 4000.0 548000
1723149826932 4000.0 552000
1723149838225 4000.0 556000
1723149850070 4000.0 560000
1723149861248 4000.0 564000
1723149872946 4000.0 568000
1723149884313 4000.0 572000
1723149895671 4000.0 576000
1723149906879 4000.0 580000
1723149918410 4000.0 584000
1723149929826 4000.0 588000
1723149941531 4000.0 592000
1723149952950 4000.0 596000
1723149964805 4000.0 600000
1723149976072 4000.0 604000
1723149987485 4000.0 608000
1723149999019 4000.0 612000
1723150010237 4000.0 616000
1723150021591 4000.0 620000
1723150032887 4000.0 624000
1723150044347 4000.0 628000
1723150055786 4000.0 632000
1723150067174 4000.0 636000
1723150078797 4000.0 640000
1723150090600 4000.0 644000
1723150101924 4000.0 648000
1723150113447 4000.0 652000
1723150124787 4000.0 656000
1723150136218 4000.0 660000
1723150147483 4000.0 664000
1723150158461 4000.0 668000
1723150169670 4000.0 672000
1723150180939 4000.0 676000
1723150192275 4000.0 680000
1723150203370 4000.0 684000
1723150214375 4000.0 688000
1723150225850 4000.0 692000
1723150237213 4000.0 696000
1723150249135 4000.0 700000
1723150260615 4000.0 704000
1723150272082 4000.0 708000
1723150283613 4000.0 712000
1723150295498 4000.0 716000
1723150306690 4000.0 720000
1723150319408 4000.0 724000
1723150330803 4000.0 728000
1723150342113 4000.0 732000
1723150353405 4000.0 736000
1723150364991 4000.0 740000
1723150376304 4000.0 744000
1723150387658 4000.0 748000
1723150399098 4000.0 752000
1723150410823 4000.0 756000
1723150422281 4000.0 760000
1723150433757 4000.0 764000
1723150444996 4000.0 768000
1723150456424 4000.0 772000
1723150467428 4000.0 776000
1723150479354 4000.0 780000
1723150490767 4000.0 784000
1723150505597 4000.0 788000
1723150524336 4000.0 792000
1723150543296 4000.0 796000
1723150557293 4000.0 800000
