1723147967044 4000.0 4000
1723147979778 8000.0 8000
1723147994261 12000.0 12000
1723148013889 16000.0 16000
1723148030987 20000.0 20000
1723148046170 24000.0 24000
1723148059744 28000.0 28000
1723148071844 32000.0 32000
1723148084661 36000.0 36000
1723148097898 40000.0 40000
1723148111776 44000.0 44000
1723148124141 48000.0 48000
1723148142567 52000.0 52000
1723148155804 56000.0 56000
1723148169043 60000.0 60000
1723148181695 64000.0 64000
1723148194526 68000.0 68000
1723148209335 72000.0 72000
1723148227371 76000.0 76000
1723148243783 80000.0 80000
1723148256596 84000.0 84000
1723148271415 88000.0 88000
1723148289336 92000.0 92000
1723148306956 96000.0 96000
1723148319567 100000.0 100000
1723148331137 104000.0 104000
1723148345133 108000.0 108000
1723148365605 112000.0 112000
1723148379086 116000.0 116000
1723148392445 120000.0 120000
1723148406216 124000.0 124000
1723148418809 128000.0 128000
1723148431855 132000.0 132000
1723148444577 136000.0 136000
1723148457832 140000.0 140000
1723148470749 144000.0 144000
1723148488431 148000.0 148000
1723148501502 152000.0 152000
1723148514619 156000.0 156000
1723148529206 160000.0 160000
1723148542085 164000.0 164000
1723148554920 168000.0 168000
1723148567317 172000.0 172000
1723148583132 176000.0 176000
1723148596412 180000.0 180000
1723148610294 184000.0 184000
1723148622709 188000.0 188000
1723148635981 192000.0 192000
1723148651174 196000.0 196000
1723148665332 200000.0 200000
1723148677408 204000.0 204000
1723148689042 208000.0 208000
1723148707180 212000.0 212000
1723148723809 216000.0 216000
1723148740321 220000.0 220000
1723148756401 224000.0 224000
1723148772429 228000.0 228000
1723148789257 232000.0 232000
1723148808601 236000.0 236000
1723148823892 240000.0 240000
1723148835864 244000.0 244000
1723148848782 248000.0 248000
1723148864980 252000.0 252000
1723148884018 256000.0 256000
1723148904650 260000.0 260000
1723148916544 264000.0 264000
1723148928496 268000.0 268000
1723148940657 272000.0 272000
1723148952336 276000.0 276000
1723148963940 280000.0 280000
1723148977232 284000.0 284000
1723148988918 288000.0 288000
1723149002114 292000.0 292000
1723149014603 296000.0 296000
1723149025867 300000.0 300000
1723149037240 304000.0 304000
1723149049538 308000.0 308000
1723149067468 312000.0 312000
1723149084136 316000.0 316000
1723149103731 320000.0 320000
1723149117416 324000.0 324000
1723149131837 328000.0 328000
1723149150905 332000.0 332000
1723149166363 336000.0 336000
1723149182977 340000.0 340000
1723149199303 344000.0 344000
1723149215853 348000.0 348000
1723149234092 352000.0 352000
1723149247191 356000.0 356000
1723149259506 360000.0 360000
1723149271921 364000.0 364000
1723149283769 368000.0 368000
1723149295658 372000.0 372000
1723149307838 376000.0 376000
1723149320386 380000.0 380000
1723149332476 384000.0 384000
1723149344571 388000.0 388000
1723149356909 392000.0 392000
1723149369013 396000.0 396000
1723149380462 400000.0 400000
1723149392276 404000.0 404000
1723149403764 408000.0 408000
1723149415274 412000.0 412000
1723149427047 416000.0 416000
1723149445988 420000.0 420000
1723149458986 424000.0 424000
1723149470491 428000.0 428000
1723149481923 432000.0 432000
1723149493658 436000.0 436000
1723149505873 440000.0 440000
1723149518192 444000.0 444000
1723149529874 448000.0 448000
1723149541570 452000.0 452000
1723149552943 456000.0 456000
1723149564491 460000.0 460000
1723149576713 464000.0 464000
1723149588334 468000.0 468000
1723149599636 472000.0 472000
1723149611006 476000.0 476000
1723149622387 480000.0 480000
1723149633548 484000.0 484000
1723149644950 488000.0 488000
1723149656017 492000.0 492000
1723149667586 496000.0 496000
1723149678968 500000.0 500000
1723149690322 504000.0 504000
1723149701655 508000.0 508000
1723149712947 512000.0 512000
1723149724324 516000.0 516000
1723149735754 520000.0 520000
1723149747238 524000.0 524000
1723149759170 528000.0 528000
1723149770807 532000.0 532000
1723149782123 536000.0 536000
1723149793434 540000.0 540000
1723149804429 544000.0 544000
1723149815864 548000.0 548000
1723149826932 552000.0 552000
1723149838224 556000.0 556000
1723149850070 560000.0 560000
1723149861248 564000.0 564000
1723149872946 568000.0 568000
1723149884313 572000.0 572000
1723149895671 576000.0 576000
1723149906879 580000.0 580000
1723149918410 584000.0 584000
1723149929826 588000.0 588000
1723149941531 592000.0 592000
1723149952950 596000.0 596000
1723149964805 600000.0 600000
1723149976071 604000.0 604000
1723149987485 608000.0 608000
1723149999019 612000.0 612000
1723150010236 616000.0 616000
1723150021591 620000.0 620000
1723150032886 624000.0 624000
1723150044347 628000.0 628000
1723150055786 632000.0 632000
1723150067174 636000.0 636000
1723150078796 640000.0 640000
1723150090600 644000.0 644000
1723150101924 648000.0 648000
1723150113447 652000.0 652000
1723150124786 656000.0 656000
1723150136218 660000.0 660000
1723150147482 664000.0 664000
1723150158461 668000.0 668000
1723150169670 672000.0 672000
1723150180939 676000.0 676000
1723150192275 680000.0 680000
1723150203369 684000.0 684000
1723150214375 688000.0 688000
1723150225850 692000.0 692000
1723150237213 696000.0 696000
1723150249135 700000.0 700000
1723150260614 704000.0 704000
1723150272081 708000.0 708000
1723150283612 712000.0 712000
1723150295498 716000.0 716000
1723150306689 720000.0 720000
1723150319407 724000.0 724000
1723150330802 728000.0 728000
1723150342113 732000.0 732000
1723150353405 736000.0 736000
1723150364991 740000.0 740000
1723150376303 744000.0 744000
1723150387658 748000.0 748000
1723150399098 752000.0 752000
1723150410823 756000.0 756000
1723150422281 760000.0 760000
1723150433757 764000.0 764000
1723150444995 768000.0 768000
1723150456424 772000.0 772000
1723150467428 776000.0 776000
1723150479353 780000.0 780000
1723150490767 784000.0 784000
1723150505596 788000.0 788000
1723150524335 792000.0 792000
1723150543296 796000.0 796000
1723150557293 800000.0 800000
