1723147967051 24053.0 4000
1723147979783 24053.0 8000
1723147994267 24053.0 12000
1723148013895 24053.0 16000
1723148030993 24053.0 20000
1723148046176 24053.0 24000
1723148059749 24053.0 28000
1723148071850 24053.0 32000
1723148084667 24053.0 36000
1723148097904 24053.0 40000
1723148111781 24053.0 44000
1723148124147 24053.0 48000
1723148142572 24053.0 52000
1723148155809 24053.0 56000
1723148169049 24053.0 60000
1723148181700 24053.0 64000
1723148194532 24053.0 68000
1723148209341 24053.0 72000
1723148227376 24053.0 76000
1723148243789 24053.0 80000
1723148256602 24053.0 84000
1723148271420 24053.0 88000
1723148289342 24053.0 92000
1723148306962 24053.0 96000
1723148319572 24053.0 100000
1723148331142 24053.0 104000
1723148345143 24053.0 108000
1723148365610 24053.0 112000
1723148379092 24053.0 116000
1723148392452 24053.0 120000
1723148406221 24053.0 124000
1723148418814 24053.0 128000
1723148431861 24053.0 132000
1723148444583 24053.0 136000
1723148457840 24053.0 140000
1723148470757 24053.0 144000
1723148488436 24053.0 148000
1723148501508 24053.0 152000
1723148514624 24053.0 156000
1723148529212 24053.0 160000
1723148542091 24053.0 164000
1723148554926 24053.0 168000
1723148567326 24053.0 172000
1723148583138 24053.0 176000
1723148596417 24053.0 180000
1723148610300 24053.0 184000
1723148622715 24053.0 188000
1723148635987 24053.0 192000
1723148651179 24053.0 196000
1723148665337 24053.0 200000
1723148677413 24053.0 204000
1723148689048 24053.0 208000
1723148707186 24053.0 212000
1723148723815 24053.0 216000
1723148740328 24053.0 220000
1723148756407 24053.0 224000
1723148772434 24053.0 228000
1723148789263 24053.0 232000
1723148808607 24053.0 236000
1723148823897 24053.0 240000
1723148835870 24053.0 244000
1723148848787 24053.0 248000
1723148864986 24053.0 252000
1723148884024 24053.0 256000
1723148904656 24053.0 260000
1723148916549 24053.0 264000
1723148928501 24053.0 268000
1723148940667 24053.0 272000
1723148952342 24053.0 276000
1723148963946 24053.0 280000
1723148977237 24053.0 284000
1723148988924 24053.0 288000
1723149002120 24053.0 292000
1723149014608 24053.0 296000
1723149025872 24053.0 300000
1723149037245 24053.0 304000
1723149049543 24053.0 308000
1723149067475 24053.0 312000
1723149084144 24053.0 316000
1723149103739 24053.0 320000
1723149117421 24053.0 324000
1723149131842 24053.0 328000
1723149150927 24053.0 332000
1723149166369 24053.0 336000
1723149182983 24053.0 340000
1723149199309 24053.0 344000
1723149215859 24053.0 348000
1723149234097 24053.0 352000
1723149247196 24053.0 356000
1723149259511 24053.0 360000
1723149271926 24053.0 364000
1723149283775 24053.0 368000
1723149295664 24053.0 372000
1723149307843 24053.0 376000
1723149320391 24053.0 380000
1723149332481 24053.0 384000
1723149344576 24053.0 388000
1723149356914 24053.0 392000
1723149369018 24053.0 396000
1723149380468 24053.0 400000
1723149392281 24053.0 404000
1723149403770 24053.0 408000
1723149415279 24053.0 412000
1723149427053 24053.0 416000
1723149445994 24053.0 420000
1723149458991 24053.0 424000
1723149470497 24053.0 428000
1723149481928 24053.0 432000
1723149493664 24053.0 436000
1723149505878 24053.0 440000
1723149518197 24053.0 444000
1723149529879 24053.0 448000
1723149541576 24053.0 452000
1723149552948 24053.0 456000
1723149564497 24053.0 460000
1723149576719 24053.0 464000
1723149588340 24053.0 468000
1723149599641 24053.0 472000
1723149611011 24053.0 476000
1723149622393 24053.0 480000
1723149633554 24053.0 484000
1723149644955 24053.0 488000
1723149656023 24053.0 492000
1723149667592 24053.0 496000
1723149678973 24053.0 500000
1723149690328 24053.0 504000
1723149701660 24053.0 508000
1723149712952 24053.0 512000
1723149724329 24053.0 516000
1723149735760 24053.0 520000
1723149747243 24053.0 524000
1723149759176 24053.0 528000
1723149770812 24053.0 532000
1723149782128 24053.0 536000
1723149793440 24053.0 540000
1723149804434 24053.0 544000
1723149815870 24053.0 548000
1723149826937 24053.0 552000
1723149838230 24053.0 556000
1723149850075 24053.0 560000
1723149861253 24053.0 564000
1723149872951 24053.0 568000
1723149884318 24053.0 572000
1723149895676 24053.0 576000
1723149906884 24053.0 580000
1723149918415 24053.0 584000
1723149929831 24053.0 588000
1723149941536 24053.0 592000
1723149952955 24053.0 596000
1723149964810 24053.0 600000
1723149976076 24053.0 604000
1723149987490 24053.0 608000
1723149999024 24053.0 612000
1723150010242 24053.0 616000
1723150021596 24053.0 620000
1723150032891 24053.0 624000
1723150044352 24053.0 628000
1723150055791 24053.0 632000
1723150067179 24053.0 636000
1723150078813 24053.0 640000
1723150090605 24053.0 644000
1723150101929 24053.0 648000
1723150113452 24053.0 652000
1723150124792 24053.0 656000
1723150136223 24053.0 660000
1723150147487 24053.0 664000
1723150158467 24053.0 668000
1723150169675 24053.0 672000
1723150180944 24053.0 676000
1723150192280 24053.0 680000
1723150203375 24053.0 684000
1723150214380 24053.0 688000
1723150225857 24053.0 692000
1723150237218 24053.0 696000
1723150249140 24053.0 700000
1723150260619 24053.0 704000
1723150272087 24053.0 708000
1723150283618 24053.0 712000
1723150295503 24053.0 716000
1723150306694 24053.0 720000
1723150319412 24053.0 724000
1723150330808 24053.0 728000
1723150342118 24053.0 732000
1723150353411 24053.0 736000
1723150364996 24053.0 740000
1723150376309 24053.0 744000
1723150387663 24053.0 748000
1723150399103 24053.0 752000
1723150410828 24053.0 756000
1723150422286 24053.0 760000
1723150433762 24053.0 764000
1723150445001 24053.0 768000
1723150456430 24053.0 772000
1723150467433 24053.0 776000
1723150479359 24053.0 780000
1723150490772 24053.0 784000
1723150505602 24053.0 788000
1723150524341 24053.0 792000
1723150543301 24053.0 796000
1723150557298 24053.0 800000
