1723147967046 4000.0 4000
1723147979780 8000.0 8000
1723147994263 12000.0 12000
1723148013890 16000.0 16000
1723148030989 20000.0 20000
1723148046172 24000.0 24000
1723148059745 28000.0 28000
1723148071846 32000.0 32000
1723148084663 36000.0 36000
1723148097900 40000.0 40000
1723148111777 44000.0 44000
1723148124143 48000.0 48000
1723148142569 52000.0 52000
1723148155806 56000.0 56000
1723148169045 60000.0 60000
1723148181696 64000.0 64000
1723148194528 68000.0 68000
1723148209337 72000.0 72000
1723148227373 76000.0 76000
1723148243785 80000.0 80000
1723148256598 84000.0 84000
1723148271417 88000.0 88000
1723148289338 92000.0 92000
1723148306958 96000.0 96000
1723148319569 100000.0 100000
1723148331139 104000.0 104000
1723148345136 108000.0 108000
1723148365607 112000.0 112000
1723148379088 116000.0 116000
1723148392447 120000.0 120000
1723148406218 124000.0 124000
1723148418811 128000.0 128000
1723148431857 132000.0 132000
1723148444578 136000.0 136000
1723148457834 140000.0 140000
1723148470751 144000.0 144000
1723148488433 148000.0 148000
1723148501504 152000.0 152000
1723148514621 156000.0 156000
1723148529208 160000.0 160000
1723148542087 164000.0 164000
1723148554922 168000.0 168000
1723148567320 172000.0 172000
1723148583134 176000.0 176000
1723148596414 180000.0 180000
1723148610296 184000.0 184000
1723148622711 188000.0 188000
1723148635983 192000.0 192000
1723148651175 196000.0 196000
1723148665333 200000.0 200000
1723148677410 204000.0 204000
1723148689044 208000.0 208000
1723148707181 212000.0 212000
1723148723811 216000.0 216000
1723148740323 220000.0 220000
1723148756403 224000.0 224000
1723148772430 228000.0 228000
1723148789259 232000.0 232000
1723148808603 236000.0 236000
1723148823894 240000.0 240000
1723148835866 244000.0 244000
1723148848783 248000.0 248000
1723148864982 252000.0 252000
1723148884020 256000.0 256000
1723148904652 260000.0 260000
1723148916546 264000.0 264000
1723148928498 268000.0 268000
1723148940664 272000.0 272000
1723148952338 276000.0 276000
1723148963942 280000.0 280000
1723148977234 284000.0 284000
1723148988920 288000.0 288000
1723149002116 292000.0 292000
1723149014605 296000.0 296000
1723149025868 300000.0 300000
1723149037242 304000.0 304000
1723149049539 308000.0 308000
1723149067470 312000.0 312000
1723149084139 316000.0 316000
1723149103734 320000.0 320000
1723149117418 324000.0 324000
1723149131838 328000.0 328000
1723149150907 332000.0 332000
1723149166365 336000.0 336000
1723149182979 340000.0 340000
1723149199305 344000.0 344000
1723149215854 348000.0 348000
1723149234094 352000.0 352000
1723149247193 356000.0 356000
1723149259507 360000.0 360000
1723149271923 364000.0 364000
1723149283771 368000.0 368000
1723149295660 372000.0 372000
1723149307840 376000.0 376000
1723149320388 380000.0 380000
1723149332477 384000.0 384000
1723149344573 388000.0 388000
1723149356910 392000.0 392000
1723149369015 396000.0 396000
1723149380464 400000.0 400000
1723149392278 404000.0 404000
1723149403766 408000.0 408000
1723149415276 412000.0 412000
1723149427049 416000.0 416000
1723149445990 420000.0 420000
1723149458988 424000.0 424000
1723149470493 428000.0 428000
1723149481925 432000.0 432000
1723149493660 436000.0 436000
1723149505875 440000.0 440000
1723149518194 444000.0 444000
1723149529876 448000.0 448000
1723149541572 452000.0 452000
1723149552945 456000.0 456000
1723149564493 460000.0 460000
1723149576715 464000.0 464000
1723149588336 468000.0 468000
1723149599637 472000.0 472000
1723149611008 476000.0 476000
1723149622389 480000.0 480000
1723149633550 484000.0 484000
1723149644952 488000.0 488000
1723149656019 492000.0 492000
1723149667588 496000.0 496000
1723149678969 500000.0 500000
1723149690324 504000.0 504000
1723149701657 508000.0 508000
1723149712949 512000.0 512000
1723149724326 516000.0 516000
1723149735756 520000.0 520000
1723149747240 524000.0 524000
1723149759172 528000.0 528000
1723149770809 532000.0 532000
1723149782125 536000.0 536000
1723149793436 540000.0 540000
1723149804431 544000.0 544000
1723149815866 548000.0 548000
1723149826934 552000.0 552000
1723149838226 556000.0 556000
1723149850072 560000.0 560000
1723149861250 564000.0 564000
1723149872947 568000.0 568000
1723149884315 572000.0 572000
1723149895672 576000.0 576000
1723149906880 580000.0 580000
1723149918412 584000.0 584000
1723149929827 588000.0 588000
1723149941532 592000.0 592000
1723149952952 596000.0 596000
1723149964807 600000.0 600000
1723149976073 604000.0 604000
1723149987487 608000.0 608000
1723149999021 612000.0 612000
1723150010238 616000.0 616000
1723150021593 620000.0 620000
1723150032888 624000.0 624000
1723150044349 628000.0 628000
1723150055788 632000.0 632000
1723150067176 636000.0 636000
1723150078801 640000.0 640000
1723150090602 644000.0 644000
1723150101926 648000.0 648000
1723150113448 652000.0 652000
1723150124788 656000.0 656000
1723150136220 660000.0 660000
1723150147484 664000.0 664000
1723150158463 668000.0 668000
1723150169672 672000.0 672000
1723150180940 676000.0 676000
1723150192277 680000.0 680000
1723150203371 684000.0 684000
1723150214377 688000.0 688000
1723150225853 692000.0 692000
1723150237215 696000.0 696000
1723150249137 700000.0 700000
1723150260616 704000.0 704000
1723150272083 708000.0 708000
1723150283614 712000.0 712000
1723150295499 716000.0 716000
1723150306691 720000.0 720000
1723150319409 724000.0 724000
1723150330804 728000.0 728000
1723150342115 732000.0 732000
1723150353407 736000.0 736000
1723150364993 740000.0 740000
1723150376305 744000.0 744000
1723150387660 748000.0 748000
1723150399099 752000.0 752000
1723150410824 756000.0 756000
1723150422283 760000.0 760000
1723150433759 764000.0 764000
1723150444997 768000.0 768000
1723150456426 772000.0 772000
1723150467429 776000.0 776000
1723150479355 780000.0 780000
1723150490769 784000.0 784000
1723150505598 788000.0 788000
1723150524337 792000.0 792000
1723150543298 796000.0 796000
1723150557295 800000.0 800000
