1723147967050 12.862355947494507 4000
1723147979782 12.55395793914795 8000
1723147994266 14.279911756515503 12000
1723148013894 19.45686411857605 16000
1723148030992 16.942729949951172 20000
1723148046175 15.004966735839844 24000
1723148059748 13.40764594078064 28000
1723148071849 11.955332040786743 32000
1723148084666 12.683841705322266 36000
1723148097903 13.061983823776245 40000
1723148111780 13.673040866851807 44000
1723148124146 12.234947204589844 48000
1723148142571 18.25082802772522 52000
1723148155808 13.067404747009277 56000
1723148169048 13.040357828140259 60000
1723148181699 12.477521896362305 64000
1723148194531 12.686332941055298 68000
1723148209341 14.680453062057495 72000
1723148227376 17.842655897140503 76000
1723148243788 16.2010600566864 80000
1723148256601 12.593829870223999 84000
1723148271419 14.65893006324768 88000
1723148289341 17.75568723678589 92000
1723148306961 17.438270092010498 96000
1723148319572 12.435627937316895 100000
1723148331142 11.446196794509888 104000
1723148345141 13.855998992919922 108000
1723148365610 19.607813119888306 112000
1723148379091 13.287590980529785 116000
1723148392451 13.221529722213745 120000
1723148406221 13.616470098495483 124000
1723148418813 12.409731149673462 128000
1723148431860 12.88149619102478 132000
1723148444582 12.586737871170044 136000
1723148457837 13.07815408706665 140000
1723148470755 12.741477012634277 144000
1723148488436 17.491905689239502 148000
1723148501507 12.904489040374756 152000
1723148514624 12.957372903823853 156000
1723148529211 14.410555839538574 160000
1723148542090 12.698044061660767 164000
1723148554925 12.666844844818115 168000
1723148567325 12.260167837142944 172000
1723148583137 15.619151830673218 176000
1723148596417 13.093135833740234 180000
1723148610299 13.701353788375854 184000
1723148622714 12.238656997680664 188000
1723148635986 13.109069108963013 192000
1723148651178 15.010932922363281 196000
1723148665336 13.592813968658447 200000
1723148677412 11.890375852584839 204000
1723148689047 11.488941192626953 208000
1723148707185 17.959465265274048 212000
1723148723814 16.3328640460968 216000
1723148740326 16.33006477355957 220000
1723148756406 15.910089015960693 224000
1723148772433 15.837926149368286 228000
1723148789262 16.59035015106201 232000
1723148808606 19.178529977798462 236000
1723148823897 15.098834991455078 240000
1723148835869 11.801420211791992 244000
1723148848786 12.735881090164185 248000
1723148864985 16.055600881576538 252000
1723148884023 18.823354959487915 256000
1723148904655 20.429079055786133 260000
1723148916549 11.71568512916565 264000
1723148928500 11.794476985931396 268000
1723148940667 12.008334159851074 272000
1723148952341 11.502786874771118 276000
1723148963945 11.42474913597107 280000
1723148977237 13.108588695526123 284000
1723148988923 11.540776014328003 288000
1723149002119 13.012014865875244 292000
1723149014607 12.313552856445312 296000
1723149025872 11.098867893218994 300000
1723149037245 11.198990106582642 304000
1723149049542 12.10910677909851 308000
1723149067474 17.74180769920349 312000
1723149084143 16.223648071289062 316000
1723149103738 19.34840703010559 320000
1723149117421 13.502194166183472 324000
1723149131841 14.220355749130249 328000
1723149150926 18.868157863616943 332000
1723149166369 15.279537200927734 336000
1723149182982 16.415632724761963 340000
1723149199308 16.143471002578735 344000
1723149215858 16.36250114440918 348000
1723149234097 18.052915811538696 352000
1723149247196 12.827091932296753 356000
1723149259510 12.134950876235962 360000
1723149271925 12.240395784378052 364000
1723149283774 11.669296264648438 368000
1723149295663 11.710702657699585 372000
1723149307842 12.000180959701538 376000
1723149320391 12.370323896408081 380000
1723149332480 11.914214134216309 384000
1723149344576 11.949509859085083 388000
1723149356913 12.177127838134766 392000
1723149369017 11.928247213363647 396000
1723149380467 11.27174997329712 400000
1723149392281 11.633127927780151 404000
1723149403769 11.313919067382812 408000
1723149415278 11.32900595664978 412000
1723149427052 11.587854862213135 416000
1723149445993 18.638883113861084 420000
1723149458991 12.792284965515137 424000
1723149470496 11.351355075836182 428000
1723149481928 11.283406972885132 432000
1723149493663 11.585624694824219 436000
1723149505878 12.02835202217102 440000
1723149518197 12.129422187805176 444000
1723149529878 11.532948970794678 448000
1723149541575 11.508306980133057 452000
1723149552948 11.190271854400635 456000
1723149564496 11.365862846374512 460000
1723149576718 12.032370328903198 464000
1723149588339 11.471398115158081 468000
1723149599640 11.128120183944702 472000
1723149611010 11.221511840820312 476000
1723149622392 11.198416233062744 480000
1723149633553 10.979995250701904 484000
1723149644954 11.25102424621582 488000
1723149656022 10.917122840881348 492000
1723149667591 11.413579940795898 496000
1723149678972 11.227210998535156 500000
1723149690327 11.202270984649658 504000
1723149701660 11.173985958099365 508000
1723149712952 11.1422598361969 512000
1723149724329 11.181227207183838 516000
1723149735759 11.239760160446167 520000
1723149747242 11.299283981323242 524000
1723149759175 11.782545804977417 528000
1723149770812 11.481250047683716 532000
1723149782127 11.162700891494751 536000
1723149793439 11.156970024108887 540000
1723149804433 10.842065811157227 544000
1723149815869 11.278518199920654 548000
1723149826936 10.90960693359375 552000
1723149838230 11.13409686088562 556000
1723149850075 11.653106927871704 560000
1723149861253 10.991841077804565 564000
1723149872950 11.501689195632935 568000
1723149884317 11.212162017822266 572000
1723149895675 11.201128959655762 576000
1723149906883 11.050836324691772 580000
1723149918414 11.373888969421387 584000
1723149929830 11.253162860870361 588000
1723149941535 11.545828104019165 592000
1723149952955 11.259525060653687 596000
1723149964810 11.647471904754639 600000
1723149976076 11.075608015060425 604000
1723149987489 11.222394943237305 608000
1723149999024 10.914204120635986 612000
1723150010241 11.048894882202148 616000
1723150021596 11.160737037658691 620000
1723150032891 11.093998908996582 624000
1723150044351 11.26752519607544 628000
1723150055791 11.23128604888916 632000
1723150067178 11.227142095565796 636000
1723150078811 11.435471773147583 640000
1723150090604 11.577452898025513 644000
1723150101929 11.12288522720337 648000
1723150113451 11.321774244308472 652000
1723150124791 11.172659873962402 656000
1723150136223 11.26568078994751 660000
1723150147487 11.100109100341797 664000
1723150158466 10.815362930297852 668000
1723150169674 11.046199083328247 672000
1723150180943 11.10814905166626 676000
1723150192279 11.172142267227173 680000
1723150203374 10.927001953125 684000
1723150214380 10.836562156677246 688000
1723150225856 11.259135007858276 692000
1723150237218 11.138071060180664 696000
1723150249139 11.728886842727661 700000
1723150260619 11.263808965682983 704000
1723150272086 11.2501699924469 708000
1723150283617 11.310392141342163 712000
1723150295502 11.669617176055908 716000
1723150306694 11.022754669189453 720000
1723150319412 12.505683898925781 724000
1723150330808 11.173679113388062 728000
1723150342117 11.088590860366821 732000
1723150353410 11.074227809906006 736000
1723150364995 11.418550968170166 740000
1723150376308 11.085139989852905 744000
1723150387662 11.136169910430908 748000
1723150399102 11.215335130691528 752000
1723150410827 11.50298810005188 756000
1723150422285 11.242406129837036 760000
1723150433761 11.310400009155273 764000
1723150445000 11.06571102142334 768000
1723150456429 11.192657947540283 772000
1723150467432 10.780006170272827 776000
1723150479358 11.704643964767456 780000
1723150490771 11.241428852081299 784000
1723150505601 14.559376955032349 788000
1723150524340 18.477508068084717 792000
1723150543300 18.715086936950684 796000
1723150557297 13.794877052307129 800000
