1723171812064 0.0 4000
1723171825449 0.0 8000
1723171838171 0.0 12000
1723171851753 0.0 16000
1723171869935 0.0 20000
1723171886426 0.0 24000
1723171904871 0.0 28000
1723171922412 0.0 32000
1723171940920 0.0 36000
1723171958909 0.0 40000
1723171977220 0.0 44000
1723171994404 0.0 48000
1723172010960 0.0 52000
1723172029671 0.0 56000
1723172044750 0.0 60000
1723172058674 0.0 64000
1723172072311 0.0 68000
1723172086240 0.0 72000
1723172099991 0.0 76000
1723172113423 0.0 80000
1723172126009 0.0 84000
1723172139057 0.0 88000
1723172151546 0.0 92000
1723172163990 0.0 96000
1723172176736 0.0 100000
1723172189611 0.0 104000
1723172201819 0.0 108000
1723172214572 0.0 112000
1723172227428 0.0 116000
1723172240105 0.0 120000
1723172252914 0.0 124000
1723172265492 0.0 128000
1723172278136 0.0 132000
1723172290530 0.0 136000
1723172303017 0.0 140000
1723172315602 0.0 144000
1723172328112 0.0 148000
1723172340445 0.0 152000
1723172353018 0.0 156000
1723172365078 0.0 160000
1723172376931 0.0 164000
1723172389987 0.0 168000
1723172402593 0.0 172000
1723172414590 0.0 176000
1723172426781 0.0 180000
1723172439181 0.0 184000
1723172451838 0.0 188000
1723172465531 0.0 192000
1723172478536 0.0 196000
1723172494398 0.0 200000
1723172507758 0.0 204000
1723172524635 0.0 208000
1723172546694 0.0 212000
1723172563825 0.0 216000
1723172581179 0.0 220000
1723172598088 0.0 224000
1723172613449 0.0 228000
1723172628781 0.0 232000
1723172644009 0.0 236000
1723172659942 0.0 240000
1723172675800 0.0 244000
1723172692129 0.0 248000
1723172707084 0.0 252000
1723172721816 0.0 256000
1723172738298 0.0 260000
1723172756121 0.0 264000
1723172771002 0.0 268000
1723172785988 0.0 272000
1723172800904 0.0 276000
1723172815768 0.0 280000
1723172830436 0.0 284000
1723172844889 0.0 288000
1723172859270 0.0 292000
1723172874472 0.0 296000
1723172889291 0.0 300000
1723172903662 0.0 304000
1723172919795 0.0 308000
1723172934695 0.0 312000
1723172948529 0.0 316000
1723172963183 0.0 320000
1723172977731 0.0 324000
1723172992120 0.0 328000
1723173006941 0.0 332000
1723173022381 0.0 336000
1723173036760 0.0 340000
1723173051299 0.0 344000
1723173065678 0.0 348000
1723173080184 0.0 352000
1723173094721 0.0 356000
1723173109399 0.0 360000
1723173125500 0.0 364000
1723173140487 0.0 368000
1723173155638 0.0 372000
1723173171523 0.0 376000
1723173186393 0.0 380000
1723173201450 0.0 384000
1723173216085 0.0 388000
1723173230962 0.0 392000
1723173245625 0.0 396000
1723173259814 0.0 400000
1723173274617 0.0 404000
1723173289054 0.0 408000
1723173302867 0.0 412000
1723173317060 0.0 416000
1723173331050 0.0 420000
1723173344718 0.0 424000
1723173359346 0.0 428000
1723173374467 0.0 432000
1723173388034 0.0 436000
1723173401058 0.0 440000
1723173417296 0.0 444000
1723173434365 0.0 448000
1723173452293 0.0 452000
1723173472634 0.0 456000
1723173492628 0.0 460000
1723173511559 0.0 464000
1723173529365 0.0 468000
1723173544117 0.0 472000
1723173568089 0.0 476000
1723173585310 0.0 480000
1723173600876 0.0 484000
1723173616369 0.0 488000
1723173631755 0.0 492000
1723173646220 0.0 496000
1723173661987 0.0 500000
1723173679543 0.0 504000
1723173698978 0.0 508000
1723173715857 0.0 512000
1723173729843 0.0 516000
1723173741841 0.0 520000
1723173754000 0.0 524000
1723173766880 0.0 528000
1723173779502 0.0 532000
1723173796112 0.0 536000
1723173814630 0.0 540000
1723173834479 0.0 544000
1723173855045 0.0 548000
1723173868918 0.0 552000
1723173887159 0.0 556000
1723173903174 0.0 560000
1723173916604 0.0 564000
1723173942229 0.0 568000
1723173958482 0.0 572000
1723173972756 0.0 576000
1723173988077 0.0 580000
1723174003723 0.0 584000
1723174019227 0.0 588000
1723174034018 0.0 592000
1723174049961 0.0 596000
1723174064436 0.0 600000
1723174079889 0.0 604000
1723174093362 0.0 608000
1723174108911 0.0 612000
1723174123215 0.0 616000
1723174137215 0.0 620000
1723174150893 0.0 624000
1723174164505 0.0 628000
1723174178011 0.0 632000
1723174191319 0.0 636000
1723174205193 0.0 640000
1723174218573 0.0 644000
1723174231982 0.0 648000
1723174245401 0.0 652000
1723174258680 0.0 656000
1723174272725 0.0 660000
1723174286005 0.0 664000
1723174299377 0.0 668000
1723174312968 0.0 672000
1723174326426 0.0 676000
1723174340056 0.0 680000
1723174353420 0.0 684000
1723174366627 0.0 688000
1723174379040 0.0 692000
1723174392491 0.0 696000
1723174405867 0.0 700000
1723174419182 0.0 704000
1723174432555 0.0 708000
1723174445857 0.0 712000
1723174459126 0.0 716000
1723174471938 0.0 720000
1723174485495 0.0 724000
1723174499175 0.0 728000
1723174512504 0.0 732000
1723174525738 0.0 736000
1723174539764 0.0 740000
1723174553213 0.0 744000
1723174567141 0.0 748000
1723174580372 0.0 752000
1723174594418 0.0 756000
1723174607455 0.0 760000
1723174621231 0.0 764000
1723174634875 0.0 768000
1723174648380 0.0 772000
1723174662027 0.0 776000
1723174675963 0.0 780000
1723174689565 0.0 784000
1723174702894 0.0 788000
1723174716262 0.0 792000
1723174730043 0.0 796000
1723174744003 0.0 800000
1723174757138 0.0 804000
1723174770164 0.0 808000
1723174783232 0.0 812000
1723174796634 0.0 816000
1723174809866 0.0 820000
1723174823393 0.0 824000
1723174836709 0.0 828000
1723174850458 0.0 832000
1723174864158 0.0 836000
1723174877645 0.0 840000
1723174890696 0.0 844000
1723174904389 0.0 848000
1723174917564 0.0 852000
1723174930504 0.0 856000
1723174943682 0.0 860000
1723174957217 0.0 864000
1723174971316 0.0 868000
1723174984841 0.0 872000
1723174998282 0.0 876000
1723175011773 0.0 880000
1723175025640 0.0 884000
1723175039000 0.0 888000
1723175052008 0.0 892000
1723175065358 0.0 896000
1723175078900 0.0 900000
1723175091991 0.0 904000
1723175105078 0.0 908000
1723175118355 0.0 912000
1723175131963 0.0 916000
1723175145241 0.0 920000
1723175158686 0.0 924000
1723175172569 0.0 928000
1723175186580 0.0 932000
1723175200693 0.0 936000
1723175214896 0.0 940000
1723175228631 0.0 944000
1723175242203 0.0 948000
1723175255898 0.0 952000
1723175269364 0.0 956000
1723175283345 0.0 960000
1723175296960 0.0 964000
1723175310742 0.0 968000
1723175324611 0.0 972000
1723175338162 0.0 976000
1723175351515 0.0 980000
1723175365048 0.0 984000
1723175378278 0.0 988000
1723175392475 0.0 992000
1723175406011 0.0 996000
1723175419155 0.0 1000000
1723175432310 0.0 1004000
1723175445730 0.0 1008000
1723175459163 0.0 1012000
1723175472623 0.0 1016000
1723175487642 0.0 1020000
1723175501184 0.0 1024000
1723175514734 0.0 1028000
1723175528068 0.0 1032000
1723175541338 0.0 1036000
1723175555331 0.0 1040000
1723175569990 0.0 1044000
1723175583677 0.0 1048000
1723175597291 0.0 1052000
1723175611050 0.0 1056000
1723175624535 0.0 1060000
1723175637995 0.0 1064000
1723175652545 0.0 1068000
1723175666224 0.0 1072000
1723175679506 0.0 1076000
1723175693229 0.0 1080000
1723175706870 0.0 1084000
1723175720292 0.0 1088000
1723175733622 0.0 1092000
1723175747156 0.0 1096000
1723175760992 0.0 1100000
1723175773089 0.0 1104000
1723175786930 0.0 1108000
1723175800067 0.0 1112000
1723175813594 0.0 1116000
1723175827599 0.0 1120000
1723175841369 0.0 1124000
1723175853680 0.0 1128000
1723175868015 0.0 1132000
1723175881521 0.0 1136000
1723175895177 0.0 1140000
1723175908443 0.0 1144000
1723175922377 0.0 1148000
1723175936468 0.0 1152000
1723175950251 0.0 1156000
1723175963876 0.0 1160000
1723175977105 0.0 1164000
1723175990450 0.0 1168000
1723176003972 0.0 1172000
1723176017085 0.0 1176000
1723176030464 0.0 1180000
1723176044360 0.0 1184000
1723176058801 0.0 1188000
1723176072175 0.0 1192000
1723176085239 0.0 1196000
1723176099093 0.0 1200000
1723176112965 0.0 1204000
1723176126669 0.0 1208000
1723176139973 0.0 1212000
1723176154445 0.0 1216000
1723176168407 0.0 1220000
1723176182140 0.0 1224000
1723176195843 0.0 1228000
1723176209018 0.0 1232000
1723176222177 0.0 1236000
1723176236048 0.0 1240000
1723176249546 0.0 1244000
1723176262353 0.0 1248000
1723176274794 0.0 1252000
1723176287978 0.0 1256000
1723176301089 0.0 1260000
1723176314498 0.0 1264000
1723176327884 0.0 1268000
1723176341149 0.0 1272000
1723176355079 0.0 1276000
1723176368908 0.0 1280000
1723176383312 0.0 1284000
1723176395528 0.0 1288000
1723176408680 0.0 1292000
1723176422075 0.0 1296000
1723176435182 0.0 1300000
1723176448917 0.0 1304000
1723176462140 0.0 1308000
1723176475888 0.0 1312000
1723176490079 0.0 1316000
1723176502737 0.0 1320000
1723176516120 0.0 1324000
1723176530442 0.0 1328000
1723176544857 0.0 1332000
1723176558161 0.0 1336000
1723176572123 0.0 1340000
1723176585649 0.0 1344000
1723176599569 0.0 1348000
1723176613505 0.0 1352000
1723176627229 0.0 1356000
1723176640656 0.0 1360000
1723176654142 0.0 1364000
1723176667861 0.0 1368000
1723176681431 0.0 1372000
1723176694996 0.0 1376000
1723176708605 0.0 1380000
1723176722042 0.0 1384000
1723176735508 0.0 1388000
1723176748874 0.0 1392000
1723176762366 0.0 1396000
1723176776154 0.0 1400000
1723176789964 0.0 1404000
1723176803602 0.0 1408000
1723176816714 0.0 1412000
1723176830363 0.0 1416000
1723176844073 0.0 1420000
1723176857369 0.0 1424000
1723176871048 0.0 1428000
1723176884699 0.0 1432000
1723176898681 0.0 1436000
1723176912458 0.0 1440000
1723176926093 0.0 1444000
1723176939465 0.0 1448000
1723176953013 0.0 1452000
1723176966128 0.0 1456000
1723176979511 0.0 1460000
1723176992940 0.0 1464000
1723177006357 0.0 1468000
1723177019764 0.0 1472000
1723177033200 0.0 1476000
1723177046722 0.0 1480000
1723177060383 0.0 1484000
1723177074242 0.0 1488000
1723177088067 0.0 1492000
1723177101807 0.0 1496000
1723177115455 0.0 1500000
1723177129292 0.0 1504000
1723177143077 0.0 1508000
1723177156377 0.0 1512000
1723177169535 0.0 1516000
1723177183876 0.0 1520000
1723177197302 0.0 1524000
1723177210608 0.0 1528000
1723177223643 0.0 1532000
1723177236890 0.0 1536000
1723177250896 0.0 1540000
1723177264508 0.0 1544000
1723177278876 0.0 1548000
1723177292858 0.0 1552000
1723177306772 0.0 1556000
1723177320536 0.0 1560000
1723177334357 0.0 1564000
1723177347903 0.0 1568000
1723177361763 0.0 1572000
1723177375701 0.0 1576000
1723177389906 0.0 1580000
1723177403492 0.0 1584000
1723177416864 0.0 1588000
1723177430894 0.0 1592000
1723177444919 0.0 1596000
1723177458680 0.0 1600000
1723177472332 0.0 1604000
1723177486227 0.0 1608000
1723177499968 0.0 1612000
1723177513652 0.0 1616000
1723177527893 0.0 1620000
1723177541624 0.0 1624000
1723177555323 0.0 1628000
1723177569655 0.0 1632000
1723177583729 0.0 1636000
1723177597060 0.0 1640000
1723177610757 0.0 1644000
1723177624342 0.0 1648000
1723177637703 0.0 1652000
1723177651431 0.0 1656000
1723177664763 0.0 1660000
1723177678220 0.0 1664000
1723177691864 0.0 1668000
1723177705549 0.0 1672000
1723177718892 0.0 1676000
1723177732944 0.0 1680000
1723177746499 0.0 1684000
1723177759716 0.0 1688000
1723177773556 0.0 1692000
1723177787162 0.0 1696000
1723177800804 0.0 1700000
1723177813926 0.0 1704000
1723177827215 0.0 1708000
1723177840340 0.0 1712000
1723177854649 0.0 1716000
1723177868249 0.0 1720000
1723177882035 0.0 1724000
1723177895328 0.0 1728000
1723177908929 0.0 1732000
1723177921961 0.0 1736000
1723177934800 0.0 1740000
1723177948559 0.0 1744000
1723177962175 0.0 1748000
1723177975841 0.0 1752000
1723177990078 0.0 1756000
1723178003926 0.0 1760000
1723178017754 0.0 1764000
1723178031635 0.0 1768000
1723178045706 0.0 1772000
1723178059038 0.0 1776000
1723178073333 0.0 1780000
1723178087122 0.0 1784000
1723178100805 0.0 1788000
1723178114349 0.0 1792000
1723178127607 0.0 1796000
1723178141379 0.0 1800000
1723178155414 0.0 1804000
1723178170178 0.0 1808000
1723178183788 0.0 1812000
1723178197236 0.0 1816000
1723178210982 0.0 1820000
1723178224818 0.0 1824000
1723178238210 0.0 1828000
1723178251517 0.0 1832000
1723178265455 0.0 1836000
1723178279518 0.0 1840000
1723178293265 0.0 1844000
1723178306861 0.0 1848000
1723178320149 0.0 1852000
1723178334227 0.0 1856000
1723178347759 0.0 1860000
1723178361241 0.0 1864000
1723178374306 0.0 1868000
1723178387719 0.0 1872000
1723178401188 0.0 1876000
1723178414740 0.0 1880000
1723178427869 0.0 1884000
1723178441380 0.0 1888000
1723178454794 0.0 1892000
1723178468804 0.0 1896000
1723178482313 0.0 1900000
1723178496007 0.0 1904000
1723178510361 0.0 1908000
1723178524197 0.0 1912000
1723178537833 0.0 1916000
1723178551662 0.0 1920000
1723178565096 0.0 1924000
1723178578948 0.0 1928000
1723178592920 0.0 1932000
1723178606201 0.0 1936000
1723178619740 0.0 1940000
1723178634032 0.0 1944000
1723178647883 0.0 1948000
1723178661814 0.0 1952000
1723178676729 0.0 1956000
1723178690493 0.0 1960000
1723178704283 0.0 1964000
1723178717864 0.0 1968000
1723178731530 0.0 1972000
1723178744658 0.0 1976000
1723178758587 0.0 1980000
1723178772321 0.0 1984000
1723178786150 0.0 1988000
1723178799551 0.0 1992000
1723178813177 0.0 1996000
1723178827018 0.0 2000000
