1723171812069 0.0 4000
1723171825453 0.0 8000
1723171838175 0.0 12000
1723171851757 0.0 16000
1723171869939 0.0 20000
1723171886430 0.0 24000
1723171904875 0.0 28000
1723171922416 0.0 32000
1723171940924 0.0 36000
1723171958913 0.0 40000
1723171977233 0.0 44000
1723171994408 0.0 48000
1723172010965 0.0 52000
1723172029675 0.0 56000
1723172044753 0.0 60000
1723172058677 0.0 64000
1723172072314 0.0 68000
1723172086245 0.0 72000
1723172099994 0.0 76000
1723172113427 0.0 80000
1723172126013 0.0 84000
1723172139061 0.0 88000
1723172151549 0.0 92000
1723172163994 0.0 96000
1723172176740 0.0 100000
1723172189615 0.0 104000
1723172201823 0.0 108000
1723172214576 0.0 112000
1723172227432 0.0 116000
1723172240109 0.0 120000
1723172252918 0.0 124000
1723172265496 0.0 128000
1723172278140 0.0 132000
1723172290534 0.0 136000
1723172303021 0.0 140000
1723172315605 0.0 144000
1723172328117 0.0 148000
1723172340448 0.0 152000
1723172353021 0.0 156000
1723172365081 0.0 160000
1723172376935 0.0 164000
1723172389991 0.0 168000
1723172402597 0.0 172000
1723172414593 0.0 176000
1723172426785 0.0 180000
1723172439185 0.0 184000
1723172451842 0.0 188000
1723172465534 0.0 192000
1723172478540 0.0 196000
1723172494402 0.0 200000
1723172507762 0.0 204000
1723172524639 0.0 208000
1723172546698 0.0 212000
1723172563830 0.0 216000
1723172581183 0.0 220000
1723172598092 0.0 224000
1723172613453 0.0 228000
1723172628785 0.0 232000
1723172644013 0.0 236000
1723172659946 0.0 240000
1723172675804 0.0 244000
1723172692132 0.0 248000
1723172707088 0.0 252000
1723172721820 0.0 256000
1723172738303 0.0 260000
1723172756125 0.0 264000
1723172771006 0.0 268000
1723172785992 0.0 272000
1723172800908 0.0 276000
1723172815772 0.0 280000
1723172830440 0.0 284000
1723172844893 0.0 288000
1723172859274 0.0 292000
1723172874476 0.0 296000
1723172889294 0.0 300000
1723172903666 0.0 304000
1723172919798 0.0 308000
1723172934699 0.0 312000
1723172948532 0.0 316000
1723172963187 0.0 320000
1723172977735 0.0 324000
1723172992124 0.0 328000
1723173006944 0.0 332000
1723173022384 0.0 336000
1723173036764 0.0 340000
1723173051302 0.0 344000
1723173065682 0.0 348000
1723173080188 0.0 352000
1723173094725 0.0 356000
1723173109402 0.0 360000
1723173125504 0.0 364000
1723173140490 0.0 368000
1723173155643 0.0 372000
1723173171527 0.0 376000
1723173186397 0.0 380000
1723173201454 0.0 384000
1723173216089 0.0 388000
1723173230966 0.0 392000
1723173245629 0.0 396000
1723173259818 0.0 400000
1723173274620 0.0 404000
1723173289058 0.0 408000
1723173302870 0.0 412000
1723173317063 0.0 416000
1723173331054 0.0 420000
1723173344721 0.0 424000
1723173359350 0.0 428000
1723173374470 0.0 432000
1723173388037 0.0 436000
1723173401061 0.0 440000
1723173417300 0.0 444000
1723173434370 0.0 448000
1723173452297 0.0 452000
1723173472637 0.0 456000
1723173492631 0.0 460000
1723173511562 0.0 464000
1723173529370 0.0 468000
1723173544121 0.0 472000
1723173568093 0.0 476000
1723173585314 0.0 480000
1723173600880 0.0 484000
1723173616373 0.0 488000
1723173631760 0.0 492000
1723173646225 0.0 496000
1723173661991 0.0 500000
1723173679548 0.0 504000
1723173698983 0.0 508000
1723173715863 0.0 512000
1723173729847 0.0 516000
1723173741845 0.0 520000
1723173754003 0.0 524000
1723173766885 0.0 528000
1723173779505 0.0 532000
1723173796115 0.0 536000
1723173814637 0.0 540000
1723173834483 0.0 544000
1723173855049 0.0 548000
1723173868923 0.0 552000
1723173887163 0.0 556000
1723173903178 0.0 560000
1723173916608 0.0 564000
1723173942234 0.0 568000
1723173958485 0.0 572000
1723173972759 0.0 576000
1723173988081 0.0 580000
1723174003728 0.0 584000
1723174019231 0.0 588000
1723174034022 0.0 592000
1723174049965 0.0 596000
1723174064440 0.0 600000
1723174079893 0.0 604000
1723174093366 0.0 608000
1723174108916 0.0 612000
1723174123219 0.0 616000
1723174137219 0.0 620000
1723174150897 0.0 624000
1723174164510 0.0 628000
1723174178015 0.0 632000
1723174191324 0.0 636000
1723174205197 0.0 640000
1723174218577 0.0 644000
1723174231986 0.0 648000
1723174245405 0.0 652000
1723174258684 0.0 656000
1723174272730 0.0 660000
1723174286009 0.0 664000
1723174299381 0.0 668000
1723174312972 0.0 672000
1723174326431 0.0 676000
1723174340060 0.0 680000
1723174353424 0.0 684000
1723174366631 0.0 688000
1723174379044 0.0 692000
1723174392495 0.0 696000
1723174405871 0.0 700000
1723174419185 0.0 704000
1723174432559 0.0 708000
1723174445861 0.0 712000
1723174459130 0.0 716000
1723174471942 0.0 720000
1723174485500 0.0 724000
1723174499179 0.0 728000
1723174512509 0.0 732000
1723174525742 0.0 736000
1723174539768 0.0 740000
1723174553217 0.0 744000
1723174567146 0.0 748000
1723174580377 0.0 752000
1723174594422 0.0 756000
1723174607459 0.0 760000
1723174621235 0.0 764000
1723174634878 0.0 768000
1723174648384 0.0 772000
1723174662031 0.0 776000
1723174675967 0.0 780000
1723174689568 0.0 784000
1723174702898 0.0 788000
1723174716266 0.0 792000
1723174730047 0.0 796000
1723174744007 0.0 800000
1723174757142 0.0 804000
1723174770168 0.0 808000
1723174783235 0.0 812000
1723174796638 0.0 816000
1723174809870 0.0 820000
1723174823397 0.0 824000
1723174836713 0.0 828000
1723174850464 0.0 832000
1723174864162 0.0 836000
1723174877649 0.0 840000
1723174890699 0.0 844000
1723174904393 0.0 848000
1723174917567 0.0 852000
1723174930508 0.0 856000
1723174943686 0.0 860000
1723174957221 0.0 864000
1723174971319 0.0 868000
1723174984845 0.0 872000
1723174998286 0.0 876000
1723175011777 0.0 880000
1723175025644 0.0 884000
1723175039003 0.0 888000
1723175052013 0.0 892000
1723175065362 0.0 896000
1723175078904 0.0 900000
1723175091994 0.0 904000
1723175105082 0.0 908000
1723175118359 0.0 912000
1723175131966 0.0 916000
1723175145245 0.0 920000
1723175158690 0.0 924000
1723175172573 0.0 928000
1723175186584 0.0 932000
1723175200697 0.0 936000
1723175214900 0.0 940000
1723175228635 0.0 944000
1723175242207 0.0 948000
1723175255902 0.0 952000
1723175269367 0.0 956000
1723175283349 0.0 960000
1723175296964 0.0 964000
1723175310746 0.0 968000
1723175324615 0.0 972000
1723175338166 0.0 976000
1723175351520 0.0 980000
1723175365053 0.0 984000
1723175378282 0.0 988000
1723175392479 0.0 992000
1723175406015 0.0 996000
1723175419159 0.0 1000000
1723175432314 0.0 1004000
1723175445734 0.0 1008000
1723175459167 0.0 1012000
1723175472626 0.0 1016000
1723175487646 0.0 1020000
1723175501188 0.0 1024000
1723175514738 0.0 1028000
1723175528072 0.0 1032000
1723175541342 0.0 1036000
1723175555335 0.0 1040000
1723175569995 0.0 1044000
1723175583681 0.0 1048000
1723175597296 0.0 1052000
1723175611054 0.0 1056000
1723175624539 0.0 1060000
1723175637999 0.0 1064000
1723175652549 0.0 1068000
1723175666228 0.0 1072000
1723175679509 0.0 1076000
1723175693233 0.0 1080000
1723175706874 0.0 1084000
1723175720297 0.0 1088000
1723175733626 0.0 1092000
1723175747160 0.0 1096000
1723175760997 0.0 1100000
1723175773093 0.0 1104000
1723175786936 0.0 1108000
1723175800071 0.0 1112000
1723175813598 0.0 1116000
1723175827604 0.0 1120000
1723175841373 0.0 1124000
1723175853684 0.0 1128000
1723175868019 0.0 1132000
1723175881525 0.0 1136000
1723175895181 0.0 1140000
1723175908448 0.0 1144000
1723175922381 0.0 1148000
1723175936472 0.0 1152000
1723175950259 0.0 1156000
1723175963890 0.0 1160000
1723175977110 0.0 1164000
1723175990454 0.0 1168000
1723176003976 0.0 1172000
1723176017089 0.0 1176000
1723176030468 0.0 1180000
1723176044364 0.0 1184000
1723176058805 0.0 1188000
1723176072180 0.0 1192000
1723176085242 0.0 1196000
1723176099097 0.0 1200000
1723176112968 0.0 1204000
1723176126679 0.0 1208000
1723176139977 0.0 1212000
1723176154449 0.0 1216000
1723176168411 0.0 1220000
1723176182143 0.0 1224000
1723176195847 0.0 1228000
1723176209022 0.0 1232000
1723176222181 0.0 1236000
1723176236054 0.0 1240000
1723176249550 0.0 1244000
1723176262357 0.0 1248000
1723176274798 0.0 1252000
1723176287982 0.0 1256000
1723176301093 0.0 1260000
1723176314502 0.0 1264000
1723176327888 0.0 1268000
1723176341153 0.0 1272000
1723176355087 0.0 1276000
1723176368912 0.0 1280000
1723176383316 0.0 1284000
1723176395537 0.0 1288000
1723176408684 0.0 1292000
1723176422079 0.0 1296000
1723176435186 0.0 1300000
1723176448922 0.0 1304000
1723176462144 0.0 1308000
1723176475893 0.0 1312000
1723176490084 0.0 1316000
1723176502741 0.0 1320000
1723176516124 0.0 1324000
1723176530449 0.0 1328000
1723176544861 0.0 1332000
1723176558165 0.0 1336000
1723176572127 0.0 1340000
1723176585653 0.0 1344000
1723176599573 0.0 1348000
1723176613509 0.0 1352000
1723176627234 0.0 1356000
1723176640661 0.0 1360000
1723176654146 0.0 1364000
1723176667865 0.0 1368000
1723176681435 0.0 1372000
1723176695000 0.0 1376000
1723176708609 0.0 1380000
1723176722046 0.0 1384000
1723176735511 0.0 1388000
1723176748879 0.0 1392000
1723176762370 0.0 1396000
1723176776158 0.0 1400000
1723176789968 0.0 1404000
1723176803606 0.0 1408000
1723176816717 0.0 1412000
1723176830371 0.0 1416000
1723176844080 0.0 1420000
1723176857373 0.0 1424000
1723176871052 0.0 1428000
1723176884702 0.0 1432000
1723176898685 0.0 1436000
1723176912462 0.0 1440000
1723176926097 0.0 1444000
1723176939469 0.0 1448000
1723176953018 0.0 1452000
1723176966132 0.0 1456000
1723176979515 0.0 1460000
1723176992944 0.0 1464000
1723177006361 0.0 1468000
1723177019768 0.0 1472000
1723177033204 0.0 1476000
1723177046726 0.0 1480000
1723177060387 0.0 1484000
1723177074246 0.0 1488000
1723177088071 0.0 1492000
1723177101811 0.0 1496000
1723177115459 0.0 1500000
1723177129296 0.0 1504000
1723177143081 0.0 1508000
1723177156382 0.0 1512000
1723177169539 0.0 1516000
1723177183880 0.0 1520000
1723177197306 0.0 1524000
1723177210612 0.0 1528000
1723177223647 0.0 1532000
1723177236894 0.0 1536000
1723177250900 0.0 1540000
1723177264511 0.0 1544000
1723177278880 0.0 1548000
1723177292861 0.0 1552000
1723177306776 0.0 1556000
1723177320540 0.0 1560000
1723177334361 0.0 1564000
1723177347907 0.0 1568000
1723177361767 0.0 1572000
1723177375705 0.0 1576000
1723177389910 0.0 1580000
1723177403496 0.0 1584000
1723177416868 0.0 1588000
1723177430898 0.0 1592000
1723177444923 0.0 1596000
1723177458684 0.0 1600000
1723177472336 0.0 1604000
1723177486231 0.0 1608000
1723177499972 0.0 1612000
1723177513657 0.0 1616000
1723177527898 0.0 1620000
1723177541629 0.0 1624000
1723177555327 0.0 1628000
1723177569659 0.0 1632000
1723177583733 0.0 1636000
1723177597064 0.0 1640000
1723177610761 0.0 1644000
1723177624346 0.0 1648000
1723177637708 0.0 1652000
1723177651435 0.0 1656000
1723177664767 0.0 1660000
1723177678224 0.0 1664000
1723177691867 0.0 1668000
1723177705553 0.0 1672000
1723177718896 0.0 1676000
1723177732948 0.0 1680000
1723177746503 0.0 1684000
1723177759721 0.0 1688000
1723177773561 0.0 1692000
1723177787166 0.0 1696000
1723177800808 0.0 1700000
1723177813930 0.0 1704000
1723177827219 0.0 1708000
1723177840344 0.0 1712000
1723177854654 0.0 1716000
1723177868253 0.0 1720000
1723177882040 0.0 1724000
1723177895332 0.0 1728000
1723177908933 0.0 1732000
1723177921966 0.0 1736000
1723177934804 0.0 1740000
1723177948564 0.0 1744000
1723177962179 0.0 1748000
1723177975845 0.0 1752000
1723177990082 0.0 1756000
1723178003929 0.0 1760000
1723178017758 0.0 1764000
1723178031639 0.0 1768000
1723178045710 0.0 1772000
1723178059044 0.0 1776000
1723178073337 0.0 1780000
1723178087126 0.0 1784000
1723178100809 0.0 1788000
1723178114353 0.0 1792000
1723178127611 0.0 1796000
1723178141383 0.0 1800000
1723178155419 0.0 1804000
1723178170182 0.0 1808000
1723178183792 0.0 1812000
1723178197240 0.0 1816000
1723178210986 0.0 1820000
1723178224822 0.0 1824000
1723178238214 0.0 1828000
1723178251521 0.0 1832000
1723178265459 0.0 1836000
1723178279522 0.0 1840000
1723178293270 0.0 1844000
1723178306868 0.0 1848000
1723178320153 0.0 1852000
1723178334230 0.0 1856000
1723178347763 0.0 1860000
1723178361246 0.0 1864000
1723178374310 0.0 1868000
1723178387722 0.0 1872000
1723178401192 0.0 1876000
1723178414744 0.0 1880000
1723178427873 0.0 1884000
1723178441384 0.0 1888000
1723178454799 0.0 1892000
1723178468808 0.0 1896000
1723178482316 0.0 1900000
1723178496011 0.0 1904000
1723178510365 0.0 1908000
1723178524201 0.0 1912000
1723178537838 0.0 1916000
1723178551667 0.0 1920000
1723178565100 0.0 1924000
1723178578952 0.0 1928000
1723178592924 0.0 1932000
1723178606206 0.0 1936000
1723178619744 0.0 1940000
1723178634036 0.0 1944000
1723178647887 0.0 1948000
1723178661819 0.0 1952000
1723178676733 0.0 1956000
1723178690497 0.0 1960000
1723178704287 0.0 1964000
1723178717868 0.0 1968000
1723178731535 0.0 1972000
1723178744662 0.0 1976000
1723178758593 0.0 1980000
1723178772325 0.0 1984000
1723178786154 0.0 1988000
1723178799556 0.0 1992000
1723178813181 0.0 1996000
1723178827022 0.0 2000000
