1723171812072 1.0 4000
1723171825454 1.0 8000
1723171838176 1.0 12000
1723171851759 1.0 16000
1723171869940 1.0 20000
1723171886431 1.0 24000
1723171904876 1.0 28000
1723171922417 1.0 32000
1723171940925 1.0 36000
1723171958914 1.0 40000
1723171977236 1.0 44000
1723171994409 1.0 48000
1723172010967 1.0 52000
1723172029677 1.0 56000
1723172044754 1.0 60000
1723172058679 1.0 64000
1723172072316 1.0 68000
1723172086247 1.0 72000
1723172099996 1.0 76000
1723172113429 1.0 80000
1723172126014 1.0 84000
1723172139062 1.0 88000
1723172151551 1.0 92000
1723172163995 1.0 96000
1723172176741 1.0 100000
1723172189617 1.0 104000
1723172201824 1.0 108000
1723172214577 1.0 112000
1723172227434 1.0 116000
1723172240110 1.0 120000
1723172252919 1.0 124000
1723172265497 1.0 128000
1723172278141 1.0 132000
1723172290535 1.0 136000
1723172303022 1.0 140000
1723172315607 1.0 144000
1723172328118 1.0 148000
1723172340450 1.0 152000
1723172353023 1.0 156000
1723172365083 1.0 160000
1723172376936 1.0 164000
1723172389992 1.0 168000
1723172402598 1.0 172000
1723172414595 1.0 176000
1723172426786 1.0 180000
1723172439186 1.0 184000
1723172451843 1.0 188000
1723172465536 1.0 192000
1723172478541 1.0 196000
1723172494403 1.0 200000
1723172507764 1.0 204000
1723172524640 1.0 208000
1723172546699 1.0 212000
1723172563831 1.0 216000
1723172581186 1.0 220000
1723172598094 1.0 224000
1723172613454 1.0 228000
1723172628787 1.0 232000
1723172644014 1.0 236000
1723172659947 1.0 240000
1723172675806 1.0 244000
1723172692134 1.0 248000
1723172707089 1.0 252000
1723172721821 1.0 256000
1723172738304 1.0 260000
1723172756126 1.0 264000
1723172771007 1.0 268000
1723172785994 1.0 272000
1723172800910 1.0 276000
1723172815773 1.0 280000
1723172830441 1.0 284000
1723172844895 1.0 288000
1723172859275 1.0 292000
1723172874477 1.0 296000
1723172889296 1.0 300000
1723172903667 1.0 304000
1723172919800 1.0 308000
1723172934700 1.0 312000
1723172948534 1.0 316000
1723172963188 1.0 320000
1723172977736 1.0 324000
1723172992126 1.0 328000
1723173006946 1.0 332000
1723173022386 1.0 336000
1723173036765 1.0 340000
1723173051304 1.0 344000
1723173065683 1.0 348000
1723173080189 1.0 352000
1723173094726 1.0 356000
1723173109403 1.0 360000
1723173125505 1.0 364000
1723173140492 1.0 368000
1723173155644 1.0 372000
1723173171528 1.0 376000
1723173186399 1.0 380000
1723173201455 1.0 384000
1723173216090 1.0 388000
1723173230967 1.0 392000
1723173245630 1.0 396000
1723173259820 1.0 400000
1723173274621 1.0 404000
1723173289059 1.0 408000
1723173302872 1.0 412000
1723173317065 1.0 416000
1723173331056 1.0 420000
1723173344723 1.0 424000
1723173359352 1.0 428000
1723173374472 1.0 432000
1723173388039 1.0 436000
1723173401063 1.0 440000
1723173417301 1.0 444000
1723173434371 1.0 448000
1723173452299 1.0 452000
1723173472639 1.0 456000
1723173492633 1.0 460000
1723173511564 1.0 464000
1723173529371 1.0 468000
1723173544122 1.0 472000
1723173568094 1.0 476000
1723173585315 1.0 480000
1723173600881 1.0 484000
1723173616374 1.0 488000
1723173631763 1.0 492000
1723173646228 1.0 496000
1723173661992 1.0 500000
1723173679550 1.0 504000
1723173698987 1.0 508000
1723173715864 1.0 512000
1723173729849 1.0 516000
1723173741846 1.0 520000
1723173754005 1.0 524000
1723173766886 1.0 528000
1723173779507 1.0 532000
1723173796117 1.0 536000
1723173814639 1.0 540000
1723173834484 1.0 544000
1723173855050 1.0 548000
1723173868924 1.0 552000
1723173887165 1.0 556000
1723173903179 1.0 560000
1723173916609 1.0 564000
1723173942235 1.0 568000
1723173958487 1.0 572000
1723173972761 1.0 576000
1723173988083 1.0 580000
1723174003729 1.0 584000
1723174019232 1.0 588000
1723174034023 1.0 592000
1723174049966 1.0 596000
1723174064442 1.0 600000
1723174079894 1.0 604000
1723174093368 1.0 608000
1723174108917 1.0 612000
1723174123220 1.0 616000
1723174137220 1.0 620000
1723174150899 1.0 624000
1723174164512 1.0 628000
1723174178016 1.0 632000
1723174191325 1.0 636000
1723174205199 1.0 640000
1723174218578 1.0 644000
1723174231988 1.0 648000
1723174245407 1.0 652000
1723174258686 1.0 656000
1723174272732 1.0 660000
1723174286011 1.0 664000
1723174299383 1.0 668000
1723174312974 1.0 672000
1723174326432 1.0 676000
1723174340061 1.0 680000
1723174353426 1.0 684000
1723174366632 1.0 688000
1723174379046 1.0 692000
1723174392497 1.0 696000
1723174405872 1.0 700000
1723174419187 1.0 704000
1723174432560 1.0 708000
1723174445863 1.0 712000
1723174459132 1.0 716000
1723174471944 1.0 720000
1723174485502 1.0 724000
1723174499181 1.0 728000
1723174512511 1.0 732000
1723174525743 1.0 736000
1723174539770 1.0 740000
1723174553219 1.0 744000
1723174567147 1.0 748000
1723174580379 1.0 752000
1723174594423 1.0 756000
1723174607461 1.0 760000
1723174621237 1.0 764000
1723174634880 1.0 768000
1723174648386 1.0 772000
1723174662033 1.0 776000
1723174675968 1.0 780000
1723174689570 1.0 784000
1723174702899 1.0 788000
1723174716268 1.0 792000
1723174730049 1.0 796000
1723174744009 1.0 800000
1723174757144 1.0 804000
1723174770169 1.0 808000
1723174783237 1.0 812000
1723174796640 1.0 816000
1723174809872 1.0 820000
1723174823399 1.0 824000
1723174836715 1.0 828000
1723174850465 1.0 832000
1723174864163 1.0 836000
1723174877650 1.0 840000
1723174890701 1.0 844000
1723174904395 1.0 848000
1723174917569 1.0 852000
1723174930510 1.0 856000
1723174943688 1.0 860000
1723174957223 1.0 864000
1723174971321 1.0 868000
1723174984847 1.0 872000
1723174998287 1.0 876000
1723175011778 1.0 880000
1723175025646 1.0 884000
1723175039005 1.0 888000
1723175052015 1.0 892000
1723175065363 1.0 896000
1723175078906 1.0 900000
1723175091996 1.0 904000
1723175105084 1.0 908000
1723175118360 1.0 912000
1723175131968 1.0 916000
1723175145247 1.0 920000
1723175158691 1.0 924000
1723175172574 1.0 928000
1723175186586 1.0 932000
1723175200698 1.0 936000
1723175214902 1.0 940000
1723175228636 1.0 944000
1723175242209 1.0 948000
1723175255904 1.0 952000
1723175269369 1.0 956000
1723175283351 1.0 960000
1723175296966 1.0 964000
1723175310748 1.0 968000
1723175324616 1.0 972000
1723175338168 1.0 976000
1723175351521 1.0 980000
1723175365055 1.0 984000
1723175378283 1.0 988000
1723175392480 1.0 992000
1723175406017 1.0 996000
1723175419161 1.0 1000000
1723175432316 1.0 1004000
1723175445736 1.0 1008000
1723175459169 1.0 1012000
1723175472628 1.0 1016000
1723175487648 1.0 1020000
1723175501190 1.0 1024000
1723175514740 1.0 1028000
1723175528074 1.0 1032000
1723175541344 1.0 1036000
1723175555337 1.0 1040000
1723175569997 1.0 1044000
1723175583683 1.0 1048000
1723175597297 1.0 1052000
1723175611056 1.0 1056000
1723175624540 1.0 1060000
1723175638001 1.0 1064000
1723175652550 1.0 1068000
1723175666230 1.0 1072000
1723175679511 1.0 1076000
1723175693234 1.0 1080000
1723175706876 1.0 1084000
1723175720299 1.0 1088000
1723175733628 1.0 1092000
1723175747162 1.0 1096000
1723175760998 1.0 1100000
1723175773094 1.0 1104000
1723175786938 1.0 1108000
1723175800073 1.0 1112000
1723175813600 1.0 1116000
1723175827606 1.0 1120000
1723175841374 1.0 1124000
1723175853686 1.0 1128000
1723175868026 1.0 1132000
1723175881527 1.0 1136000
1723175895183 1.0 1140000
1723175908449 1.0 1144000
1723175922383 1.0 1148000
1723175936474 1.0 1152000
1723175950260 1.0 1156000
1723175963892 1.0 1160000
1723175977114 1.0 1164000
1723175990455 1.0 1168000
1723176003977 1.0 1172000
1723176017090 1.0 1176000
1723176030469 1.0 1180000
1723176044366 1.0 1184000
1723176058809 1.0 1188000
1723176072182 1.0 1192000
1723176085244 1.0 1196000
1723176099098 1.0 1200000
1723176112970 1.0 1204000
1723176126681 1.0 1208000
1723176139978 1.0 1212000
1723176154452 1.0 1216000
1723176168412 1.0 1220000
1723176182145 1.0 1224000
1723176195848 1.0 1228000
1723176209023 1.0 1232000
1723176222182 1.0 1236000
1723176236056 1.0 1240000
1723176249552 1.0 1244000
1723176262359 1.0 1248000
1723176274799 1.0 1252000
1723176287983 1.0 1256000
1723176301095 1.0 1260000
1723176314504 1.0 1264000
1723176327890 1.0 1268000
1723176341155 1.0 1272000
1723176355094 1.0 1276000
1723176368914 1.0 1280000
1723176383318 1.0 1284000
1723176395539 1.0 1288000
1723176408685 1.0 1292000
1723176422081 1.0 1296000
1723176435187 1.0 1300000
1723176448924 1.0 1304000
1723176462146 1.0 1308000
1723176475894 1.0 1312000
1723176490085 1.0 1316000
1723176502743 1.0 1320000
1723176516126 1.0 1324000
1723176530451 1.0 1328000
1723176544862 1.0 1332000
1723176558167 1.0 1336000
1723176572129 1.0 1340000
1723176585654 1.0 1344000
1723176599574 1.0 1348000
1723176613510 1.0 1352000
1723176627235 1.0 1356000
1723176640663 1.0 1360000
1723176654147 1.0 1364000
1723176667866 1.0 1368000
1723176681436 1.0 1372000
1723176695002 1.0 1376000
1723176708610 1.0 1380000
1723176722048 1.0 1384000
1723176735513 1.0 1388000
1723176748880 1.0 1392000
1723176762371 1.0 1396000
1723176776160 1.0 1400000
1723176789970 1.0 1404000
1723176803607 1.0 1408000
1723176816719 1.0 1412000
1723176830372 1.0 1416000
1723176844082 1.0 1420000
1723176857375 1.0 1424000
1723176871054 1.0 1428000
1723176884704 1.0 1432000
1723176898687 1.0 1436000
1723176912464 1.0 1440000
1723176926098 1.0 1444000
1723176939470 1.0 1448000
1723176953020 1.0 1452000
1723176966133 1.0 1456000
1723176979517 1.0 1460000
1723176992946 1.0 1464000
1723177006363 1.0 1468000
1723177019769 1.0 1472000
1723177033205 1.0 1476000
1723177046728 1.0 1480000
1723177060389 1.0 1484000
1723177074248 1.0 1488000
1723177088073 1.0 1492000
1723177101812 1.0 1496000
1723177115461 1.0 1500000
1723177129297 1.0 1504000
1723177143083 1.0 1508000
1723177156383 1.0 1512000
1723177169540 1.0 1516000
1723177183881 1.0 1520000
1723177197307 1.0 1524000
1723177210614 1.0 1528000
1723177223649 1.0 1532000
1723177236895 1.0 1536000
1723177250901 1.0 1540000
1723177264513 1.0 1544000
1723177278882 1.0 1548000
1723177292863 1.0 1552000
1723177306777 1.0 1556000
1723177320542 1.0 1560000
1723177334362 1.0 1564000
1723177347909 1.0 1568000
1723177361769 1.0 1572000
1723177375706 1.0 1576000
1723177389912 1.0 1580000
1723177403497 1.0 1584000
1723177416869 1.0 1588000
1723177430900 1.0 1592000
1723177444925 1.0 1596000
1723177458686 1.0 1600000
1723177472338 1.0 1604000
1723177486232 1.0 1608000
1723177499974 1.0 1612000
1723177513659 1.0 1616000
1723177527899 1.0 1620000
1723177541630 1.0 1624000
1723177555328 1.0 1628000
1723177569660 1.0 1632000
1723177583734 1.0 1636000
1723177597066 1.0 1640000
1723177610762 1.0 1644000
1723177624348 1.0 1648000
1723177637709 1.0 1652000
1723177651437 1.0 1656000
1723177664769 1.0 1660000
1723177678226 1.0 1664000
1723177691869 1.0 1668000
1723177705554 1.0 1672000
1723177718898 1.0 1676000
1723177732950 1.0 1680000
1723177746504 1.0 1684000
1723177759723 1.0 1688000
1723177773562 1.0 1692000
1723177787167 1.0 1696000
1723177800809 1.0 1700000
1723177813932 1.0 1704000
1723177827220 1.0 1708000
1723177840346 1.0 1712000
1723177854656 1.0 1716000
1723177868255 1.0 1720000
1723177882042 1.0 1724000
1723177895333 1.0 1728000
1723177908935 1.0 1732000
1723177921967 1.0 1736000
1723177934805 1.0 1740000
1723177948565 1.0 1744000
1723177962181 1.0 1748000
1723177975847 1.0 1752000
1723177990084 1.0 1756000
1723178003931 1.0 1760000
1723178017760 1.0 1764000
1723178031641 1.0 1768000
1723178045713 1.0 1772000
1723178059048 1.0 1776000
1723178073339 1.0 1780000
1723178087128 1.0 1784000
1723178100811 1.0 1788000
1723178114354 1.0 1792000
1723178127613 1.0 1796000
1723178141384 1.0 1800000
1723178155421 1.0 1804000
1723178170183 1.0 1808000
1723178183794 1.0 1812000
1723178197242 1.0 1816000
1723178210987 1.0 1820000
1723178224824 1.0 1824000
1723178238216 1.0 1828000
1723178251523 1.0 1832000
1723178265461 1.0 1836000
1723178279524 1.0 1840000
1723178293271 1.0 1844000
1723178306871 1.0 1848000
1723178320154 1.0 1852000
1723178334232 1.0 1856000
1723178347765 1.0 1860000
1723178361248 1.0 1864000
1723178374311 1.0 1868000
1723178387724 1.0 1872000
1723178401194 1.0 1876000
1723178414746 1.0 1880000
1723178427875 1.0 1884000
1723178441385 1.0 1888000
1723178454801 1.0 1892000
1723178468810 1.0 1896000
1723178482318 1.0 1900000
1723178496012 1.0 1904000
1723178510367 1.0 1908000
1723178524202 1.0 1912000
1723178537839 1.0 1916000
1723178551668 1.0 1920000
1723178565102 1.0 1924000
1723178578953 1.0 1928000
1723178592925 1.0 1932000
1723178606207 1.0 1936000
1723178619746 1.0 1940000
1723178634038 1.0 1944000
1723178647888 1.0 1948000
1723178661820 1.0 1952000
1723178676734 1.0 1956000
1723178690499 1.0 1960000
1723178704289 1.0 1964000
1723178717869 1.0 1968000
1723178731537 1.0 1972000
1723178744664 1.0 1976000
1723178758595 1.0 1980000
1723178772326 1.0 1984000
1723178786155 1.0 1988000
1723178799557 1.0 1992000
1723178813183 1.0 1996000
1723178827024 1.0 2000000
