1723171812073 50.0 4000
1723171825455 50.0 8000
1723171838177 50.0 12000
1723171851760 50.0 16000
1723171869942 50.0 20000
1723171886432 50.0 24000
1723171904877 50.0 28000
1723171922419 50.0 32000
1723171940926 50.0 36000
1723171958915 50.0 40000
1723171977238 50.0 44000
1723171994410 50.0 48000
1723172010968 50.0 52000
1723172029679 50.0 56000
1723172044755 50.0 60000
1723172058680 50.0 64000
1723172072318 50.0 68000
1723172086248 50.0 72000
1723172099997 50.0 76000
1723172113430 50.0 80000
1723172126015 50.0 84000
1723172139063 50.0 88000
1723172151552 50.0 92000
1723172163997 50.0 96000
1723172176742 50.0 100000
1723172189618 50.0 104000
1723172201826 50.0 108000
1723172214578 50.0 112000
1723172227435 50.0 116000
1723172240111 50.0 120000
1723172252920 50.0 124000
1723172265498 50.0 128000
1723172278142 50.0 132000
1723172290536 50.0 136000
1723172303023 50.0 140000
1723172315608 50.0 144000
1723172328120 50.0 148000
1723172340451 50.0 152000
1723172353024 50.0 156000
1723172365084 50.0 160000
1723172376937 50.0 164000
1723172389993 50.0 168000
1723172402599 50.0 172000
1723172414596 50.0 176000
1723172426787 50.0 180000
1723172439187 50.0 184000
1723172451844 50.0 188000
1723172465537 50.0 192000
1723172478542 50.0 196000
1723172494404 50.0 200000
1723172507765 50.0 204000
1723172524642 50.0 208000
1723172546700 50.0 212000
1723172563832 50.0 216000
1723172581187 50.0 220000
1723172598095 50.0 224000
1723172613456 50.0 228000
1723172628788 50.0 232000
1723172644015 50.0 236000
1723172659948 50.0 240000
1723172675807 50.0 244000
1723172692135 50.0 248000
1723172707091 50.0 252000
1723172721823 50.0 256000
1723172738305 50.0 260000
1723172756127 50.0 264000
1723172771009 50.0 268000
1723172785995 50.0 272000
1723172800911 50.0 276000
1723172815775 50.0 280000
1723172830442 50.0 284000
1723172844896 50.0 288000
1723172859276 50.0 292000
1723172874479 50.0 296000
1723172889297 50.0 300000
1723172903668 50.0 304000
1723172919801 50.0 308000
1723172934701 50.0 312000
1723172948535 50.0 316000
1723172963189 50.0 320000
1723172977738 50.0 324000
1723172992128 50.0 328000
1723173006947 50.0 332000
1723173022387 50.0 336000
1723173036767 50.0 340000
1723173051305 50.0 344000
1723173065685 50.0 348000
1723173080191 50.0 352000
1723173094727 50.0 356000
1723173109404 50.0 360000
1723173125507 50.0 364000
1723173140493 50.0 368000
1723173155646 50.0 372000
1723173171529 50.0 376000
1723173186400 50.0 380000
1723173201457 50.0 384000
1723173216092 50.0 388000
1723173230968 50.0 392000
1723173245631 50.0 396000
1723173259821 50.0 400000
1723173274623 50.0 404000
1723173289060 50.0 408000
1723173302873 50.0 412000
1723173317066 50.0 416000
1723173331057 50.0 420000
1723173344724 50.0 424000
1723173359353 50.0 428000
1723173374473 50.0 432000
1723173388040 50.0 436000
1723173401064 50.0 440000
1723173417302 50.0 444000
1723173434373 50.0 448000
1723173452300 50.0 452000
1723173472640 50.0 456000
1723173492634 50.0 460000
1723173511565 50.0 464000
1723173529373 50.0 468000
1723173544123 50.0 472000
1723173568095 50.0 476000
1723173585316 50.0 480000
1723173600882 50.0 484000
1723173616376 50.0 488000
1723173631764 50.0 492000
1723173646231 50.0 496000
1723173661993 50.0 500000
1723173679551 50.0 504000
1723173698989 50.0 508000
1723173715867 50.0 512000
1723173729850 50.0 516000
1723173741848 50.0 520000
1723173754006 50.0 524000
1723173766888 50.0 528000
1723173779508 50.0 532000
1723173796118 50.0 536000
1723173814640 50.0 540000
1723173834486 50.0 544000
1723173855051 50.0 548000
1723173868926 50.0 552000
1723173887167 50.0 556000
1723173903181 50.0 560000
1723173916611 50.0 564000
1723173942237 50.0 568000
1723173958488 50.0 572000
1723173972762 50.0 576000
1723173988084 50.0 580000
1723174003731 50.0 584000
1723174019233 50.0 588000
1723174034024 50.0 592000
1723174049967 50.0 596000
1723174064443 50.0 600000
1723174079895 50.0 604000
1723174093369 50.0 608000
1723174108919 50.0 612000
1723174123222 50.0 616000
1723174137221 50.0 620000
1723174150900 50.0 624000
1723174164513 50.0 628000
1723174178018 50.0 632000
1723174191327 50.0 636000
1723174205200 50.0 640000
1723174218579 50.0 644000
1723174231989 50.0 648000
1723174245408 50.0 652000
1723174258687 50.0 656000
1723174272733 50.0 660000
1723174286012 50.0 664000
1723174299384 50.0 668000
1723174312975 50.0 672000
1723174326433 50.0 676000
1723174340062 50.0 680000
1723174353427 50.0 684000
1723174366633 50.0 688000
1723174379047 50.0 692000
1723174392498 50.0 696000
1723174405873 50.0 700000
1723174419188 50.0 704000
1723174432562 50.0 708000
1723174445864 50.0 712000
1723174459133 50.0 716000
1723174471945 50.0 720000
1723174485503 50.0 724000
1723174499182 50.0 728000
1723174512512 50.0 732000
1723174525744 50.0 736000
1723174539771 50.0 740000
1723174553220 50.0 744000
1723174567149 50.0 748000
1723174580381 50.0 752000
1723174594425 50.0 756000
1723174607462 50.0 760000
1723174621238 50.0 764000
1723174634881 50.0 768000
1723174648387 50.0 772000
1723174662034 50.0 776000
1723174675970 50.0 780000
1723174689571 50.0 784000
1723174702900 50.0 788000
1723174716269 50.0 792000
1723174730050 50.0 796000
1723174744010 50.0 800000
1723174757145 50.0 804000
1723174770171 50.0 808000
1723174783238 50.0 812000
1723174796641 50.0 816000
1723174809873 50.0 820000
1723174823400 50.0 824000
1723174836716 50.0 828000
1723174850467 50.0 832000
1723174864164 50.0 836000
1723174877652 50.0 840000
1723174890702 50.0 844000
1723174904396 50.0 848000
1723174917570 50.0 852000
1723174930511 50.0 856000
1723174943689 50.0 860000
1723174957224 50.0 864000
1723174971322 50.0 868000
1723174984848 50.0 872000
1723174998289 50.0 876000
1723175011779 50.0 880000
1723175025647 50.0 884000
1723175039006 50.0 888000
1723175052016 50.0 892000
1723175065364 50.0 896000
1723175078907 50.0 900000
1723175091997 50.0 904000
1723175105085 50.0 908000
1723175118362 50.0 912000
1723175131969 50.0 916000
1723175145248 50.0 920000
1723175158692 50.0 924000
1723175172575 50.0 928000
1723175186587 50.0 932000
1723175200700 50.0 936000
1723175214903 50.0 940000
1723175228637 50.0 944000
1723175242210 50.0 948000
1723175255905 50.0 952000
1723175269370 50.0 956000
1723175283352 50.0 960000
1723175296967 50.0 964000
1723175310749 50.0 968000
1723175324617 50.0 972000
1723175338169 50.0 976000
1723175351522 50.0 980000
1723175365056 50.0 984000
1723175378284 50.0 988000
1723175392482 50.0 992000
1723175406018 50.0 996000
1723175419162 50.0 1000000
1723175432317 50.0 1004000
1723175445737 50.0 1008000
1723175459170 50.0 1012000
1723175472629 50.0 1016000
1723175487649 50.0 1020000
1723175501191 50.0 1024000
1723175514741 50.0 1028000
1723175528075 50.0 1032000
1723175541345 50.0 1036000
1723175555338 50.0 1040000
1723175569998 50.0 1044000
1723175583684 50.0 1048000
1723175597298 50.0 1052000
1723175611057 50.0 1056000
1723175624541 50.0 1060000
1723175638002 50.0 1064000
1723175652552 50.0 1068000
1723175666231 50.0 1072000
1723175679512 50.0 1076000
1723175693236 50.0 1080000
1723175706877 50.0 1084000
1723175720301 50.0 1088000
1723175733629 50.0 1092000
1723175747163 50.0 1096000
1723175761000 50.0 1100000
1723175773095 50.0 1104000
1723175786939 50.0 1108000
1723175800074 50.0 1112000
1723175813602 50.0 1116000
1723175827607 50.0 1120000
1723175841375 50.0 1124000
1723175853687 50.0 1128000
1723175868028 50.0 1132000
1723175881528 50.0 1136000
1723175895184 50.0 1140000
1723175908451 50.0 1144000
1723175922384 50.0 1148000
1723175936475 50.0 1152000
1723175950262 50.0 1156000
1723175963893 50.0 1160000
1723175977118 50.0 1164000
1723175990457 50.0 1168000
1723176003978 50.0 1172000
1723176017092 50.0 1176000
1723176030471 50.0 1180000
1723176044367 50.0 1184000
1723176058810 50.0 1188000
1723176072183 50.0 1192000
1723176085245 50.0 1196000
1723176099099 50.0 1200000
1723176112971 50.0 1204000
1723176126686 50.0 1208000
1723176139979 50.0 1212000
1723176154453 50.0 1216000
1723176168413 50.0 1220000
1723176182146 50.0 1224000
1723176195850 50.0 1228000
1723176209025 50.0 1232000
1723176222183 50.0 1236000
1723176236057 50.0 1240000
1723176249554 50.0 1244000
1723176262360 50.0 1248000
1723176274801 50.0 1252000
1723176287984 50.0 1256000
1723176301096 50.0 1260000
1723176314505 50.0 1264000
1723176327891 50.0 1268000
1723176341156 50.0 1272000
1723176355096 50.0 1276000
1723176368915 50.0 1280000
1723176383319 50.0 1284000
1723176395540 50.0 1288000
1723176408687 50.0 1292000
1723176422082 50.0 1296000
1723176435189 50.0 1300000
1723176448925 50.0 1304000
1723176462147 50.0 1308000
1723176475896 50.0 1312000
1723176490086 50.0 1316000
1723176502744 50.0 1320000
1723176516127 50.0 1324000
1723176530452 50.0 1328000
1723176544864 50.0 1332000
1723176558171 50.0 1336000
1723176572130 50.0 1340000
1723176585656 50.0 1344000
1723176599576 50.0 1348000
1723176613512 50.0 1352000
1723176627237 50.0 1356000
1723176640664 50.0 1360000
1723176654149 50.0 1364000
1723176667867 50.0 1368000
1723176681437 50.0 1372000
1723176695003 50.0 1376000
1723176708611 50.0 1380000
1723176722049 50.0 1384000
1723176735514 50.0 1388000
1723176748881 50.0 1392000
1723176762373 50.0 1396000
1723176776161 50.0 1400000
1723176789971 50.0 1404000
1723176803608 50.0 1408000
1723176816720 50.0 1412000
1723176830373 50.0 1416000
1723176844083 50.0 1420000
1723176857376 50.0 1424000
1723176871055 50.0 1428000
1723176884705 50.0 1432000
1723176898688 50.0 1436000
1723176912465 50.0 1440000
1723176926100 50.0 1444000
1723176939472 50.0 1448000
1723176953022 50.0 1452000
1723176966135 50.0 1456000
1723176979518 50.0 1460000
1723176992947 50.0 1464000
1723177006364 50.0 1468000
1723177019770 50.0 1472000
1723177033206 50.0 1476000
1723177046729 50.0 1480000
1723177060390 50.0 1484000
1723177074249 50.0 1488000
1723177088074 50.0 1492000
1723177101813 50.0 1496000
1723177115462 50.0 1500000
1723177129298 50.0 1504000
1723177143084 50.0 1508000
1723177156385 50.0 1512000
1723177169542 50.0 1516000
1723177183882 50.0 1520000
1723177197308 50.0 1524000
1723177210615 50.0 1528000
1723177223650 50.0 1532000
1723177236896 50.0 1536000
1723177250902 50.0 1540000
1723177264514 50.0 1544000
1723177278883 50.0 1548000
1723177292864 50.0 1552000
1723177306778 50.0 1556000
1723177320543 50.0 1560000
1723177334364 50.0 1564000
1723177347910 50.0 1568000
1723177361770 50.0 1572000
1723177375707 50.0 1576000
1723177389913 50.0 1580000
1723177403498 50.0 1584000
1723177416870 50.0 1588000
1723177430901 50.0 1592000
1723177444926 50.0 1596000
1723177458687 50.0 1600000
1723177472340 50.0 1604000
1723177486233 50.0 1608000
1723177499975 50.0 1612000
1723177513660 50.0 1616000
1723177527900 50.0 1620000
1723177541632 50.0 1624000
1723177555330 50.0 1628000
1723177569662 50.0 1632000
1723177583735 50.0 1636000
1723177597067 50.0 1640000
1723177610763 50.0 1644000
1723177624349 50.0 1648000
1723177637710 50.0 1652000
1723177651439 50.0 1656000
1723177664770 50.0 1660000
1723177678227 50.0 1664000
1723177691870 50.0 1668000
1723177705556 50.0 1672000
1723177718899 50.0 1676000
1723177732951 50.0 1680000
1723177746506 50.0 1684000
1723177759724 50.0 1688000
1723177773563 50.0 1692000
1723177787169 50.0 1696000
1723177800811 50.0 1700000
1723177813933 50.0 1704000
1723177827222 50.0 1708000
1723177840347 50.0 1712000
1723177854657 50.0 1716000
1723177868256 50.0 1720000
1723177882044 50.0 1724000
1723177895335 50.0 1728000
1723177908936 50.0 1732000
1723177921968 50.0 1736000
1723177934807 50.0 1740000
1723177948567 50.0 1744000
1723177962182 50.0 1748000
1723177975848 50.0 1752000
1723177990085 50.0 1756000
1723178003932 50.0 1760000
1723178017761 50.0 1764000
1723178031642 50.0 1768000
1723178045714 50.0 1772000
1723178059049 50.0 1776000
1723178073340 50.0 1780000
1723178087129 50.0 1784000
1723178100812 50.0 1788000
1723178114356 50.0 1792000
1723178127614 50.0 1796000
1723178141386 50.0 1800000
1723178155422 50.0 1804000
1723178170184 50.0 1808000
1723178183795 50.0 1812000
1723178197243 50.0 1816000
1723178210988 50.0 1820000
1723178224825 50.0 1824000
1723178238217 50.0 1828000
1723178251524 50.0 1832000
1723178265462 50.0 1836000
1723178279525 50.0 1840000
1723178293272 50.0 1844000
1723178306872 50.0 1848000
1723178320156 50.0 1852000
1723178334233 50.0 1856000
1723178347766 50.0 1860000
1723178361249 50.0 1864000
1723178374312 50.0 1868000
1723178387726 50.0 1872000
1723178401195 50.0 1876000
1723178414747 50.0 1880000
1723178427876 50.0 1884000
1723178441387 50.0 1888000
1723178454802 50.0 1892000
1723178468811 50.0 1896000
1723178482319 50.0 1900000
1723178496014 50.0 1904000
1723178510369 50.0 1908000
1723178524204 50.0 1912000
1723178537841 50.0 1916000
1723178551669 50.0 1920000
1723178565103 50.0 1924000
1723178578954 50.0 1928000
1723178592927 50.0 1932000
1723178606209 50.0 1936000
1723178619747 50.0 1940000
1723178634039 50.0 1944000
1723178647889 50.0 1948000
1723178661822 50.0 1952000
1723178676735 50.0 1956000
1723178690500 50.0 1960000
1723178704290 50.0 1964000
1723178717870 50.0 1968000
1723178731538 50.0 1972000
1723178744665 50.0 1976000
1723178758596 50.0 1980000
1723178772328 50.0 1984000
1723178786157 50.0 1988000
1723178799559 50.0 1992000
1723178813184 50.0 1996000
1723178827025 50.0 2000000
