1723171812076 0.0 4000
1723171825457 0.0 8000
1723171838179 0.0 12000
1723171851762 0.0 16000
1723171869944 0.0 20000
1723171886434 0.0 24000
1723171904879 0.0 28000
1723171922420 0.0 32000
1723171940928 0.0 36000
1723171958917 0.0 40000
1723171977240 0.0 44000
1723171994412 0.0 48000
1723172010969 0.0 52000
1723172029680 0.0 56000
1723172044757 0.0 60000
1723172058681 0.0 64000
1723172072319 0.0 68000
1723172086250 0.0 72000
1723172099998 0.0 76000
1723172113432 0.0 80000
1723172126016 0.0 84000
1723172139064 0.0 88000
1723172151553 0.0 92000
1723172163998 0.0 96000
1723172176744 0.0 100000
1723172189619 0.0 104000
1723172201827 0.0 108000
1723172214579 0.0 112000
1723172227436 0.0 116000
1723172240113 0.0 120000
1723172252921 0.0 124000
1723172265500 0.0 128000
1723172278144 0.0 132000
1723172290538 0.0 136000
1723172303025 0.0 140000
1723172315610 0.0 144000
1723172328125 0.0 148000
1723172340452 0.0 152000
1723172353025 0.0 156000
1723172365085 0.0 160000
1723172376939 0.0 164000
1723172389995 0.0 168000
1723172402600 0.0 172000
1723172414597 0.0 176000
1723172426788 0.0 180000
1723172439189 0.0 184000
1723172451846 0.0 188000
1723172465539 0.0 192000
1723172478543 0.0 196000
1723172494405 0.0 200000
1723172507766 0.0 204000
1723172524643 0.0 208000
1723172546702 0.0 212000
1723172563834 0.0 216000
1723172581189 0.0 220000
1723172598096 0.0 224000
1723172613457 0.0 228000
1723172628789 0.0 232000
1723172644017 0.0 236000
1723172659950 0.0 240000
1723172675808 0.0 244000
1723172692136 0.0 248000
1723172707092 0.0 252000
1723172721824 0.0 256000
1723172738307 0.0 260000
1723172756129 0.0 264000
1723172771010 0.0 268000
1723172785996 0.0 272000
1723172800913 0.0 276000
1723172815776 0.0 280000
1723172830444 0.0 284000
1723172844898 0.0 288000
1723172859278 0.0 292000
1723172874480 0.0 296000
1723172889298 0.0 300000
1723172903670 0.0 304000
1723172919802 0.0 308000
1723172934703 0.0 312000
1723172948536 0.0 316000
1723172963191 0.0 320000
1723172977739 0.0 324000
1723172992129 0.0 328000
1723173006948 0.0 332000
1723173022388 0.0 336000
1723173036768 0.0 340000
1723173051307 0.0 344000
1723173065686 0.0 348000
1723173080192 0.0 352000
1723173094728 0.0 356000
1723173109406 0.0 360000
1723173125508 0.0 364000
1723173140494 0.0 368000
1723173155648 0.0 372000
1723173171531 0.0 376000
1723173186401 0.0 380000
1723173201458 0.0 384000
1723173216093 0.0 388000
1723173230970 0.0 392000
1723173245633 0.0 396000
1723173259822 0.0 400000
1723173274624 0.0 404000
1723173289062 0.0 408000
1723173302874 0.0 412000
1723173317068 0.0 416000
1723173331058 0.0 420000
1723173344725 0.0 424000
1723173359354 0.0 428000
1723173374474 0.0 432000
1723173388041 0.0 436000
1723173401065 0.0 440000
1723173417304 0.0 444000
1723173434374 0.0 448000
1723173452302 0.0 452000
1723173472642 0.0 456000
1723173492637 0.0 460000
1723173511567 0.0 464000
1723173529374 0.0 468000
1723173544125 0.0 472000
1723173568097 0.0 476000
1723173585318 0.0 480000
1723173600884 0.0 484000
1723173616377 0.0 488000
1723173631765 0.0 492000
1723173646236 0.0 496000
1723173661995 0.0 500000
1723173679553 0.0 504000
1723173698991 0.0 508000
1723173715869 0.0 512000
1723173729851 0.0 516000
1723173741849 0.0 520000
1723173754007 0.0 524000
1723173766889 0.0 528000
1723173779510 0.0 532000
1723173796119 0.0 536000
1723173814642 0.0 540000
1723173834487 0.0 544000
1723173855053 0.0 548000
1723173868927 0.0 552000
1723173887168 0.0 556000
1723173903182 0.0 560000
1723173916612 0.0 564000
1723173942239 0.0 568000
1723173958490 0.0 572000
1723173972764 0.0 576000
1723173988085 0.0 580000
1723174003732 0.0 584000
1723174019235 0.0 588000
1723174034026 0.0 592000
1723174049969 0.0 596000
1723174064445 0.0 600000
1723174079897 0.0 604000
1723174093370 0.0 608000
1723174108920 0.0 612000
1723174123224 0.0 616000
1723174137223 0.0 620000
1723174150902 0.0 624000
1723174164515 0.0 628000
1723174178019 0.0 632000
1723174191332 0.0 636000
1723174205202 0.0 640000
1723174218581 0.0 644000
1723174231990 0.0 648000
1723174245410 0.0 652000
1723174258689 0.0 656000
1723174272735 0.0 660000
1723174286014 0.0 664000
1723174299385 0.0 668000
1723174312977 0.0 672000
1723174326435 0.0 676000
1723174340064 0.0 680000
1723174353429 0.0 684000
1723174366635 0.0 688000
1723174379049 0.0 692000
1723174392500 0.0 696000
1723174405875 0.0 700000
1723174419190 0.0 704000
1723174432563 0.0 708000
1723174445865 0.0 712000
1723174459135 0.0 716000
1723174471947 0.0 720000
1723174485505 0.0 724000
1723174499184 0.0 728000
1723174512514 0.0 732000
1723174525746 0.0 736000
1723174539772 0.0 740000
1723174553222 0.0 744000
1723174567150 0.0 748000
1723174580383 0.0 752000
1723174594426 0.0 756000
1723174607466 0.0 760000
1723174621239 0.0 764000
1723174634882 0.0 768000
1723174648388 0.0 772000
1723174662035 0.0 776000
1723174675971 0.0 780000
1723174689573 0.0 784000
1723174702902 0.0 788000
1723174716270 0.0 792000
1723174730052 0.0 796000
1723174744012 0.0 800000
1723174757146 0.0 804000
1723174770172 0.0 808000
1723174783239 0.0 812000
1723174796643 0.0 816000
1723174809874 0.0 820000
1723174823402 0.0 824000
1723174836717 0.0 828000
1723174850468 0.0 832000
1723174864166 0.0 836000
1723174877653 0.0 840000
1723174890704 0.0 844000
1723174904397 0.0 848000
1723174917572 0.0 852000
1723174930513 0.0 856000
1723174943691 0.0 860000
1723174957225 0.0 864000
1723174971323 0.0 868000
1723174984849 0.0 872000
1723174998290 0.0 876000
1723175011781 0.0 880000
1723175025648 0.0 884000
1723175039008 0.0 888000
1723175052018 0.0 892000
1723175065366 0.0 896000
1723175078909 0.0 900000
1723175091999 0.0 904000
1723175105087 0.0 908000
1723175118363 0.0 912000
1723175131970 0.0 916000
1723175145250 0.0 920000
1723175158694 0.0 924000
1723175172577 0.0 928000
1723175186588 0.0 932000
1723175200701 0.0 936000
1723175214905 0.0 940000
1723175228639 0.0 944000
1723175242212 0.0 948000
1723175255906 0.0 952000
1723175269371 0.0 956000
1723175283354 0.0 960000
1723175296968 0.0 964000
1723175310750 0.0 968000
1723175324619 0.0 972000
1723175338171 0.0 976000
1723175351524 0.0 980000
1723175365058 0.0 984000
1723175378286 0.0 988000
1723175392483 0.0 992000
1723175406019 0.0 996000
1723175419164 0.0 1000000
1723175432319 0.0 1004000
1723175445738 0.0 1008000
1723175459172 0.0 1012000
1723175472631 0.0 1016000
1723175487650 0.0 1020000
1723175501193 0.0 1024000
1723175514742 0.0 1028000
1723175528077 0.0 1032000
1723175541347 0.0 1036000
1723175555340 0.0 1040000
1723175569999 0.0 1044000
1723175583686 0.0 1048000
1723175597300 0.0 1052000
1723175611059 0.0 1056000
1723175624543 0.0 1060000
1723175638004 0.0 1064000
1723175652553 0.0 1068000
1723175666233 0.0 1072000
1723175679514 0.0 1076000
1723175693237 0.0 1080000
1723175706879 0.0 1084000
1723175720303 0.0 1088000
1723175733631 0.0 1092000
1723175747164 0.0 1096000
1723175761001 0.0 1100000
1723175773097 0.0 1104000
1723175786941 0.0 1108000
1723175800075 0.0 1112000
1723175813605 0.0 1116000
1723175827609 0.0 1120000
1723175841377 0.0 1124000
1723175853689 0.0 1128000
1723175868029 0.0 1132000
1723175881530 0.0 1136000
1723175895186 0.0 1140000
1723175908453 0.0 1144000
1723175922386 0.0 1148000
1723175936479 0.0 1152000
1723175950263 0.0 1156000
1723175963896 0.0 1160000
1723175977121 0.0 1164000
1723175990458 0.0 1168000
1723176003980 0.0 1172000
1723176017093 0.0 1176000
1723176030472 0.0 1180000
1723176044369 0.0 1184000
1723176058812 0.0 1188000
1723176072186 0.0 1192000
1723176085247 0.0 1196000
1723176099101 0.0 1200000
1723176112973 0.0 1204000
1723176126690 0.0 1208000
1723176139981 0.0 1212000
1723176154455 0.0 1216000
1723176168415 0.0 1220000
1723176182148 0.0 1224000
1723176195851 0.0 1228000
1723176209026 0.0 1232000
1723176222185 0.0 1236000
1723176236059 0.0 1240000
1723176249556 0.0 1244000
1723176262362 0.0 1248000
1723176274802 0.0 1252000
1723176287986 0.0 1256000
1723176301097 0.0 1260000
1723176314507 0.0 1264000
1723176327894 0.0 1268000
1723176341158 0.0 1272000
1723176355098 0.0 1276000
1723176368916 0.0 1280000
1723176383321 0.0 1284000
1723176395541 0.0 1288000
1723176408688 0.0 1292000
1723176422083 0.0 1296000
1723176435190 0.0 1300000
1723176448926 0.0 1304000
1723176462149 0.0 1308000
1723176475897 0.0 1312000
1723176490088 0.0 1316000
1723176502745 0.0 1320000
1723176516129 0.0 1324000
1723176530455 0.0 1328000
1723176544865 0.0 1332000
1723176558173 0.0 1336000
1723176572131 0.0 1340000
1723176585657 0.0 1344000
1723176599577 0.0 1348000
1723176613513 0.0 1352000
1723176627238 0.0 1356000
1723176640666 0.0 1360000
1723176654150 0.0 1364000
1723176667869 0.0 1368000
1723176681439 0.0 1372000
1723176695005 0.0 1376000
1723176708613 0.0 1380000
1723176722051 0.0 1384000
1723176735516 0.0 1388000
1723176748883 0.0 1392000
1723176762374 0.0 1396000
1723176776163 0.0 1400000
1723176789973 0.0 1404000
1723176803610 0.0 1408000
1723176816722 0.0 1412000
1723176830375 0.0 1416000
1723176844085 0.0 1420000
1723176857378 0.0 1424000
1723176871056 0.0 1428000
1723176884707 0.0 1432000
1723176898689 0.0 1436000
1723176912466 0.0 1440000
1723176926101 0.0 1444000
1723176939473 0.0 1448000
1723176953024 0.0 1452000
1723176966137 0.0 1456000
1723176979519 0.0 1460000
1723176992949 0.0 1464000
1723177006366 0.0 1468000
1723177019772 0.0 1472000
1723177033208 0.0 1476000
1723177046731 0.0 1480000
1723177060392 0.0 1484000
1723177074250 0.0 1488000
1723177088075 0.0 1492000
1723177101815 0.0 1496000
1723177115463 0.0 1500000
1723177129300 0.0 1504000
1723177143085 0.0 1508000
1723177156387 0.0 1512000
1723177169543 0.0 1516000
1723177183884 0.0 1520000
1723177197310 0.0 1524000
1723177210617 0.0 1528000
1723177223651 0.0 1532000
1723177236898 0.0 1536000
1723177250904 0.0 1540000
1723177264516 0.0 1544000
1723177278885 0.0 1548000
1723177292866 0.0 1552000
1723177306780 0.0 1556000
1723177320544 0.0 1560000
1723177334365 0.0 1564000
1723177347911 0.0 1568000
1723177361771 0.0 1572000
1723177375709 0.0 1576000
1723177389915 0.0 1580000
1723177403500 0.0 1584000
1723177416872 0.0 1588000
1723177430903 0.0 1592000
1723177444928 0.0 1596000
1723177458688 0.0 1600000
1723177472341 0.0 1604000
1723177486235 0.0 1608000
1723177499977 0.0 1612000
1723177513662 0.0 1616000
1723177527902 0.0 1620000
1723177541634 0.0 1624000
1723177555332 0.0 1628000
1723177569663 0.0 1632000
1723177583737 0.0 1636000
1723177597069 0.0 1640000
1723177610765 0.0 1644000
1723177624351 0.0 1648000
1723177637712 0.0 1652000
1723177651440 0.0 1656000
1723177664772 0.0 1660000
1723177678229 0.0 1664000
1723177691872 0.0 1668000
1723177705557 0.0 1672000
1723177718901 0.0 1676000
1723177732953 0.0 1680000
1723177746507 0.0 1684000
1723177759725 0.0 1688000
1723177773565 0.0 1692000
1723177787170 0.0 1696000
1723177800812 0.0 1700000
1723177813934 0.0 1704000
1723177827223 0.0 1708000
1723177840348 0.0 1712000
1723177854658 0.0 1716000
1723177868258 0.0 1720000
1723177882046 0.0 1724000
1723177895336 0.0 1728000
1723177908937 0.0 1732000
1723177921970 0.0 1736000
1723177934808 0.0 1740000
1723177948569 0.0 1744000
1723177962184 0.0 1748000
1723177975850 0.0 1752000
1723177990087 0.0 1756000
1723178003934 0.0 1760000
1723178017763 0.0 1764000
1723178031643 0.0 1768000
1723178045716 0.0 1772000
1723178059055 0.0 1776000
1723178073342 0.0 1780000
1723178087131 0.0 1784000
1723178100814 0.0 1788000
1723178114357 0.0 1792000
1723178127616 0.0 1796000
1723178141387 0.0 1800000
1723178155424 0.0 1804000
1723178170186 0.0 1808000
1723178183797 0.0 1812000
1723178197245 0.0 1816000
1723178210990 0.0 1820000
1723178224826 0.0 1824000
1723178238219 0.0 1828000
1723178251526 0.0 1832000
1723178265464 0.0 1836000
1723178279527 0.0 1840000
1723178293274 0.0 1844000
1723178306874 0.0 1848000
1723178320157 0.0 1852000
1723178334235 0.0 1856000
1723178347767 0.0 1860000
1723178361251 0.0 1864000
1723178374314 0.0 1868000
1723178387727 0.0 1872000
1723178401197 0.0 1876000
1723178414749 0.0 1880000
1723178427878 0.0 1884000
1723178441388 0.0 1888000
1723178454804 0.0 1892000
1723178468813 0.0 1896000
1723178482321 0.0 1900000
1723178496015 0.0 1904000
1723178510370 0.0 1908000
1723178524205 0.0 1912000
1723178537843 0.0 1916000
1723178551671 0.0 1920000
1723178565105 0.0 1924000
1723178578956 0.0 1928000
1723178592928 0.0 1932000
1723178606210 0.0 1936000
1723178619749 0.0 1940000
1723178634041 0.0 1944000
1723178647891 0.0 1948000
1723178661823 0.0 1952000
1723178676737 0.0 1956000
1723178690502 0.0 1960000
1723178704292 0.0 1964000
1723178717872 0.0 1968000
1723178731540 0.0 1972000
1723178744667 0.0 1976000
1723178758597 0.0 1980000
1723178772329 0.0 1984000
1723178786158 0.0 1988000
1723178799560 0.0 1992000
1723178813186 0.0 1996000
1723178827027 0.0 2000000
