1723171812072 32.0 4000
1723171825454 32.0 8000
1723171838177 32.0 12000
1723171851759 32.0 16000
1723171869941 32.0 20000
1723171886431 32.0 24000
1723171904876 32.0 28000
1723171922418 32.0 32000
1723171940925 32.0 36000
1723171958915 32.0 40000
1723171977237 32.0 44000
1723171994410 32.0 48000
1723172010967 32.0 52000
1723172029678 32.0 56000
1723172044755 32.0 60000
1723172058679 32.0 64000
1723172072316 32.0 68000
1723172086247 32.0 72000
1723172099996 32.0 76000
1723172113429 32.0 80000
1723172126014 32.0 84000
1723172139062 32.0 88000
1723172151551 32.0 92000
1723172163995 32.0 96000
1723172176742 32.0 100000
1723172189617 32.0 104000
1723172201825 32.0 108000
1723172214577 32.0 112000
1723172227434 32.0 116000
1723172240111 32.0 120000
1723172252919 32.0 124000
1723172265498 32.0 128000
1723172278142 32.0 132000
1723172290536 32.0 136000
1723172303023 32.0 140000
1723172315607 32.0 144000
1723172328119 32.0 148000
1723172340450 32.0 152000
1723172353023 32.0 156000
1723172365083 32.0 160000
1723172376937 32.0 164000
1723172389992 32.0 168000
1723172402598 32.0 172000
1723172414595 32.0 176000
1723172426786 32.0 180000
1723172439186 32.0 184000
1723172451844 32.0 188000
1723172465536 32.0 192000
1723172478541 32.0 196000
1723172494403 32.0 200000
1723172507764 32.0 204000
1723172524641 32.0 208000
1723172546699 32.0 212000
1723172563832 32.0 216000
1723172581187 32.0 220000
1723172598094 32.0 224000
1723172613455 32.0 228000
1723172628787 32.0 232000
1723172644015 32.0 236000
1723172659948 32.0 240000
1723172675806 32.0 244000
1723172692134 32.0 248000
1723172707090 32.0 252000
1723172721822 32.0 256000
1723172738305 32.0 260000
1723172756127 32.0 264000
1723172771008 32.0 268000
1723172785994 32.0 272000
1723172800910 32.0 276000
1723172815774 32.0 280000
1723172830441 32.0 284000
1723172844895 32.0 288000
1723172859275 32.0 292000
1723172874478 32.0 296000
1723172889296 32.0 300000
1723172903668 32.0 304000
1723172919800 32.0 308000
1723172934700 32.0 312000
1723172948534 32.0 316000
1723172963189 32.0 320000
1723172977737 32.0 324000
1723172992127 32.0 328000
1723173006946 32.0 332000
1723173022386 32.0 336000
1723173036766 32.0 340000
1723173051304 32.0 344000
1723173065684 32.0 348000
1723173080190 32.0 352000
1723173094726 32.0 356000
1723173109404 32.0 360000
1723173125506 32.0 364000
1723173140492 32.0 368000
1723173155645 32.0 372000
1723173171529 32.0 376000
1723173186399 32.0 380000
1723173201456 32.0 384000
1723173216091 32.0 388000
1723173230968 32.0 392000
1723173245631 32.0 396000
1723173259820 32.0 400000
1723173274622 32.0 404000
1723173289060 32.0 408000
1723173302872 32.0 412000
1723173317065 32.0 416000
1723173331056 32.0 420000
1723173344723 32.0 424000
1723173359352 32.0 428000
1723173374472 32.0 432000
1723173388039 32.0 436000
1723173401063 32.0 440000
1723173417301 32.0 444000
1723173434372 32.0 448000
1723173452299 32.0 452000
1723173472639 32.0 456000
1723173492633 32.0 460000
1723173511564 32.0 464000
1723173529371 32.0 468000
1723173544123 32.0 472000
1723173568094 32.0 476000
1723173585315 32.0 480000
1723173600882 32.0 484000
1723173616375 32.0 488000
1723173631763 32.0 492000
1723173646228 32.0 496000
1723173661993 32.0 500000
1723173679550 32.0 504000
1723173698987 32.0 508000
1723173715866 32.0 512000
1723173729849 32.0 516000
1723173741847 32.0 520000
1723173754005 32.0 524000
1723173766887 32.0 528000
1723173779507 32.0 532000
1723173796117 32.0 536000
1723173814639 32.0 540000
1723173834485 32.0 544000
1723173855051 32.0 548000
1723173868925 32.0 552000
1723173887166 32.0 556000
1723173903180 32.0 560000
1723173916610 32.0 564000
1723173942236 32.0 568000
1723173958487 32.0 572000
1723173972761 32.0 576000
1723173988083 32.0 580000
1723174003730 32.0 584000
1723174019233 32.0 588000
1723174034024 32.0 592000
1723174049966 32.0 596000
1723174064442 32.0 600000
1723174079895 32.0 604000
1723174093368 32.0 608000
1723174108918 32.0 612000
1723174123221 32.0 616000
1723174137221 32.0 620000
1723174150899 32.0 624000
1723174164512 32.0 628000
1723174178017 32.0 632000
1723174191326 32.0 636000
1723174205199 32.0 640000
1723174218579 32.0 644000
1723174231988 32.0 648000
1723174245407 32.0 652000
1723174258686 32.0 656000
1723174272732 32.0 660000
1723174286011 32.0 664000
1723174299383 32.0 668000
1723174312974 32.0 672000
1723174326432 32.0 676000
1723174340062 32.0 680000
1723174353426 32.0 684000
1723174366633 32.0 688000
1723174379046 32.0 692000
1723174392497 32.0 696000
1723174405873 32.0 700000
1723174419187 32.0 704000
1723174432561 32.0 708000
1723174445863 32.0 712000
1723174459132 32.0 716000
1723174471944 32.0 720000
1723174485502 32.0 724000
1723174499181 32.0 728000
1723174512511 32.0 732000
1723174525744 32.0 736000
1723174539770 32.0 740000
1723174553219 32.0 744000
1723174567148 32.0 748000
1723174580380 32.0 752000
1723174594424 32.0 756000
1723174607461 32.0 760000
1723174621237 32.0 764000
1723174634880 32.0 768000
1723174648386 32.0 772000
1723174662033 32.0 776000
1723174675969 32.0 780000
1723174689570 32.0 784000
1723174702899 32.0 788000
1723174716268 32.0 792000
1723174730049 32.0 796000
1723174744009 32.0 800000
1723174757144 32.0 804000
1723174770170 32.0 808000
1723174783237 32.0 812000
1723174796640 32.0 816000
1723174809872 32.0 820000
1723174823399 32.0 824000
1723174836715 32.0 828000
1723174850466 32.0 832000
1723174864164 32.0 836000
1723174877651 32.0 840000
1723174890701 32.0 844000
1723174904395 32.0 848000
1723174917569 32.0 852000
1723174930510 32.0 856000
1723174943688 32.0 860000
1723174957223 32.0 864000
1723174971321 32.0 868000
1723174984847 32.0 872000
1723174998288 32.0 876000
1723175011779 32.0 880000
1723175025646 32.0 884000
1723175039005 32.0 888000
1723175052015 32.0 892000
1723175065364 32.0 896000
1723175078906 32.0 900000
1723175091996 32.0 904000
1723175105084 32.0 908000
1723175118361 32.0 912000
1723175131968 32.0 916000
1723175145247 32.0 920000
1723175158692 32.0 924000
1723175172574 32.0 928000
1723175186586 32.0 932000
1723175200699 32.0 936000
1723175214903 32.0 940000
1723175228637 32.0 944000
1723175242209 32.0 948000
1723175255904 32.0 952000
1723175269369 32.0 956000
1723175283351 32.0 960000
1723175296966 32.0 964000
1723175310748 32.0 968000
1723175324617 32.0 972000
1723175338168 32.0 976000
1723175351522 32.0 980000
1723175365055 32.0 984000
1723175378284 32.0 988000
1723175392481 32.0 992000
1723175406017 32.0 996000
1723175419161 32.0 1000000
1723175432316 32.0 1004000
1723175445736 32.0 1008000
1723175459169 32.0 1012000
1723175472628 32.0 1016000
1723175487648 32.0 1020000
1723175501190 32.0 1024000
1723175514740 32.0 1028000
1723175528074 32.0 1032000
1723175541344 32.0 1036000
1723175555337 32.0 1040000
1723175569997 32.0 1044000
1723175583683 32.0 1048000
1723175597298 32.0 1052000
1723175611057 32.0 1056000
1723175624541 32.0 1060000
1723175638001 32.0 1064000
1723175652551 32.0 1068000
1723175666230 32.0 1072000
1723175679511 32.0 1076000
1723175693235 32.0 1080000
1723175706876 32.0 1084000
1723175720300 32.0 1088000
1723175733628 32.0 1092000
1723175747162 32.0 1096000
1723175760999 32.0 1100000
1723175773094 32.0 1104000
1723175786938 32.0 1108000
1723175800073 32.0 1112000
1723175813600 32.0 1116000
1723175827606 32.0 1120000
1723175841375 32.0 1124000
1723175853686 32.0 1128000
1723175868027 32.0 1132000
1723175881527 32.0 1136000
1723175895183 32.0 1140000
1723175908450 32.0 1144000
1723175922383 32.0 1148000
1723175936474 32.0 1152000
1723175950261 32.0 1156000
1723175963892 32.0 1160000
1723175977117 32.0 1164000
1723175990456 32.0 1168000
1723176003978 32.0 1172000
1723176017091 32.0 1176000
1723176030470 32.0 1180000
1723176044366 32.0 1184000
1723176058809 32.0 1188000
1723176072182 32.0 1192000
1723176085245 32.0 1196000
1723176099099 32.0 1200000
1723176112970 32.0 1204000
1723176126682 32.0 1208000
1723176139979 32.0 1212000
1723176154452 32.0 1216000
1723176168413 32.0 1220000
1723176182145 32.0 1224000
1723176195849 32.0 1228000
1723176209024 32.0 1232000
1723176222182 32.0 1236000
1723176236056 32.0 1240000
1723176249553 32.0 1244000
1723176262359 32.0 1248000
1723176274800 32.0 1252000
1723176287984 32.0 1256000
1723176301095 32.0 1260000
1723176314504 32.0 1264000
1723176327890 32.0 1268000
1723176341155 32.0 1272000
1723176355095 32.0 1276000
1723176368914 32.0 1280000
1723176383318 32.0 1284000
1723176395539 32.0 1288000
1723176408686 32.0 1292000
1723176422081 32.0 1296000
1723176435188 32.0 1300000
1723176448924 32.0 1304000
1723176462146 32.0 1308000
1723176475895 32.0 1312000
1723176490086 32.0 1316000
1723176502743 32.0 1320000
1723176516126 32.0 1324000
1723176530451 32.0 1328000
1723176544863 32.0 1332000
1723176558170 32.0 1336000
1723176572129 32.0 1340000
1723176585655 32.0 1344000
1723176599575 32.0 1348000
1723176613511 32.0 1352000
1723176627236 32.0 1356000
1723176640664 32.0 1360000
1723176654148 32.0 1364000
1723176667867 32.0 1368000
1723176681437 32.0 1372000
1723176695002 32.0 1376000
1723176708610 32.0 1380000
1723176722048 32.0 1384000
1723176735514 32.0 1388000
1723176748880 32.0 1392000
1723176762372 32.0 1396000
1723176776160 32.0 1400000
1723176789970 32.0 1404000
1723176803607 32.0 1408000
1723176816719 32.0 1412000
1723176830373 32.0 1416000
1723176844082 32.0 1420000
1723176857375 32.0 1424000
1723176871054 32.0 1428000
1723176884704 32.0 1432000
1723176898687 32.0 1436000
1723176912464 32.0 1440000
1723176926099 32.0 1444000
1723176939471 32.0 1448000
1723176953020 32.0 1452000
1723176966134 32.0 1456000
1723176979517 32.0 1460000
1723176992946 32.0 1464000
1723177006363 32.0 1468000
1723177019770 32.0 1472000
1723177033205 32.0 1476000
1723177046728 32.0 1480000
1723177060389 32.0 1484000
1723177074248 32.0 1488000
1723177088073 32.0 1492000
1723177101812 32.0 1496000
1723177115461 32.0 1500000
1723177129298 32.0 1504000
1723177143083 32.0 1508000
1723177156384 32.0 1512000
1723177169541 32.0 1516000
1723177183881 32.0 1520000
1723177197308 32.0 1524000
1723177210614 32.0 1528000
1723177223649 32.0 1532000
1723177236896 32.0 1536000
1723177250902 32.0 1540000
1723177264513 32.0 1544000
1723177278882 32.0 1548000
1723177292863 32.0 1552000
1723177306778 32.0 1556000
1723177320542 32.0 1560000
1723177334363 32.0 1564000
1723177347909 32.0 1568000
1723177361769 32.0 1572000
1723177375707 32.0 1576000
1723177389912 32.0 1580000
1723177403498 32.0 1584000
1723177416870 32.0 1588000
1723177430900 32.0 1592000
1723177444926 32.0 1596000
1723177458686 32.0 1600000
1723177472339 32.0 1604000
1723177486232 32.0 1608000
1723177499974 32.0 1612000
1723177513659 32.0 1616000
1723177527900 32.0 1620000
1723177541631 32.0 1624000
1723177555329 32.0 1628000
1723177569661 32.0 1632000
1723177583734 32.0 1636000
1723177597066 32.0 1640000
1723177610762 32.0 1644000
1723177624349 32.0 1648000
1723177637710 32.0 1652000
1723177651438 32.0 1656000
1723177664769 32.0 1660000
1723177678226 32.0 1664000
1723177691869 32.0 1668000
1723177705555 32.0 1672000
1723177718898 32.0 1676000
1723177732950 32.0 1680000
1723177746505 32.0 1684000
1723177759723 32.0 1688000
1723177773562 32.0 1692000
1723177787168 32.0 1696000
1723177800810 32.0 1700000
1723177813932 32.0 1704000
1723177827221 32.0 1708000
1723177840346 32.0 1712000
1723177854656 32.0 1716000
1723177868255 32.0 1720000
1723177882043 32.0 1724000
1723177895334 32.0 1728000
1723177908935 32.0 1732000
1723177921968 32.0 1736000
1723177934806 32.0 1740000
1723177948566 32.0 1744000
1723177962181 32.0 1748000
1723177975847 32.0 1752000
1723177990084 32.0 1756000
1723178003932 32.0 1760000
1723178017760 32.0 1764000
1723178031641 32.0 1768000
1723178045713 32.0 1772000
1723178059048 32.0 1776000
1723178073339 32.0 1780000
1723178087128 32.0 1784000
1723178100811 32.0 1788000
1723178114355 32.0 1792000
1723178127613 32.0 1796000
1723178141385 32.0 1800000
1723178155422 32.0 1804000
1723178170184 32.0 1808000
1723178183794 32.0 1812000
1723178197242 32.0 1816000
1723178210988 32.0 1820000
1723178224824 32.0 1824000
1723178238216 32.0 1828000
1723178251523 32.0 1832000
1723178265461 32.0 1836000
1723178279524 32.0 1840000
1723178293272 32.0 1844000
1723178306871 32.0 1848000
1723178320155 32.0 1852000
1723178334232 32.0 1856000
1723178347765 32.0 1860000
1723178361248 32.0 1864000
1723178374312 32.0 1868000
1723178387725 32.0 1872000
1723178401194 32.0 1876000
1723178414746 32.0 1880000
1723178427875 32.0 1884000
1723178441386 32.0 1888000
1723178454801 32.0 1892000
1723178468810 32.0 1896000
1723178482318 32.0 1900000
1723178496013 32.0 1904000
1723178510368 32.0 1908000
1723178524203 32.0 1912000
1723178537840 32.0 1916000
1723178551668 32.0 1920000
1723178565102 32.0 1924000
1723178578953 32.0 1928000
1723178592926 32.0 1932000
1723178606208 32.0 1936000
1723178619746 32.0 1940000
1723178634038 32.0 1944000
1723178647889 32.0 1948000
1723178661821 32.0 1952000
1723178676734 32.0 1956000
1723178690499 32.0 1960000
1723178704289 32.0 1964000
1723178717870 32.0 1968000
1723178731537 32.0 1972000
1723178744664 32.0 1976000
1723178758595 32.0 1980000
1723178772327 32.0 1984000
1723178786156 32.0 1988000
1723178799558 32.0 1992000
1723178813183 32.0 1996000
1723178827024 32.0 2000000
