1723171812077 84.0 4000
1723171825458 84.0 8000
1723171838179 84.0 12000
1723171851763 84.0 16000
1723171869945 84.0 20000
1723171886434 84.0 24000
1723171904880 84.0 28000
1723171922421 84.0 32000
1723171940928 84.0 36000
1723171958918 84.0 40000
1723171977241 84.0 44000
1723171994413 84.0 48000
1723172010970 84.0 52000
1723172029681 84.0 56000
1723172044757 84.0 60000
1723172058682 84.0 64000
1723172072320 84.0 68000
1723172086251 84.0 72000
1723172099999 84.0 76000
1723172113432 84.0 80000
1723172126017 84.0 84000
1723172139065 84.0 88000
1723172151554 84.0 92000
1723172163999 84.0 96000
1723172176744 84.0 100000
1723172189620 84.0 104000
1723172201828 84.0 108000
1723172214580 84.0 112000
1723172227437 84.0 116000
1723172240113 84.0 120000
1723172252922 84.0 124000
1723172265501 84.0 128000
1723172278145 84.0 132000
1723172290539 84.0 136000
1723172303026 84.0 140000
1723172315610 84.0 144000
1723172328128 84.0 148000
1723172340453 84.0 152000
1723172353026 84.0 156000
1723172365086 84.0 160000
1723172376939 84.0 164000
1723172389995 84.0 168000
1723172402601 84.0 172000
1723172414598 84.0 176000
1723172426789 84.0 180000
1723172439189 84.0 184000
1723172451847 84.0 188000
1723172465540 84.0 192000
1723172478544 84.0 196000
1723172494406 84.0 200000
1723172507767 84.0 204000
1723172524644 84.0 208000
1723172546702 84.0 212000
1723172563835 84.0 216000
1723172581190 84.0 220000
1723172598097 84.0 224000
1723172613458 84.0 228000
1723172628790 84.0 232000
1723172644017 84.0 236000
1723172659951 84.0 240000
1723172675809 84.0 244000
1723172692137 84.0 248000
1723172707093 84.0 252000
1723172721825 84.0 256000
1723172738308 84.0 260000
1723172756130 84.0 264000
1723172771011 84.0 268000
1723172785997 84.0 272000
1723172800913 84.0 276000
1723172815777 84.0 280000
1723172830444 84.0 284000
1723172844899 84.0 288000
1723172859278 84.0 292000
1723172874481 84.0 296000
1723172889299 84.0 300000
1723172903671 84.0 304000
1723172919803 84.0 308000
1723172934703 84.0 312000
1723172948537 84.0 316000
1723172963192 84.0 320000
1723172977740 84.0 324000
1723172992130 84.0 328000
1723173006949 84.0 332000
1723173022389 84.0 336000
1723173036769 84.0 340000
1723173051307 84.0 344000
1723173065687 84.0 348000
1723173080193 84.0 352000
1723173094729 84.0 356000
1723173109407 84.0 360000
1723173125509 84.0 364000
1723173140495 84.0 368000
1723173155649 84.0 372000
1723173171532 84.0 376000
1723173186402 84.0 380000
1723173201459 84.0 384000
1723173216094 84.0 388000
1723173230970 84.0 392000
1723173245633 84.0 396000
1723173259823 84.0 400000
1723173274625 84.0 404000
1723173289063 84.0 408000
1723173302875 84.0 412000
1723173317068 84.0 416000
1723173331059 84.0 420000
1723173344726 84.0 424000
1723173359355 84.0 428000
1723173374475 84.0 432000
1723173388042 84.0 436000
1723173401066 84.0 440000
1723173417304 84.0 444000
1723173434375 84.0 448000
1723173452303 84.0 452000
1723173472643 84.0 456000
1723173492637 84.0 460000
1723173511568 84.0 464000
1723173529375 84.0 468000
1723173544126 84.0 472000
1723173568097 84.0 476000
1723173585318 84.0 480000
1723173600885 84.0 484000
1723173616378 84.0 488000
1723173631766 84.0 492000
1723173646237 84.0 496000
1723173661996 84.0 500000
1723173679554 84.0 504000
1723173698992 84.0 508000
1723173715870 84.0 512000
1723173729852 84.0 516000
1723173741850 84.0 520000
1723173754008 84.0 524000
1723173766890 84.0 528000
1723173779510 84.0 532000
1723173796120 84.0 536000
1723173814642 84.0 540000
1723173834488 84.0 544000
1723173855054 84.0 548000
1723173868928 84.0 552000
1723173887169 84.0 556000
1723173903183 84.0 560000
1723173916613 84.0 564000
1723173942240 84.0 568000
1723173958491 84.0 572000
1723173972764 84.0 576000
1723173988086 84.0 580000
1723174003733 84.0 584000
1723174019235 84.0 588000
1723174034027 84.0 592000
1723174049970 84.0 596000
1723174064445 84.0 600000
1723174079898 84.0 604000
1723174093371 84.0 608000
1723174108921 84.0 612000
1723174123226 84.0 616000
1723174137224 84.0 620000
1723174150902 84.0 624000
1723174164516 84.0 628000
1723174178020 84.0 632000
1723174191333 84.0 636000
1723174205203 84.0 640000
1723174218582 84.0 644000
1723174231991 84.0 648000
1723174245410 84.0 652000
1723174258689 84.0 656000
1723174272736 84.0 660000
1723174286015 84.0 664000
1723174299386 84.0 668000
1723174312978 84.0 672000
1723174326435 84.0 676000
1723174340065 84.0 680000
1723174353430 84.0 684000
1723174366636 84.0 688000
1723174379051 84.0 692000
1723174392501 84.0 696000
1723174405876 84.0 700000
1723174419190 84.0 704000
1723174432564 84.0 708000
1723174445866 84.0 712000
1723174459136 84.0 716000
1723174471947 84.0 720000
1723174485505 84.0 724000
1723174499184 84.0 728000
1723174512515 84.0 732000
1723174525747 84.0 736000
1723174539773 84.0 740000
1723174553223 84.0 744000
1723174567151 84.0 748000
1723174580383 84.0 752000
1723174594427 84.0 756000
1723174607468 84.0 760000
1723174621240 84.0 764000
1723174634883 84.0 768000
1723174648389 84.0 772000
1723174662036 84.0 776000
1723174675972 84.0 780000
1723174689574 84.0 784000
1723174702903 84.0 788000
1723174716271 84.0 792000
1723174730052 84.0 796000
1723174744013 84.0 800000
1723174757147 84.0 804000
1723174770173 84.0 808000
1723174783240 84.0 812000
1723174796643 84.0 816000
1723174809875 84.0 820000
1723174823403 84.0 824000
1723174836718 84.0 828000
1723174850469 84.0 832000
1723174864167 84.0 836000
1723174877654 84.0 840000
1723174890705 84.0 844000
1723174904398 84.0 848000
1723174917573 84.0 852000
1723174930514 84.0 856000
1723174943692 84.0 860000
1723174957226 84.0 864000
1723174971324 84.0 868000
1723174984850 84.0 872000
1723174998291 84.0 876000
1723175011782 84.0 880000
1723175025649 84.0 884000
1723175039008 84.0 888000
1723175052018 84.0 892000
1723175065366 84.0 896000
1723175078910 84.0 900000
1723175092000 84.0 904000
1723175105088 84.0 908000
1723175118364 84.0 912000
1723175131971 84.0 916000
1723175145250 84.0 920000
1723175158695 84.0 924000
1723175172578 84.0 928000
1723175186589 84.0 932000
1723175200702 84.0 936000
1723175214906 84.0 940000
1723175228640 84.0 944000
1723175242212 84.0 948000
1723175255907 84.0 952000
1723175269372 84.0 956000
1723175283354 84.0 960000
1723175296969 84.0 964000
1723175310751 84.0 968000
1723175324619 84.0 972000
1723175338172 84.0 976000
1723175351525 84.0 980000
1723175365059 84.0 984000
1723175378287 84.0 988000
1723175392484 84.0 992000
1723175406020 84.0 996000
1723175419165 84.0 1000000
1723175432320 84.0 1004000
1723175445739 84.0 1008000
1723175459172 84.0 1012000
1723175472631 84.0 1016000
1723175487651 84.0 1020000
1723175501193 84.0 1024000
1723175514743 84.0 1028000
1723175528077 84.0 1032000
1723175541348 84.0 1036000
1723175555341 84.0 1040000
1723175570000 84.0 1044000
1723175583687 84.0 1048000
1723175597301 84.0 1052000
1723175611060 84.0 1056000
1723175624544 84.0 1060000
1723175638004 84.0 1064000
1723175652554 84.0 1068000
1723175666233 84.0 1072000
1723175679515 84.0 1076000
1723175693238 84.0 1080000
1723175706879 84.0 1084000
1723175720304 84.0 1088000
1723175733631 84.0 1092000
1723175747165 84.0 1096000
1723175761002 84.0 1100000
1723175773098 84.0 1104000
1723175786942 84.0 1108000
1723175800076 84.0 1112000
1723175813606 84.0 1116000
1723175827610 84.0 1120000
1723175841378 84.0 1124000
1723175853689 84.0 1128000
1723175868032 84.0 1132000
1723175881531 84.0 1136000
1723175895186 84.0 1140000
1723175908454 84.0 1144000
1723175922386 84.0 1148000
1723175936479 84.0 1152000
1723175950264 84.0 1156000
1723175963899 84.0 1160000
1723175977122 84.0 1164000
1723175990459 84.0 1168000
1723176003981 84.0 1172000
1723176017094 84.0 1176000
1723176030473 84.0 1180000
1723176044369 84.0 1184000
1723176058813 84.0 1188000
1723176072187 84.0 1192000
1723176085247 84.0 1196000
1723176099102 84.0 1200000
1723176112973 84.0 1204000
1723176126691 84.0 1208000
1723176139982 84.0 1212000
1723176154456 84.0 1216000
1723176168416 84.0 1220000
1723176182148 84.0 1224000
1723176195852 84.0 1228000
1723176209027 84.0 1232000
1723176222185 84.0 1236000
1723176236060 84.0 1240000
1723176249556 84.0 1244000
1723176262363 84.0 1248000
1723176274803 84.0 1252000
1723176287987 84.0 1256000
1723176301098 84.0 1260000
1723176314508 84.0 1264000
1723176327895 84.0 1268000
1723176341159 84.0 1272000
1723176355102 84.0 1276000
1723176368917 84.0 1280000
1723176383322 84.0 1284000
1723176395542 84.0 1288000
1723176408689 84.0 1292000
1723176422084 84.0 1296000
1723176435191 84.0 1300000
1723176448927 84.0 1304000
1723176462149 84.0 1308000
1723176475898 84.0 1312000
1723176490089 84.0 1316000
1723176502746 84.0 1320000
1723176516129 84.0 1324000
1723176530456 84.0 1328000
1723176544866 84.0 1332000
1723176558173 84.0 1336000
1723176572132 84.0 1340000
1723176585658 84.0 1344000
1723176599578 84.0 1348000
1723176613514 84.0 1352000
1723176627239 84.0 1356000
1723176640667 84.0 1360000
1723176654151 84.0 1364000
1723176667870 84.0 1368000
1723176681440 84.0 1372000
1723176695006 84.0 1376000
1723176708614 84.0 1380000
1723176722052 84.0 1384000
1723176735517 84.0 1388000
1723176748883 84.0 1392000
1723176762375 84.0 1396000
1723176776163 84.0 1400000
1723176789973 84.0 1404000
1723176803611 84.0 1408000
1723176816723 84.0 1412000
1723176830375 84.0 1416000
1723176844087 84.0 1420000
1723176857379 84.0 1424000
1723176871057 84.0 1428000
1723176884708 84.0 1432000
1723176898690 84.0 1436000
1723176912467 84.0 1440000
1723176926102 84.0 1444000
1723176939474 84.0 1448000
1723176953025 84.0 1452000
1723176966137 84.0 1456000
1723176979520 84.0 1460000
1723176992950 84.0 1464000
1723177006367 84.0 1468000
1723177019773 84.0 1472000
1723177033209 84.0 1476000
1723177046731 84.0 1480000
1723177060393 84.0 1484000
1723177074251 84.0 1488000
1723177088076 84.0 1492000
1723177101816 84.0 1496000
1723177115464 84.0 1500000
1723177129301 84.0 1504000
1723177143086 84.0 1508000
1723177156387 84.0 1512000
1723177169544 84.0 1516000
1723177183885 84.0 1520000
1723177197311 84.0 1524000
1723177210618 84.0 1528000
1723177223652 84.0 1532000
1723177236899 84.0 1536000
1723177250905 84.0 1540000
1723177264517 84.0 1544000
1723177278885 84.0 1548000
1723177292866 84.0 1552000
1723177306781 84.0 1556000
1723177320545 84.0 1560000
1723177334366 84.0 1564000
1723177347912 84.0 1568000
1723177361772 84.0 1572000
1723177375710 84.0 1576000
1723177389916 84.0 1580000
1723177403501 84.0 1584000
1723177416873 84.0 1588000
1723177430903 84.0 1592000
1723177444929 84.0 1596000
1723177458689 84.0 1600000
1723177472342 84.0 1604000
1723177486235 84.0 1608000
1723177499977 84.0 1612000
1723177513662 84.0 1616000
1723177527903 84.0 1620000
1723177541634 84.0 1624000
1723177555333 84.0 1628000
1723177569664 84.0 1632000
1723177583737 84.0 1636000
1723177597070 84.0 1640000
1723177610766 84.0 1644000
1723177624352 84.0 1648000
1723177637713 84.0 1652000
1723177651441 84.0 1656000
1723177664773 84.0 1660000
1723177678229 84.0 1664000
1723177691872 84.0 1668000
1723177705558 84.0 1672000
1723177718902 84.0 1676000
1723177732953 84.0 1680000
1723177746508 84.0 1684000
1723177759726 84.0 1688000
1723177773565 84.0 1692000
1723177787171 84.0 1696000
1723177800813 84.0 1700000
1723177813935 84.0 1704000
1723177827224 84.0 1708000
1723177840349 84.0 1712000
1723177854659 84.0 1716000
1723177868261 84.0 1720000
1723177882047 84.0 1724000
1723177895337 84.0 1728000
1723177908938 84.0 1732000
1723177921971 84.0 1736000
1723177934809 84.0 1740000
1723177948569 84.0 1744000
1723177962185 84.0 1748000
1723177975850 84.0 1752000
1723177990087 84.0 1756000
1723178003935 84.0 1760000
1723178017763 84.0 1764000
1723178031644 84.0 1768000
1723178045717 84.0 1772000
1723178059056 84.0 1776000
1723178073343 84.0 1780000
1723178087131 84.0 1784000
1723178100814 84.0 1788000
1723178114358 84.0 1792000
1723178127617 84.0 1796000
1723178141388 84.0 1800000
1723178155425 84.0 1804000
1723178170186 84.0 1808000
1723178183797 84.0 1812000
1723178197246 84.0 1816000
1723178210991 84.0 1820000
1723178224827 84.0 1824000
1723178238219 84.0 1828000
1723178251526 84.0 1832000
1723178265465 84.0 1836000
1723178279528 84.0 1840000
1723178293275 84.0 1844000
1723178306875 84.0 1848000
1723178320158 84.0 1852000
1723178334236 84.0 1856000
1723178347768 84.0 1860000
1723178361252 84.0 1864000
1723178374315 84.0 1868000
1723178387728 84.0 1872000
1723178401198 84.0 1876000
1723178414750 84.0 1880000
1723178427878 84.0 1884000
1723178441389 84.0 1888000
1723178454805 84.0 1892000
1723178468814 84.0 1896000
1723178482322 84.0 1900000
1723178496016 84.0 1904000
1723178510371 84.0 1908000
1723178524206 84.0 1912000
1723178537844 84.0 1916000
1723178551671 84.0 1920000
1723178565106 84.0 1924000
1723178578957 84.0 1928000
1723178592929 84.0 1932000
1723178606211 84.0 1936000
1723178619750 84.0 1940000
1723178634042 84.0 1944000
1723178647892 84.0 1948000
1723178661824 84.0 1952000
1723178676738 84.0 1956000
1723178690502 84.0 1960000
1723178704293 84.0 1964000
1723178717873 84.0 1968000
1723178731541 84.0 1972000
1723178744667 84.0 1976000
1723178758598 84.0 1980000
1723178772330 84.0 1984000
1723178786159 84.0 1988000
1723178799561 84.0 1992000
1723178813187 84.0 1996000
1723178827028 84.0 2000000
