1723171812064 0.0 4000
1723171825450 0.0 8000
1723171838172 0.0 12000
1723171851753 0.0 16000
1723171869936 0.0 20000
1723171886427 0.0 24000
1723171904872 0.0 28000
1723171922413 0.0 32000
1723171940920 0.0 36000
1723171958910 0.0 40000
1723171977226 0.0 44000
1723171994405 0.0 48000
1723172010961 0.0 52000
1723172029672 0.0 56000
1723172044750 0.0 60000
1723172058674 0.0 64000
1723172072311 0.0 68000
1723172086241 0.0 72000
1723172099991 0.0 76000
1723172113424 0.0 80000
1723172126010 0.0 84000
1723172139058 0.0 88000
1723172151546 0.0 92000
1723172163991 0.0 96000
1723172176737 0.0 100000
1723172189612 0.0 104000
1723172201820 0.0 108000
1723172214573 0.0 112000
1723172227429 0.0 116000
1723172240106 0.0 120000
1723172252915 0.0 124000
1723172265493 0.0 128000
1723172278137 0.0 132000
1723172290530 0.0 136000
1723172303018 0.0 140000
1723172315603 0.0 144000
1723172328113 0.0 148000
1723172340446 0.0 152000
1723172353018 0.0 156000
1723172365078 0.0 160000
1723172376932 0.0 164000
1723172389988 0.0 168000
1723172402594 0.0 172000
1723172414590 0.0 176000
1723172426782 0.0 180000
1723172439182 0.0 184000
1723172451839 0.0 188000
1723172465531 0.0 192000
1723172478537 0.0 196000
1723172494399 0.0 200000
1723172507759 0.0 204000
1723172524636 0.0 208000
1723172546695 0.0 212000
1723172563826 0.0 216000
1723172581180 0.0 220000
1723172598089 0.0 224000
1723172613450 0.0 228000
1723172628782 0.0 232000
1723172644010 0.0 236000
1723172659943 0.0 240000
1723172675801 0.0 244000
1723172692129 0.0 248000
1723172707085 0.0 252000
1723172721817 0.0 256000
1723172738299 0.0 260000
1723172756122 0.0 264000
1723172771003 0.0 268000
1723172785989 0.0 272000
1723172800905 0.0 276000
1723172815769 0.0 280000
1723172830437 0.0 284000
1723172844890 0.0 288000
1723172859271 0.0 292000
1723172874473 0.0 296000
1723172889291 0.0 300000
1723172903663 0.0 304000
1723172919796 0.0 308000
1723172934696 0.0 312000
1723172948529 0.0 316000
1723172963184 0.0 320000
1723172977732 0.0 324000
1723172992121 0.0 328000
1723173006941 0.0 332000
1723173022381 0.0 336000
1723173036761 0.0 340000
1723173051299 0.0 344000
1723173065679 0.0 348000
1723173080185 0.0 352000
1723173094722 0.0 356000
1723173109399 0.0 360000
1723173125501 0.0 364000
1723173140488 0.0 368000
1723173155639 0.0 372000
1723173171524 0.0 376000
1723173186394 0.0 380000
1723173201451 0.0 384000
1723173216086 0.0 388000
1723173230963 0.0 392000
1723173245626 0.0 396000
1723173259815 0.0 400000
1723173274617 0.0 404000
1723173289055 0.0 408000
1723173302867 0.0 412000
1723173317060 0.0 416000
1723173331051 0.0 420000
1723173344719 0.0 424000
1723173359347 0.0 428000
1723173374467 0.0 432000
1723173388035 0.0 436000
1723173401058 0.0 440000
1723173417297 0.0 444000
1723173434366 0.0 448000
1723173452294 0.0 452000
1723173472635 0.0 456000
1723173492628 0.0 460000
1723173511559 0.0 464000
1723173529366 0.0 468000
1723173544118 0.0 472000
1723173568090 0.0 476000
1723173585311 0.0 480000
1723173600877 0.0 484000
1723173616370 0.0 488000
1723173631756 0.0 492000
1723173646221 0.0 496000
1723173661987 0.0 500000
1723173679544 0.0 504000
1723173698980 0.0 508000
1723173715858 0.0 512000
1723173729844 0.0 516000
1723173741842 0.0 520000
1723173754000 0.0 524000
1723173766881 0.0 528000
1723173779503 0.0 532000
1723173796113 0.0 536000
1723173814631 0.0 540000
1723173834480 0.0 544000
1723173855045 0.0 548000
1723173868919 0.0 552000
1723173887160 0.0 556000
1723173903175 0.0 560000
1723173916605 0.0 564000
1723173942230 0.0 568000
1723173958482 0.0 572000
1723173972757 0.0 576000
1723173988078 0.0 580000
1723174003724 0.0 584000
1723174019228 0.0 588000
1723174034018 0.0 592000
1723174049961 0.0 596000
1723174064437 0.0 600000
1723174079890 0.0 604000
1723174093363 0.0 608000
1723174108912 0.0 612000
1723174123216 0.0 616000
1723174137216 0.0 620000
1723174150894 0.0 624000
1723174164506 0.0 628000
1723174178011 0.0 632000
1723174191320 0.0 636000
1723174205194 0.0 640000
1723174218573 0.0 644000
1723174231983 0.0 648000
1723174245402 0.0 652000
1723174258681 0.0 656000
1723174272726 0.0 660000
1723174286006 0.0 664000
1723174299378 0.0 668000
1723174312969 0.0 672000
1723174326427 0.0 676000
1723174340057 0.0 680000
1723174353421 0.0 684000
1723174366627 0.0 688000
1723174379041 0.0 692000
1723174392492 0.0 696000
1723174405868 0.0 700000
1723174419182 0.0 704000
1723174432556 0.0 708000
1723174445857 0.0 712000
1723174459127 0.0 716000
1723174471939 0.0 720000
1723174485496 0.0 724000
1723174499176 0.0 728000
1723174512505 0.0 732000
1723174525739 0.0 736000
1723174539765 0.0 740000
1723174553214 0.0 744000
1723174567142 0.0 748000
1723174580373 0.0 752000
1723174594419 0.0 756000
1723174607456 0.0 760000
1723174621232 0.0 764000
1723174634876 0.0 768000
1723174648381 0.0 772000
1723174662028 0.0 776000
1723174675964 0.0 780000
1723174689565 0.0 784000
1723174702895 0.0 788000
1723174716262 0.0 792000
1723174730044 0.0 796000
1723174744004 0.0 800000
1723174757139 0.0 804000
1723174770165 0.0 808000
1723174783233 0.0 812000
1723174796635 0.0 816000
1723174809867 0.0 820000
1723174823393 0.0 824000
1723174836710 0.0 828000
1723174850459 0.0 832000
1723174864159 0.0 836000
1723174877646 0.0 840000
1723174890696 0.0 844000
1723174904390 0.0 848000
1723174917564 0.0 852000
1723174930505 0.0 856000
1723174943683 0.0 860000
1723174957218 0.0 864000
1723174971317 0.0 868000
1723174984841 0.0 872000
1723174998283 0.0 876000
1723175011773 0.0 880000
1723175025641 0.0 884000
1723175039001 0.0 888000
1723175052009 0.0 892000
1723175065359 0.0 896000
1723175078901 0.0 900000
1723175091991 0.0 904000
1723175105079 0.0 908000
1723175118356 0.0 912000
1723175131963 0.0 916000
1723175145242 0.0 920000
1723175158687 0.0 924000
1723175172569 0.0 928000
1723175186581 0.0 932000
1723175200694 0.0 936000
1723175214897 0.0 940000
1723175228632 0.0 944000
1723175242203 0.0 948000
1723175255899 0.0 952000
1723175269364 0.0 956000
1723175283346 0.0 960000
1723175296961 0.0 964000
1723175310743 0.0 968000
1723175324612 0.0 972000
1723175338163 0.0 976000
1723175351516 0.0 980000
1723175365049 0.0 984000
1723175378279 0.0 988000
1723175392476 0.0 992000
1723175406012 0.0 996000
1723175419156 0.0 1000000
1723175432311 0.0 1004000
1723175445731 0.0 1008000
1723175459164 0.0 1012000
1723175472623 0.0 1016000
1723175487643 0.0 1020000
1723175501185 0.0 1024000
1723175514735 0.0 1028000
1723175528069 0.0 1032000
1723175541339 0.0 1036000
1723175555332 0.0 1040000
1723175569991 0.0 1044000
1723175583678 0.0 1048000
1723175597292 0.0 1052000
1723175611051 0.0 1056000
1723175624536 0.0 1060000
1723175637996 0.0 1064000
1723175652546 0.0 1068000
1723175666225 0.0 1072000
1723175679506 0.0 1076000
1723175693230 0.0 1080000
1723175706871 0.0 1084000
1723175720292 0.0 1088000
1723175733623 0.0 1092000
1723175747157 0.0 1096000
1723175760993 0.0 1100000
1723175773090 0.0 1104000
1723175786930 0.0 1108000
1723175800067 0.0 1112000
1723175813594 0.0 1116000
1723175827600 0.0 1120000
1723175841370 0.0 1124000
1723175853681 0.0 1128000
1723175868016 0.0 1132000
1723175881522 0.0 1136000
1723175895178 0.0 1140000
1723175908444 0.0 1144000
1723175922378 0.0 1148000
1723175936469 0.0 1152000
1723175950252 0.0 1156000
1723175963883 0.0 1160000
1723175977106 0.0 1164000
1723175990450 0.0 1168000
1723176003973 0.0 1172000
1723176017085 0.0 1176000
1723176030465 0.0 1180000
1723176044361 0.0 1184000
1723176058802 0.0 1188000
1723176072176 0.0 1192000
1723176085239 0.0 1196000
1723176099094 0.0 1200000
1723176112965 0.0 1204000
1723176126672 0.0 1208000
1723176139973 0.0 1212000
1723176154445 0.0 1216000
1723176168408 0.0 1220000
1723176182140 0.0 1224000
1723176195844 0.0 1228000
1723176209018 0.0 1232000
1723176222177 0.0 1236000
1723176236050 0.0 1240000
1723176249547 0.0 1244000
1723176262354 0.0 1248000
1723176274795 0.0 1252000
1723176287978 0.0 1256000
1723176301090 0.0 1260000
1723176314499 0.0 1264000
1723176327885 0.0 1268000
1723176341150 0.0 1272000
1723176355080 0.0 1276000
1723176368909 0.0 1280000
1723176383313 0.0 1284000
1723176395530 0.0 1288000
1723176408681 0.0 1292000
1723176422076 0.0 1296000
1723176435183 0.0 1300000
1723176448918 0.0 1304000
1723176462141 0.0 1308000
1723176475889 0.0 1312000
1723176490080 0.0 1316000
1723176502738 0.0 1320000
1723176516121 0.0 1324000
1723176530445 0.0 1328000
1723176544858 0.0 1332000
1723176558162 0.0 1336000
1723176572124 0.0 1340000
1723176585649 0.0 1344000
1723176599570 0.0 1348000
1723176613506 0.0 1352000
1723176627230 0.0 1356000
1723176640657 0.0 1360000
1723176654143 0.0 1364000
1723176667862 0.0 1368000
1723176681432 0.0 1372000
1723176694997 0.0 1376000
1723176708605 0.0 1380000
1723176722043 0.0 1384000
1723176735508 0.0 1388000
1723176748875 0.0 1392000
1723176762367 0.0 1396000
1723176776155 0.0 1400000
1723176789965 0.0 1404000
1723176803602 0.0 1408000
1723176816714 0.0 1412000
1723176830364 0.0 1416000
1723176844075 0.0 1420000
1723176857370 0.0 1424000
1723176871049 0.0 1428000
1723176884699 0.0 1432000
1723176898682 0.0 1436000
1723176912459 0.0 1440000
1723176926094 0.0 1444000
1723176939466 0.0 1448000
1723176953014 0.0 1452000
1723176966129 0.0 1456000
1723176979512 0.0 1460000
1723176992941 0.0 1464000
1723177006358 0.0 1468000
1723177019765 0.0 1472000
1723177033200 0.0 1476000
1723177046723 0.0 1480000
1723177060384 0.0 1484000
1723177074243 0.0 1488000
1723177088068 0.0 1492000
1723177101808 0.0 1496000
1723177115456 0.0 1500000
1723177129292 0.0 1504000
1723177143078 0.0 1508000
1723177156378 0.0 1512000
1723177169536 0.0 1516000
1723177183877 0.0 1520000
1723177197303 0.0 1524000
1723177210609 0.0 1528000
1723177223644 0.0 1532000
1723177236890 0.0 1536000
1723177250896 0.0 1540000
1723177264508 0.0 1544000
1723177278877 0.0 1548000
1723177292858 0.0 1552000
1723177306773 0.0 1556000
1723177320537 0.0 1560000
1723177334358 0.0 1564000
1723177347904 0.0 1568000
1723177361763 0.0 1572000
1723177375702 0.0 1576000
1723177389906 0.0 1580000
1723177403492 0.0 1584000
1723177416865 0.0 1588000
1723177430895 0.0 1592000
1723177444920 0.0 1596000
1723177458681 0.0 1600000
1723177472333 0.0 1604000
1723177486228 0.0 1608000
1723177499969 0.0 1612000
1723177513653 0.0 1616000
1723177527894 0.0 1620000
1723177541625 0.0 1624000
1723177555324 0.0 1628000
1723177569656 0.0 1632000
1723177583730 0.0 1636000
1723177597061 0.0 1640000
1723177610758 0.0 1644000
1723177624343 0.0 1648000
1723177637704 0.0 1652000
1723177651432 0.0 1656000
1723177664764 0.0 1660000
1723177678221 0.0 1664000
1723177691864 0.0 1668000
1723177705550 0.0 1672000
1723177718893 0.0 1676000
1723177732945 0.0 1680000
1723177746500 0.0 1684000
1723177759717 0.0 1688000
1723177773558 0.0 1692000
1723177787162 0.0 1696000
1723177800805 0.0 1700000
1723177813926 0.0 1704000
1723177827216 0.0 1708000
1723177840341 0.0 1712000
1723177854650 0.0 1716000
1723177868250 0.0 1720000
1723177882036 0.0 1724000
1723177895329 0.0 1728000
1723177908930 0.0 1732000
1723177921962 0.0 1736000
1723177934801 0.0 1740000
1723177948560 0.0 1744000
1723177962176 0.0 1748000
1723177975842 0.0 1752000
1723177990079 0.0 1756000
1723178003926 0.0 1760000
1723178017755 0.0 1764000
1723178031636 0.0 1768000
1723178045706 0.0 1772000
1723178059039 0.0 1776000
1723178073334 0.0 1780000
1723178087123 0.0 1784000
1723178100806 0.0 1788000
1723178114349 0.0 1792000
1723178127608 0.0 1796000
1723178141379 0.0 1800000
1723178155415 0.0 1804000
1723178170179 0.0 1808000
1723178183789 0.0 1812000
1723178197237 0.0 1816000
1723178210982 0.0 1820000
1723178224819 0.0 1824000
1723178238211 0.0 1828000
1723178251518 0.0 1832000
1723178265456 0.0 1836000
1723178279519 0.0 1840000
1723178293266 0.0 1844000
1723178306862 0.0 1848000
1723178320150 0.0 1852000
1723178334227 0.0 1856000
1723178347760 0.0 1860000
1723178361242 0.0 1864000
1723178374307 0.0 1868000
1723178387719 0.0 1872000
1723178401189 0.0 1876000
1723178414741 0.0 1880000
1723178427870 0.0 1884000
1723178441381 0.0 1888000
1723178454795 0.0 1892000
1723178468805 0.0 1896000
1723178482313 0.0 1900000
1723178496008 0.0 1904000
1723178510362 0.0 1908000
1723178524198 0.0 1912000
1723178537834 0.0 1916000
1723178551663 0.0 1920000
1723178565097 0.0 1924000
1723178578949 0.0 1928000
1723178592921 0.0 1932000
1723178606202 0.0 1936000
1723178619741 0.0 1940000
1723178634033 0.0 1944000
1723178647883 0.0 1948000
1723178661816 0.0 1952000
1723178676730 0.0 1956000
1723178690494 0.0 1960000
1723178704284 0.0 1964000
1723178717865 0.0 1968000
1723178731531 0.0 1972000
1723178744659 0.0 1976000
1723178758589 0.0 1980000
1723178772322 0.0 1984000
1723178786151 0.0 1988000
1723178799552 0.0 1992000
1723178813178 0.0 1996000
1723178827018 0.0 2000000
