1723171812078 1.0 4000
1723171825461 1.0 8000
1723171838180 1.0 12000
1723171851763 1.0 16000
1723171869946 1.0 20000
1723171886435 1.0 24000
1723171904880 1.0 28000
1723171922421 1.0 32000
1723171940929 1.0 36000
1723171958919 1.0 40000
1723171977242 1.0 44000
1723171994413 1.0 48000
1723172010971 1.0 52000
1723172029683 1.0 56000
1723172044758 1.0 60000
1723172058683 1.0 64000
1723172072321 1.0 68000
1723172086252 1.0 72000
1723172100000 1.0 76000
1723172113433 1.0 80000
1723172126018 1.0 84000
1723172139066 1.0 88000
1723172151555 1.0 92000
1723172164000 1.0 96000
1723172176745 1.0 100000
1723172189620 1.0 104000
1723172201829 1.0 108000
1723172214581 1.0 112000
1723172227438 1.0 116000
1723172240114 1.0 120000
1723172252923 1.0 124000
1723172265501 1.0 128000
1723172278145 1.0 132000
1723172290539 1.0 136000
1723172303027 1.0 140000
1723172315611 1.0 144000
1723172328130 1.0 148000
1723172340454 1.0 152000
1723172353027 1.0 156000
1723172365087 1.0 160000
1723172376940 1.0 164000
1723172389996 1.0 168000
1723172402602 1.0 172000
1723172414599 1.0 176000
1723172426790 1.0 180000
1723172439190 1.0 184000
1723172451847 1.0 188000
1723172465541 1.0 192000
1723172478545 1.0 196000
1723172494407 1.0 200000
1723172507767 1.0 204000
1723172524645 1.0 208000
1723172546703 1.0 212000
1723172563837 1.0 216000
1723172581191 1.0 220000
1723172598098 1.0 224000
1723172613459 1.0 228000
1723172628791 1.0 232000
1723172644018 1.0 236000
1723172659952 1.0 240000
1723172675810 1.0 244000
1723172692138 1.0 248000
1723172707093 1.0 252000
1723172721825 1.0 256000
1723172738309 1.0 260000
1723172756130 1.0 264000
1723172771012 1.0 268000
1723172785998 1.0 272000
1723172800914 1.0 276000
1723172815778 1.0 280000
1723172830445 1.0 284000
1723172844900 1.0 288000
1723172859279 1.0 292000
1723172874482 1.0 296000
1723172889300 1.0 300000
1723172903671 1.0 304000
1723172919804 1.0 308000
1723172934704 1.0 312000
1723172948538 1.0 316000
1723172963192 1.0 320000
1723172977741 1.0 324000
1723172992131 1.0 328000
1723173006950 1.0 332000
1723173022390 1.0 336000
1723173036769 1.0 340000
1723173051308 1.0 344000
1723173065688 1.0 348000
1723173080194 1.0 352000
1723173094730 1.0 356000
1723173109407 1.0 360000
1723173125510 1.0 364000
1723173140496 1.0 368000
1723173155652 1.0 372000
1723173171533 1.0 376000
1723173186403 1.0 380000
1723173201460 1.0 384000
1723173216095 1.0 388000
1723173230971 1.0 392000
1723173245634 1.0 396000
1723173259824 1.0 400000
1723173274626 1.0 404000
1723173289063 1.0 408000
1723173302875 1.0 412000
1723173317069 1.0 416000
1723173331060 1.0 420000
1723173344727 1.0 424000
1723173359356 1.0 428000
1723173374476 1.0 432000
1723173388043 1.0 436000
1723173401067 1.0 440000
1723173417305 1.0 444000
1723173434376 1.0 448000
1723173452304 1.0 452000
1723173472644 1.0 456000
1723173492638 1.0 460000
1723173511568 1.0 464000
1723173529376 1.0 468000
1723173544126 1.0 472000
1723173568098 1.0 476000
1723173585319 1.0 480000
1723173600886 1.0 484000
1723173616379 1.0 488000
1723173631767 1.0 492000
1723173646240 1.0 496000
1723173661997 1.0 500000
1723173679555 1.0 504000
1723173698994 1.0 508000
1723173715873 1.0 512000
1723173729853 1.0 516000
1723173741851 1.0 520000
1723173754009 1.0 524000
1723173766891 1.0 528000
1723173779511 1.0 532000
1723173796121 1.0 536000
1723173814643 1.0 540000
1723173834488 1.0 544000
1723173855054 1.0 548000
1723173868929 1.0 552000
1723173887170 1.0 556000
1723173903184 1.0 560000
1723173916614 1.0 564000
1723173942241 1.0 568000
1723173958492 1.0 572000
1723173972765 1.0 576000
1723173988086 1.0 580000
1723174003734 1.0 584000
1723174019236 1.0 588000
1723174034028 1.0 592000
1723174049970 1.0 596000
1723174064446 1.0 600000
1723174079899 1.0 604000
1723174093372 1.0 608000
1723174108922 1.0 612000
1723174123227 1.0 616000
1723174137225 1.0 620000
1723174150903 1.0 624000
1723174164517 1.0 628000
1723174178021 1.0 632000
1723174191334 1.0 636000
1723174205204 1.0 640000
1723174218583 1.0 644000
1723174231992 1.0 648000
1723174245411 1.0 652000
1723174258690 1.0 656000
1723174272737 1.0 660000
1723174286016 1.0 664000
1723174299387 1.0 668000
1723174312978 1.0 672000
1723174326436 1.0 676000
1723174340066 1.0 680000
1723174353431 1.0 684000
1723174366637 1.0 688000
1723174379051 1.0 692000
1723174392501 1.0 696000
1723174405876 1.0 700000
1723174419191 1.0 704000
1723174432565 1.0 708000
1723174445867 1.0 712000
1723174459137 1.0 716000
1723174471948 1.0 720000
1723174485506 1.0 724000
1723174499185 1.0 728000
1723174512515 1.0 732000
1723174525747 1.0 736000
1723174539774 1.0 740000
1723174553223 1.0 744000
1723174567152 1.0 748000
1723174580384 1.0 752000
1723174594428 1.0 756000
1723174607468 1.0 760000
1723174621241 1.0 764000
1723174634884 1.0 768000
1723174648390 1.0 772000
1723174662037 1.0 776000
1723174675972 1.0 780000
1723174689574 1.0 784000
1723174702904 1.0 788000
1723174716272 1.0 792000
1723174730053 1.0 796000
1723174744014 1.0 800000
1723174757148 1.0 804000
1723174770174 1.0 808000
1723174783241 1.0 812000
1723174796644 1.0 816000
1723174809876 1.0 820000
1723174823404 1.0 824000
1723174836719 1.0 828000
1723174850470 1.0 832000
1723174864168 1.0 836000
1723174877655 1.0 840000
1723174890705 1.0 844000
1723174904399 1.0 848000
1723174917573 1.0 852000
1723174930515 1.0 856000
1723174943692 1.0 860000
1723174957227 1.0 864000
1723174971326 1.0 868000
1723174984851 1.0 872000
1723174998292 1.0 876000
1723175011783 1.0 880000
1723175025650 1.0 884000
1723175039009 1.0 888000
1723175052019 1.0 892000
1723175065367 1.0 896000
1723175078911 1.0 900000
1723175092001 1.0 904000
1723175105088 1.0 908000
1723175118364 1.0 912000
1723175131972 1.0 916000
1723175145251 1.0 920000
1723175158696 1.0 924000
1723175172579 1.0 928000
1723175186590 1.0 932000
1723175200703 1.0 936000
1723175214907 1.0 940000
1723175228640 1.0 944000
1723175242213 1.0 948000
1723175255908 1.0 952000
1723175269373 1.0 956000
1723175283355 1.0 960000
1723175296970 1.0 964000
1723175310752 1.0 968000
1723175324620 1.0 972000
1723175338172 1.0 976000
1723175351526 1.0 980000
1723175365060 1.0 984000
1723175378287 1.0 988000
1723175392485 1.0 992000
1723175406021 1.0 996000
1723175419165 1.0 1000000
1723175432320 1.0 1004000
1723175445740 1.0 1008000
1723175459173 1.0 1012000
1723175472632 1.0 1016000
1723175487652 1.0 1020000
1723175501194 1.0 1024000
1723175514744 1.0 1028000
1723175528078 1.0 1032000
1723175541348 1.0 1036000
1723175555342 1.0 1040000
1723175570001 1.0 1044000
1723175583688 1.0 1048000
1723175597302 1.0 1052000
1723175611061 1.0 1056000
1723175624545 1.0 1060000
1723175638005 1.0 1064000
1723175652555 1.0 1068000
1723175666234 1.0 1072000
1723175679516 1.0 1076000
1723175693239 1.0 1080000
1723175706880 1.0 1084000
1723175720304 1.0 1088000
1723175733632 1.0 1092000
1723175747166 1.0 1096000
1723175761003 1.0 1100000
1723175773098 1.0 1104000
1723175786943 1.0 1108000
1723175800077 1.0 1112000
1723175813607 1.0 1116000
1723175827611 1.0 1120000
1723175841378 1.0 1124000
1723175853690 1.0 1128000
1723175868034 1.0 1132000
1723175881531 1.0 1136000
1723175895187 1.0 1140000
1723175908455 1.0 1144000
1723175922387 1.0 1148000
1723175936480 1.0 1152000
1723175950265 1.0 1156000
1723175963902 1.0 1160000
1723175977122 1.0 1164000
1723175990460 1.0 1168000
1723176003982 1.0 1172000
1723176017095 1.0 1176000
1723176030474 1.0 1180000
1723176044370 1.0 1184000
1723176058813 1.0 1188000
1723176072188 1.0 1192000
1723176085248 1.0 1196000
1723176099102 1.0 1200000
1723176112974 1.0 1204000
1723176126692 1.0 1208000
1723176139983 1.0 1212000
1723176154457 1.0 1216000
1723176168417 1.0 1220000
1723176182149 1.0 1224000
1723176195853 1.0 1228000
1723176209027 1.0 1232000
1723176222187 1.0 1236000
1723176236061 1.0 1240000
1723176249557 1.0 1244000
1723176262363 1.0 1248000
1723176274805 1.0 1252000
1723176287988 1.0 1256000
1723176301099 1.0 1260000
1723176314509 1.0 1264000
1723176327896 1.0 1268000
1723176341160 1.0 1272000
1723176355106 1.0 1276000
1723176368918 1.0 1280000
1723176383323 1.0 1284000
1723176395543 1.0 1288000
1723176408690 1.0 1292000
1723176422085 1.0 1296000
1723176435192 1.0 1300000
1723176448928 1.0 1304000
1723176462150 1.0 1308000
1723176475899 1.0 1312000
1723176490090 1.0 1316000
1723176502747 1.0 1320000
1723176516130 1.0 1324000
1723176530457 1.0 1328000
1723176544867 1.0 1332000
1723176558174 1.0 1336000
1723176572133 1.0 1340000
1723176585659 1.0 1344000
1723176599579 1.0 1348000
1723176613515 1.0 1352000
1723176627240 1.0 1356000
1723176640668 1.0 1360000
1723176654152 1.0 1364000
1723176667870 1.0 1368000
1723176681440 1.0 1372000
1723176695006 1.0 1376000
1723176708614 1.0 1380000
1723176722053 1.0 1384000
1723176735517 1.0 1388000
1723176748884 1.0 1392000
1723176762376 1.0 1396000
1723176776164 1.0 1400000
1723176789974 1.0 1404000
1723176803612 1.0 1408000
1723176816723 1.0 1412000
1723176830376 1.0 1416000
1723176844089 1.0 1420000
1723176857380 1.0 1424000
1723176871058 1.0 1428000
1723176884708 1.0 1432000
1723176898691 1.0 1436000
1723176912468 1.0 1440000
1723176926103 1.0 1444000
1723176939475 1.0 1448000
1723176953026 1.0 1452000
1723176966138 1.0 1456000
1723176979521 1.0 1460000
1723176992951 1.0 1464000
1723177006368 1.0 1468000
1723177019773 1.0 1472000
1723177033209 1.0 1476000
1723177046732 1.0 1480000
1723177060394 1.0 1484000
1723177074252 1.0 1488000
1723177088077 1.0 1492000
1723177101816 1.0 1496000
1723177115465 1.0 1500000
1723177129302 1.0 1504000
1723177143087 1.0 1508000
1723177156388 1.0 1512000
1723177169545 1.0 1516000
1723177183886 1.0 1520000
1723177197312 1.0 1524000
1723177210618 1.0 1528000
1723177223653 1.0 1532000
1723177236900 1.0 1536000
1723177250906 1.0 1540000
1723177264517 1.0 1544000
1723177278887 1.0 1548000
1723177292867 1.0 1552000
1723177306782 1.0 1556000
1723177320546 1.0 1560000
1723177334367 1.0 1564000
1723177347913 1.0 1568000
1723177361773 1.0 1572000
1723177375710 1.0 1576000
1723177389916 1.0 1580000
1723177403501 1.0 1584000
1723177416874 1.0 1588000
1723177430904 1.0 1592000
1723177444929 1.0 1596000
1723177458690 1.0 1600000
1723177472343 1.0 1604000
1723177486236 1.0 1608000
1723177499978 1.0 1612000
1723177513663 1.0 1616000
1723177527904 1.0 1620000
1723177541635 1.0 1624000
1723177555334 1.0 1628000
1723177569665 1.0 1632000
1723177583738 1.0 1636000
1723177597070 1.0 1640000
1723177610767 1.0 1644000
1723177624353 1.0 1648000
1723177637714 1.0 1652000
1723177651442 1.0 1656000
1723177664774 1.0 1660000
1723177678230 1.0 1664000
1723177691873 1.0 1668000
1723177705559 1.0 1672000
1723177718902 1.0 1676000
1723177732954 1.0 1680000
1723177746509 1.0 1684000
1723177759727 1.0 1688000
1723177773566 1.0 1692000
1723177787172 1.0 1696000
1723177800814 1.0 1700000
1723177813936 1.0 1704000
1723177827225 1.0 1708000
1723177840350 1.0 1712000
1723177854660 1.0 1716000
1723177868262 1.0 1720000
1723177882048 1.0 1724000
1723177895338 1.0 1728000
1723177908939 1.0 1732000
1723177921972 1.0 1736000
1723177934809 1.0 1740000
1723177948570 1.0 1744000
1723177962186 1.0 1748000
1723177975851 1.0 1752000
1723177990088 1.0 1756000
1723178003936 1.0 1760000
1723178017764 1.0 1764000
1723178031645 1.0 1768000
1723178045717 1.0 1772000
1723178059057 1.0 1776000
1723178073343 1.0 1780000
1723178087132 1.0 1784000
1723178100815 1.0 1788000
1723178114359 1.0 1792000
1723178127617 1.0 1796000
1723178141389 1.0 1800000
1723178155426 1.0 1804000
1723178170187 1.0 1808000
1723178183798 1.0 1812000
1723178197247 1.0 1816000
1723178210991 1.0 1820000
1723178224828 1.0 1824000
1723178238220 1.0 1828000
1723178251527 1.0 1832000
1723178265465 1.0 1836000
1723178279529 1.0 1840000
1723178293276 1.0 1844000
1723178306876 1.0 1848000
1723178320159 1.0 1852000
1723178334237 1.0 1856000
1723178347769 1.0 1860000
1723178361253 1.0 1864000
1723178374316 1.0 1868000
1723178387729 1.0 1872000
1723178401198 1.0 1876000
1723178414750 1.0 1880000
1723178427879 1.0 1884000
1723178441390 1.0 1888000
1723178454806 1.0 1892000
1723178468814 1.0 1896000
1723178482322 1.0 1900000
1723178496017 1.0 1904000
1723178510372 1.0 1908000
1723178524207 1.0 1912000
1723178537845 1.0 1916000
1723178551672 1.0 1920000
1723178565107 1.0 1924000
1723178578958 1.0 1928000
1723178592930 1.0 1932000
1723178606212 1.0 1936000
1723178619750 1.0 1940000
1723178634043 1.0 1944000
1723178647893 1.0 1948000
1723178661825 1.0 1952000
1723178676738 1.0 1956000
1723178690506 1.0 1960000
1723178704293 1.0 1964000
1723178717874 1.0 1968000
1723178731542 1.0 1972000
1723178744668 1.0 1976000
1723178758599 1.0 1980000
1723178772331 1.0 1984000
1723178786160 1.0 1988000
1723178799562 1.0 1992000
1723178813187 1.0 1996000
1723178827029 1.0 2000000
