1723235371580 23606.537826152464 4000
1723235378869 24852.517970156397 8000
1723235386201 25121.46578004201 12000
1723235393444 25121.46578004201 16000
1723235401524 25121.46578004201 20000
1723235409661 25121.46578004201 24000
1723235417391 24771.7201747626 28000
1723235425060 24792.96910799965 32000
1723235432756 24792.96910799965 36000
1723235440355 24792.96910799965 40000
1723235447911 24913.393129316948 44000
1723235455322 24913.393129316948 48000
1723235463622 25853.933968959936 52000
1723235472386 26179.001631784933 56000
1723235480452 26179.001631784933 60000
1723235488310 26179.001631784933 64000
1723235496341 26179.001631784933 68000
1723235504125 26099.576694695217 72000
1723235511796 24653.2937059881 76000
1723235519440 24653.2937059881 80000
1723235527089 25428.06466460086 84000
1723235535194 25428.06466460086 88000
1723235543103 25428.06466460086 92000
1723235550820 25428.06466460086 96000
1723235558509 25428.06466460086 100000
1723235566453 24229.342585193048 104000
1723235574081 25131.85825482061 108000
1723235581707 25131.85825482061 112000
1723235589199 25131.85825482061 116000
1723235596963 25131.85825482061 120000
1723235604756 25131.85825482061 124000
1723235612390 23128.41053696948 128000
1723235619968 22431.96764656397 132000
1723235627435 22431.96764656397 136000
1723235634988 22421.739114920674 140000
1723235642545 24630.149791178148 144000
1723235649939 24630.149791178148 148000
1723235658102 24630.149791178148 152000
1723235665597 24630.149791178148 156000
1723235673059 23320.76452892067 160000
1723235680538 23320.76452892067 164000
1723235688271 22772.326442361813 168000
1723235696213 22772.326442361813 172000
1723235704118 22772.326442361813 176000
1723235712274 22118.634660760938 180000
1723235720640 22118.634660760938 184000
1723235728462 22118.634660760938 188000
1723235736267 22118.634660760938 192000
1723235745048 21966.573874165206 196000
1723235753619 21966.573874165206 200000
1723235761859 21966.573874165206 204000
1723235770754 21966.573874165206 208000
1723235779562 21626.635494887898 212000
1723235787671 23433.06943595276 216000
1723235795491 23433.06943595276 220000
1723235803352 23646.10013662699 224000
1723235811821 24518.36089606663 228000
1723235819819 24518.36089606663 232000
1723235828043 24631.668206502007 236000
1723235837132 24631.668206502007 240000
1723235846382 24631.668206502007 244000
1723235854614 24631.668206502007 248000
1723235862628 24631.668206502007 252000
1723235871551 24478.440904453233 256000
1723235879752 24478.440904453233 260000
1723235887621 24478.440904453233 264000
1723235895394 24478.440904453233 268000
1723235903190 24083.5095256119 272000
1723235910820 24083.5095256119 276000
1723235918334 23095.73542141732 280000
1723235925767 23087.716759627547 284000
1723235933290 23087.716759627547 288000
1723235940746 23087.716759627547 292000
1723235948439 23087.716759627547 296000
1723235956646 23834.800191081882 300000
1723235964277 25075.597156903128 304000
1723235971836 25075.597156903128 308000
1723235979212 25075.597156903128 312000
1723235986595 25075.597156903128 316000
1723235994093 25189.573359270915 320000
1723236001642 25505.613902624154 324000
1723236009474 25505.613902624154 328000
1723236017724 25505.613902624154 332000
1723236025165 25505.613902624154 336000
1723236032624 25505.613902624154 340000
1723236039793 24847.545284076034 344000
1723236047230 24475.116934255464 348000
1723236054581 24475.116934255464 352000
1723236061977 26288.1360729277 356000
1723236069522 26288.1360729277 360000
1723236077453 26288.1360729277 364000
1723236084982 26288.1360729277 368000
1723236092414 26288.1360729277 372000
1723236099598 24819.217176577255 376000
1723236107119 24002.96973416078 380000
1723236114562 24002.96973416078 384000
1723236121956 24002.96973416078 388000
1723236129341 24002.96973416078 392000
1723236137487 24389.22882032328 396000
1723236145260 25911.48622658405 400000
1723236153258 25911.48622658405 404000
1723236160643 25911.48622658405 408000
1723236168413 25911.48622658405 412000
1723236175837 25911.48622658405 416000
1723236183166 25391.971288189863 420000
1723236190658 25313.45186741547 424000
1723236199002 25313.45186741547 428000
1723236206960 26607.8600416222 432000
1723236214464 26607.8600416222 436000
1723236221871 26607.8600416222 440000
1723236229281 26607.8600416222 444000
1723236237181 26607.8600416222 448000
1723236244729 25953.242760304853 452000
1723236252105 26156.45815859055 456000
1723236259924 26156.45815859055 460000
1723236267654 26156.45815859055 464000
1723236275072 26156.45815859055 468000
1723236282630 25280.434469630793 472000
1723236290589 25280.434469630793 476000
1723236298061 26556.59018322323 480000
1723236305498 26556.59018322323 484000
1723236312973 26556.59018322323 488000
1723236320506 26556.59018322323 492000
1723236328008 26556.59018322323 496000
1723236335479 25124.725180867947 500000
1723236342809 25123.174902201987 504000
1723236350152 25123.174902201987 508000
1723236357574 23492.74024026596 512000
1723236365061 22436.86683873443 516000
1723236372242 22436.86683873443 520000
1723236380348 22689.311497715502 524000
1723236387777 22689.311497715502 528000
1723236395113 22689.311497715502 532000
1723236402604 23904.911528616234 536000
1723236409838 23904.911528616234 540000
1723236417335 23904.911528616234 544000
1723236424719 24885.563841696843 548000
1723236432112 24885.563841696843 552000
1723236440407 24885.563841696843 556000
1723236448077 24885.563841696843 560000
1723236455479 24885.563841696843 564000
1723236462845 24786.378486816022 568000
1723236470352 26059.69099245987 572000
1723236477710 26059.69099245987 576000
1723236485136 26059.69099245987 580000
1723236492632 26059.69099245987 584000
1723236501105 26059.69099245987 588000
1723236509157 25079.050115287264 592000
1723236516737 25079.050115287264 596000
1723236524749 25079.050115287264 600000
1723236532655 25049.862137033982 604000
1723236540315 25049.862137033982 608000
1723236547948 24132.327908903942 612000
1723236555498 24028.903765013452 616000
1723236563323 23587.152299971473 620000
1723236571032 23587.152299971473 624000
1723236579020 23587.152299971473 628000
1723236587186 22578.932447232266 632000
1723236595819 22578.932447232266 636000
1723236606160 22578.932447232266 640000
1723236614460 22578.932447232266 644000
1723236622788 20768.85907258241 648000
1723236630991 20768.85907258241 652000
1723236639388 20768.85907258241 656000
1723236647255 20368.94887199505 660000
1723236654902 20128.447342542586 664000
1723236662488 20128.447342542586 668000
1723236670063 20128.447342542586 672000
1723236677621 20128.447342542586 676000
1723236685286 20128.447342542586 680000
1723236692948 19967.57386032108 684000
1723236700875 19967.57386032108 688000
1723236708816 19871.16998309832 692000
1723236716351 20565.718008199987 696000
1723236724164 21381.139218811655 700000
1723236731924 21654.755322874636 704000
1723236739961 21654.755322874636 708000
1723236748333 21654.755322874636 712000
1723236756230 21654.755322874636 716000
1723236764510 21654.755322874636 720000
1723236773270 21156.88979147657 724000
1723236781570 21994.85093020493 728000
1723236789942 21994.85093020493 732000
1723236797997 21994.85093020493 736000
1723236806020 21994.85093020493 740000
1723236813691 24811.252836264208 744000
1723236821729 24811.252836264208 748000
1723236829303 24811.252836264208 752000
1723236836701 24811.252836264208 756000
1723236844269 24811.252836264208 760000
1723236851798 23612.928029830764 764000
1723236860086 22898.90520987334 768000
1723236867591 22898.90520987334 772000
1723236875054 22898.90520987334 776000
1723236882448 22898.90520987334 780000
1723236890035 22469.168803175267 784000
1723236897520 22443.540665390312 788000
1723236905081 22443.540665390312 792000
1723236912680 22443.540665390312 796000
1723236920287 20478.287063642376 800000
