1723235371575 23606.537826152464 4000
1723235378866 24852.517970156397 8000
1723235386198 25121.46578004201 12000
1723235393440 25121.46578004201 16000
1723235401520 25121.46578004201 20000
1723235409658 25121.46578004201 24000
1723235417388 24771.7201747626 28000
1723235425057 24792.96910799965 32000
1723235432753 24792.96910799965 36000
1723235440352 24792.96910799965 40000
1723235447908 24913.393129316948 44000
1723235455319 24913.393129316948 48000
1723235463619 25853.933968959936 52000
1723235472383 26179.001631784933 56000
1723235480449 26179.001631784933 60000
1723235488307 26179.001631784933 64000
1723235496338 26179.001631784933 68000
1723235504122 26099.576694695217 72000
1723235511793 24653.2937059881 76000
1723235519437 24653.2937059881 80000
1723235527085 25428.06466460086 84000
1723235535191 25428.06466460086 88000
1723235543100 25428.06466460086 92000
1723235550817 25428.06466460086 96000
1723235558506 25428.06466460086 100000
1723235566450 24229.342585193048 104000
1723235574078 25131.85825482061 108000
1723235581704 25131.85825482061 112000
1723235589196 25131.85825482061 116000
1723235596960 25131.85825482061 120000
1723235604753 25131.85825482061 124000
1723235612386 23128.41053696948 128000
1723235619965 22431.96764656397 132000
1723235627432 22431.96764656397 136000
1723235634985 22421.739114920674 140000
1723235642541 24630.149791178148 144000
1723235649935 24630.149791178148 148000
1723235658098 24630.149791178148 152000
1723235665594 24630.149791178148 156000
1723235673056 23320.76452892067 160000
1723235680535 23320.76452892067 164000
1723235688268 22772.326442361813 168000
1723235696209 22772.326442361813 172000
1723235704115 22772.326442361813 176000
1723235712270 22118.634660760938 180000
1723235720636 22118.634660760938 184000
1723235728459 22118.634660760938 188000
1723235736263 22118.634660760938 192000
1723235745044 21966.573874165206 196000
1723235753615 21966.573874165206 200000
1723235761855 21966.573874165206 204000
1723235770751 21966.573874165206 208000
1723235779559 21626.635494887898 212000
1723235787668 23433.06943595276 216000
1723235795488 23433.06943595276 220000
1723235803348 23646.10013662699 224000
1723235811818 24518.36089606663 228000
1723235819815 24518.36089606663 232000
1723235828040 24631.668206502007 236000
1723235837127 24631.668206502007 240000
1723235846379 24631.668206502007 244000
1723235854610 24631.668206502007 248000
1723235862625 24631.668206502007 252000
1723235871548 24478.440904453233 256000
1723235879749 24478.440904453233 260000
1723235887617 24478.440904453233 264000
1723235895390 24478.440904453233 268000
1723235903187 24083.5095256119 272000
1723235910817 24083.5095256119 276000
1723235918330 23095.73542141732 280000
1723235925764 23087.716759627547 284000
1723235933287 23087.716759627547 288000
1723235940743 23087.716759627547 292000
1723235948436 23087.716759627547 296000
1723235956643 23834.800191081882 300000
1723235964274 25075.597156903128 304000
1723235971833 25075.597156903128 308000
1723235979209 25075.597156903128 312000
1723235986592 25075.597156903128 316000
1723235994090 25189.573359270915 320000
1723236001639 25505.613902624154 324000
1723236009471 25505.613902624154 328000
1723236017720 25505.613902624154 332000
1723236025162 25505.613902624154 336000
1723236032621 25505.613902624154 340000
1723236039789 24847.545284076034 344000
1723236047227 24475.116934255464 348000
1723236054578 24475.116934255464 352000
1723236061973 26288.1360729277 356000
1723236069519 26288.1360729277 360000
1723236077450 26288.1360729277 364000
1723236084978 26288.1360729277 368000
1723236092410 26288.1360729277 372000
1723236099595 24819.217176577255 376000
1723236107116 24002.96973416078 380000
1723236114559 24002.96973416078 384000
1723236121953 24002.96973416078 388000
1723236129338 24002.96973416078 392000
1723236137484 24389.22882032328 396000
1723236145257 25911.48622658405 400000
1723236153255 25911.48622658405 404000
1723236160639 25911.48622658405 408000
1723236168410 25911.48622658405 412000
1723236175834 25911.48622658405 416000
1723236183163 25391.971288189863 420000
1723236190654 25313.45186741547 424000
1723236198999 25313.45186741547 428000
1723236206957 26607.8600416222 432000
1723236214461 26607.8600416222 436000
1723236221868 26607.8600416222 440000
1723236229278 26607.8600416222 444000
1723236237178 26607.8600416222 448000
1723236244726 25953.242760304853 452000
1723236252102 26156.45815859055 456000
1723236259921 26156.45815859055 460000
1723236267651 26156.45815859055 464000
1723236275069 26156.45815859055 468000
1723236282627 25280.434469630793 472000
1723236290586 25280.434469630793 476000
1723236298058 26556.59018322323 480000
1723236305495 26556.59018322323 484000
1723236312970 26556.59018322323 488000
1723236320503 26556.59018322323 492000
1723236328005 26556.59018322323 496000
1723236335476 25124.725180867947 500000
1723236342806 25123.174902201987 504000
1723236350149 25123.174902201987 508000
1723236357571 23492.74024026596 512000
1723236365058 22436.86683873443 516000
1723236372239 22436.86683873443 520000
1723236380345 22689.311497715502 524000
1723236387773 22689.311497715502 528000
1723236395110 22689.311497715502 532000
1723236402600 23904.911528616234 536000
1723236409835 23904.911528616234 540000
1723236417331 23904.911528616234 544000
1723236424716 24885.563841696843 548000
1723236432109 24885.563841696843 552000
1723236440404 24885.563841696843 556000
1723236448074 24885.563841696843 560000
1723236455476 24885.563841696843 564000
1723236462842 24786.378486816022 568000
1723236470348 26059.69099245987 572000
1723236477707 26059.69099245987 576000
1723236485133 26059.69099245987 580000
1723236492629 26059.69099245987 584000
1723236501102 26059.69099245987 588000
1723236509154 25079.050115287264 592000
1723236516734 25079.050115287264 596000
1723236524746 25079.050115287264 600000
1723236532651 25049.862137033982 604000
1723236540312 25049.862137033982 608000
1723236547945 24132.327908903942 612000
1723236555494 24028.903765013452 616000
1723236563320 23587.152299971473 620000
1723236571029 23587.152299971473 624000
1723236579017 23587.152299971473 628000
1723236587183 22578.932447232266 632000
1723236595800 22578.932447232266 636000
1723236606156 22578.932447232266 640000
1723236614456 22578.932447232266 644000
1723236622784 20768.85907258241 648000
1723236630987 20768.85907258241 652000
1723236639385 20768.85907258241 656000
1723236647252 20368.94887199505 660000
1723236654898 20128.447342542586 664000
1723236662484 20128.447342542586 668000
1723236670060 20128.447342542586 672000
1723236677617 20128.447342542586 676000
1723236685282 20128.447342542586 680000
1723236692945 19967.57386032108 684000
1723236700871 19967.57386032108 688000
1723236708812 19871.16998309832 692000
1723236716348 20565.718008199987 696000
1723236724161 21381.139218811655 700000
1723236731920 21654.755322874636 704000
1723236739957 21654.755322874636 708000
1723236748330 21654.755322874636 712000
1723236756227 21654.755322874636 716000
1723236764505 21654.755322874636 720000
1723236773267 21156.88979147657 724000
1723236781567 21994.85093020493 728000
1723236789939 21994.85093020493 732000
1723236797994 21994.85093020493 736000
1723236806017 21994.85093020493 740000
1723236813688 24811.252836264208 744000
1723236821726 24811.252836264208 748000
1723236829300 24811.252836264208 752000
1723236836698 24811.252836264208 756000
1723236844266 24811.252836264208 760000
1723236851795 23612.928029830764 764000
1723236860082 22898.90520987334 768000
1723236867588 22898.90520987334 772000
1723236875051 22898.90520987334 776000
1723236882444 22898.90520987334 780000
1723236890032 22469.168803175267 784000
1723236897517 22443.540665390312 788000
1723236905078 22443.540665390312 792000
1723236912677 22443.540665390312 796000
1723236920283 20478.287063642376 800000
