1723235371577 175.2 4000
1723235378867 178.975 8000
1723235386199 181.91666666666666 12000
1723235393442 185.6375 16000
1723235401521 186.59 20000
1723235409659 188.44 24000
1723235417389 190.59 28000
1723235425059 190.18 32000
1723235432754 185.33 36000
1723235440353 184.27 40000
1723235447909 187.17 44000
1723235455321 187.62 48000
1723235463620 185.63 52000
1723235472384 187.85 56000
1723235480450 187.47 60000
1723235488308 183.53 64000
1723235496339 179.32 68000
1723235504123 181.96 72000
1723235511794 186.49 76000
1723235519439 189.13 80000
1723235527087 188.04 84000
1723235535192 190.91 88000
1723235543101 188.21 92000
1723235550818 189.12 96000
1723235558507 189.02 100000
1723235566451 190.83 104000
1723235574079 191.05 108000
1723235581705 194.84 112000
1723235589197 193.24 116000
1723235596961 191.49 120000
1723235604754 189.76 124000
1723235612388 191.51 128000
1723235619966 190.07 132000
1723235627433 190.16 136000
1723235634986 190.11 140000
1723235642543 191.84 144000
1723235649937 192.02 148000
1723235658099 193.46 152000
1723235665595 191.29 156000
1723235673057 191.29 160000
1723235680536 189.41 164000
1723235688269 188.9 168000
1723235696211 188.9 172000
1723235704116 190.4 176000
1723235712271 190.76 180000
1723235720637 188.77 184000
1723235728460 190.75 188000
1723235736264 188.83 192000
1723235745046 192.69 196000
1723235753617 194.21 200000
1723235761857 196.2 204000
1723235770752 196.32 208000
1723235779560 194.69 212000
1723235787669 193.0 216000
1723235795489 191.04 220000
1723235803350 185.3 224000
1723235811819 185.31 228000
1723235819817 183.38 232000
1723235828041 184.96 236000
1723235837129 186.89 240000
1723235846380 188.74 244000
1723235854612 192.2 248000
1723235862626 196.08 252000
1723235871549 196.08 256000
1723235879750 198.07 260000
1723235887619 200.0 264000
1723235895391 196.42 268000
1723235903188 192.75 272000
1723235910818 191.03 276000
1723235918332 187.3 280000
1723235925765 187.29 284000
1723235933288 183.81 288000
1723235940744 187.48 292000
1723235948437 189.17 296000
1723235956644 189.19 300000
1723235964275 191.54 304000
1723235971834 192.61 308000
1723235979210 190.38 312000
1723235986593 189.87 316000
1723235994091 191.08 320000
1723236001640 192.81 324000
1723236009472 195.18 328000
1723236017722 196.39 332000
1723236025163 194.82 336000
1723236032622 189.75 340000
1723236039791 189.34 344000
1723236047228 189.34 348000
1723236054579 187.59 352000
1723236061975 188.75 356000
1723236069520 186.76 360000
1723236077451 188.58 364000
1723236084980 188.56 368000
1723236092411 193.7 372000
1723236099596 194.34 376000
1723236107117 194.23 380000
1723236114560 192.76 384000
1723236121954 194.73 388000
1723236129339 192.86 392000
1723236137485 190.91 396000
1723236145258 192.9 400000
1723236153256 192.87 404000
1723236160641 191.44 408000
1723236168411 193.42 412000
1723236175835 195.37 416000
1723236183164 195.37 420000
1723236190656 191.42 424000
1723236199000 193.02 428000
1723236206958 188.33 432000
1723236214462 184.65 436000
1723236221869 182.91 440000
1723236229279 184.85 444000
1723236237179 186.38 448000
1723236244727 182.15 452000
1723236252103 178.69 456000
1723236259922 154.51 460000
1723236267652 147.14 464000
1723236275070 143.6 468000
1723236282628 150.08 472000
1723236290587 160.71 476000
1723236298059 169.46 480000
1723236305496 176.02 484000
1723236312972 180.66 488000
1723236320504 185.94 492000
1723236328006 188.01 496000
1723236335477 192.5 500000
1723236342807 194.34 504000
1723236350150 196.33 508000
1723236357572 192.5 512000
1723236365059 192.7 516000
1723236372240 190.89 520000
1723236380346 190.89 524000
1723236387775 190.88 528000
1723236395111 187.34 532000
1723236402601 185.31 536000
1723236409836 188.88 540000
1723236417332 186.91 544000
1723236424717 190.4 548000
1723236432110 195.62 552000
1723236440405 195.42 556000
1723236448075 193.76 560000
1723236455477 195.73 564000
1723236462843 194.15 568000
1723236470350 194.81 572000
1723236477708 194.81 576000
1723236485134 194.95 580000
1723236492630 194.56 584000
1723236501103 192.85 588000
1723236509155 192.85 592000
1723236516735 192.88 596000
1723236524747 192.76 600000
1723236532653 189.33 604000
1723236540313 187.44 608000
1723236547946 187.61 612000
1723236555496 187.31 616000
1723236563321 188.89 620000
1723236571030 192.71 624000
1723236579018 194.59 628000
1723236587184 194.5 632000
1723236595816 196.44 636000
1723236606157 192.54 640000
1723236614458 190.81 644000
1723236622785 192.53 648000
1723236630989 192.46 652000
1723236639386 192.46 656000
1723236647253 196.36 660000
1723236654900 198.09 664000
1723236662486 194.34 668000
1723236670061 194.28 672000
1723236677619 194.28 676000
1723236685284 194.28 680000
1723236692947 196.04 684000
1723236700872 198.03 688000
1723236708814 198.45 692000
1723236716349 198.45 696000
1723236724162 196.61 700000
1723236731921 193.3 704000
1723236739959 194.85 708000
1723236748331 193.1 712000
1723236756228 193.1 716000
1723236764506 193.22 720000
1723236773268 196.53 724000
1723236781568 194.56 728000
1723236789940 194.65 732000
1723236797995 191.11 736000
1723236806018 191.24 740000
1723236813689 191.23 744000
1723236821727 189.8 748000
1723236829301 191.46 752000
1723236836699 193.08 756000
1723236844267 191.19 760000
1723236851796 193.17 764000
1723236860084 193.16 768000
1723236867589 193.16 772000
1723236875052 195.08 776000
1723236882445 198.56 780000
1723236890033 198.56 784000
1723236897518 196.4 788000
1723236905079 194.41 792000
1723236912678 192.49 796000
1723236920285 188.87 800000
