1723235371579 0.0 4000
1723235378869 0.0 8000
1723235386200 0.0 12000
1723235393443 0.0 16000
1723235401523 0.0 20000
1723235409660 0.0 24000
1723235417390 0.0 28000
1723235425060 0.0 32000
1723235432755 0.0 36000
1723235440355 0.0 40000
1723235447910 0.0 44000
1723235455322 0.0 48000
1723235463621 0.0 52000
1723235472386 0.0 56000
1723235480451 0.0 60000
1723235488309 0.0 64000
1723235496340 0.0 68000
1723235504124 0.0 72000
1723235511796 0.0 76000
1723235519440 0.0 80000
1723235527088 0.0 84000
1723235535193 0.0 88000
1723235543102 0.0 92000
1723235550819 0.0 96000
1723235558508 0.0 100000
1723235566452 0.0 104000
1723235574080 0.0 108000
1723235581706 0.0 112000
1723235589199 0.0 116000
1723235596962 0.0 120000
1723235604755 0.0 124000
1723235612389 0.0 128000
1723235619967 0.0 132000
1723235627434 0.0 136000
1723235634988 0.0 140000
1723235642544 0.0 144000
1723235649938 0.0 148000
1723235658101 0.0 152000
1723235665596 0.0 156000
1723235673059 0.0 160000
1723235680537 0.0 164000
1723235688270 0.0 168000
1723235696212 0.0 172000
1723235704118 0.0 176000
1723235712273 0.0 180000
1723235720639 0.0 184000
1723235728461 0.0 188000
1723235736266 0.0 192000
1723235745047 0.0 196000
1723235753618 0.0 200000
1723235761858 0.0 204000
1723235770753 0.0 208000
1723235779561 0.0 212000
1723235787671 0.0 216000
1723235795490 0.0 220000
1723235803351 0.0 224000
1723235811820 0.0 228000
1723235819818 0.0 232000
1723235828042 0.0 236000
1723235837130 0.0 240000
1723235846382 0.0 244000
1723235854613 0.0 248000
1723235862627 0.0 252000
1723235871550 0.0 256000
1723235879752 0.0 260000
1723235887620 0.0 264000
1723235895393 0.0 268000
1723235903189 0.0 272000
1723235910819 0.0 276000
1723235918333 0.0 280000
1723235925766 0.0 284000
1723235933289 0.0 288000
1723235940746 0.0 292000
1723235948438 0.0 296000
1723235956645 0.0 300000
1723235964276 0.0 304000
1723235971835 0.0 308000
1723235979211 0.0 312000
1723235986594 0.0 316000
1723235994092 0.0 320000
1723236001641 0.0 324000
1723236009474 0.0 328000
1723236017723 0.0 332000
1723236025164 0.0 336000
1723236032623 0.0 340000
1723236039792 0.0 344000
1723236047230 0.0 348000
1723236054580 0.0 352000
1723236061976 0.0 356000
1723236069521 0.0 360000
1723236077452 0.0 364000
1723236084981 0.0 368000
1723236092412 0.0 372000
1723236099597 0.0 376000
1723236107118 0.0 380000
1723236114561 0.0 384000
1723236121955 0.0 388000
1723236129340 0.0 392000
1723236137487 0.0 396000
1723236145259 0.0 400000
1723236153257 0.0 404000
1723236160642 0.0 408000
1723236168412 0.0 412000
1723236175836 0.0 416000
1723236183165 0.0 420000
1723236190657 0.0 424000
1723236199001 0.0 428000
1723236206959 0.0 432000
1723236214463 0.0 436000
1723236221870 0.0 440000
1723236229281 0.0 444000
1723236237180 0.0 448000
1723236244728 0.0 452000
1723236252104 0.0 456000
1723236259923 0.0 460000
1723236267653 0.0 464000
1723236275072 0.0 468000
1723236282629 0.0 472000
1723236290588 0.0 476000
1723236298061 0.0 480000
1723236305497 0.0 484000
1723236312973 0.0 488000
1723236320505 0.0 492000
1723236328007 0.0 496000
1723236335478 0.0 500000
1723236342808 0.0 504000
1723236350151 0.0 508000
1723236357573 0.0 512000
1723236365060 0.0 516000
1723236372241 0.0 520000
1723236380347 0.0 524000
1723236387776 0.0 528000
1723236395112 0.0 532000
1723236402603 0.0 536000
1723236409837 0.0 540000
1723236417334 0.0 544000
1723236424719 0.0 548000
1723236432111 0.0 552000
1723236440406 0.0 556000
1723236448076 0.0 560000
1723236455478 0.0 564000
1723236462844 0.0 568000
1723236470351 0.0 572000
1723236477709 0.0 576000
1723236485136 0.0 580000
1723236492632 0.0 584000
1723236501104 0.0 588000
1723236509156 0.0 592000
1723236516737 0.0 596000
1723236524748 0.0 600000
1723236532654 0.0 604000
1723236540315 0.0 608000
1723236547947 0.0 612000
1723236555497 0.0 616000
1723236563323 0.0 620000
1723236571031 0.0 624000
1723236579020 0.0 628000
1723236587185 0.0 632000
1723236595818 0.0 636000
1723236606159 0.0 640000
1723236614460 0.0 644000
1723236622787 0.0 648000
1723236630990 0.0 652000
1723236639388 0.0 656000
1723236647254 0.0 660000
1723236654901 0.0 664000
1723236662487 0.0 668000
1723236670062 0.0 672000
1723236677620 0.0 676000
1723236685285 0.0 680000
1723236692948 0.0 684000
1723236700874 0.0 688000
1723236708815 0.0 692000
1723236716350 0.0 696000
1723236724164 0.0 700000
1723236731923 0.0 704000
1723236739960 0.0 708000
1723236748332 0.0 712000
1723236756230 0.0 716000
1723236764509 0.0 720000
1723236773270 0.0 724000
1723236781569 0.0 728000
1723236789941 0.0 732000
1723236797997 0.0 736000
1723236806019 0.0 740000
1723236813690 0.0 744000
1723236821728 0.0 748000
1723236829303 0.0 752000
1723236836701 0.0 756000
1723236844268 0.0 760000
1723236851798 0.0 764000
1723236860085 0.0 768000
1723236867590 0.0 772000
1723236875053 0.0 776000
1723236882447 0.0 780000
1723236890035 0.0 784000
1723236897519 0.0 788000
1723236905080 0.0 792000
1723236912679 0.0 796000
1723236920287 0.0 800000
