1723171811993 4000.0 4000
1723171825390 8000.0 8000
1723171838117 12000.0 12000
1723171851697 16000.0 16000
1723171869858 20000.0 20000
1723171886369 24000.0 24000
1723171904784 28000.0 28000
1723171922348 32000.0 32000
1723171940860 36000.0 36000
1723171958839 40000.0 40000
1723171977135 44000.0 44000
1723171994347 48000.0 48000
1723172010898 52000.0 52000
1723172029568 56000.0 56000
1723172044692 60000.0 60000
1723172058613 64000.0 64000
1723172072247 68000.0 68000
1723172086182 72000.0 72000
1723172099934 76000.0 76000
1723172113361 80000.0 80000
1723172125953 84000.0 84000
1723172139003 88000.0 88000
1723172151491 92000.0 92000
1723172163936 96000.0 96000
1723172176682 100000.0 100000
1723172189557 104000.0 104000
1723172201763 108000.0 108000
1723172214518 112000.0 112000
1723172227375 116000.0 116000
1723172240049 120000.0 120000
1723172252860 124000.0 124000
1723172265436 128000.0 128000
1723172278081 132000.0 132000
1723172290471 136000.0 136000
1723172302961 140000.0 140000
1723172315547 144000.0 144000
1723172328051 148000.0 148000
1723172340390 152000.0 152000
1723172352963 156000.0 156000
1723172365024 160000.0 160000
1723172376876 164000.0 164000
1723172389932 168000.0 168000
1723172402538 172000.0 172000
1723172414536 176000.0 176000
1723172426727 180000.0 180000
1723172439126 184000.0 184000
1723172451780 188000.0 188000
1723172465473 192000.0 192000
1723172478477 196000.0 196000
1723172494344 200000.0 200000
1723172507703 204000.0 204000
1723172524565 208000.0 208000
1723172546635 212000.0 212000
1723172563750 216000.0 216000
1723172581113 220000.0 220000
1723172598025 224000.0 224000
1723172613391 228000.0 228000
1723172628726 232000.0 232000
1723172643954 236000.0 236000
1723172659883 240000.0 240000
1723172675697 244000.0 244000
1723172692069 248000.0 248000
1723172707029 252000.0 252000
1723172721758 256000.0 256000
1723172738235 260000.0 260000
1723172756064 264000.0 264000
1723172770946 268000.0 268000
1723172785933 272000.0 272000
1723172800849 276000.0 276000
1723172815714 280000.0 280000
1723172830379 284000.0 284000
1723172844832 288000.0 288000
1723172859215 292000.0 292000
1723172874414 296000.0 296000
1723172889236 300000.0 300000
1723172903606 304000.0 304000
1723172919740 308000.0 308000
1723172934640 312000.0 312000
1723172948473 316000.0 316000
1723172963126 320000.0 320000
1723172977675 324000.0 324000
1723172992064 328000.0 328000
1723173006878 332000.0 332000
1723173022320 336000.0 336000
1723173036705 340000.0 340000
1723173051244 344000.0 344000
1723173065615 348000.0 348000
1723173080130 352000.0 352000
1723173094665 356000.0 356000
1723173109344 360000.0 360000
1723173125443 364000.0 364000
1723173140431 368000.0 368000
1723173155530 372000.0 372000
1723173171461 376000.0 376000
1723173186338 380000.0 380000
1723173201385 384000.0 384000
1723173216030 388000.0 388000
1723173230903 392000.0 392000
1723173245570 396000.0 396000
1723173259759 400000.0 400000
1723173274561 404000.0 404000
1723173288998 408000.0 408000
1723173302812 412000.0 412000
1723173316999 416000.0 416000
1723173330996 420000.0 420000
1723173344661 424000.0 424000
1723173359290 428000.0 428000
1723173374409 432000.0 432000
1723173387980 436000.0 436000
1723173401003 440000.0 440000
1723173417238 444000.0 444000
1723173434303 448000.0 448000
1723173452226 452000.0 452000
1723173472576 456000.0 456000
1723173492568 460000.0 460000
1723173511501 464000.0 464000
1723173529298 468000.0 468000
1723173544054 472000.0 472000
1723173568026 476000.0 476000
1723173585253 480000.0 480000
1723173600818 484000.0 484000
1723173616313 488000.0 488000
1723173631691 492000.0 492000
1723173646080 496000.0 496000
1723173661895 500000.0 500000
1723173679480 504000.0 504000
1723173698898 508000.0 508000
1723173715768 512000.0 512000
1723173729788 516000.0 516000
1723173741783 520000.0 520000
1723173753945 524000.0 524000
1723173766818 528000.0 528000
1723173779446 532000.0 532000
1723173796056 536000.0 536000
1723173814556 540000.0 540000
1723173834416 544000.0 544000
1723173854984 548000.0 548000
1723173868855 552000.0 552000
1723173887094 556000.0 556000
1723173903119 560000.0 560000
1723173916547 564000.0 564000
1723173942132 568000.0 568000
1723173958420 572000.0 572000
1723173972697 576000.0 576000
1723173988019 580000.0 580000
1723174003664 584000.0 584000
1723174019170 588000.0 588000
1723174033928 592000.0 592000
1723174049902 596000.0 596000
1723174064372 600000.0 600000
1723174079830 604000.0 604000
1723174093287 608000.0 608000
1723174108836 612000.0 612000
1723174123152 616000.0 616000
1723174137155 620000.0 620000
1723174150835 624000.0 624000
1723174164445 628000.0 628000
1723174177950 632000.0 632000
1723174191255 636000.0 636000
1723174205130 640000.0 640000
1723174218515 644000.0 644000
1723174231923 648000.0 648000
1723174245342 652000.0 652000
1723174258621 656000.0 656000
1723174272655 660000.0 660000
1723174285947 664000.0 664000
1723174299319 668000.0 668000
1723174312909 672000.0 672000
1723174326368 676000.0 676000
1723174339996 680000.0 680000
1723174353362 684000.0 684000
1723174366567 688000.0 688000
1723174378978 692000.0 692000
1723174392432 696000.0 696000
1723174405809 700000.0 700000
1723174419124 704000.0 704000
1723174432497 708000.0 708000
1723174445797 712000.0 712000
1723174459066 716000.0 716000
1723174471882 720000.0 720000
1723174485434 724000.0 724000
1723174499116 728000.0 728000
1723174512445 732000.0 732000
1723174525679 736000.0 736000
1723174539708 740000.0 740000
1723174553153 744000.0 744000
1723174567079 748000.0 748000
1723174580310 752000.0 752000
1723174594363 756000.0 756000
1723174607390 760000.0 760000
1723174621173 764000.0 764000
1723174634819 768000.0 768000
1723174648315 772000.0 772000
1723174661964 776000.0 776000
1723174675903 780000.0 780000
1723174689500 784000.0 784000
1723174702833 788000.0 788000
1723174716197 792000.0 792000
1723174729984 796000.0 796000
1723174743944 800000.0 800000
1723174757078 804000.0 804000
1723174770104 808000.0 808000
1723174783172 812000.0 812000
1723174796573 816000.0 816000
1723174809806 820000.0 820000
1723174823332 824000.0 824000
1723174836650 828000.0 828000
1723174850397 832000.0 832000
1723174864094 836000.0 836000
1723174877588 840000.0 840000
1723174890630 844000.0 844000
1723174904324 848000.0 848000
1723174917494 852000.0 852000
1723174930433 856000.0 856000
1723174943623 860000.0 860000
1723174957158 864000.0 864000
1723174971251 868000.0 868000
1723174984757 872000.0 872000
1723174998214 876000.0 876000
1723175011714 880000.0 880000
1723175025581 884000.0 884000
1723175038939 888000.0 888000
1723175051932 892000.0 892000
1723175065295 896000.0 896000
1723175078843 900000.0 900000
1723175091932 904000.0 904000
1723175105014 908000.0 908000
1723175118295 912000.0 912000
1723175131904 916000.0 916000
1723175145178 920000.0 920000
1723175158626 924000.0 924000
1723175172510 928000.0 928000
1723175186522 932000.0 932000
1723175200634 936000.0 936000
1723175214838 940000.0 940000
1723175228572 944000.0 944000
1723175242139 948000.0 948000
1723175255835 952000.0 952000
1723175269304 956000.0 956000
1723175283287 960000.0 960000
1723175296895 964000.0 964000
1723175310682 968000.0 968000
1723175324550 972000.0 972000
1723175338102 976000.0 976000
1723175351452 980000.0 980000
1723175364976 984000.0 984000
1723175378220 988000.0 988000
1723175392415 992000.0 992000
1723175405945 996000.0 996000
1723175419094 1000000.0 1000000
1723175432249 1004000.0 1004000
1723175445672 1008000.0 1008000
1723175459101 1012000.0 1012000
1723175472560 1016000.0 1016000
1723175487583 1020000.0 1020000
1723175501126 1024000.0 1024000
1723175514669 1028000.0 1028000
1723175528007 1032000.0 1032000
1723175541278 1036000.0 1036000
1723175555257 1040000.0 1040000
1723175569925 1044000.0 1044000
1723175583613 1048000.0 1048000
1723175597223 1052000.0 1052000
1723175610986 1056000.0 1056000
1723175624463 1060000.0 1060000
1723175637936 1064000.0 1064000
1723175652484 1068000.0 1068000
1723175666166 1072000.0 1072000
1723175679446 1076000.0 1076000
1723175693164 1080000.0 1080000
1723175706804 1084000.0 1084000
1723175720228 1088000.0 1088000
1723175733560 1092000.0 1092000
1723175747098 1096000.0 1096000
1723175760933 1100000.0 1100000
1723175773015 1104000.0 1104000
1723175786826 1108000.0 1108000
1723175800003 1112000.0 1112000
1723175813519 1116000.0 1116000
1723175827532 1120000.0 1120000
1723175841311 1124000.0 1124000
1723175853599 1128000.0 1128000
1723175867939 1132000.0 1132000
1723175881439 1136000.0 1136000
1723175895114 1140000.0 1140000
1723175908377 1144000.0 1144000
1723175922304 1148000.0 1148000
1723175936408 1152000.0 1152000
1723175950184 1156000.0 1156000
1723175963789 1160000.0 1160000
1723175977033 1164000.0 1164000
1723175990386 1168000.0 1168000
1723176003909 1172000.0 1172000
1723176017022 1176000.0 1176000
1723176030405 1180000.0 1180000
1723176044296 1184000.0 1184000
1723176058736 1188000.0 1188000
1723176072069 1192000.0 1192000
1723176085181 1196000.0 1196000
1723176099002 1200000.0 1200000
1723176112903 1204000.0 1204000
1723176126598 1208000.0 1208000
1723176139906 1212000.0 1212000
1723176154365 1216000.0 1216000
1723176168345 1220000.0 1220000
1723176182080 1224000.0 1224000
1723176195782 1228000.0 1228000
1723176208958 1232000.0 1232000
1723176222117 1236000.0 1236000
1723176235975 1240000.0 1240000
1723176249485 1244000.0 1244000
1723176262268 1248000.0 1248000
1723176274735 1252000.0 1252000
1723176287917 1256000.0 1256000
1723176301030 1260000.0 1260000
1723176314430 1264000.0 1264000
1723176327821 1268000.0 1268000
1723176341090 1272000.0 1272000
1723176354999 1276000.0 1276000
1723176368841 1280000.0 1280000
1723176383244 1284000.0 1284000
1723176395429 1288000.0 1288000
1723176408616 1292000.0 1292000
1723176422015 1296000.0 1296000
1723176435122 1300000.0 1300000
1723176448849 1304000.0 1304000
1723176462083 1308000.0 1308000
1723176475819 1312000.0 1312000
1723176489981 1316000.0 1316000
1723176502674 1320000.0 1320000
1723176516060 1324000.0 1324000
1723176530361 1328000.0 1328000
1723176544795 1332000.0 1332000
1723176558073 1336000.0 1336000
1723176572064 1340000.0 1340000
1723176585585 1344000.0 1344000
1723176599510 1348000.0 1348000
1723176613443 1352000.0 1352000
1723176627167 1356000.0 1356000
1723176640594 1360000.0 1360000
1723176654078 1364000.0 1364000
1723176667801 1368000.0 1368000
1723176681370 1372000.0 1372000
1723176694933 1376000.0 1376000
1723176708541 1380000.0 1380000
1723176721982 1384000.0 1384000
1723176735447 1388000.0 1388000
1723176748812 1392000.0 1392000
1723176762306 1396000.0 1396000
1723176776093 1400000.0 1400000
1723176789903 1404000.0 1404000
1723176803537 1408000.0 1408000
1723176816654 1412000.0 1412000
1723176830300 1416000.0 1416000
1723176844014 1420000.0 1420000
1723176857310 1424000.0 1424000
1723176870988 1428000.0 1428000
1723176884629 1432000.0 1432000
1723176898611 1436000.0 1436000
1723176912398 1440000.0 1440000
1723176926027 1444000.0 1444000
1723176939405 1448000.0 1448000
1723176952951 1452000.0 1452000
1723176966067 1456000.0 1456000
1723176979450 1460000.0 1460000
1723176992879 1464000.0 1464000
1723177006296 1468000.0 1468000
1723177019704 1472000.0 1472000
1723177033140 1476000.0 1476000
1723177046663 1480000.0 1480000
1723177060317 1484000.0 1484000
1723177074183 1488000.0 1488000
1723177088007 1492000.0 1492000
1723177101746 1496000.0 1496000
1723177115395 1500000.0 1500000
1723177129231 1504000.0 1504000
1723177143016 1508000.0 1508000
1723177156318 1512000.0 1512000
1723177169471 1516000.0 1516000
1723177183814 1520000.0 1520000
1723177197233 1524000.0 1524000
1723177210545 1528000.0 1528000
1723177223581 1532000.0 1532000
1723177236829 1536000.0 1536000
1723177250834 1540000.0 1540000
1723177264448 1544000.0 1544000
1723177278817 1548000.0 1548000
1723177292792 1552000.0 1552000
1723177306712 1556000.0 1556000
1723177320476 1560000.0 1560000
1723177334297 1564000.0 1564000
1723177347842 1568000.0 1568000
1723177361702 1572000.0 1572000
1723177375639 1576000.0 1576000
1723177389846 1580000.0 1580000
1723177403428 1584000.0 1584000
1723177416803 1588000.0 1588000
1723177430833 1592000.0 1592000
1723177444858 1596000.0 1596000
1723177458620 1600000.0 1600000
1723177472272 1604000.0 1604000
1723177486168 1608000.0 1608000
1723177499906 1612000.0 1612000
1723177513592 1616000.0 1616000
1723177527833 1620000.0 1620000
1723177541563 1624000.0 1624000
1723177555259 1628000.0 1628000
1723177569582 1632000.0 1632000
1723177583667 1636000.0 1636000
1723177597000 1640000.0 1640000
1723177610696 1644000.0 1644000
1723177624281 1648000.0 1648000
1723177637644 1652000.0 1652000
1723177651358 1656000.0 1656000
1723177664701 1660000.0 1660000
1723177678146 1664000.0 1664000
1723177691801 1668000.0 1668000
1723177705487 1672000.0 1672000
1723177718833 1676000.0 1676000
1723177732884 1680000.0 1680000
1723177746439 1684000.0 1684000
1723177759650 1688000.0 1688000
1723177773489 1692000.0 1692000
1723177787102 1696000.0 1696000
1723177800742 1700000.0 1700000
1723177813865 1704000.0 1704000
1723177827148 1708000.0 1708000
1723177840277 1712000.0 1712000
1723177854588 1716000.0 1716000
1723177868189 1720000.0 1720000
1723177881974 1724000.0 1724000
1723177895268 1728000.0 1728000
1723177908870 1732000.0 1732000
1723177921898 1736000.0 1736000
1723177934737 1740000.0 1740000
1723177948498 1744000.0 1744000
1723177962116 1748000.0 1748000
1723177975784 1752000.0 1752000
1723177990017 1756000.0 1756000
1723178003865 1760000.0 1760000
1723178017692 1764000.0 1764000
1723178031576 1768000.0 1768000
1723178045641 1772000.0 1772000
1723178058928 1776000.0 1776000
1723178073270 1780000.0 1780000
1723178087062 1784000.0 1784000
1723178100742 1788000.0 1788000
1723178114279 1792000.0 1792000
1723178127545 1796000.0 1796000
1723178141316 1800000.0 1800000
1723178155346 1804000.0 1804000
1723178170119 1808000.0 1808000
1723178183727 1812000.0 1812000
1723178197177 1816000.0 1816000
1723178210922 1820000.0 1820000
1723178224758 1824000.0 1824000
1723178238148 1828000.0 1828000
1723178251456 1832000.0 1832000
1723178265395 1836000.0 1836000
1723178279439 1840000.0 1840000
1723178293205 1844000.0 1844000
1723178306794 1848000.0 1848000
1723178320087 1852000.0 1852000
1723178334147 1856000.0 1856000
1723178347696 1860000.0 1860000
1723178361174 1864000.0 1864000
1723178374245 1868000.0 1868000
1723178387656 1872000.0 1872000
1723178401129 1876000.0 1876000
1723178414682 1880000.0 1880000
1723178427809 1884000.0 1884000
1723178441317 1888000.0 1888000
1723178454727 1892000.0 1892000
1723178468744 1896000.0 1896000
1723178482253 1900000.0 1900000
1723178495945 1904000.0 1904000
1723178510299 1908000.0 1908000
1723178524136 1912000.0 1912000
1723178537771 1916000.0 1916000
1723178551601 1920000.0 1920000
1723178565038 1924000.0 1924000
1723178578885 1928000.0 1928000
1723178592860 1932000.0 1932000
1723178606137 1936000.0 1936000
1723178619669 1940000.0 1940000
1723178633974 1944000.0 1944000
1723178647822 1948000.0 1948000
1723178661753 1952000.0 1952000
1723178676670 1956000.0 1956000
1723178690432 1960000.0 1960000
1723178704222 1964000.0 1964000
1723178717802 1968000.0 1968000
1723178731471 1972000.0 1972000
1723178744599 1976000.0 1976000
1723178758514 1980000.0 1980000
1723178772257 1984000.0 1984000
1723178786081 1988000.0 1988000
1723178799488 1992000.0 1992000
1723178813106 1996000.0 1996000
1723178826952 2000000.0 2000000
