1723217327502 153.0 4000
1723217342740 162.0 8000
1723217358087 162.0 12000
1723217373401 162.0 16000
1723217388819 157.0 20000
1723217404225 158.0 24000
1723217419594 162.0 28000
1723217434802 162.0 32000
1723217450166 157.0 36000
1723217465734 162.0 40000
1723217481248 158.0 44000
1723217496602 162.0 48000
1723217511944 157.0 52000
1723217527222 162.0 56000
1723217542523 162.0 60000
1723217557810 158.0 64000
1723217573105 157.0 68000
1723217588721 162.0 72000
1723217604129 162.0 76000
1723217621317 162.0 80000
1723217639440 153.0 84000
1723217657330 162.0 88000
1723217674718 162.0 92000
1723217691867 162.0 96000
1723217709604 162.0 100000
1723217727034 153.0 104000
1723217744493 162.0 108000
1723217762378 162.0 112000
1723217780434 162.0 116000
1723217799504 157.0 120000
1723217817251 158.0 124000
1723217834859 162.0 128000
1723217852438 162.0 132000
1723217869827 157.0 136000
1723217887118 162.0 140000
1723217904123 158.0 144000
1723217920742 162.0 148000
1723217937777 157.0 152000
1723217954826 162.0 156000
1723217972219 162.0 160000
1723217989526 158.0 164000
1723218006863 157.0 168000
1723218024180 162.0 172000
1723218041493 162.0 176000
1723218059787 162.0 180000
1723218077256 153.0 184000
1723218094135 162.0 188000
1723218111919 162.0 192000
1723218129495 162.0 196000
1723218147121 162.0 200000
1723218163940 153.0 204000
1723218181050 162.0 208000
1723218197870 162.0 212000
1723218216418 162.0 216000
1723218233467 157.0 220000
1723218250359 158.0 224000
1723218267447 162.0 228000
1723218284750 162.0 232000
1723218301843 157.0 236000
1723218318798 162.0 240000
1723218335827 158.0 244000
1723218352741 162.0 248000
1723218370051 157.0 252000
1723218386439 162.0 256000
1723218403136 162.0 260000
1723218420236 158.0 264000
1723218437860 157.0 268000
1723218455368 162.0 272000
1723218474239 162.0 276000
1723218491359 162.0 280000
1723218508539 153.0 284000
1723218525547 162.0 288000
1723218541923 162.0 292000
1723218559236 162.0 296000
1723218576449 162.0 300000
1723218594905 153.0 304000
1723218611804 162.0 308000
1723218629058 162.0 312000
1723218645624 162.0 316000
1723218662957 157.0 320000
1723218679939 158.0 324000
1723218696864 162.0 328000
1723218821415 162.0 332000
1723218838785 157.0 336000
1723218855702 162.0 340000
1723218872703 158.0 344000
1723218891806 162.0 348000
1723218908400 157.0 352000
1723218924961 162.0 356000
1723218941325 162.0 360000
1723218958322 158.0 364000
1723218975127 157.0 368000
1723218998636 162.0 372000
1723219018650 162.0 376000
1723219035812 162.0 380000
1723219052656 153.0 384000
1723219071106 162.0 388000
1723219087992 162.0 392000
1723219104635 162.0 396000
1723219121632 162.0 400000
1723219138473 153.0 404000
1723219155843 162.0 408000
1723219173060 162.0 412000
1723219190726 162.0 416000
1723219208201 157.0 420000
1723219225438 158.0 424000
1723219241824 162.0 428000
1723219258127 162.0 432000
1723219274777 157.0 436000
1723219290833 162.0 440000
1723219306980 158.0 444000
1723219322736 162.0 448000
1723219339872 157.0 452000
1723219358093 162.0 456000
1723219375614 162.0 460000
1723219392135 158.0 464000
1723219408673 157.0 468000
1723219425173 162.0 472000
1723219442520 162.0 476000
1723219458893 162.0 480000
1723219475652 153.0 484000
1723219492419 162.0 488000
1723219509033 162.0 492000
1723219525661 162.0 496000
1723219541918 162.0 500000
1723219558319 153.0 504000
1723219574721 162.0 508000
1723219591070 162.0 512000
1723219606477 162.0 516000
1723219622826 157.0 520000
1723219640200 158.0 524000
1723219656985 162.0 528000
1723219673928 162.0 532000
1723219690173 157.0 536000
1723219706376 162.0 540000
1723219722648 158.0 544000
1723219739159 162.0 548000
1723219757171 157.0 552000
1723219774041 162.0 556000
1723219791132 162.0 560000
1723219807877 158.0 564000
1723219825280 157.0 568000
1723219842191 162.0 572000
1723219858665 162.0 576000
1723219876112 162.0 580000
1723219891567 153.0 584000
1723219907203 162.0 588000
1723219922992 162.0 592000
1723219939722 162.0 596000
1723219956186 162.0 600000
1723219972216 153.0 604000
1723219988175 162.0 608000
1723220004889 162.0 612000
1723220021111 162.0 616000
1723220037485 157.0 620000
1723220054718 158.0 624000
1723220071745 162.0 628000
1723220088516 162.0 632000
1723220104834 157.0 636000
1723220121180 162.0 640000
1723220137499 158.0 644000
1723220153485 162.0 648000
1723220169572 157.0 652000
1723220186455 162.0 656000
1723220202840 162.0 660000
1723220219266 158.0 664000
1723220235574 157.0 668000
1723220252303 162.0 672000
1723220268655 162.0 676000
1723220285361 162.0 680000
1723220302150 153.0 684000
1723220318686 162.0 688000
1723220335489 162.0 692000
1723220351613 162.0 696000
1723220368009 162.0 700000
1723220383887 153.0 704000
1723220400002 162.0 708000
1723220415974 162.0 712000
1723220432870 162.0 716000
1723220448568 157.0 720000
1723220464977 158.0 724000
1723220481646 162.0 728000
1723220498752 162.0 732000
1723220515530 157.0 736000
1723220532001 162.0 740000
1723220548684 158.0 744000
1723220565174 162.0 748000
1723220581646 157.0 752000
1723220598487 162.0 756000
1723220614676 162.0 760000
1723220629379 158.0 764000
1723220643151 157.0 768000
1723220657038 162.0 772000
1723220671558 162.0 776000
1723220686006 162.0 780000
1723220700232 153.0 784000
1723220714231 162.0 788000
1723220728656 162.0 792000
1723220742867 162.0 796000
1723220756638 162.0 800000
1723220770425 153.0 804000
1723220784526 162.0 808000
1723220798557 162.0 812000
1723220812433 162.0 816000
1723220826147 157.0 820000
1723220839871 158.0 824000
1723220859481 162.0 828000
1723220874332 162.0 832000
1723220888568 157.0 836000
1723220902275 162.0 840000
1723220916512 158.0 844000
1723220930604 162.0 848000
1723220944127 157.0 852000
1723220958296 162.0 856000
1723220972328 162.0 860000
1723220986690 158.0 864000
1723221000945 157.0 868000
1723221014967 162.0 872000
1723221029204 162.0 876000
1723221043407 162.0 880000
1723221057339 153.0 884000
1723221071198 162.0 888000
1723221085076 162.0 892000
1723221099220 162.0 896000
1723221113317 162.0 900000
1723221127143 153.0 904000
1723221141231 162.0 908000
1723221155955 162.0 912000
1723221169862 162.0 916000
1723221184302 157.0 920000
1723221198387 158.0 924000
1723221212317 162.0 928000
1723221226438 162.0 932000
1723221240264 157.0 936000
1723221253924 162.0 940000
1723221268457 158.0 944000
1723221282608 162.0 948000
1723221297258 157.0 952000
1723221311322 162.0 956000
1723221325967 162.0 960000
1723221340131 158.0 964000
1723221354021 157.0 968000
1723221368449 162.0 972000
1723221382740 162.0 976000
1723221396692 162.0 980000
1723221410782 153.0 984000
1723221424992 162.0 988000
1723221438920 162.0 992000
1723221453579 162.0 996000
1723221467755 162.0 1000000
1723221481971 153.0 1004000
1723221496428 162.0 1008000
1723221510515 162.0 1012000
1723221523991 162.0 1016000
1723221538457 157.0 1020000
1723221552731 158.0 1024000
1723221567098 162.0 1028000
1723221581227 162.0 1032000
1723221594901 157.0 1036000
1723221609110 162.0 1040000
1723221623214 158.0 1044000
1723221637121 162.0 1048000
1723221651207 157.0 1052000
1723221665141 162.0 1056000
1723221678948 162.0 1060000
1723221693500 158.0 1064000
1723221707804 157.0 1068000
1723221722153 162.0 1072000
1723221736122 162.0 1076000
1723221750431 162.0 1080000
1723221763986 153.0 1084000
1723221777815 162.0 1088000
1723221791772 162.0 1092000
1723221805708 162.0 1096000
1723221820247 162.0 1100000
1723221834482 153.0 1104000
1723221848820 162.0 1108000
1723221863376 162.0 1112000
1723221876974 162.0 1116000
1723221890130 157.0 1120000
1723221903690 158.0 1124000
1723221917581 162.0 1128000
1723221930881 162.0 1132000
1723221944537 157.0 1136000
1723221958104 162.0 1140000
1723221971591 158.0 1144000
1723221986431 162.0 1148000
1723221999766 157.0 1152000
1723222013402 162.0 1156000
1723222026842 162.0 1160000
1723222040477 158.0 1164000
1723222054888 157.0 1168000
1723222068751 162.0 1172000
1723222082667 162.0 1176000
1723222096548 162.0 1180000
1723222110773 153.0 1184000
1723222123881 162.0 1188000
1723222136872 162.0 1192000
1723222149392 162.0 1196000
1723222162160 162.0 1200000
1723222175255 153.0 1204000
1723222188756 162.0 1208000
1723222202228 162.0 1212000
1723222215229 162.0 1216000
1723222228948 157.0 1220000
1723222242117 158.0 1224000
1723222255141 162.0 1228000
1723222268304 162.0 1232000
1723222281488 157.0 1236000
1723222295243 162.0 1240000
1723222308759 158.0 1244000
1723222322440 162.0 1248000
1723222335195 157.0 1252000
1723222348619 162.0 1256000
1723222361208 162.0 1260000
1723222374083 158.0 1264000
1723222386789 157.0 1268000
1723222399921 162.0 1272000
1723222413277 162.0 1276000
1723222426940 162.0 1280000
1723222440266 153.0 1284000
1723222453834 162.0 1288000
1723222467601 162.0 1292000
1723222480599 162.0 1296000
1723222493977 162.0 1300000
1723222507060 153.0 1304000
1723222520119 162.0 1308000
1723222533905 162.0 1312000
1723222547102 162.0 1316000
1723222560636 157.0 1320000
1723222574186 158.0 1324000
1723222587810 162.0 1328000
1723222600991 162.0 1332000
1723222614044 157.0 1336000
1723222627153 162.0 1340000
1723222639769 158.0 1344000
1723222653992 162.0 1348000
1723222666965 157.0 1352000
1723222680516 162.0 1356000
1723222694058 162.0 1360000
1723222707113 158.0 1364000
1723222720603 157.0 1368000
1723222733898 162.0 1372000
1723222747150 162.0 1376000
1723222760423 162.0 1380000
1723222773933 153.0 1384000
1723222787400 162.0 1388000
1723222800575 162.0 1392000
1723222813774 162.0 1396000
1723222828041 162.0 1400000
1723222841757 153.0 1404000
1723222855073 162.0 1408000
1723222868558 162.0 1412000
1723222881971 162.0 1416000
1723222895739 157.0 1420000
1723222908806 158.0 1424000
1723222922251 162.0 1428000
1723222935911 162.0 1432000
1723222949638 157.0 1436000
1723222963217 162.0 1440000
1723222976407 158.0 1444000
1723222990339 162.0 1448000
1723223003725 157.0 1452000
1723223016992 162.0 1456000
1723223030075 162.0 1460000
1723223042754 158.0 1464000
1723223056141 157.0 1468000
1723223070051 162.0 1472000
1723223083705 162.0 1476000
1723223097219 162.0 1480000
1723223110334 153.0 1484000
1723223124751 162.0 1488000
1723223138648 162.0 1492000
1723223152216 162.0 1496000
1723223166316 162.0 1500000
1723223179592 153.0 1504000
1723223193386 162.0 1508000
1723223206748 162.0 1512000
1723223219814 162.0 1516000
1723223232970 157.0 1520000
1723223246549 158.0 1524000
1723223259798 162.0 1528000
1723223273327 162.0 1532000
1723223286799 157.0 1536000
1723223300799 162.0 1540000
1723223314054 158.0 1544000
1723223327301 162.0 1548000
1723223340627 157.0 1552000
1723223354122 162.0 1556000
1723223367591 162.0 1560000
1723223380750 158.0 1564000
1723223393675 157.0 1568000
1723223407196 162.0 1572000
1723223420624 162.0 1576000
1723223434270 162.0 1580000
1723223447390 153.0 1584000
1723223460582 162.0 1588000
1723223473908 162.0 1592000
1723223487951 162.0 1596000
1723223501096 162.0 1600000
1723223514325 153.0 1604000
1723223527849 162.0 1608000
1723224061954 162.0 1612000
1723224075802 162.0 1616000
1723224088932 157.0 1620000
1723224102229 158.0 1624000
1723224274499 162.0 1628000
1723224291320 162.0 1632000
1723224305030 157.0 1636000
1723224319934 162.0 1640000
1723224332963 158.0 1644000
1723224345786 162.0 1648000
1723224359012 157.0 1652000
1723224372671 162.0 1656000
1723224386740 162.0 1660000
1723224418168 158.0 1664000
1723224438044 157.0 1668000
1723224844359 162.0 1672000
1723224857793 162.0 1676000
1723224870201 162.0 1680000
1723225074192 153.0 1684000
1723225091684 162.0 1688000
1723225104931 162.0 1692000
1723225148431 162.0 1696000
1723225161579 162.0 1700000
1723225174351 153.0 1704000
1723225187255 162.0 1708000
1723225259180 162.0 1712000
1723225271426 162.0 1716000
1723225283874 157.0 1720000
1723225296416 158.0 1724000
1723226305992 162.0 1728000
1723226318401 162.0 1732000
1723226331181 157.0 1736000
1723226344074 162.0 1740000
1723226356717 158.0 1744000
1723226369009 162.0 1748000
1723226382073 157.0 1752000
1723226394338 162.0 1756000
1723226406833 162.0 1760000
1723226419329 158.0 1764000
1723226431751 157.0 1768000
1723226444169 162.0 1772000
1723226456572 162.0 1776000
1723226468874 162.0 1780000
1723226481641 153.0 1784000
1723226493697 162.0 1788000
1723226506027 162.0 1792000
1723226518643 162.0 1796000
1723226530783 162.0 1800000
1723226543096 153.0 1804000
1723226555644 162.0 1808000
1723226568024 162.0 1812000
1723226580393 162.0 1816000
1723226592768 157.0 1820000
1723226604771 158.0 1824000
1723226617010 162.0 1828000
1723226629629 162.0 1832000
1723226642229 157.0 1836000
1723226654366 162.0 1840000
1723226666691 158.0 1844000
1723226678914 162.0 1848000
1723226691329 157.0 1852000
1723226703667 162.0 1856000
1723226715755 162.0 1860000
1723226728422 158.0 1864000
1723226740749 157.0 1868000
1723226753201 162.0 1872000
1723226765459 162.0 1876000
1723226777487 162.0 1880000
1723226789599 153.0 1884000
1723226801810 162.0 1888000
1723226814021 162.0 1892000
1723226826169 162.0 1896000
1723226838897 162.0 1900000
1723226851062 153.0 1904000
1723226863355 162.0 1908000
1723226875585 162.0 1912000
1723226887574 162.0 1916000
1723226899740 157.0 1920000
1723226911401 158.0 1924000
1723226923185 162.0 1928000
1723226935265 162.0 1932000
1723226948502 157.0 1936000
1723226965046 162.0 1940000
1723226981346 158.0 1944000
1723226999785 162.0 1948000
1723227017738 157.0 1952000
1723227035329 162.0 1956000
1723227053234 162.0 1960000
1723227071309 158.0 1964000
1723227089345 157.0 1968000
1723227106712 162.0 1972000
1723227123590 162.0 1976000
1723227139106 162.0 1980000
1723227155022 153.0 1984000
1723227170206 162.0 1988000
1723227185180 162.0 1992000
1723227203044 162.0 1996000
1723227218876 162.0 2000000
