1723217327572 2.0 4000
1723217342798 2.0 8000
1723217358143 2.0 12000
1723217373459 2.0 16000
1723217388889 2.0 20000
1723217404286 2.0 24000
1723217419651 2.0 28000
1723217434863 2.0 32000
1723217450225 2.0 36000
1723217465797 2.0 40000
1723217481302 2.0 44000
1723217496662 2.0 48000
1723217512004 2.0 52000
1723217527282 2.0 56000
1723217542587 2.0 60000
1723217557867 2.0 64000
1723217573161 2.0 68000
1723217588793 2.0 72000
1723217604187 2.0 76000
1723217621375 2.0 80000
1723217639497 2.0 84000
1723217657395 2.0 88000
1723217674774 2.0 92000
1723217691925 2.0 96000
1723217709660 2.0 100000
1723217727095 2.0 104000
1723217744566 2.0 108000
1723217762433 2.0 112000
1723217780519 2.0 116000
1723217799559 2.0 120000
1723217817306 2.0 124000
1723217834925 2.0 128000
1723217852502 2.0 132000
1723217869885 2.0 136000
1723217887180 2.0 140000
1723217904181 2.0 144000
1723217920811 2.0 148000
1723217937834 2.0 152000
1723217954888 2.0 156000
1723217972278 2.0 160000
1723217989586 2.0 164000
1723218006921 2.0 168000
1723218024240 2.0 172000
1723218041550 2.0 176000
1723218059846 2.0 180000
1723218077316 2.0 184000
1723218094194 2.0 188000
1723218111979 2.0 192000
1723218129552 2.0 196000
1723218147179 2.0 200000
1723218164010 2.0 204000
1723218181107 2.0 208000
1723218197935 2.0 212000
1723218216474 2.0 216000
1723218233527 2.0 220000
1723218250415 2.0 224000
1723218267510 2.0 228000
1723218284811 2.0 232000
1723218301903 2.0 236000
1723218318860 2.0 240000
1723218335889 2.0 244000
1723218352794 2.0 248000
1723218370109 2.0 252000
1723218386501 2.0 256000
1723218403192 2.0 260000
1723218420298 2.0 264000
1723218437923 2.0 268000
1723218455423 2.0 272000
1723218474298 2.0 276000
1723218491414 2.0 280000
1723218508595 2.0 284000
1723218525601 2.0 288000
1723218541976 2.0 292000
1723218559310 2.0 296000
1723218576506 2.0 300000
1723218594963 2.0 304000
1723218611859 2.0 308000
1723218629114 2.0 312000
1723218645680 2.0 316000
1723218663011 2.0 320000
1723218679994 2.0 324000
1723218696918 2.0 328000
1723218821483 2.0 332000
1723218838839 2.0 336000
1723218855756 2.0 340000
1723218872791 2.0 344000
1723218891858 2.0 348000
1723218908455 2.0 352000
1723218925015 2.0 356000
1723218941379 2.0 360000
1723218958385 2.0 364000
1723218975182 2.0 368000
1723218998696 2.0 372000
1723219018704 2.0 376000
1723219035864 2.0 380000
1723219052730 2.0 384000
1723219071157 2.0 388000
1723219088046 2.0 392000
1723219104689 2.0 396000
1723219121685 2.0 400000
1723219138525 2.0 404000
1723219155894 2.0 408000
1723219173114 2.0 412000
1723219190781 2.0 416000
1723219208255 2.0 420000
1723219225492 2.0 424000
1723219241877 2.0 428000
1723219258180 2.0 432000
1723219274829 2.0 436000
1723219290886 2.0 440000
1723219307036 2.0 444000
1723219322789 2.0 448000
1723219339929 2.0 452000
1723219358149 2.0 456000
1723219375666 2.0 460000
1723219392188 2.0 464000
1723219408731 2.0 468000
1723219425227 2.0 472000
1723219442572 2.0 476000
1723219458945 2.0 480000
1723219475705 2.0 484000
1723219492472 2.0 488000
1723219509086 2.0 492000
1723219525715 2.0 496000
1723219541974 2.0 500000
1723219558371 2.0 504000
1723219574774 2.0 508000
1723219591121 2.0 512000
1723219606534 2.0 516000
1723219622881 2.0 520000
1723219640256 2.0 524000
1723219657039 2.0 528000
1723219673981 2.0 532000
1723219690227 2.0 536000
1723219706428 2.0 540000
1723219722701 2.0 544000
1723219739214 2.0 548000
1723219757224 2.0 552000
1723219774095 2.0 556000
1723219791187 2.0 560000
1723219807930 2.0 564000
1723219825333 2.0 568000
1723219842245 2.0 572000
1723219858717 2.0 576000
1723219876164 2.0 580000
1723219891622 2.0 584000
1723219907262 2.0 588000
1723219923045 2.0 592000
1723219939774 2.0 596000
1723219956239 2.0 600000
1723219972270 2.0 604000
1723219988227 2.0 608000
1723220004943 2.0 612000
1723220021165 2.0 616000
1723220037546 2.0 620000
1723220054773 2.0 624000
1723220071799 2.0 628000
1723220088589 2.0 632000
1723220104891 2.0 636000
1723220121233 2.0 640000
1723220137556 2.0 644000
1723220153538 2.0 648000
1723220169626 2.0 652000
1723220186507 2.0 656000
1723220202899 2.0 660000
1723220219319 2.0 664000
1723220235627 2.0 668000
1723220252358 2.0 672000
1723220268725 2.0 676000
1723220285420 2.0 680000
1723220302203 2.0 684000
1723220318741 2.0 688000
1723220335554 2.0 692000
1723220351669 2.0 696000
1723220368061 2.0 700000
1723220383941 2.0 704000
1723220400065 2.0 708000
1723220416028 2.0 712000
1723220432923 2.0 716000
1723220448623 2.0 720000
1723220465036 2.0 724000
1723220481699 2.0 728000
1723220498805 2.0 732000
1723220515585 2.0 736000
1723220532054 2.0 740000
1723220548739 2.0 744000
1723220565228 2.0 748000
1723220581698 2.0 752000
1723220598547 2.0 756000
1723220614728 2.0 760000
1723220629430 2.0 764000
1723220643204 2.0 768000
1723220657090 2.0 772000
1723220671614 2.0 776000
1723220686057 2.0 780000
1723220700284 2.0 784000
1723220714283 2.0 788000
1723220728707 2.0 792000
1723220742918 2.0 796000
1723220756690 2.0 800000
1723220770476 2.0 804000
1723220784585 2.0 808000
1723220798609 2.0 812000
1723220812486 2.0 816000
1723220826199 2.0 820000
1723220839952 2.0 824000
1723220859533 2.0 828000
1723220874385 2.0 832000
1723220888619 2.0 836000
1723220902327 2.0 840000
1723220916565 2.0 844000
1723220930658 2.0 848000
1723220944180 2.0 852000
1723220958348 2.0 856000
1723220972380 2.0 860000
1723220986742 2.0 864000
1723221000997 2.0 868000
1723221015020 2.0 872000
1723221029255 2.0 876000
1723221043459 2.0 880000
1723221057390 2.0 884000
1723221071250 2.0 888000
1723221085128 2.0 892000
1723221099272 2.0 896000
1723221113369 2.0 900000
1723221127194 2.0 904000
1723221141282 2.0 908000
1723221156007 2.0 912000
1723221169926 2.0 916000
1723221184358 2.0 920000
1723221198446 2.0 924000
1723221212372 2.0 928000
1723221226489 2.0 932000
1723221240317 2.0 936000
1723221253978 2.0 940000
1723221268509 2.0 944000
1723221282659 2.0 948000
1723221297310 2.0 952000
1723221311375 2.0 956000
1723221326018 2.0 960000
1723221340183 2.0 964000
1723221354073 2.0 968000
1723221368501 2.0 972000
1723221382799 2.0 976000
1723221396744 2.0 980000
1723221410833 2.0 984000
1723221425044 2.0 988000
1723221438972 2.0 992000
1723221453630 2.0 996000
1723221467807 2.0 1000000
1723221482024 2.0 1004000
1723221496481 2.0 1008000
1723221510567 2.0 1012000
1723221524043 2.0 1016000
1723221538509 2.0 1020000
1723221552783 2.0 1024000
1723221567158 2.0 1028000
1723221581279 2.0 1032000
1723221594953 2.0 1036000
1723221609164 2.0 1040000
1723221623271 2.0 1044000
1723221637172 2.0 1048000
1723221651259 2.0 1052000
1723221665193 2.0 1056000
1723221678999 2.0 1060000
1723221693553 2.0 1064000
1723221707855 2.0 1068000
1723221722205 2.0 1072000
1723221736175 2.0 1076000
1723221750483 2.0 1080000
1723221764043 2.0 1084000
1723221777867 2.0 1088000
1723221791824 2.0 1092000
1723221805759 2.0 1096000
1723221820299 2.0 1100000
1723221834534 2.0 1104000
1723221848871 2.0 1108000
1723221863430 2.0 1112000
1723221877030 2.0 1116000
1723221890182 2.0 1120000
1723221903743 2.0 1124000
1723221917634 2.0 1128000
1723221930933 2.0 1132000
1723221944590 2.0 1136000
1723221958155 2.0 1140000
1723221971642 2.0 1144000
1723221986482 2.0 1148000
1723221999818 2.0 1152000
1723222013453 2.0 1156000
1723222026895 2.0 1160000
1723222040528 2.0 1164000
1723222054940 2.0 1168000
1723222068802 2.0 1172000
1723222082720 2.0 1176000
1723222096600 2.0 1180000
1723222110829 2.0 1184000
1723222123932 2.0 1188000
1723222136927 2.0 1192000
1723222149443 2.0 1196000
1723222162212 2.0 1200000
1723222175317 2.0 1204000
1723222188808 2.0 1208000
1723222202281 2.0 1212000
1723222215281 2.0 1216000
1723222228999 2.0 1220000
1723222242170 2.0 1224000
1723222255195 2.0 1228000
1723222268356 2.0 1232000
1723222281540 2.0 1236000
1723222295295 2.0 1240000
1723222308811 2.0 1244000
1723222322497 2.0 1248000
1723222335251 2.0 1252000
1723222348675 2.0 1256000
1723222361262 2.0 1260000
1723222374137 2.0 1264000
1723222386841 2.0 1268000
1723222399974 2.0 1272000
1723222413334 2.0 1276000
1723222426993 2.0 1280000
1723222440318 2.0 1284000
1723222453886 2.0 1288000
1723222467653 2.0 1292000
1723222480651 2.0 1296000
1723222494033 2.0 1300000
1723222507115 2.0 1304000
1723222520171 2.0 1308000
1723222533958 2.0 1312000
1723222547155 2.0 1316000
1723222560688 2.0 1320000
1723222574239 2.0 1324000
1723222587863 2.0 1328000
1723222601044 2.0 1332000
1723222614098 2.0 1336000
1723222627208 2.0 1340000
1723222639821 2.0 1344000
1723222654045 2.0 1348000
1723222667017 2.0 1352000
1723222680569 2.0 1356000
1723222694112 2.0 1360000
1723222707169 2.0 1364000
1723222720658 2.0 1368000
1723222733953 2.0 1372000
1723222747205 2.0 1376000
1723222760475 2.0 1380000
1723222773987 2.0 1384000
1723222787453 2.0 1388000
1723222800627 2.0 1392000
1723222813827 2.0 1396000
1723222828093 2.0 1400000
1723222841809 2.0 1404000
1723222855125 2.0 1408000
1723222868612 2.0 1412000
1723222882023 2.0 1416000
1723222895792 2.0 1420000
1723222908859 2.0 1424000
1723222922308 2.0 1428000
1723222935963 2.0 1432000
1723222949689 2.0 1436000
1723222963269 2.0 1440000
1723222976465 2.0 1444000
1723222990392 2.0 1448000
1723223003777 2.0 1452000
1723223017045 2.0 1456000
1723223030127 2.0 1460000
1723223042806 2.0 1464000
1723223056193 2.0 1468000
1723223070102 2.0 1472000
1723223083758 2.0 1476000
1723223097271 2.0 1480000
1723223110386 2.0 1484000
1723223124803 2.0 1488000
1723223138700 2.0 1492000
1723223152268 2.0 1496000
1723223166370 2.0 1500000
1723223179647 2.0 1504000
1723223193438 2.0 1508000
1723223206800 2.0 1512000
1723223219868 2.0 1516000
1723223233023 2.0 1520000
1723223246605 2.0 1524000
1723223259849 2.0 1528000
1723223273379 2.0 1532000
1723223286851 2.0 1536000
1723223300853 2.0 1540000
1723223314107 2.0 1544000
1723223327354 2.0 1548000
1723223340680 2.0 1552000
1723223354174 2.0 1556000
1723223367643 2.0 1560000
1723223380802 2.0 1564000
1723223393727 2.0 1568000
1723223407248 2.0 1572000
1723223420676 2.0 1576000
1723223434324 2.0 1580000
1723223447442 2.0 1584000
1723223460634 2.0 1588000
1723223473962 2.0 1592000
1723223488007 2.0 1596000
1723223501148 2.0 1600000
1723223514377 2.0 1604000
1723223527901 2.0 1608000
1723224062018 2.0 1612000
1723224075868 2.0 1616000
1723224088987 2.0 1620000
1723224102284 2.0 1624000
1723224274567 2.0 1628000
1723224291370 2.0 1632000
1723224305087 2.0 1636000
1723224319990 2.0 1640000
1723224333014 2.0 1644000
1723224345840 2.0 1648000
1723224359064 2.0 1652000
1723224372723 2.0 1656000
1723224386797 2.0 1660000
1723224418230 2.0 1664000
1723224438103 2.0 1668000
1723224844413 2.0 1672000
1723224857846 2.0 1676000
1723224870256 2.0 1680000
1723225074299 2.0 1684000
1723225091743 2.0 1688000
1723225104986 2.0 1692000
1723225148485 2.0 1696000
1723225161634 2.0 1700000
1723225174405 2.0 1704000
1723225187309 2.0 1708000
1723225259234 2.0 1712000
1723225271479 2.0 1716000
1723225283926 2.0 1720000
1723225296468 2.0 1724000
1723226306045 2.0 1728000
1723226318453 2.0 1732000
1723226331234 2.0 1736000
1723226344126 2.0 1740000
1723226356769 2.0 1744000
1723226369062 2.0 1748000
1723226382125 2.0 1752000
1723226394393 2.0 1756000
1723226406884 2.0 1760000
1723226419381 2.0 1764000
1723226431803 2.0 1768000
1723226444221 2.0 1772000
1723226456624 2.0 1776000
1723226468927 2.0 1780000
1723226481693 2.0 1784000
1723226493749 2.0 1788000
1723226506079 2.0 1792000
1723226518695 2.0 1796000
1723226530834 2.0 1800000
1723226543150 2.0 1804000
1723226555696 2.0 1808000
1723226568075 2.0 1812000
1723226580445 2.0 1816000
1723226592820 2.0 1820000
1723226604823 2.0 1824000
1723226617062 2.0 1828000
1723226629680 2.0 1832000
1723226642282 2.0 1836000
1723226654418 2.0 1840000
1723226666745 2.0 1844000
1723226678966 2.0 1848000
1723226691383 2.0 1852000
1723226703720 2.0 1856000
1723226715810 2.0 1860000
1723226728474 2.0 1864000
1723226740801 2.0 1868000
1723226753252 2.0 1872000
1723226765510 2.0 1876000
1723226777539 2.0 1880000
1723226789652 2.0 1884000
1723226801861 2.0 1888000
1723226814072 2.0 1892000
1723226826220 2.0 1896000
1723226838948 2.0 1900000
1723226851113 2.0 1904000
1723226863407 2.0 1908000
1723226875636 2.0 1912000
1723226887625 2.0 1916000
1723226899791 2.0 1920000
1723226911453 2.0 1924000
1723226923237 2.0 1928000
1723226935318 2.0 1932000
1723226948565 2.0 1936000
1723226965108 2.0 1940000
1723226981415 2.0 1944000
1723226999858 2.0 1948000
1723227017806 2.0 1952000
1723227035393 2.0 1956000
1723227053306 2.0 1960000
1723227071384 2.0 1964000
1723227089410 2.0 1968000
1723227106778 2.0 1972000
1723227123656 2.0 1976000
1723227139171 2.0 1980000
1723227155086 2.0 1984000
1723227170261 2.0 1988000
1723227185235 2.0 1992000
1723227203133 2.0 1996000
1723227218945 2.0 2000000
