1723230210635 67108864.0 4000
1723230217753 67108864.0 8000
1723230225097 67108864.0 12000
1723230232399 67108864.0 16000
1723230239438 67108864.0 20000
1723230246286 67108864.0 24000
1723230253337 67108864.0 28000
1723230260654 67108864.0 32000
1723230267867 67108864.0 36000
1723230275078 67108864.0 40000
1723230282155 67108864.0 44000
1723230289846 67108864.0 48000
1723230296911 67108864.0 52000
1723230304566 67108864.0 56000
1723230313774 67108864.0 60000
1723230322274 67108864.0 64000
1723230330408 67108864.0 68000
1723230338485 67108864.0 72000
1723230346974 67108864.0 76000
1723230355021 67108864.0 80000
