1723230210633 100.0 4000
1723230217751 100.0 8000
1723230225095 100.0 12000
1723230232397 100.0 16000
1723230239436 100.0 20000
1723230246283 100.0 24000
1723230253334 100.0 28000
1723230260652 100.0 32000
1723230267865 100.0 36000
1723230275075 100.0 40000
1723230282152 100.0 44000
1723230289843 100.0 48000
1723230296909 100.0 52000
1723230304563 100.0 56000
1723230313772 100.0 60000
1723230322272 100.0 64000
1723230330406 100.0 68000
1723230338483 100.0 72000
1723230346972 100.0 76000
1723230355019 100.0 80000
