1723230210665 128.0 4000
1723230217772 128.0 8000
1723230225117 128.0 12000
1723230232420 128.0 16000
1723230239457 128.0 20000
1723230246306 128.0 24000
1723230253360 128.0 28000
1723230260674 128.0 32000
1723230267887 128.0 36000
1723230275098 128.0 40000
1723230282174 128.0 44000
1723230289870 128.0 48000
1723230296930 128.0 52000
1723230304591 128.0 56000
1723230313794 128.0 60000
1723230322294 128.0 64000
1723230330427 128.0 68000
1723230338504 128.0 72000
1723230346993 128.0 76000
1723230355040 128.0 80000
