1723231574289 1.0 4000
1723231581486 2.0 8000
1723231588646 3.0 12000
1723231596051 4.0 16000
1723231603412 5.0 20000
1723231610517 6.0 24000
1723231617934 7.0 28000
1723231625195 8.0 32000
1723231632571 9.0 36000
1723231640293 10.0 40000
1723231647593 11.0 44000
1723231654879 12.0 48000
1723231662232 13.0 52000
1723231669542 14.0 56000
1723231678764 15.0 60000
1723231687419 16.0 64000
1723231695427 17.0 68000
1723231704059 18.0 72000
1723231712912 19.0 76000
1723231721572 20.0 80000
1723231729941 21.0 84000
1723231738033 22.0 88000
1723231745818 23.0 92000
1723231755087 24.0 96000
1723231764812 25.0 100000
1723231772485 26.0 104000
1723231780107 27.0 108000
1723231788028 28.0 112000
1723231796863 29.0 116000
1723231804792 30.0 120000
1723231812535 31.0 124000
1723231820106 32.0 128000
1723231827854 33.0 132000
1723231835489 34.0 136000
1723231843163 35.0 140000
1723231850760 36.0 144000
1723231858561 37.0 148000
1723231866304 38.0 152000
1723231873954 39.0 156000
1723231881508 40.0 160000
1723231889404 41.0 164000
1723231897591 42.0 168000
1723231905359 43.0 172000
1723231912889 44.0 176000
1723231920545 45.0 180000
1723231928413 46.0 184000
1723231936354 47.0 188000
1723231943997 48.0 192000
1723231951767 49.0 196000
1723231959147 50.0 200000
1723231966789 51.0 204000
1723231974150 52.0 208000
1723231981700 53.0 212000
1723231989078 54.0 216000
1723231997020 55.0 220000
1723232004708 56.0 224000
1723232012254 57.0 228000
1723232019696 58.0 232000
1723232027154 59.0 236000
1723232034735 60.0 240000
1723232042310 61.0 244000
1723232049963 62.0 248000
1723232057734 63.0 252000
1723232065911 64.0 256000
1723232073655 65.0 260000
1723232080914 66.0 264000
1723232088474 67.0 268000
1723232095955 68.0 272000
1723232103466 69.0 276000
1723232111057 70.0 280000
1723232118625 71.0 284000
1723232126167 72.0 288000
1723232133771 73.0 292000
1723232141084 74.0 296000
1723232148513 75.0 300000
1723232155949 76.0 304000
1723232163384 77.0 308000
1723232171321 78.0 312000
1723232178724 79.0 316000
1723232186180 80.0 320000
1723232193441 81.0 324000
1723232200962 82.0 328000
1723232208520 83.0 332000
1723232215977 84.0 336000
1723232223598 85.0 340000
1723232230989 86.0 344000
1723232238889 87.0 348000
1723232246538 88.0 352000
1723232253799 89.0 356000
1723232260937 90.0 360000
1723232268791 91.0 364000
1723232276443 92.0 368000
1723232283889 93.0 372000
1723232291261 94.0 376000
1723232298883 95.0 380000
1723232306381 96.0 384000
1723232313873 97.0 388000
1723232321202 98.0 392000
1723232328593 99.0 396000
1723232335809 100.0 400000
1723232343334 101.0 404000
1723232350649 102.0 408000
1723232358132 103.0 412000
1723232365410 104.0 416000
1723232372648 105.0 420000
1723232379853 106.0 424000
1723232387269 107.0 428000
1723232394627 108.0 432000
1723232402012 109.0 436000
1723232409165 110.0 440000
1723232416467 111.0 444000
1723232423784 112.0 448000
1723232431152 113.0 452000
1723232438408 114.0 456000
1723232445569 115.0 460000
1723232453233 116.0 464000
1723232460470 117.0 468000
1723232467640 118.0 472000
1723232475027 119.0 476000
1723232482359 120.0 480000
1723232489609 121.0 484000
1723232496935 122.0 488000
1723232504514 123.0 492000
1723232511922 124.0 496000
1723232519444 125.0 500000
1723232526768 126.0 504000
1723232534213 127.0 508000
1723232541717 128.0 512000
1723232549421 129.0 516000
1723232556811 130.0 520000
1723232564249 131.0 524000
1723232571679 132.0 528000
1723232579018 133.0 532000
1723232586529 134.0 536000
1723232594081 135.0 540000
1723232602231 136.0 544000
1723232609931 137.0 548000
1723232617359 138.0 552000
1723232624994 139.0 556000
1723232632489 140.0 560000
1723232639989 141.0 564000
1723232647456 142.0 568000
1723232654951 143.0 572000
1723232662507 144.0 576000
1723232669901 145.0 580000
1723232677327 146.0 584000
1723232684833 147.0 588000
1723232692250 148.0 592000
1723232700366 149.0 596000
1723232708200 150.0 600000
1723232716436 151.0 604000
1723232723789 152.0 608000
1723232731276 153.0 612000
1723232738592 154.0 616000
1723232746141 155.0 620000
1723232753578 156.0 624000
1723232761231 157.0 628000
1723232768655 158.0 632000
1723232776200 159.0 636000
1723232784139 160.0 640000
1723232791825 161.0 644000
1723232799175 162.0 648000
1723232806734 163.0 652000
1723232814643 164.0 656000
1723232822442 165.0 660000
1723232829617 166.0 664000
1723232837265 167.0 668000
1723232844710 168.0 672000
1723232852841 169.0 676000
1723232860344 170.0 680000
1723232867668 171.0 684000
1723232875137 172.0 688000
1723232883000 173.0 692000
1723232890235 174.0 696000
1723232897531 175.0 700000
1723232904848 176.0 704000
1723232912119 177.0 708000
1723232919440 178.0 712000
1723232926669 179.0 716000
1723232934016 180.0 720000
1723232942040 181.0 724000
1723232949813 182.0 728000
1723232957377 183.0 732000
1723232964831 184.0 736000
1723232972371 185.0 740000
1723232980104 186.0 744000
1723232987691 187.0 748000
1723232995203 188.0 752000
1723233002923 189.0 756000
1723233010559 190.0 760000
1723233018163 191.0 764000
1723233025789 192.0 768000
1723233033496 193.0 772000
1723233040843 194.0 776000
1723233048055 195.0 780000
1723233055414 196.0 784000
1723233062641 197.0 788000
1723233069885 198.0 792000
1723233077194 199.0 796000
1723233084544 200.0 800000
