1723231574278 0.0 4000
1723231581477 0.0 8000
1723231588638 0.0 12000
1723231596043 0.0 16000
1723231603404 0.0 20000
1723231610508 0.0 24000
1723231617926 0.0 28000
1723231625186 0.0 32000
1723231632560 0.0 36000
1723231640284 0.0 40000
1723231647585 0.0 44000
1723231654871 0.0 48000
1723231662224 0.0 52000
1723231669533 0.0 56000
1723231678755 0.0 60000
1723231687410 0.0 64000
1723231695419 0.0 68000
1723231704051 0.0 72000
1723231712902 0.0 76000
1723231721563 0.0 80000
1723231729932 0.0 84000
1723231738024 0.0 88000
1723231745809 0.0 92000
1723231755078 0.0 96000
1723231764804 0.0 100000
1723231772476 0.0 104000
1723231780098 0.0 108000
1723231788020 0.0 112000
1723231796854 0.0 116000
1723231804783 0.0 120000
1723231812527 0.0 124000
1723231820097 0.0 128000
1723231827846 0.0 132000
1723231835480 0.0 136000
1723231843154 0.0 140000
1723231850751 0.0 144000
1723231858551 0.0 148000
1723231866295 0.0 152000
1723231873946 0.0 156000
1723231881500 0.0 160000
1723231889395 0.0 164000
1723231897583 0.0 168000
1723231905351 0.0 172000
1723231912881 0.0 176000
1723231920537 0.0 180000
1723231928404 0.0 184000
1723231936346 0.0 188000
1723231943985 0.0 192000
1723231951759 0.0 196000
1723231959138 0.0 200000
1723231966781 0.0 204000
1723231974142 0.0 208000
1723231981692 0.0 212000
1723231989070 0.0 216000
1723231997011 0.0 220000
1723232004700 0.0 224000
1723232012245 0.0 228000
1723232019688 0.0 232000
1723232027146 0.0 236000
1723232034727 0.0 240000
1723232042301 0.0 244000
1723232049955 0.0 248000
1723232057726 0.0 252000
1723232065901 0.0 256000
1723232073647 0.0 260000
1723232080905 0.0 264000
1723232088465 0.0 268000
1723232095947 0.0 272000
1723232103458 0.0 276000
1723232111049 0.0 280000
1723232118617 0.0 284000
1723232126157 0.0 288000
1723232133763 0.0 292000
1723232141075 0.0 296000
1723232148505 0.0 300000
1723232155941 0.0 304000
1723232163376 0.0 308000
1723232171313 0.0 312000
1723232178716 0.0 316000
1723232186171 0.0 320000
1723232193432 0.0 324000
1723232200954 0.0 328000
1723232208512 0.0 332000
1723232215969 0.0 336000
1723232223589 0.0 340000
1723232230980 0.0 344000
1723232238881 0.0 348000
1723232246530 0.0 352000
1723232253791 0.0 356000
1723232260928 0.0 360000
1723232268783 0.0 364000
1723232276435 0.0 368000
1723232283881 0.0 372000
1723232291252 0.0 376000
1723232298874 0.0 380000
1723232306373 0.0 384000
1723232313864 0.0 388000
1723232321193 0.0 392000
1723232328585 0.0 396000
1723232335801 0.0 400000
1723232343326 0.0 404000
1723232350641 0.0 408000
1723232358123 0.0 412000
1723232365402 0.0 416000
1723232372640 0.0 420000
1723232379844 0.0 424000
1723232387258 0.0 428000
1723232394618 0.0 432000
1723232402004 0.0 436000
1723232409157 0.0 440000
1723232416458 0.0 444000
1723232423776 0.0 448000
1723232431143 0.0 452000
1723232438400 0.0 456000
1723232445561 0.0 460000
1723232453224 0.0 464000
1723232460461 0.0 468000
1723232467632 0.0 472000
1723232475019 0.0 476000
1723232482351 0.0 480000
1723232489601 0.0 484000
1723232496926 0.0 488000
1723232504506 0.0 492000
1723232511913 0.0 496000
1723232519436 0.0 500000
1723232526759 0.0 504000
1723232534204 0.0 508000
1723232541709 0.0 512000
1723232549412 0.0 516000
1723232556803 0.0 520000
1723232564241 0.0 524000
1723232571671 0.0 528000
1723232579009 0.0 532000
1723232586521 0.0 536000
1723232594073 0.0 540000
1723232602221 0.0 544000
1723232609922 0.0 548000
1723232617351 0.0 552000
1723232624985 0.0 556000
1723232632481 0.0 560000
1723232639981 0.0 564000
1723232647448 0.0 568000
1723232654943 0.0 572000
1723232662499 0.0 576000
1723232669892 0.0 580000
1723232677318 0.0 584000
1723232684825 0.0 588000
1723232692242 0.0 592000
1723232700356 0.0 596000
1723232708191 0.0 600000
1723232716428 0.0 604000
1723232723780 0.0 608000
1723232731267 0.0 612000
1723232738584 0.0 616000
1723232746133 0.0 620000
1723232753570 0.0 624000
1723232761223 0.0 628000
1723232768647 0.0 632000
1723232776192 0.0 636000
1723232784131 0.0 640000
1723232791817 0.0 644000
1723232799166 0.0 648000
1723232806725 0.0 652000
1723232814635 0.0 656000
1723232822434 0.0 660000
1723232829608 0.0 664000
1723232837257 0.0 668000
1723232844701 0.0 672000
1723232852832 0.0 676000
1723232860336 0.0 680000
1723232867660 0.0 684000
1723232875129 0.0 688000
1723232882992 0.0 692000
1723232890227 0.0 696000
1723232897523 0.0 700000
1723232904839 0.0 704000
1723232912110 0.0 708000
1723232919431 0.0 712000
1723232926661 0.0 716000
1723232934008 0.0 720000
1723232942032 0.0 724000
1723232949805 0.0 728000
1723232957369 0.0 732000
1723232964823 0.0 736000
1723232972363 0.0 740000
1723232980095 0.0 744000
1723232987683 0.0 748000
1723232995194 0.0 752000
1723233002913 0.0 756000
1723233010550 0.0 760000
1723233018155 0.0 764000
1723233025780 0.0 768000
1723233033487 0.0 772000
1723233040835 0.0 776000
1723233048047 0.0 780000
1723233055405 0.0 784000
1723233062631 0.0 788000
1723233069877 0.0 792000
1723233077186 0.0 796000
1723233084536 0.0 800000
