1723231574280 4000.0 4000
1723231581479 8000.0 8000
1723231588639 12000.0 12000
1723231596044 16000.0 16000
1723231603405 20000.0 20000
1723231610510 24000.0 24000
1723231617928 28000.0 28000
1723231625188 32000.0 32000
1723231632561 36000.0 36000
1723231640286 40000.0 40000
1723231647586 44000.0 44000
1723231654872 48000.0 48000
1723231662225 52000.0 52000
1723231669535 56000.0 56000
1723231678756 60000.0 60000
1723231687412 64000.0 64000
1723231695421 68000.0 68000
1723231704052 72000.0 72000
1723231712904 76000.0 76000
1723231721565 80000.0 80000
1723231729934 84000.0 84000
1723231738026 88000.0 88000
1723231745810 92000.0 92000
1723231755079 96000.0 96000
1723231764806 100000.0 100000
1723231772478 104000.0 104000
1723231780100 108000.0 108000
1723231788022 112000.0 112000
1723231796856 116000.0 116000
1723231804784 120000.0 120000
1723231812528 124000.0 124000
1723231820099 128000.0 128000
1723231827847 132000.0 132000
1723231835482 136000.0 136000
1723231843156 140000.0 140000
1723231850753 144000.0 144000
1723231858553 148000.0 148000
1723231866297 152000.0 152000
1723231873947 156000.0 156000
1723231881502 160000.0 160000
1723231889397 164000.0 164000
1723231897584 168000.0 168000
1723231905352 172000.0 172000
1723231912883 176000.0 176000
1723231920539 180000.0 180000
1723231928406 184000.0 184000
1723231936347 188000.0 188000
1723231943987 192000.0 192000
1723231951760 196000.0 196000
1723231959140 200000.0 200000
1723231966782 204000.0 204000
1723231974143 208000.0 208000
1723231981693 212000.0 212000
1723231989071 216000.0 216000
1723231997014 220000.0 220000
1723232004701 224000.0 224000
1723232012247 228000.0 228000
1723232019690 232000.0 232000
1723232027148 236000.0 236000
1723232034728 240000.0 240000
1723232042303 244000.0 244000
1723232049956 248000.0 248000
1723232057727 252000.0 252000
1723232065903 256000.0 256000
1723232073648 260000.0 260000
1723232080907 264000.0 264000
1723232088467 268000.0 268000
1723232095948 272000.0 272000
1723232103460 276000.0 276000
1723232111050 280000.0 280000
1723232118618 284000.0 284000
1723232126159 288000.0 288000
1723232133764 292000.0 292000
1723232141077 296000.0 296000
1723232148506 300000.0 300000
1723232155942 304000.0 304000
1723232163378 308000.0 308000
1723232171314 312000.0 312000
1723232178717 316000.0 316000
1723232186173 320000.0 320000
1723232193433 324000.0 324000
1723232200955 328000.0 328000
1723232208514 332000.0 332000
1723232215970 336000.0 336000
1723232223591 340000.0 340000
1723232230982 344000.0 344000
1723232238883 348000.0 348000
1723232246532 352000.0 352000
1723232253792 356000.0 356000
1723232260930 360000.0 360000
1723232268784 364000.0 364000
1723232276436 368000.0 368000
1723232283882 372000.0 372000
1723232291253 376000.0 376000
1723232298876 380000.0 380000
1723232306374 384000.0 384000
1723232313866 388000.0 388000
1723232321195 392000.0 392000
1723232328586 396000.0 396000
1723232335802 400000.0 400000
1723232343327 404000.0 404000
1723232350643 408000.0 408000
1723232358125 412000.0 412000
1723232365403 416000.0 416000
1723232372642 420000.0 420000
1723232379846 424000.0 424000
1723232387262 428000.0 428000
1723232394619 432000.0 432000
1723232402005 436000.0 436000
1723232409158 440000.0 440000
1723232416460 444000.0 444000
1723232423777 448000.0 448000
1723232431145 452000.0 452000
1723232438402 456000.0 456000
1723232445563 460000.0 460000
1723232453226 464000.0 464000
1723232460463 468000.0 468000
1723232467634 472000.0 472000
1723232475020 476000.0 476000
1723232482353 480000.0 480000
1723232489603 484000.0 484000
1723232496928 488000.0 488000
1723232504507 492000.0 492000
1723232511915 496000.0 496000
1723232519438 500000.0 500000
1723232526761 504000.0 504000
1723232534206 508000.0 508000
1723232541710 512000.0 512000
1723232549414 516000.0 516000
1723232556805 520000.0 520000
1723232564243 524000.0 524000
1723232571673 528000.0 528000
1723232579011 532000.0 532000
1723232586522 536000.0 536000
1723232594075 540000.0 540000
1723232602223 544000.0 544000
1723232609924 548000.0 548000
1723232617352 552000.0 552000
1723232624987 556000.0 556000
1723232632482 560000.0 560000
1723232639983 564000.0 564000
1723232647449 568000.0 568000
1723232654945 572000.0 572000
1723232662500 576000.0 576000
1723232669894 580000.0 580000
1723232677320 584000.0 584000
1723232684826 588000.0 588000
1723232692244 592000.0 592000
1723232700358 596000.0 596000
1723232708193 600000.0 600000
1723232716429 604000.0 604000
1723232723782 608000.0 608000
1723232731270 612000.0 612000
1723232738585 616000.0 616000
1723232746134 620000.0 620000
1723232753572 624000.0 624000
1723232761224 628000.0 628000
1723232768648 632000.0 632000
1723232776193 636000.0 636000
1723232784133 640000.0 640000
1723232791818 644000.0 644000
1723232799168 648000.0 648000
1723232806727 652000.0 652000
1723232814636 656000.0 656000
1723232822436 660000.0 660000
1723232829610 664000.0 664000
1723232837258 668000.0 668000
1723232844703 672000.0 672000
1723232852834 676000.0 676000
1723232860337 680000.0 680000
1723232867662 684000.0 684000
1723232875131 688000.0 688000
1723232882994 692000.0 692000
1723232890228 696000.0 696000
1723232897525 700000.0 700000
1723232904841 704000.0 704000
1723232912111 708000.0 708000
1723232919433 712000.0 712000
1723232926663 716000.0 716000
1723232934009 720000.0 720000
1723232942034 724000.0 724000
1723232949807 728000.0 728000
1723232957370 732000.0 732000
1723232964825 736000.0 736000
1723232972364 740000.0 740000
1723232980098 744000.0 744000
1723232987684 748000.0 748000
1723232995196 752000.0 752000
1723233002915 756000.0 756000
1723233010552 760000.0 760000
1723233018156 764000.0 764000
1723233025782 768000.0 768000
1723233033489 772000.0 772000
1723233040836 776000.0 776000
1723233048048 780000.0 780000
1723233055407 784000.0 784000
1723233062633 788000.0 788000
1723233069878 792000.0 792000
1723233077188 796000.0 796000
1723233084537 800000.0 800000
