1723231574288 48842.0 4000
1723231581485 48842.0 8000
1723231588645 48842.0 12000
1723231596050 48842.0 16000
1723231603411 48842.0 20000
1723231610516 48842.0 24000
1723231617933 48842.0 28000
1723231625194 48842.0 32000
1723231632570 48842.0 36000
1723231640292 48842.0 40000
1723231647592 48842.0 44000
1723231654878 48842.0 48000
1723231662231 48842.0 52000
1723231669541 48842.0 56000
1723231678763 48842.0 60000
1723231687418 48842.0 64000
1723231695426 48842.0 68000
1723231704058 48842.0 72000
1723231712911 48842.0 76000
1723231721571 48842.0 80000
1723231729940 48842.0 84000
1723231738032 48842.0 88000
1723231745817 48842.0 92000
1723231755086 48842.0 96000
1723231764812 48842.0 100000
1723231772484 48842.0 104000
1723231780106 48842.0 108000
1723231788028 48842.0 112000
1723231796862 48842.0 116000
1723231804791 48842.0 120000
1723231812534 48842.0 124000
1723231820105 48842.0 128000
1723231827853 48842.0 132000
1723231835488 48842.0 136000
1723231843162 48842.0 140000
1723231850759 48842.0 144000
1723231858560 48842.0 148000
1723231866303 48842.0 152000
1723231873953 48842.0 156000
1723231881507 48842.0 160000
1723231889403 48842.0 164000
1723231897590 48842.0 168000
1723231905358 48842.0 172000
1723231912889 48842.0 176000
1723231920545 48842.0 180000
1723231928412 48842.0 184000
1723231936353 48842.0 188000
1723231943996 48842.0 192000
1723231951767 48842.0 196000
1723231959146 48842.0 200000
1723231966788 48842.0 204000
1723231974149 48842.0 208000
1723231981699 48842.0 212000
1723231989077 48842.0 216000
1723231997019 48842.0 220000
1723232004707 48842.0 224000
1723232012254 48842.0 228000
1723232019695 48842.0 232000
1723232027154 48842.0 236000
1723232034734 48842.0 240000
1723232042309 48842.0 244000
1723232049962 48842.0 248000
1723232057733 48842.0 252000
1723232065910 48842.0 256000
1723232073654 48842.0 260000
1723232080913 48842.0 264000
1723232088473 48842.0 268000
1723232095954 48842.0 272000
1723232103465 48842.0 276000
1723232111056 48842.0 280000
1723232118624 48842.0 284000
1723232126165 48842.0 288000
1723232133770 48842.0 292000
1723232141083 48842.0 296000
1723232148512 48842.0 300000
1723232155948 48842.0 304000
1723232163384 48842.0 308000
1723232171320 48842.0 312000
1723232178723 48842.0 316000
1723232186179 48842.0 320000
1723232193440 48842.0 324000
1723232200961 48842.0 328000
1723232208519 48842.0 332000
1723232215976 48842.0 336000
1723232223597 48842.0 340000
1723232230988 48842.0 344000
1723232238888 48842.0 348000
1723232246537 48842.0 352000
1723232253798 48842.0 356000
1723232260936 48842.0 360000
1723232268790 48842.0 364000
1723232276443 48842.0 368000
1723232283888 48842.0 372000
1723232291260 48842.0 376000
1723232298882 48842.0 380000
1723232306380 48842.0 384000
1723232313871 48842.0 388000
1723232321201 48842.0 392000
1723232328592 48842.0 396000
1723232335808 48842.0 400000
1723232343333 48842.0 404000
1723232350649 48842.0 408000
1723232358131 48842.0 412000
1723232365410 48842.0 416000
1723232372647 48842.0 420000
1723232379853 48842.0 424000
1723232387268 48842.0 428000
1723232394626 48842.0 432000
1723232402011 48842.0 436000
1723232409164 48842.0 440000
1723232416466 48842.0 444000
1723232423783 48842.0 448000
1723232431151 48842.0 452000
1723232438407 48842.0 456000
1723232445568 48842.0 460000
1723232453232 48842.0 464000
1723232460469 48842.0 468000
1723232467639 48842.0 472000
1723232475026 48842.0 476000
1723232482358 48842.0 480000
1723232489608 48842.0 484000
1723232496934 48842.0 488000
1723232504513 48842.0 492000
1723232511921 48842.0 496000
1723232519444 48842.0 500000
1723232526767 48842.0 504000
1723232534212 48842.0 508000
1723232541716 48842.0 512000
1723232549420 48842.0 516000
1723232556810 48842.0 520000
1723232564248 48842.0 524000
1723232571679 48842.0 528000
1723232579017 48842.0 532000
1723232586528 48842.0 536000
1723232594080 48842.0 540000
1723232602230 48842.0 544000
1723232609930 48842.0 548000
1723232617358 48842.0 552000
1723232624993 48842.0 556000
1723232632488 48842.0 560000
1723232639988 48842.0 564000
1723232647455 48842.0 568000
1723232654951 48842.0 572000
1723232662506 48842.0 576000
1723232669900 48842.0 580000
1723232677326 48842.0 584000
1723232684832 48842.0 588000
1723232692249 48842.0 592000
1723232700365 48842.0 596000
1723232708199 48842.0 600000
1723232716435 48842.0 604000
1723232723788 48842.0 608000
1723232731276 48842.0 612000
1723232738591 48842.0 616000
1723232746140 48842.0 620000
1723232753577 48842.0 624000
1723232761230 48842.0 628000
1723232768654 48842.0 632000
1723232776199 48842.0 636000
1723232784138 48842.0 640000
1723232791824 48842.0 644000
1723232799174 48842.0 648000
1723232806733 48842.0 652000
1723232814642 48842.0 656000
1723232822441 48842.0 660000
1723232829616 48842.0 664000
1723232837264 48842.0 668000
1723232844709 48842.0 672000
1723232852840 48842.0 676000
1723232860343 48842.0 680000
1723232867668 48842.0 684000
1723232875137 48842.0 688000
1723232882999 48842.0 692000
1723232890234 48842.0 696000
1723232897531 48842.0 700000
1723232904847 48842.0 704000
1723232912118 48842.0 708000
1723232919439 48842.0 712000
1723232926668 48842.0 716000
1723232934015 48842.0 720000
1723232942039 48842.0 724000
1723232949813 48842.0 728000
1723232957376 48842.0 732000
1723232964831 48842.0 736000
1723232972370 48842.0 740000
1723232980103 48842.0 744000
1723232987690 48842.0 748000
1723232995202 48842.0 752000
1723233002922 48842.0 756000
1723233010558 48842.0 760000
1723233018162 48842.0 764000
1723233025788 48842.0 768000
1723233033495 48842.0 772000
1723233040842 48842.0 776000
1723233048054 48842.0 780000
1723233055413 48842.0 784000
1723233062639 48842.0 788000
1723233069884 48842.0 792000
1723233077194 48842.0 796000
1723233084543 48842.0 800000
