1723147967109 70.0 4000
1723147979832 80.0 8000
1723147994323 70.0 12000
1723148013948 70.0 16000
1723148031055 110.0 20000
1723148046233 70.0 24000
1723148059797 90.0 28000
1723148071899 60.0 32000
1723148084716 90.0 36000
1723148097961 70.0 40000
1723148111832 100.0 44000
1723148124200 70.0 48000
1723148142624 70.0 52000
1723148155856 70.0 56000
1723148169100 120.0 60000
1723148181749 110.0 64000
1723148194579 80.0 68000
1723148209398 120.0 72000
1723148227436 70.0 76000
1723148243845 120.0 80000
1723148256650 100.0 84000
1723148271471 70.0 88000
1723148289397 100.0 92000
1723148307018 110.0 96000
1723148319620 70.0 100000
1723148331190 80.0 104000
1723148345227 100.0 108000
1723148365673 90.0 112000
1723148379142 70.0 116000
1723148392507 80.0 120000
1723148406274 100.0 124000
1723148418864 70.0 128000
1723148431908 70.0 132000
1723148444632 90.0 136000
1723148457892 90.0 140000
1723148470813 80.0 144000
1723148488487 90.0 148000
1723148501559 90.0 152000
1723148514674 80.0 156000
1723148529264 80.0 160000
1723148542140 70.0 164000
1723148554975 90.0 168000
1723148567379 80.0 172000
1723148583192 120.0 176000
1723148596467 60.0 180000
1723148610351 70.0 184000
1723148622766 70.0 188000
1723148636038 70.0 192000
1723148651227 90.0 196000
1723148665394 80.0 200000
1723148677462 70.0 204000
1723148689097 70.0 208000
1723148707243 80.0 212000
1723148723867 70.0 216000
1723148740380 60.0 220000
1723148756456 70.0 224000
1723148772488 70.0 228000
1723148789316 60.0 232000
1723148808664 60.0 236000
1723148823947 70.0 240000
1723148835918 90.0 244000
1723148848837 70.0 248000
1723148865050 90.0 252000
1723148884080 70.0 256000
1723148904707 70.0 260000
1723148916597 70.0 264000
1723148928561 60.0 268000
1723148940717 60.0 272000
1723148952395 70.0 276000
1723148963997 80.0 280000
1723148977288 70.0 284000
1723148988976 90.0 288000
1723149002172 80.0 292000
1723149014656 60.0 296000
1723149025919 50.0 300000
1723149037296 60.0 304000
1723149049592 100.0 308000
1723149067537 90.0 312000
1723149084201 60.0 316000
1723149103795 80.0 320000
1723149117472 50.0 324000
1723149131892 80.0 328000
1723149150979 80.0 332000
1723149166426 60.0 336000
1723149183032 40.0 340000
1723149199365 70.0 344000
1723149215910 70.0 348000
1723149234160 70.0 352000
1723149247245 60.0 356000
1723149259559 70.0 360000
1723149271974 80.0 364000
1723149283825 90.0 368000
1723149295712 80.0 372000
1723149307893 50.0 376000
1723149320438 90.0 380000
1723149332530 80.0 384000
1723149344624 70.0 388000
1723149356961 50.0 392000
1723149369066 50.0 396000
1723149380517 60.0 400000
1723149392328 60.0 404000
1723149403817 50.0 408000
1723149415327 60.0 412000
1723149427135 80.0 416000
1723149446047 100.0 420000
1723149459040 50.0 424000
1723149470544 50.0 428000
1723149481976 70.0 432000
1723149493713 70.0 436000
1723149505928 60.0 440000
1723149518247 60.0 444000
1723149529926 50.0 448000
1723149541623 60.0 452000
1723149552996 100.0 456000
1723149564544 70.0 460000
1723149576765 60.0 464000
1723149588391 50.0 468000
1723149599689 60.0 472000
1723149611058 40.0 476000
1723149622440 70.0 480000
1723149633600 80.0 484000
1723149645003 40.0 488000
1723149656071 40.0 492000
1723149667639 50.0 496000
1723149679021 60.0 500000
1723149690375 50.0 504000
1723149701708 60.0 508000
1723149713002 50.0 512000
1723149724378 60.0 516000
1723149735807 40.0 520000
1723149747290 50.0 524000
1723149759223 50.0 528000
1723149770861 50.0 532000
1723149782176 50.0 536000
1723149793488 60.0 540000
1723149804482 60.0 544000
1723149815917 40.0 548000
1723149826987 60.0 552000
1723149838280 50.0 556000
1723149850123 60.0 560000
1723149861301 60.0 564000
1723149872999 70.0 568000
1723149884366 60.0 572000
1723149895724 70.0 576000
1723149906932 50.0 580000
1723149918463 70.0 584000
1723149929879 50.0 588000
1723149941584 50.0 592000
1723149953005 50.0 596000
1723149964859 50.0 600000
1723149976124 60.0 604000
1723149987537 50.0 608000
1723149999074 60.0 612000
1723150010289 50.0 616000
1723150021645 70.0 620000
1723150032939 60.0 624000
1723150044400 60.0 628000
1723150055839 50.0 632000
1723150067229 70.0 636000
1723150078870 60.0 640000
1723150090653 50.0 644000
1723150101977 50.0 648000
1723150113500 40.0 652000
1723150124840 50.0 656000
1723150136273 60.0 660000
1723150147535 70.0 664000
1723150158516 60.0 668000
1723150169723 60.0 672000
1723150180992 60.0 676000
1723150192328 60.0 680000
1723150203423 60.0 684000
1723150214431 50.0 688000
1723150225907 70.0 692000
1723150237268 50.0 696000
1723150249188 70.0 700000
1723150260668 30.0 704000
1723150272140 50.0 708000
1723150283666 50.0 712000
1723150295551 60.0 716000
1723150306754 60.0 720000
1723150319462 70.0 724000
1723150330858 100.0 728000
1723150342167 50.0 732000
1723150353459 40.0 736000
1723150365045 50.0 740000
1723150376357 70.0 744000
1723150387711 70.0 748000
1723150399151 70.0 752000
1723150410876 50.0 756000
1723150422334 60.0 760000
1723150433811 40.0 764000
1723150445050 60.0 768000
1723150456480 70.0 772000
1723150467483 60.0 776000
1723150479408 50.0 780000
1723150490820 70.0 784000
1723150505654 70.0 788000
1723150524394 80.0 792000
1723150543352 60.0 796000
1723150557347 70.0 800000
