1723147967092 0.0 4000
1723147979818 0.0 8000
1723147994307 0.0 12000
1723148013932 0.0 16000
1723148031039 0.0 20000
1723148046216 0.0 24000
1723148059783 0.0 28000
1723148071884 0.0 32000
1723148084701 0.0 36000
1723148097943 0.0 40000
1723148111817 0.0 44000
1723148124183 0.0 48000
1723148142609 0.0 52000
1723148155842 0.0 56000
1723148169085 0.0 60000
1723148181735 0.0 64000
1723148194565 0.0 68000
1723148209382 0.0 72000
1723148227419 0.0 76000
1723148243828 0.0 80000
1723148256636 0.0 84000
1723148271456 0.0 88000
1723148289378 0.0 92000
1723148307002 0.0 96000
1723148319606 0.0 100000
1723148331176 0.0 104000
1723148345192 0.0 108000
1723148365657 0.0 112000
1723148379127 0.0 116000
1723148392491 0.0 120000
1723148406257 0.0 124000
1723148418848 0.0 128000
1723148431894 0.0 132000
1723148444618 0.0 136000
1723148457878 0.0 140000
1723148470798 0.0 144000
1723148488472 0.0 148000
1723148501544 0.0 152000
1723148514660 0.0 156000
1723148529247 0.0 160000
1723148542126 0.0 164000
1723148554961 0.0 168000
1723148567364 0.0 172000
1723148583176 0.0 176000
1723148596452 0.0 180000
1723148610335 0.0 184000
1723148622750 0.0 188000
1723148636023 0.0 192000
1723148651213 0.0 196000
1723148665376 0.0 200000
1723148677447 0.0 204000
1723148689082 0.0 208000
1723148707227 0.0 212000
1723148723852 0.0 216000
1723148740365 0.0 220000
1723148756442 0.0 224000
1723148772471 0.0 228000
1723148789301 0.0 232000
1723148808647 0.0 236000
1723148823932 0.0 240000
1723148835904 0.0 244000
1723148848823 0.0 248000
1723148865030 0.0 252000
1723148884063 0.0 256000
1723148904690 0.0 260000
1723148916583 0.0 264000
1723148928545 0.0 268000
1723148940702 0.0 272000
1723148952379 0.0 276000
1723148963981 0.0 280000
1723148977274 0.0 284000
1723148988960 0.0 288000
1723149002156 0.0 292000
1723149014642 0.0 296000
1723149025905 0.0 300000
1723149037282 0.0 304000
1723149049578 0.0 308000
1723149067521 0.0 312000
1723149084184 0.0 316000
1723149103777 0.0 320000
1723149117456 0.0 324000
1723149131877 0.0 328000
1723149150963 0.0 332000
1723149166407 0.0 336000
1723149183018 0.0 340000
1723149199350 0.0 344000
1723149215895 0.0 348000
1723149234137 0.0 352000
1723149247231 0.0 356000
1723149259545 0.0 360000
1723149271960 0.0 364000
1723149283810 0.0 368000
1723149295697 0.0 372000
1723149307878 0.0 376000
1723149320424 0.0 380000
1723149332516 0.0 384000
1723149344609 0.0 388000
1723149356947 0.0 392000
1723149369051 0.0 396000
1723149380503 0.0 400000
1723149392314 0.0 404000
1723149403803 0.0 408000
1723149415313 0.0 412000
1723149427116 0.0 416000
1723149446031 0.0 420000
1723149459025 0.0 424000
1723149470530 0.0 428000
1723149481962 0.0 432000
1723149493699 0.0 436000
1723149505914 0.0 440000
1723149518232 0.0 444000
1723149529912 0.0 448000
1723149541609 0.0 452000
1723149552982 0.0 456000
1723149564530 0.0 460000
1723149576751 0.0 464000
1723149588375 0.0 468000
1723149599674 0.0 472000
1723149611044 0.0 476000
1723149622426 0.0 480000
1723149633586 0.0 484000
1723149644989 0.0 488000
1723149656057 0.0 492000
1723149667625 0.0 496000
1723149679007 0.0 500000
1723149690361 0.0 504000
1723149701693 0.0 508000
1723149712986 0.0 512000
1723149724363 0.0 516000
1723149735793 0.0 520000
1723149747277 0.0 524000
1723149759209 0.0 528000
1723149770847 0.0 532000
1723149782162 0.0 536000
1723149793474 0.0 540000
1723149804467 0.0 544000
1723149815903 0.0 548000
1723149826973 0.0 552000
1723149838266 0.0 556000
1723149850109 0.0 560000
1723149861287 0.0 564000
1723149872985 0.0 568000
1723149884351 0.0 572000
1723149895710 0.0 576000
1723149906918 0.0 580000
1723149918449 0.0 584000
1723149929865 0.0 588000
1723149941570 0.0 592000
1723149952990 0.0 596000
1723149964845 0.0 600000
1723149976110 0.0 604000
1723149987524 0.0 608000
1723149999060 0.0 612000
1723150010275 0.0 616000
1723150021630 0.0 620000
1723150032925 0.0 624000
1723150044385 0.0 628000
1723150055825 0.0 632000
1723150067215 0.0 636000
1723150078856 0.0 640000
1723150090639 0.0 644000
1723150101963 0.0 648000
1723150113485 0.0 652000
1723150124826 0.0 656000
1723150136258 0.0 660000
1723150147521 0.0 664000
1723150158501 0.0 668000
1723150169709 0.0 672000
1723150180978 0.0 676000
1723150192313 0.0 680000
1723150203409 0.0 684000
1723150214416 0.0 688000
1723150225892 0.0 692000
1723150237253 0.0 696000
1723150249173 0.0 700000
1723150260654 0.0 704000
1723150272121 0.0 708000
1723150283652 0.0 712000
1723150295537 0.0 716000
1723150306740 0.0 720000
1723150319447 0.0 724000
1723150330844 0.0 728000
1723150342153 0.0 732000
1723150353445 0.0 736000
1723150365031 0.0 740000
1723150376343 0.0 744000
1723150387697 0.0 748000
1723150399137 0.0 752000
1723150410862 0.0 756000
1723150422320 0.0 760000
1723150433796 0.0 764000
1723150445035 0.0 768000
1723150456466 0.0 772000
1723150467469 0.0 776000
1723150479393 0.0 780000
1723150490806 0.0 784000
1723150505639 0.0 788000
1723150524378 0.0 792000
1723150543337 0.0 796000
1723150557332 0.0 800000
