1723147967065 1.0 4000
1723147979794 1.0 8000
1723147994280 1.0 12000
1723148013907 1.0 16000
1723148031013 1.0 20000
1723148046188 1.0 24000
1723148059760 1.0 28000
1723148071861 1.0 32000
1723148084678 1.0 36000
1723148097917 1.0 40000
1723148111793 1.0 44000
1723148124159 1.0 48000
1723148142585 1.0 52000
1723148155820 1.0 56000
1723148169061 1.0 60000
1723148181712 1.0 64000
1723148194543 1.0 68000
1723148209357 1.0 72000
1723148227390 1.0 76000
1723148243801 1.0 80000
1723148256613 1.0 84000
1723148271431 1.0 88000
1723148289353 1.0 92000
1723148306975 1.0 96000
1723148319583 1.0 100000
1723148331153 1.0 104000
1723148345158 1.0 108000
1723148365627 1.0 112000
1723148379103 1.0 116000
1723148392466 1.0 120000
1723148406233 1.0 124000
1723148418826 1.0 128000
1723148431871 1.0 132000
1723148444594 1.0 136000
1723148457855 1.0 140000
1723148470774 1.0 144000
1723148488448 1.0 148000
1723148501519 1.0 152000
1723148514637 1.0 156000
1723148529223 1.0 160000
1723148542102 1.0 164000
1723148554937 1.0 168000
1723148567340 1.0 172000
1723148583150 1.0 176000
1723148596428 1.0 180000
1723148610311 1.0 184000
1723148622726 1.0 188000
1723148635998 1.0 192000
1723148651190 1.0 196000
1723148665348 1.0 200000
1723148677424 1.0 204000
1723148689059 1.0 208000
1723148707201 1.0 212000
1723148723828 1.0 216000
1723148740340 1.0 220000
1723148756418 1.0 224000
1723148772446 1.0 228000
1723148789276 1.0 232000
1723148808620 1.0 236000
1723148823909 1.0 240000
1723148835881 1.0 244000
1723148848798 1.0 248000
1723148865000 1.0 252000
1723148884037 1.0 256000
1723148904667 1.0 260000
1723148916561 1.0 264000
1723148928517 1.0 268000
1723148940678 1.0 272000
1723148952354 1.0 276000
1723148963958 1.0 280000
1723148977249 1.0 284000
1723148988936 1.0 288000
1723149002132 1.0 292000
1723149014620 1.0 296000
1723149025883 1.0 300000
1723149037256 1.0 304000
1723149049555 1.0 308000
1723149067496 1.0 312000
1723149084158 1.0 316000
1723149103751 1.0 320000
1723149117433 1.0 324000
1723149131854 1.0 328000
1723149150939 1.0 332000
1723149166382 1.0 336000
1723149182994 1.0 340000
1723149199320 1.0 344000
1723149215871 1.0 348000
1723149234110 1.0 352000
1723149247208 1.0 356000
1723149259522 1.0 360000
1723149271937 1.0 364000
1723149283786 1.0 368000
1723149295675 1.0 372000
1723149307854 1.0 376000
1723149320402 1.0 380000
1723149332493 1.0 384000
1723149344587 1.0 388000
1723149356925 1.0 392000
1723149369029 1.0 396000
1723149380480 1.0 400000
1723149392292 1.0 404000
1723149403781 1.0 408000
1723149415291 1.0 412000
1723149427067 1.0 416000
1723149446007 1.0 420000
1723149459002 1.0 424000
1723149470508 1.0 428000
1723149481939 1.0 432000
1723149493675 1.0 436000
1723149505890 1.0 440000
1723149518209 1.0 444000
1723149529890 1.0 448000
1723149541586 1.0 452000
1723149552959 1.0 456000
1723149564508 1.0 460000
1723149576729 1.0 464000
1723149588351 1.0 468000
1723149599652 1.0 472000
1723149611022 1.0 476000
1723149622404 1.0 480000
1723149633564 1.0 484000
1723149644966 1.0 488000
1723149656034 1.0 492000
1723149667603 1.0 496000
1723149678984 1.0 500000
1723149690338 1.0 504000
1723149701671 1.0 508000
1723149712964 1.0 512000
1723149724341 1.0 516000
1723149735770 1.0 520000
1723149747254 1.0 524000
1723149759186 1.0 528000
1723149770824 1.0 532000
1723149782139 1.0 536000
1723149793451 1.0 540000
1723149804445 1.0 544000
1723149815881 1.0 548000
1723149826949 1.0 552000
1723149838243 1.0 556000
1723149850086 1.0 560000
1723149861265 1.0 564000
1723149872962 1.0 568000
1723149884329 1.0 572000
1723149895687 1.0 576000
1723149906895 1.0 580000
1723149918426 1.0 584000
1723149929843 1.0 588000
1723149941547 1.0 592000
1723149952966 1.0 596000
1723149964822 1.0 600000
1723149976087 1.0 604000
1723149987501 1.0 608000
1723149999036 1.0 612000
1723150010253 1.0 616000
1723150021607 1.0 620000
1723150032902 1.0 624000
1723150044363 1.0 628000
1723150055803 1.0 632000
1723150067192 1.0 636000
1723150078827 1.0 640000
1723150090616 1.0 644000
1723150101940 1.0 648000
1723150113463 1.0 652000
1723150124803 1.0 656000
1723150136235 1.0 660000
1723150147498 1.0 664000
1723150158478 1.0 668000
1723150169686 1.0 672000
1723150180956 1.0 676000
1723150192291 1.0 680000
1723150203386 1.0 684000
1723150214392 1.0 688000
1723150225869 1.0 692000
1723150237230 1.0 696000
1723150249151 1.0 700000
1723150260630 1.0 704000
1723150272098 1.0 708000
1723150283629 1.0 712000
1723150295514 1.0 716000
1723150306706 1.0 720000
1723150319424 1.0 724000
1723150330820 1.0 728000
1723150342129 1.0 732000
1723150353422 1.0 736000
1723150365008 1.0 740000
1723150376320 1.0 744000
1723150387674 1.0 748000
1723150399114 1.0 752000
1723150410839 1.0 756000
1723150422297 1.0 760000
1723150433773 1.0 764000
1723150445012 1.0 768000
1723150456443 1.0 772000
1723150467445 1.0 776000
1723150479370 1.0 780000
1723150490783 1.0 784000
1723150505614 1.0 788000
1723150524353 1.0 792000
1723150543313 1.0 796000
1723150557309 1.0 800000
