1723147967101 0.0 4000
1723147979826 0.0 8000
1723147994316 0.0 12000
1723148013940 0.0 16000
1723148031048 0.0 20000
1723148046225 0.0 24000
1723148059791 0.0 28000
1723148071892 0.0 32000
1723148084709 0.0 36000
1723148097954 0.0 40000
1723148111826 0.0 44000
1723148124192 0.0 48000
1723148142618 0.0 52000
1723148155850 0.0 56000
1723148169093 0.0 60000
1723148181743 0.0 64000
1723148194573 0.0 68000
1723148209391 0.0 72000
1723148227430 0.0 76000
1723148243838 0.0 80000
1723148256644 0.0 84000
1723148271465 0.0 88000
1723148289387 0.0 92000
1723148307011 0.0 96000
1723148319613 0.0 100000
1723148331184 0.0 104000
1723148345209 0.0 108000
1723148365666 0.0 112000
1723148379136 0.0 116000
1723148392500 0.0 120000
1723148406266 0.0 124000
1723148418857 0.0 128000
1723148431902 0.0 132000
1723148444626 0.0 136000
1723148457886 0.0 140000
1723148470807 0.0 144000
1723148488481 0.0 148000
1723148501552 0.0 152000
1723148514669 0.0 156000
1723148529255 0.0 160000
1723148542134 0.0 164000
1723148554969 0.0 168000
1723148567372 0.0 172000
1723148583185 0.0 176000
1723148596461 0.0 180000
1723148610344 0.0 184000
1723148622758 0.0 188000
1723148636032 0.0 192000
1723148651221 0.0 196000
1723148665388 0.0 200000
1723148677455 0.0 204000
1723148689090 0.0 208000
1723148707235 0.0 212000
1723148723860 0.0 216000
1723148740374 0.0 220000
1723148756450 0.0 224000
1723148772480 0.0 228000
1723148789310 0.0 232000
1723148808656 0.0 236000
1723148823941 0.0 240000
1723148835912 0.0 244000
1723148848831 0.0 248000
1723148865042 0.0 252000
1723148884072 0.0 256000
1723148904700 0.0 260000
1723148916591 0.0 264000
1723148928554 0.0 268000
1723148940710 0.0 272000
1723148952388 0.0 276000
1723148963990 0.0 280000
1723148977282 0.0 284000
1723148988969 0.0 288000
1723149002165 0.0 292000
1723149014650 0.0 296000
1723149025913 0.0 300000
1723149037290 0.0 304000
1723149049586 0.0 308000
1723149067530 0.0 312000
1723149084194 0.0 316000
1723149103787 0.0 320000
1723149117466 0.0 324000
1723149131886 0.0 328000
1723149150972 0.0 332000
1723149166419 0.0 336000
1723149183026 0.0 340000
1723149199358 0.0 344000
1723149215903 0.0 348000
1723149234152 0.0 352000
1723149247239 0.0 356000
1723149259553 0.0 360000
1723149271968 0.0 364000
1723149283818 0.0 368000
1723149295706 0.0 372000
1723149307886 0.0 376000
1723149320432 0.0 380000
1723149332524 0.0 384000
1723149344618 0.0 388000
1723149356956 0.0 392000
1723149369060 0.0 396000
1723149380511 0.0 400000
1723149392322 0.0 404000
1723149403811 0.0 408000
1723149415321 0.0 412000
1723149427127 0.0 416000
1723149446041 0.0 420000
1723149459034 0.0 424000
1723149470538 0.0 428000
1723149481970 0.0 432000
1723149493707 0.0 436000
1723149505922 0.0 440000
1723149518240 0.0 444000
1723149529920 0.0 448000
1723149541617 0.0 452000
1723149552990 0.0 456000
1723149564538 0.0 460000
1723149576759 0.0 464000
1723149588384 0.0 468000
1723149599682 0.0 472000
1723149611052 0.0 476000
1723149622434 0.0 480000
1723149633594 0.0 484000
1723149644997 0.0 488000
1723149656065 0.0 492000
1723149667633 0.0 496000
1723149679015 0.0 500000
1723149690369 0.0 504000
1723149701702 0.0 508000
1723149712995 0.0 512000
1723149724371 0.0 516000
1723149735801 0.0 520000
1723149747285 0.0 524000
1723149759217 0.0 528000
1723149770855 0.0 532000
1723149782170 0.0 536000
1723149793482 0.0 540000
1723149804476 0.0 544000
1723149815911 0.0 548000
1723149826981 0.0 552000
1723149838274 0.0 556000
1723149850117 0.0 560000
1723149861295 0.0 564000
1723149872993 0.0 568000
1723149884360 0.0 572000
1723149895717 0.0 576000
1723149906926 0.0 580000
1723149918457 0.0 584000
1723149929873 0.0 588000
1723149941578 0.0 592000
1723149952999 0.0 596000
1723149964853 0.0 600000
1723149976118 0.0 604000
1723149987532 0.0 608000
1723149999068 0.0 612000
1723150010283 0.0 616000
1723150021639 0.0 620000
1723150032933 0.0 624000
1723150044394 0.0 628000
1723150055833 0.0 632000
1723150067223 0.0 636000
1723150078864 0.0 640000
1723150090647 0.0 644000
1723150101971 0.0 648000
1723150113493 0.0 652000
1723150124834 0.0 656000
1723150136267 0.0 660000
1723150147529 0.0 664000
1723150158509 0.0 668000
1723150169717 0.0 672000
1723150180986 0.0 676000
1723150192322 0.0 680000
1723150203417 0.0 684000
1723150214424 0.0 688000
1723150225901 0.0 692000
1723150237261 0.0 696000
1723150249181 0.0 700000
1723150260662 0.0 704000
1723150272132 0.0 708000
1723150283660 0.0 712000
1723150295545 0.0 716000
1723150306748 0.0 720000
1723150319456 0.0 724000
1723150330852 0.0 728000
1723150342161 0.0 732000
1723150353453 0.0 736000
1723150365039 0.0 740000
1723150376351 0.0 744000
1723150387705 0.0 748000
1723150399145 0.0 752000
1723150410870 0.0 756000
1723150422328 0.0 760000
1723150433804 0.0 764000
1723150445044 0.0 768000
1723150456474 0.0 772000
1723150467477 0.0 776000
1723150479401 0.0 780000
1723150490814 0.0 784000
1723150505647 0.0 788000
1723150524388 0.0 792000
1723150543346 0.0 796000
1723150557340 0.0 800000
