1723147967091 30.0 4000
1723147979817 30.0 8000
1723147994306 30.0 12000
1723148013931 30.0 16000
1723148031038 30.0 20000
1723148046215 30.0 24000
1723148059782 30.0 28000
1723148071883 30.0 32000
1723148084700 30.0 36000
1723148097942 30.0 40000
1723148111817 30.0 44000
1723148124183 30.0 48000
1723148142608 30.0 52000
1723148155841 30.0 56000
1723148169084 30.0 60000
1723148181734 30.0 64000
1723148194564 30.0 68000
1723148209381 30.0 72000
1723148227418 30.0 76000
1723148243827 30.0 80000
1723148256636 30.0 84000
1723148271455 30.0 88000
1723148289377 30.0 92000
1723148307002 30.0 96000
1723148319605 30.0 100000
1723148331175 30.0 104000
1723148345191 30.0 108000
1723148365656 30.0 112000
1723148379126 30.0 116000
1723148392491 30.0 120000
1723148406257 30.0 124000
1723148418848 30.0 128000
1723148431893 30.0 132000
1723148444617 30.0 136000
1723148457877 30.0 140000
1723148470797 30.0 144000
1723148488472 30.0 148000
1723148501543 30.0 152000
1723148514659 30.0 156000
1723148529246 30.0 160000
1723148542125 30.0 164000
1723148554960 30.0 168000
1723148567363 30.0 172000
1723148583175 30.0 176000
1723148596451 30.0 180000
1723148610334 30.0 184000
1723148622749 30.0 188000
1723148636022 30.0 192000
1723148651212 30.0 196000
1723148665376 30.0 200000
1723148677446 30.0 204000
1723148689082 30.0 208000
1723148707226 30.0 212000
1723148723851 30.0 216000
1723148740364 30.0 220000
1723148756442 30.0 224000
1723148772470 30.0 228000
1723148789300 30.0 232000
1723148808646 30.0 236000
1723148823931 30.0 240000
1723148835903 30.0 244000
1723148848822 30.0 248000
1723148865029 30.0 252000
1723148884062 30.0 256000
1723148904689 30.0 260000
1723148916582 30.0 264000
1723148928545 30.0 268000
1723148940702 30.0 272000
1723148952378 30.0 276000
1723148963981 30.0 280000
1723148977273 30.0 284000
1723148988960 30.0 288000
1723149002156 30.0 292000
1723149014641 30.0 296000
1723149025904 30.0 300000
1723149037281 30.0 304000
1723149049577 30.0 308000
1723149067520 30.0 312000
1723149084183 30.0 316000
1723149103776 30.0 320000
1723149117455 30.0 324000
1723149131877 30.0 328000
1723149150963 30.0 332000
1723149166407 30.0 336000
1723149183017 30.0 340000
1723149199350 30.0 344000
1723149215894 30.0 348000
1723149234136 30.0 352000
1723149247230 30.0 356000
1723149259544 30.0 360000
1723149271959 30.0 364000
1723149283809 30.0 368000
1723149295697 30.0 372000
1723149307877 30.0 376000
1723149320424 30.0 380000
1723149332515 30.0 384000
1723149344609 30.0 388000
1723149356946 30.0 392000
1723149369051 30.0 396000
1723149380502 30.0 400000
1723149392314 30.0 404000
1723149403802 30.0 408000
1723149415312 30.0 412000
1723149427115 30.0 416000
1723149446030 30.0 420000
1723149459024 30.0 424000
1723149470529 30.0 428000
1723149481961 30.0 432000
1723149493698 30.0 436000
1723149505913 30.0 440000
1723149518231 30.0 444000
1723149529911 30.0 448000
1723149541608 30.0 452000
1723149552981 30.0 456000
1723149564529 30.0 460000
1723149576751 30.0 464000
1723149588374 30.0 468000
1723149599674 30.0 472000
1723149611044 30.0 476000
1723149622426 30.0 480000
1723149633586 30.0 484000
1723149644988 30.0 488000
1723149656056 30.0 492000
1723149667625 30.0 496000
1723149679006 30.0 500000
1723149690360 30.0 504000
1723149701693 30.0 508000
1723149712986 30.0 512000
1723149724363 30.0 516000
1723149735792 30.0 520000
1723149747276 30.0 524000
1723149759208 30.0 528000
1723149770846 30.0 532000
1723149782161 30.0 536000
1723149793473 30.0 540000
1723149804466 30.0 544000
1723149815903 30.0 548000
1723149826972 30.0 552000
1723149838265 30.0 556000
1723149850108 30.0 560000
1723149861286 30.0 564000
1723149872984 30.0 568000
1723149884351 30.0 572000
1723149895709 30.0 576000
1723149906917 30.0 580000
1723149918448 30.0 584000
1723149929864 30.0 588000
1723149941569 30.0 592000
1723149952989 30.0 596000
1723149964844 30.0 600000
1723149976109 30.0 604000
1723149987523 30.0 608000
1723149999059 30.0 612000
1723150010274 30.0 616000
1723150021630 30.0 620000
1723150032924 30.0 624000
1723150044385 30.0 628000
1723150055824 30.0 632000
1723150067214 30.0 636000
1723150078855 30.0 640000
1723150090638 30.0 644000
1723150101962 30.0 648000
1723150113485 30.0 652000
1723150124825 30.0 656000
1723150136258 30.0 660000
1723150147520 30.0 664000
1723150158500 30.0 668000
1723150169708 30.0 672000
1723150180978 30.0 676000
1723150192313 30.0 680000
1723150203409 30.0 684000
1723150214415 30.0 688000
1723150225892 30.0 692000
1723150237253 30.0 696000
1723150249173 30.0 700000
1723150260653 30.0 704000
1723150272120 30.0 708000
1723150283651 30.0 712000
1723150295536 30.0 716000
1723150306739 30.0 720000
1723150319447 30.0 724000
1723150330843 30.0 728000
1723150342153 30.0 732000
1723150353444 30.0 736000
1723150365030 30.0 740000
1723150376342 30.0 744000
1723150387696 30.0 748000
1723150399136 30.0 752000
1723150410861 30.0 756000
1723150422319 30.0 760000
1723150433795 30.0 764000
1723150445035 30.0 768000
1723150456465 30.0 772000
1723150467468 30.0 776000
1723150479392 30.0 780000
1723150490805 30.0 784000
1723150505638 30.0 788000
1723150524377 30.0 792000
1723150543336 30.0 796000
1723150557331 30.0 800000
