1723147967075 0.99 4000
1723147979803 0.99 8000
1723147994291 0.99 12000
1723148013916 0.99 16000
1723148031023 0.99 20000
1723148046197 0.99 24000
1723148059768 0.99 28000
1723148071869 0.99 32000
1723148084686 0.99 36000
1723148097927 0.99 40000
1723148111802 0.99 44000
1723148124168 0.99 48000
1723148142594 0.99 52000
1723148155828 0.99 56000
1723148169069 0.99 60000
1723148181720 0.99 64000
1723148194551 0.99 68000
1723148209366 0.99 72000
1723148227399 0.99 76000
1723148243810 0.99 80000
1723148256621 0.99 84000
1723148271440 0.99 88000
1723148289362 0.99 92000
1723148306984 0.99 96000
1723148319591 0.99 100000
1723148331161 0.99 104000
1723148345173 0.99 108000
1723148365640 0.99 112000
1723148379112 0.99 116000
1723148392475 0.99 120000
1723148406242 0.99 124000
1723148418834 0.99 128000
1723148431880 0.99 132000
1723148444603 0.99 136000
1723148457863 0.99 140000
1723148470782 0.99 144000
1723148488457 0.99 148000
1723148501528 0.99 152000
1723148514645 0.99 156000
1723148529232 0.99 160000
1723148542110 0.99 164000
1723148554946 0.99 168000
1723148567348 0.99 172000
1723148583159 0.99 176000
1723148596437 0.99 180000
1723148610319 0.99 184000
1723148622735 0.99 188000
1723148636006 0.99 192000
1723148651199 0.99 196000
1723148665361 0.99 200000
1723148677432 0.99 204000
1723148689067 0.99 208000
1723148707210 0.99 212000
1723148723837 0.99 216000
1723148740349 0.99 220000
1723148756427 0.99 224000
1723148772454 0.99 228000
1723148789285 0.99 232000
1723148808630 0.99 236000
1723148823917 0.99 240000
1723148835889 0.99 244000
1723148848807 0.99 248000
1723148865013 0.99 252000
1723148884046 0.99 256000
1723148904675 0.99 260000
1723148916568 0.99 264000
1723148928530 0.99 268000
1723148940686 0.99 272000
1723148952363 0.99 276000
1723148963967 0.99 280000
1723148977258 0.99 284000
1723148988945 0.99 288000
1723149002141 0.99 292000
1723149014628 0.99 296000
1723149025891 0.99 300000
1723149037265 0.99 304000
1723149049563 0.99 308000
1723149067506 0.99 312000
1723149084167 0.99 316000
1723149103760 0.99 320000
1723149117441 0.99 324000
1723149131862 0.99 328000
1723149150948 0.99 332000
1723149166391 0.99 336000
1723149183002 0.99 340000
1723149199329 0.99 344000
1723149215880 0.99 348000
1723149234120 0.99 352000
1723149247216 0.99 356000
1723149259530 0.99 360000
1723149271945 0.99 364000
1723149283795 0.99 368000
1723149295683 0.99 372000
1723149307863 0.99 376000
1723149320410 0.99 380000
1723149332501 0.99 384000
1723149344595 0.99 388000
1723149356933 0.99 392000
1723149369037 0.99 396000
1723149380488 0.99 400000
1723149392300 0.99 404000
1723149403789 0.99 408000
1723149415299 0.99 412000
1723149427088 0.99 416000
1723149446015 0.99 420000
1723149459010 0.99 424000
1723149470516 0.99 428000
1723149481948 0.99 432000
1723149493683 0.99 436000
1723149505898 0.99 440000
1723149518217 0.99 444000
1723149529898 0.99 448000
1723149541594 0.99 452000
1723149552967 0.99 456000
1723149564515 0.99 460000
1723149576737 0.99 464000
1723149588359 0.99 468000
1723149599660 0.99 472000
1723149611030 0.99 476000
1723149622412 0.99 480000
1723149633572 0.99 484000
1723149644974 0.99 488000
1723149656043 0.99 492000
1723149667611 0.99 496000
1723149678993 0.99 500000
1723149690346 0.99 504000
1723149701679 0.99 508000
1723149712972 0.99 512000
1723149724349 0.99 516000
1723149735779 0.99 520000
1723149747262 0.99 524000
1723149759195 0.99 528000
1723149770832 0.99 532000
1723149782147 0.99 536000
1723149793459 0.99 540000
1723149804453 0.99 544000
1723149815889 0.99 548000
1723149826957 0.99 552000
1723149838251 0.99 556000
1723149850094 0.99 560000
1723149861273 0.99 564000
1723149872971 0.99 568000
1723149884337 0.99 572000
1723149895695 0.99 576000
1723149906903 0.99 580000
1723149918434 0.99 584000
1723149929851 0.99 588000
1723149941555 0.99 592000
1723149952975 0.99 596000
1723149964830 0.99 600000
1723149976096 0.99 604000
1723149987509 0.99 608000
1723149999045 0.99 612000
1723150010260 0.99 616000
1723150021616 0.99 620000
1723150032911 0.99 624000
1723150044371 0.99 628000
1723150055811 0.99 632000
1723150067200 0.99 636000
1723150078837 0.99 640000
1723150090624 0.99 644000
1723150101948 0.99 648000
1723150113471 0.99 652000
1723150124811 0.99 656000
1723150136244 0.99 660000
1723150147507 0.99 664000
1723150158487 0.99 668000
1723150169694 0.99 672000
1723150180964 0.99 676000
1723150192299 0.99 680000
1723150203395 0.99 684000
1723150214401 0.99 688000
1723150225877 0.99 692000
1723150237239 0.99 696000
1723150249159 0.99 700000
1723150260638 0.99 704000
1723150272106 0.99 708000
1723150283637 0.99 712000
1723150295522 0.99 716000
1723150306722 0.99 720000
1723150319433 0.99 724000
1723150330828 0.99 728000
1723150342138 0.99 732000
1723150353430 0.99 736000
1723150365016 0.99 740000
1723150376328 0.99 744000
1723150387682 0.99 748000
1723150399122 0.99 752000
1723150410847 0.99 756000
1723150422306 0.99 760000
1723150433781 0.99 764000
1723150445020 0.99 768000
1723150456451 0.99 772000
1723150467454 0.99 776000
1723150479378 0.99 780000
1723150490791 0.99 784000
1723150505622 0.99 788000
1723150524362 0.99 792000
1723150543321 0.99 796000
1723150557318 0.99 800000
