1723147967099 0.01 4000
1723147979824 0.01 8000
1723147994314 0.01 12000
1723148013939 0.01 16000
1723148031046 0.01 20000
1723148046224 0.01 24000
1723148059789 0.01 28000
1723148071891 0.01 32000
1723148084707 0.01 36000
1723148097951 0.01 40000
1723148111824 0.01 44000
1723148124190 0.01 48000
1723148142616 0.01 52000
1723148155848 0.01 56000
1723148169091 0.01 60000
1723148181741 0.01 64000
1723148194572 0.01 68000
1723148209388 0.01 72000
1723148227428 0.01 76000
1723148243836 0.01 80000
1723148256643 0.01 84000
1723148271462 0.01 88000
1723148289385 0.01 92000
1723148307009 0.01 96000
1723148319612 0.01 100000
1723148331182 0.01 104000
1723148345202 0.01 108000
1723148365664 0.01 112000
1723148379134 0.01 116000
1723148392498 0.01 120000
1723148406264 0.01 124000
1723148418855 0.01 128000
1723148431900 0.01 132000
1723148444624 0.01 136000
1723148457884 0.01 140000
1723148470804 0.01 144000
1723148488479 0.01 148000
1723148501550 0.01 152000
1723148514667 0.01 156000
1723148529253 0.01 160000
1723148542132 0.01 164000
1723148554967 0.01 168000
1723148567370 0.01 172000
1723148583183 0.01 176000
1723148596459 0.01 180000
1723148610342 0.01 184000
1723148622756 0.01 188000
1723148636030 0.01 192000
1723148651219 0.01 196000
1723148665386 0.01 200000
1723148677453 0.01 204000
1723148689089 0.01 208000
1723148707233 0.01 212000
1723148723858 0.01 216000
1723148740372 0.01 220000
1723148756449 0.01 224000
1723148772478 0.01 228000
1723148789308 0.01 232000
1723148808654 0.01 236000
1723148823939 0.01 240000
1723148835911 0.01 244000
1723148848829 0.01 248000
1723148865038 0.01 252000
1723148884070 0.01 256000
1723148904698 0.01 260000
1723148916589 0.01 264000
1723148928552 0.01 268000
1723148940709 0.01 272000
1723148952386 0.01 276000
1723148963988 0.01 280000
1723148977280 0.01 284000
1723148988967 0.01 288000
1723149002163 0.01 292000
1723149014648 0.01 296000
1723149025911 0.01 300000
1723149037288 0.01 304000
1723149049584 0.01 308000
1723149067529 0.01 312000
1723149084192 0.01 316000
1723149103785 0.01 320000
1723149117464 0.01 324000
1723149131884 0.01 328000
1723149150970 0.01 332000
1723149166418 0.01 336000
1723149183024 0.01 340000
1723149199357 0.01 344000
1723149215901 0.01 348000
1723149234148 0.01 352000
1723149247237 0.01 356000
1723149259551 0.01 360000
1723149271966 0.01 364000
1723149283816 0.01 368000
1723149295704 0.01 372000
1723149307884 0.01 376000
1723149320431 0.01 380000
1723149332522 0.01 384000
1723149344616 0.01 388000
1723149356954 0.01 392000
1723149369058 0.01 396000
1723149380509 0.01 400000
1723149392321 0.01 404000
1723149403809 0.01 408000
1723149415319 0.01 412000
1723149427125 0.01 416000
1723149446039 0.01 420000
1723149459032 0.01 424000
1723149470536 0.01 428000
1723149481968 0.01 432000
1723149493705 0.01 436000
1723149505920 0.01 440000
1723149518238 0.01 444000
1723149529918 0.01 448000
1723149541615 0.01 452000
1723149552988 0.01 456000
1723149564536 0.01 460000
1723149576758 0.01 464000
1723149588382 0.01 468000
1723149599681 0.01 472000
1723149611051 0.01 476000
1723149622433 0.01 480000
1723149633592 0.01 484000
1723149644995 0.01 488000
1723149656063 0.01 492000
1723149667632 0.01 496000
1723149679013 0.01 500000
1723149690367 0.01 504000
1723149701700 0.01 508000
1723149712993 0.01 512000
1723149724370 0.01 516000
1723149735799 0.01 520000
1723149747283 0.01 524000
1723149759215 0.01 528000
1723149770853 0.01 532000
1723149782168 0.01 536000
1723149793480 0.01 540000
1723149804473 0.01 544000
1723149815910 0.01 548000
1723149826979 0.01 552000
1723149838272 0.01 556000
1723149850115 0.01 560000
1723149861293 0.01 564000
1723149872991 0.01 568000
1723149884358 0.01 572000
1723149895716 0.01 576000
1723149906924 0.01 580000
1723149918455 0.01 584000
1723149929871 0.01 588000
1723149941576 0.01 592000
1723149952997 0.01 596000
1723149964851 0.01 600000
1723149976116 0.01 604000
1723149987530 0.01 608000
1723149999066 0.01 612000
1723150010281 0.01 616000
1723150021637 0.01 620000
1723150032931 0.01 624000
1723150044392 0.01 628000
1723150055831 0.01 632000
1723150067222 0.01 636000
1723150078862 0.01 640000
1723150090645 0.01 644000
1723150101969 0.01 648000
1723150113492 0.01 652000
1723150124833 0.01 656000
1723150136265 0.01 660000
1723150147527 0.01 664000
1723150158507 0.01 668000
1723150169715 0.01 672000
1723150180985 0.01 676000
1723150192320 0.01 680000
1723150203416 0.01 684000
1723150214422 0.01 688000
1723150225899 0.01 692000
1723150237260 0.01 696000
1723150249180 0.01 700000
1723150260660 0.01 704000
1723150272128 0.01 708000
1723150283658 0.01 712000
1723150295543 0.01 716000
1723150306746 0.01 720000
1723150319454 0.01 724000
1723150330850 0.01 728000
1723150342160 0.01 732000
1723150353451 0.01 736000
1723150365037 0.01 740000
1723150376349 0.01 744000
1723150387703 0.01 748000
1723150399143 0.01 752000
1723150410868 0.01 756000
1723150422326 0.01 760000
1723150433802 0.01 764000
1723150445042 0.01 768000
1723150456472 0.01 772000
1723150467476 0.01 776000
1723150479400 0.01 780000
1723150490812 0.01 784000
1723150505645 0.01 788000
1723150524385 0.01 792000
1723150543343 0.01 796000
1723150557338 0.01 800000
