1723147967087 1.0 4000
1723147979813 1.0 8000
1723147994302 1.0 12000
1723148013927 1.0 16000
1723148031034 1.0 20000
1723148046211 1.0 24000
1723148059779 1.0 28000
1723148071879 1.0 32000
1723148084697 1.0 36000
1723148097938 1.0 40000
1723148111812 1.0 44000
1723148124179 1.0 48000
1723148142605 1.0 52000
1723148155838 1.0 56000
1723148169080 1.0 60000
1723148181731 1.0 64000
1723148194561 1.0 68000
1723148209377 1.0 72000
1723148227413 1.0 76000
1723148243822 1.0 80000
1723148256632 1.0 84000
1723148271451 1.0 88000
1723148289373 1.0 92000
1723148306998 1.0 96000
1723148319601 1.0 100000
1723148331172 1.0 104000
1723148345187 1.0 108000
1723148365652 1.0 112000
1723148379123 1.0 116000
1723148392487 1.0 120000
1723148406253 1.0 124000
1723148418844 1.0 128000
1723148431890 1.0 132000
1723148444613 1.0 136000
1723148457873 1.0 140000
1723148470794 1.0 144000
1723148488468 1.0 148000
1723148501539 1.0 152000
1723148514656 1.0 156000
1723148529243 1.0 160000
1723148542121 1.0 164000
1723148554956 1.0 168000
1723148567359 1.0 172000
1723148583171 1.0 176000
1723148596447 1.0 180000
1723148610330 1.0 184000
1723148622745 1.0 188000
1723148636017 1.0 192000
1723148651209 1.0 196000
1723148665372 1.0 200000
1723148677442 1.0 204000
1723148689078 1.0 208000
1723148707222 1.0 212000
1723148723847 1.0 216000
1723148740361 1.0 220000
1723148756437 1.0 224000
1723148772466 1.0 228000
1723148789297 1.0 232000
1723148808642 1.0 236000
1723148823928 1.0 240000
1723148835900 1.0 244000
1723148848818 1.0 248000
1723148865025 1.0 252000
1723148884058 1.0 256000
1723148904686 1.0 260000
1723148916579 1.0 264000
1723148928541 1.0 268000
1723148940698 1.0 272000
1723148952374 1.0 276000
1723148963977 1.0 280000
1723148977269 1.0 284000
1723148988956 1.0 288000
1723149002152 1.0 292000
1723149014638 1.0 296000
1723149025901 1.0 300000
1723149037277 1.0 304000
1723149049573 1.0 308000
1723149067516 1.0 312000
1723149084179 1.0 316000
1723149103771 1.0 320000
1723149117452 1.0 324000
1723149131873 1.0 328000
1723149150959 1.0 332000
1723149166401 1.0 336000
1723149183013 1.0 340000
1723149199346 1.0 344000
1723149215891 1.0 348000
1723149234131 1.0 352000
1723149247226 1.0 356000
1723149259541 1.0 360000
1723149271955 1.0 364000
1723149283806 1.0 368000
1723149295693 1.0 372000
1723149307874 1.0 376000
1723149320420 1.0 380000
1723149332512 1.0 384000
1723149344605 1.0 388000
1723149356943 1.0 392000
1723149369047 1.0 396000
1723149380498 1.0 400000
1723149392310 1.0 404000
1723149403799 1.0 408000
1723149415309 1.0 412000
1723149427110 1.0 416000
1723149446027 1.0 420000
1723149459021 1.0 424000
1723149470526 1.0 428000
1723149481958 1.0 432000
1723149493694 1.0 436000
1723149505909 1.0 440000
1723149518228 1.0 444000
1723149529908 1.0 448000
1723149541605 1.0 452000
1723149552978 1.0 456000
1723149564526 1.0 460000
1723149576747 1.0 464000
1723149588370 1.0 468000
1723149599670 1.0 472000
1723149611040 1.0 476000
1723149622422 1.0 480000
1723149633582 1.0 484000
1723149644985 1.0 488000
1723149656053 1.0 492000
1723149667621 1.0 496000
1723149679003 1.0 500000
1723149690356 1.0 504000
1723149701689 1.0 508000
1723149712982 1.0 512000
1723149724359 1.0 516000
1723149735789 1.0 520000
1723149747273 1.0 524000
1723149759205 1.0 528000
1723149770842 1.0 532000
1723149782158 1.0 536000
1723149793469 1.0 540000
1723149804463 1.0 544000
1723149815899 1.0 548000
1723149826969 1.0 552000
1723149838262 1.0 556000
1723149850104 1.0 560000
1723149861283 1.0 564000
1723149872981 1.0 568000
1723149884347 1.0 572000
1723149895705 1.0 576000
1723149906913 1.0 580000
1723149918444 1.0 584000
1723149929861 1.0 588000
1723149941565 1.0 592000
1723149952986 1.0 596000
1723149964841 1.0 600000
1723149976106 1.0 604000
1723149987520 1.0 608000
1723149999055 1.0 612000
1723150010271 1.0 616000
1723150021626 1.0 620000
1723150032921 1.0 624000
1723150044381 1.0 628000
1723150055821 1.0 632000
1723150067211 1.0 636000
1723150078851 1.0 640000
1723150090635 1.0 644000
1723150101959 1.0 648000
1723150113481 1.0 652000
1723150124822 1.0 656000
1723150136254 1.0 660000
1723150147517 1.0 664000
1723150158497 1.0 668000
1723150169705 1.0 672000
1723150180974 1.0 676000
1723150192309 1.0 680000
1723150203405 1.0 684000
1723150214411 1.0 688000
1723150225888 1.0 692000
1723150237249 1.0 696000
1723150249169 1.0 700000
1723150260650 1.0 704000
1723150272117 1.0 708000
1723150283647 1.0 712000
1723150295532 1.0 716000
1723150306735 1.0 720000
1723150319443 1.0 724000
1723150330839 1.0 728000
1723150342149 1.0 732000
1723150353440 1.0 736000
1723150365026 1.0 740000
1723150376338 1.0 744000
1723150387693 1.0 748000
1723150399133 1.0 752000
1723150410857 1.0 756000
1723150422316 1.0 760000
1723150433792 1.0 764000
1723150445031 1.0 768000
1723150456461 1.0 772000
1723150467464 1.0 776000
1723150479389 1.0 780000
1723150490801 1.0 784000
1723150505634 1.0 788000
1723150524373 1.0 792000
1723150543332 1.0 796000
1723150557328 1.0 800000
