1723147967075 5e-05 4000
1723147979803 5e-05 8000
1723147994291 5e-05 12000
1723148013916 5e-05 16000
1723148031023 5e-05 20000
1723148046198 5e-05 24000
1723148059769 5e-05 28000
1723148071870 5e-05 32000
1723148084687 5e-05 36000
1723148097927 5e-05 40000
1723148111802 5e-05 44000
1723148124168 5e-05 48000
1723148142594 5e-05 52000
1723148155828 5e-05 56000
1723148169070 5e-05 60000
1723148181721 5e-05 64000
1723148194551 5e-05 68000
1723148209366 5e-05 72000
1723148227399 5e-05 76000
1723148243811 5e-05 80000
1723148256622 5e-05 84000
1723148271440 5e-05 88000
1723148289362 5e-05 92000
1723148306985 5e-05 96000
1723148319592 5e-05 100000
1723148331162 5e-05 104000
1723148345174 5e-05 108000
1723148365641 5e-05 112000
1723148379112 5e-05 116000
1723148392475 5e-05 120000
1723148406242 5e-05 124000
1723148418834 5e-05 128000
1723148431880 5e-05 132000
1723148444603 5e-05 136000
1723148457864 5e-05 140000
1723148470783 5e-05 144000
1723148488457 5e-05 148000
1723148501528 5e-05 152000
1723148514646 5e-05 156000
1723148529232 5e-05 160000
1723148542110 5e-05 164000
1723148554946 5e-05 168000
1723148567348 5e-05 172000
1723148583160 5e-05 176000
1723148596438 5e-05 180000
1723148610320 5e-05 184000
1723148622735 5e-05 188000
1723148636007 5e-05 192000
1723148651199 5e-05 196000
1723148665361 5e-05 200000
1723148677432 5e-05 204000
1723148689068 5e-05 208000
1723148707211 5e-05 212000
1723148723837 5e-05 216000
1723148740350 5e-05 220000
1723148756427 5e-05 224000
1723148772455 5e-05 228000
1723148789286 5e-05 232000
1723148808630 5e-05 236000
1723148823918 5e-05 240000
1723148835890 5e-05 244000
1723148848808 5e-05 248000
1723148865013 5e-05 252000
1723148884046 5e-05 256000
1723148904676 5e-05 260000
1723148916569 5e-05 264000
1723148928531 5e-05 268000
1723148940687 5e-05 272000
1723148952363 5e-05 276000
1723148963967 5e-05 280000
1723148977259 5e-05 284000
1723148988945 5e-05 288000
1723149002141 5e-05 292000
1723149014628 5e-05 296000
1723149025891 5e-05 300000
1723149037265 5e-05 304000
1723149049563 5e-05 308000
1723149067506 5e-05 312000
1723149084168 5e-05 316000
1723149103760 5e-05 320000
1723149117441 5e-05 324000
1723149131862 5e-05 328000
1723149150949 5e-05 332000
1723149166391 5e-05 336000
1723149183003 5e-05 340000
1723149199329 5e-05 344000
1723149215880 5e-05 348000
1723149234120 5e-05 352000
1723149247216 5e-05 356000
1723149259531 5e-05 360000
1723149271946 5e-05 364000
1723149283796 5e-05 368000
1723149295684 5e-05 372000
1723149307863 5e-05 376000
1723149320410 5e-05 380000
1723149332501 5e-05 384000
1723149344595 5e-05 388000
1723149356933 5e-05 392000
1723149369037 5e-05 396000
1723149380488 5e-05 400000
1723149392300 5e-05 404000
1723149403789 5e-05 408000
1723149415299 5e-05 412000
1723149427089 5e-05 416000
1723149446016 5e-05 420000
1723149459011 5e-05 424000
1723149470516 5e-05 428000
1723149481948 5e-05 432000
1723149493683 5e-05 436000
1723149505899 5e-05 440000
1723149518217 5e-05 444000
1723149529898 5e-05 448000
1723149541595 5e-05 452000
1723149552968 5e-05 456000
1723149564516 5e-05 460000
1723149576738 5e-05 464000
1723149588360 5e-05 468000
1723149599660 5e-05 472000
1723149611030 5e-05 476000
1723149622412 5e-05 480000
1723149633573 5e-05 484000
1723149644975 5e-05 488000
1723149656043 5e-05 492000
1723149667611 5e-05 496000
1723149678993 5e-05 500000
1723149690347 5e-05 504000
1723149701680 5e-05 508000
1723149712972 5e-05 512000
1723149724349 5e-05 516000
1723149735779 5e-05 520000
1723149747263 5e-05 524000
1723149759195 5e-05 528000
1723149770832 5e-05 532000
1723149782148 5e-05 536000
1723149793459 5e-05 540000
1723149804453 5e-05 544000
1723149815889 5e-05 548000
1723149826958 5e-05 552000
1723149838252 5e-05 556000
1723149850095 5e-05 560000
1723149861273 5e-05 564000
1723149872971 5e-05 568000
1723149884338 5e-05 572000
1723149895696 5e-05 576000
1723149906904 5e-05 580000
1723149918435 5e-05 584000
1723149929851 5e-05 588000
1723149941555 5e-05 592000
1723149952976 5e-05 596000
1723149964831 5e-05 600000
1723149976096 5e-05 604000
1723149987510 5e-05 608000
1723149999045 5e-05 612000
1723150010261 5e-05 616000
1723150021616 5e-05 620000
1723150032911 5e-05 624000
1723150044371 5e-05 628000
1723150055811 5e-05 632000
1723150067201 5e-05 636000
1723150078837 5e-05 640000
1723150090625 5e-05 644000
1723150101949 5e-05 648000
1723150113472 5e-05 652000
1723150124811 5e-05 656000
1723150136244 5e-05 660000
1723150147507 5e-05 664000
1723150158487 5e-05 668000
1723150169695 5e-05 672000
1723150180964 5e-05 676000
1723150192299 5e-05 680000
1723150203395 5e-05 684000
1723150214401 5e-05 688000
1723150225878 5e-05 692000
1723150237239 5e-05 696000
1723150249159 5e-05 700000
1723150260639 5e-05 704000
1723150272107 5e-05 708000
1723150283638 5e-05 712000
1723150295522 5e-05 716000
1723150306725 5e-05 720000
1723150319433 5e-05 724000
1723150330828 5e-05 728000
1723150342138 5e-05 732000
1723150353430 5e-05 736000
1723150365016 5e-05 740000
1723150376328 5e-05 744000
1723150387683 5e-05 748000
1723150399122 5e-05 752000
1723150410848 5e-05 756000
1723150422306 5e-05 760000
1723150433782 5e-05 764000
1723150445021 5e-05 768000
1723150456451 5e-05 772000
1723150467454 5e-05 776000
1723150479378 5e-05 780000
1723150490791 5e-05 784000
1723150505623 5e-05 788000
1723150524362 5e-05 792000
1723150543322 5e-05 796000
1723150557318 5e-05 800000
