1723147967089 1000.0 4000
1723147979815 1000.0 8000
1723147994304 1000.0 12000
1723148013930 1000.0 16000
1723148031037 1000.0 20000
1723148046214 1000.0 24000
1723148059781 1000.0 28000
1723148071881 1000.0 32000
1723148084699 1000.0 36000
1723148097940 1000.0 40000
1723148111815 1000.0 44000
1723148124181 1000.0 48000
1723148142607 1000.0 52000
1723148155840 1000.0 56000
1723148169082 1000.0 60000
1723148181733 1000.0 64000
1723148194563 1000.0 68000
1723148209380 1000.0 72000
1723148227416 1000.0 76000
1723148243825 1000.0 80000
1723148256634 1000.0 84000
1723148271453 1000.0 88000
1723148289375 1000.0 92000
1723148307000 1000.0 96000
1723148319603 1000.0 100000
1723148331174 1000.0 104000
1723148345189 1000.0 108000
1723148365654 1000.0 112000
1723148379125 1000.0 116000
1723148392489 1000.0 120000
1723148406255 1000.0 124000
1723148418846 1000.0 128000
1723148431892 1000.0 132000
1723148444616 1000.0 136000
1723148457875 1000.0 140000
1723148470796 1000.0 144000
1723148488470 1000.0 148000
1723148501541 1000.0 152000
1723148514658 1000.0 156000
1723148529245 1000.0 160000
1723148542123 1000.0 164000
1723148554958 1000.0 168000
1723148567361 1000.0 172000
1723148583173 1000.0 176000
1723148596450 1000.0 180000
1723148610332 1000.0 184000
1723148622748 1000.0 188000
1723148636020 1000.0 192000
1723148651211 1000.0 196000
1723148665374 1000.0 200000
1723148677444 1000.0 204000
1723148689080 1000.0 208000
1723148707224 1000.0 212000
1723148723850 1000.0 216000
1723148740363 1000.0 220000
1723148756440 1000.0 224000
1723148772469 1000.0 228000
1723148789299 1000.0 232000
1723148808644 1000.0 236000
1723148823930 1000.0 240000
1723148835902 1000.0 244000
1723148848820 1000.0 248000
1723148865027 1000.0 252000
1723148884060 1000.0 256000
1723148904688 1000.0 260000
1723148916581 1000.0 264000
1723148928543 1000.0 268000
1723148940700 1000.0 272000
1723148952376 1000.0 276000
1723148963979 1000.0 280000
1723148977271 1000.0 284000
1723148988958 1000.0 288000
1723149002154 1000.0 292000
1723149014640 1000.0 296000
1723149025903 1000.0 300000
1723149037279 1000.0 304000
1723149049575 1000.0 308000
1723149067518 1000.0 312000
1723149084181 1000.0 316000
1723149103774 1000.0 320000
1723149117454 1000.0 324000
1723149131875 1000.0 328000
1723149150961 1000.0 332000
1723149166404 1000.0 336000
1723149183015 1000.0 340000
1723149199348 1000.0 344000
1723149215893 1000.0 348000
1723149234134 1000.0 352000
1723149247228 1000.0 356000
1723149259543 1000.0 360000
1723149271957 1000.0 364000
1723149283808 1000.0 368000
1723149295695 1000.0 372000
1723149307876 1000.0 376000
1723149320422 1000.0 380000
1723149332514 1000.0 384000
1723149344607 1000.0 388000
1723149356945 1000.0 392000
1723149369049 1000.0 396000
1723149380500 1000.0 400000
1723149392312 1000.0 404000
1723149403801 1000.0 408000
1723149415311 1000.0 412000
1723149427113 1000.0 416000
1723149446029 1000.0 420000
1723149459023 1000.0 424000
1723149470528 1000.0 428000
1723149481960 1000.0 432000
1723149493696 1000.0 436000
1723149505911 1000.0 440000
1723149518230 1000.0 444000
1723149529910 1000.0 448000
1723149541607 1000.0 452000
1723149552980 1000.0 456000
1723149564528 1000.0 460000
1723149576749 1000.0 464000
1723149588373 1000.0 468000
1723149599672 1000.0 472000
1723149611042 1000.0 476000
1723149622424 1000.0 480000
1723149633584 1000.0 484000
1723149644987 1000.0 488000
1723149656055 1000.0 492000
1723149667623 1000.0 496000
1723149679005 1000.0 500000
1723149690359 1000.0 504000
1723149701691 1000.0 508000
1723149712984 1000.0 512000
1723149724361 1000.0 516000
1723149735791 1000.0 520000
1723149747275 1000.0 524000
1723149759207 1000.0 528000
1723149770844 1000.0 532000
1723149782160 1000.0 536000
1723149793471 1000.0 540000
1723149804465 1000.0 544000
1723149815901 1000.0 548000
1723149826971 1000.0 552000
1723149838264 1000.0 556000
1723149850106 1000.0 560000
1723149861285 1000.0 564000
1723149872983 1000.0 568000
1723149884349 1000.0 572000
1723149895707 1000.0 576000
1723149906915 1000.0 580000
1723149918447 1000.0 584000
1723149929863 1000.0 588000
1723149941567 1000.0 592000
1723149952988 1000.0 596000
1723149964843 1000.0 600000
1723149976108 1000.0 604000
1723149987522 1000.0 608000
1723149999057 1000.0 612000
1723150010273 1000.0 616000
1723150021628 1000.0 620000
1723150032923 1000.0 624000
1723150044383 1000.0 628000
1723150055823 1000.0 632000
1723150067213 1000.0 636000
1723150078853 1000.0 640000
1723150090636 1000.0 644000
1723150101961 1000.0 648000
1723150113483 1000.0 652000
1723150124824 1000.0 656000
1723150136256 1000.0 660000
1723150147519 1000.0 664000
1723150158499 1000.0 668000
1723150169707 1000.0 672000
1723150180976 1000.0 676000
1723150192311 1000.0 680000
1723150203407 1000.0 684000
1723150214413 1000.0 688000
1723150225890 1000.0 692000
1723150237251 1000.0 696000
1723150249171 1000.0 700000
1723150260652 1000.0 704000
1723150272119 1000.0 708000
1723150283650 1000.0 712000
1723150295535 1000.0 716000
1723150306737 1000.0 720000
1723150319445 1000.0 724000
1723150330842 1000.0 728000
1723150342151 1000.0 732000
1723150353442 1000.0 736000
1723150365028 1000.0 740000
1723150376340 1000.0 744000
1723150387695 1000.0 748000
1723150399135 1000.0 752000
1723150410860 1000.0 756000
1723150422318 1000.0 760000
1723150433794 1000.0 764000
1723150445033 1000.0 768000
1723150456463 1000.0 772000
1723150467467 1000.0 776000
1723150479391 1000.0 780000
1723150490803 1000.0 784000
1723150505637 1000.0 788000
1723150524376 1000.0 792000
1723150543335 1000.0 796000
1723150557330 1000.0 800000
