1723147967085 100.0 4000
1723147979811 100.0 8000
1723147994300 100.0 12000
1723148013925 100.0 16000
1723148031033 100.0 20000
1723148046208 100.0 24000
1723148059777 100.0 28000
1723148071878 100.0 32000
1723148084695 100.0 36000
1723148097936 100.0 40000
1723148111811 100.0 44000
1723148124177 100.0 48000
1723148142603 100.0 52000
1723148155836 100.0 56000
1723148169078 100.0 60000
1723148181729 100.0 64000
1723148194559 100.0 68000
1723148209376 100.0 72000
1723148227411 100.0 76000
1723148243820 100.0 80000
1723148256630 100.0 84000
1723148271449 100.0 88000
1723148289371 100.0 92000
1723148306996 100.0 96000
1723148319600 100.0 100000
1723148331170 100.0 104000
1723148345184 100.0 108000
1723148365650 100.0 112000
1723148379121 100.0 116000
1723148392485 100.0 120000
1723148406251 100.0 124000
1723148418843 100.0 128000
1723148431888 100.0 132000
1723148444611 100.0 136000
1723148457872 100.0 140000
1723148470791 100.0 144000
1723148488466 100.0 148000
1723148501537 100.0 152000
1723148514654 100.0 156000
1723148529241 100.0 160000
1723148542120 100.0 164000
1723148554954 100.0 168000
1723148567357 100.0 172000
1723148583169 100.0 176000
1723148596446 100.0 180000
1723148610328 100.0 184000
1723148622744 100.0 188000
1723148636016 100.0 192000
1723148651207 100.0 196000
1723148665370 100.0 200000
1723148677441 100.0 204000
1723148689076 100.0 208000
1723148707220 100.0 212000
1723148723846 100.0 216000
1723148740358 100.0 220000
1723148756435 100.0 224000
1723148772464 100.0 228000
1723148789295 100.0 232000
1723148808640 100.0 236000
1723148823926 100.0 240000
1723148835898 100.0 244000
1723148848816 100.0 248000
1723148865023 100.0 252000
1723148884056 100.0 256000
1723148904684 100.0 260000
1723148916577 100.0 264000
1723148928539 100.0 268000
1723148940696 100.0 272000
1723148952372 100.0 276000
1723148963976 100.0 280000
1723148977267 100.0 284000
1723148988954 100.0 288000
1723149002150 100.0 292000
1723149014636 100.0 296000
1723149025899 100.0 300000
1723149037275 100.0 304000
1723149049571 100.0 308000
1723149067514 100.0 312000
1723149084177 100.0 316000
1723149103769 100.0 320000
1723149117450 100.0 324000
1723149131871 100.0 328000
1723149150957 100.0 332000
1723149166399 100.0 336000
1723149183011 100.0 340000
1723149199344 100.0 344000
1723149215889 100.0 348000
1723149234130 100.0 352000
1723149247225 100.0 356000
1723149259539 100.0 360000
1723149271954 100.0 364000
1723149283804 100.0 368000
1723149295692 100.0 372000
1723149307872 100.0 376000
1723149320419 100.0 380000
1723149332510 100.0 384000
1723149344603 100.0 388000
1723149356941 100.0 392000
1723149369046 100.0 396000
1723149380496 100.0 400000
1723149392308 100.0 404000
1723149403797 100.0 408000
1723149415307 100.0 412000
1723149427106 100.0 416000
1723149446025 100.0 420000
1723149459019 100.0 424000
1723149470524 100.0 428000
1723149481956 100.0 432000
1723149493692 100.0 436000
1723149505907 100.0 440000
1723149518226 100.0 444000
1723149529906 100.0 448000
1723149541603 100.0 452000
1723149552976 100.0 456000
1723149564524 100.0 460000
1723149576746 100.0 464000
1723149588369 100.0 468000
1723149599668 100.0 472000
1723149611038 100.0 476000
1723149622420 100.0 480000
1723149633580 100.0 484000
1723149644983 100.0 488000
1723149656051 100.0 492000
1723149667619 100.0 496000
1723149679001 100.0 500000
1723149690355 100.0 504000
1723149701687 100.0 508000
1723149712980 100.0 512000
1723149724357 100.0 516000
1723149735787 100.0 520000
1723149747271 100.0 524000
1723149759203 100.0 528000
1723149770840 100.0 532000
1723149782156 100.0 536000
1723149793468 100.0 540000
1723149804461 100.0 544000
1723149815897 100.0 548000
1723149826967 100.0 552000
1723149838260 100.0 556000
1723149850103 100.0 560000
1723149861281 100.0 564000
1723149872979 100.0 568000
1723149884346 100.0 572000
1723149895704 100.0 576000
1723149906912 100.0 580000
1723149918443 100.0 584000
1723149929859 100.0 588000
1723149941563 100.0 592000
1723149952984 100.0 596000
1723149964839 100.0 600000
1723149976104 100.0 604000
1723149987518 100.0 608000
1723149999053 100.0 612000
1723150010269 100.0 616000
1723150021624 100.0 620000
1723150032919 100.0 624000
1723150044379 100.0 628000
1723150055819 100.0 632000
1723150067209 100.0 636000
1723150078850 100.0 640000
1723150090633 100.0 644000
1723150101957 100.0 648000
1723150113480 100.0 652000
1723150124820 100.0 656000
1723150136252 100.0 660000
1723150147515 100.0 664000
1723150158495 100.0 668000
1723150169703 100.0 672000
1723150180972 100.0 676000
1723150192308 100.0 680000
1723150203403 100.0 684000
1723150214410 100.0 688000
1723150225886 100.0 692000
1723150237248 100.0 696000
1723150249167 100.0 700000
1723150260648 100.0 704000
1723150272115 100.0 708000
1723150283646 100.0 712000
1723150295531 100.0 716000
1723150306733 100.0 720000
1723150319441 100.0 724000
1723150330837 100.0 728000
1723150342147 100.0 732000
1723150353439 100.0 736000
1723150365025 100.0 740000
1723150376336 100.0 744000
1723150387691 100.0 748000
1723150399131 100.0 752000
1723150410856 100.0 756000
1723150422314 100.0 760000
1723150433790 100.0 764000
1723150445029 100.0 768000
1723150456459 100.0 772000
1723150467463 100.0 776000
1723150479387 100.0 780000
1723150490800 100.0 784000
1723150505632 100.0 788000
1723150524371 100.0 792000
1723150543331 100.0 796000
1723150557326 100.0 800000
