1723147967106 1.0 4000
1723147979828 1.0 8000
1723147994319 1.0 12000
1723148013943 1.0 16000
1723148031051 1.0 20000
1723148046229 1.0 24000
1723148059794 1.0 28000
1723148071895 1.0 32000
1723148084712 1.0 36000
1723148097957 1.0 40000
1723148111829 1.0 44000
1723148124196 1.0 48000
1723148142621 1.0 52000
1723148155853 1.0 56000
1723148169096 1.0 60000
1723148181746 1.0 64000
1723148194576 1.0 68000
1723148209395 1.0 72000
1723148227433 1.0 76000
1723148243841 1.0 80000
1723148256647 1.0 84000
1723148271468 1.0 88000
1723148289391 1.0 92000
1723148307014 1.0 96000
1723148319616 1.0 100000
1723148331187 1.0 104000
1723148345223 1.0 108000
1723148365670 1.0 112000
1723148379139 1.0 116000
1723148392503 1.0 120000
1723148406268 1.0 124000
1723148418860 1.0 128000
1723148431905 1.0 132000
1723148444629 1.0 136000
1723148457888 1.0 140000
1723148470810 1.0 144000
1723148488484 1.0 148000
1723148501555 1.0 152000
1723148514671 1.0 156000
1723148529258 1.0 160000
1723148542137 1.0 164000
1723148554972 1.0 168000
1723148567375 1.0 172000
1723148583188 1.0 176000
1723148596464 1.0 180000
1723148610347 1.0 184000
1723148622761 1.0 188000
1723148636035 1.0 192000
1723148651224 1.0 196000
1723148665391 1.0 200000
1723148677458 1.0 204000
1723148689093 1.0 208000
1723148707239 1.0 212000
1723148723863 1.0 216000
1723148740377 1.0 220000
1723148756453 1.0 224000
1723148772484 1.0 228000
1723148789313 1.0 232000
1723148808661 1.0 236000
1723148823944 1.0 240000
1723148835915 1.0 244000
1723148848834 1.0 248000
1723148865046 1.0 252000
1723148884076 1.0 256000
1723148904703 1.0 260000
1723148916594 1.0 264000
1723148928557 1.0 268000
1723148940713 1.0 272000
1723148952392 1.0 276000
1723148963993 1.0 280000
1723148977284 1.0 284000
1723148988972 1.0 288000
1723149002168 1.0 292000
1723149014653 1.0 296000
1723149025916 1.0 300000
1723149037293 1.0 304000
1723149049589 1.0 308000
1723149067534 1.0 312000
1723149084197 1.0 316000
1723149103791 1.0 320000
1723149117469 1.0 324000
1723149131889 1.0 328000
1723149150975 1.0 332000
1723149166422 1.0 336000
1723149183029 1.0 340000
1723149199361 1.0 344000
1723149215907 1.0 348000
1723149234156 1.0 352000
1723149247242 1.0 356000
1723149259556 1.0 360000
1723149271970 1.0 364000
1723149283821 1.0 368000
1723149295708 1.0 372000
1723149307889 1.0 376000
1723149320435 1.0 380000
1723149332527 1.0 384000
1723149344621 1.0 388000
1723149356958 1.0 392000
1723149369063 1.0 396000
1723149380514 1.0 400000
1723149392325 1.0 404000
1723149403814 1.0 408000
1723149415324 1.0 412000
1723149427131 1.0 416000
1723149446044 1.0 420000
1723149459037 1.0 424000
1723149470541 1.0 428000
1723149481973 1.0 432000
1723149493710 1.0 436000
1723149505924 1.0 440000
1723149518243 1.0 444000
1723149529923 1.0 448000
1723149541620 1.0 452000
1723149552993 1.0 456000
1723149564541 1.0 460000
1723149576762 1.0 464000
1723149588388 1.0 468000
1723149599685 1.0 472000
1723149611055 1.0 476000
1723149622437 1.0 480000
1723149633597 1.0 484000
1723149645000 1.0 488000
1723149656068 1.0 492000
1723149667636 1.0 496000
1723149679018 1.0 500000
1723149690372 1.0 504000
1723149701705 1.0 508000
1723149712999 1.0 512000
1723149724374 1.0 516000
1723149735804 1.0 520000
1723149747287 1.0 524000
1723149759220 1.0 528000
1723149770858 1.0 532000
1723149782172 1.0 536000
1723149793485 1.0 540000
1723149804479 1.0 544000
1723149815914 1.0 548000
1723149826984 1.0 552000
1723149838277 1.0 556000
1723149850120 1.0 560000
1723149861298 1.0 564000
1723149872996 1.0 568000
1723149884362 1.0 572000
1723149895720 1.0 576000
1723149906929 1.0 580000
1723149918460 1.0 584000
1723149929876 1.0 588000
1723149941581 1.0 592000
1723149953002 1.0 596000
1723149964856 1.0 600000
1723149976121 1.0 604000
1723149987534 1.0 608000
1723149999071 1.0 612000
1723150010286 1.0 616000
1723150021642 1.0 620000
1723150032936 1.0 624000
1723150044396 1.0 628000
1723150055836 1.0 632000
1723150067226 1.0 636000
1723150078867 1.0 640000
1723150090649 1.0 644000
1723150101974 1.0 648000
1723150113496 1.0 652000
1723150124837 1.0 656000
1723150136270 1.0 660000
1723150147532 1.0 664000
1723150158512 1.0 668000
1723150169720 1.0 672000
1723150180989 1.0 676000
1723150192325 1.0 680000
1723150203420 1.0 684000
1723150214427 1.0 688000
1723150225904 1.0 692000
1723150237264 1.0 696000
1723150249184 1.0 700000
1723150260665 1.0 704000
1723150272136 1.0 708000
1723150283663 1.0 712000
1723150295548 1.0 716000
1723150306751 1.0 720000
1723150319459 1.0 724000
1723150330855 1.0 728000
1723150342164 1.0 732000
1723150353456 1.0 736000
1723150365042 1.0 740000
1723150376354 1.0 744000
1723150387708 1.0 748000
1723150399148 1.0 752000
1723150410873 1.0 756000
1723150422331 1.0 760000
1723150433807 1.0 764000
1723150445047 1.0 768000
1723150456477 1.0 772000
1723150467480 1.0 776000
1723150479404 1.0 780000
1723150490816 1.0 784000
1723150505650 1.0 788000
1723150524391 1.0 792000
1723150543349 1.0 796000
1723150557343 1.0 800000
