1723147967107 0.0 4000
1723147979829 0.0 8000
1723147994320 0.0 12000
1723148013944 0.0 16000
1723148031052 0.0 20000
1723148046230 0.0 24000
1723148059795 0.0 28000
1723148071896 0.0 32000
1723148084713 0.0 36000
1723148097958 0.0 40000
1723148111829 0.0 44000
1723148124197 0.0 48000
1723148142621 0.0 52000
1723148155854 0.0 56000
1723148169097 0.0 60000
1723148181747 0.0 64000
1723148194577 0.0 68000
1723148209396 0.0 72000
1723148227434 0.0 76000
1723148243842 0.0 80000
1723148256648 0.0 84000
1723148271468 0.0 88000
1723148289392 0.0 92000
1723148307015 0.0 96000
1723148319617 0.0 100000
1723148331187 0.0 104000
1723148345224 0.0 108000
1723148365671 0.0 112000
1723148379140 0.0 116000
1723148392504 0.0 120000
1723148406270 0.0 124000
1723148418861 0.0 128000
1723148431906 0.0 132000
1723148444630 0.0 136000
1723148457889 0.0 140000
1723148470810 0.0 144000
1723148488485 0.0 148000
1723148501556 0.0 152000
1723148514672 0.0 156000
1723148529259 0.0 160000
1723148542137 0.0 164000
1723148554972 0.0 168000
1723148567376 0.0 172000
1723148583188 0.0 176000
1723148596464 0.0 180000
1723148610348 0.0 184000
1723148622762 0.0 188000
1723148636036 0.0 192000
1723148651225 0.0 196000
1723148665392 0.0 200000
1723148677459 0.0 204000
1723148689094 0.0 208000
1723148707240 0.0 212000
1723148723864 0.0 216000
1723148740377 0.0 220000
1723148756454 0.0 224000
1723148772485 0.0 228000
1723148789313 0.0 232000
1723148808661 0.0 236000
1723148823944 0.0 240000
1723148835916 0.0 244000
1723148848835 0.0 248000
1723148865047 0.0 252000
1723148884077 0.0 256000
1723148904704 0.0 260000
1723148916594 0.0 264000
1723148928558 0.0 268000
1723148940714 0.0 272000
1723148952392 0.0 276000
1723148963994 0.0 280000
1723148977285 0.0 284000
1723148988973 0.0 288000
1723149002169 0.0 292000
1723149014653 0.0 296000
1723149025917 0.0 300000
1723149037294 0.0 304000
1723149049589 0.0 308000
1723149067534 0.0 312000
1723149084198 0.0 316000
1723149103792 0.0 320000
1723149117469 0.0 324000
1723149131890 0.0 328000
1723149150976 0.0 332000
1723149166423 0.0 336000
1723149183030 0.0 340000
1723149199362 0.0 344000
1723149215907 0.0 348000
1723149234157 0.0 352000
1723149247242 0.0 356000
1723149259557 0.0 360000
1723149271971 0.0 364000
1723149283822 0.0 368000
1723149295709 0.0 372000
1723149307890 0.0 376000
1723149320436 0.0 380000
1723149332528 0.0 384000
1723149344621 0.0 388000
1723149356959 0.0 392000
1723149369064 0.0 396000
1723149380515 0.0 400000
1723149392326 0.0 404000
1723149403815 0.0 408000
1723149415325 0.0 412000
1723149427132 0.0 416000
1723149446045 0.0 420000
1723149459037 0.0 424000
1723149470542 0.0 428000
1723149481974 0.0 432000
1723149493711 0.0 436000
1723149505925 0.0 440000
1723149518244 0.0 444000
1723149529924 0.0 448000
1723149541621 0.0 452000
1723149552993 0.0 456000
1723149564541 0.0 460000
1723149576763 0.0 464000
1723149588388 0.0 468000
1723149599686 0.0 472000
1723149611056 0.0 476000
1723149622438 0.0 480000
1723149633598 0.0 484000
1723149645000 0.0 488000
1723149656069 0.0 492000
1723149667637 0.0 496000
1723149679019 0.0 500000
1723149690373 0.0 504000
1723149701705 0.0 508000
1723149712999 0.0 512000
1723149724375 0.0 516000
1723149735805 0.0 520000
1723149747288 0.0 524000
1723149759220 0.0 528000
1723149770858 0.0 532000
1723149782173 0.0 536000
1723149793486 0.0 540000
1723149804479 0.0 544000
1723149815915 0.0 548000
1723149826984 0.0 552000
1723149838278 0.0 556000
1723149850120 0.0 560000
1723149861298 0.0 564000
1723149872996 0.0 568000
1723149884363 0.0 572000
1723149895721 0.0 576000
1723149906929 0.0 580000
1723149918460 0.0 584000
1723149929876 0.0 588000
1723149941581 0.0 592000
1723149953003 0.0 596000
1723149964857 0.0 600000
1723149976122 0.0 604000
1723149987535 0.0 608000
1723149999071 0.0 612000
1723150010286 0.0 616000
1723150021642 0.0 620000
1723150032937 0.0 624000
1723150044397 0.0 628000
1723150055837 0.0 632000
1723150067227 0.0 636000
1723150078868 0.0 640000
1723150090650 0.0 644000
1723150101975 0.0 648000
1723150113497 0.0 652000
1723150124838 0.0 656000
1723150136270 0.0 660000
1723150147533 0.0 664000
1723150158513 0.0 668000
1723150169721 0.0 672000
1723150180990 0.0 676000
1723150192325 0.0 680000
1723150203421 0.0 684000
1723150214428 0.0 688000
1723150225904 0.0 692000
1723150237266 0.0 696000
1723150249185 0.0 700000
1723150260665 0.0 704000
1723150272137 0.0 708000
1723150283663 0.0 712000
1723150295548 0.0 716000
1723150306752 0.0 720000
1723150319459 0.0 724000
1723150330856 0.0 728000
1723150342165 0.0 732000
1723150353456 0.0 736000
1723150365042 0.0 740000
1723150376355 0.0 744000
1723150387708 0.0 748000
1723150399148 0.0 752000
1723150410873 0.0 756000
1723150422331 0.0 760000
1723150433808 0.0 764000
1723150445048 0.0 768000
1723150456478 0.0 772000
1723150467481 0.0 776000
1723150479405 0.0 780000
1723150490817 0.0 784000
1723150505651 0.0 788000
1723150524391 0.0 792000
1723150543350 0.0 796000
1723150557344 0.0 800000
