1723147967105 9.0 4000
1723147979828 9.0 8000
1723147994319 9.0 12000
1723148013943 9.0 16000
1723148031051 9.0 20000
1723148046229 9.0 24000
1723148059793 9.0 28000
1723148071895 9.0 32000
1723148084712 9.0 36000
1723148097957 9.0 40000
1723148111828 9.0 44000
1723148124196 9.0 48000
1723148142620 9.0 52000
1723148155852 9.0 56000
1723148169095 9.0 60000
1723148181746 9.0 64000
1723148194576 9.0 68000
1723148209395 9.0 72000
1723148227433 9.0 76000
1723148243841 9.0 80000
1723148256647 9.0 84000
1723148271467 9.0 88000
1723148289390 9.0 92000
1723148307014 9.0 96000
1723148319616 9.0 100000
1723148331186 9.0 104000
1723148345220 9.0 108000
1723148365669 9.0 112000
1723148379139 9.0 116000
1723148392503 9.0 120000
1723148406268 9.0 124000
1723148418860 9.0 128000
1723148431904 9.0 132000
1723148444629 9.0 136000
1723148457888 9.0 140000
1723148470809 9.0 144000
1723148488484 9.0 148000
1723148501555 9.0 152000
1723148514671 9.0 156000
1723148529258 9.0 160000
1723148542136 9.0 164000
1723148554971 9.0 168000
1723148567375 9.0 172000
1723148583187 9.0 176000
1723148596463 9.0 180000
1723148610346 9.0 184000
1723148622760 9.0 188000
1723148636034 9.0 192000
1723148651224 9.0 196000
1723148665391 9.0 200000
1723148677458 9.0 204000
1723148689093 9.0 208000
1723148707239 9.0 212000
1723148723863 9.0 216000
1723148740376 9.0 220000
1723148756453 9.0 224000
1723148772483 9.0 228000
1723148789312 9.0 232000
1723148808660 9.0 236000
1723148823943 9.0 240000
1723148835915 9.0 244000
1723148848833 9.0 248000
1723148865046 9.0 252000
1723148884075 9.0 256000
1723148904703 9.0 260000
1723148916593 9.0 264000
1723148928556 9.0 268000
1723148940713 9.0 272000
1723148952391 9.0 276000
1723148963993 9.0 280000
1723148977284 9.0 284000
1723148988972 9.0 288000
1723149002167 9.0 292000
1723149014652 9.0 296000
1723149025915 9.0 300000
1723149037292 9.0 304000
1723149049588 9.0 308000
1723149067533 9.0 312000
1723149084197 9.0 316000
1723149103791 9.0 320000
1723149117468 9.0 324000
1723149131888 9.0 328000
1723149150975 9.0 332000
1723149166422 9.0 336000
1723149183029 9.0 340000
1723149199361 9.0 344000
1723149215906 9.0 348000
1723149234156 9.0 352000
1723149247241 9.0 356000
1723149259556 9.0 360000
1723149271970 9.0 364000
1723149283821 9.0 368000
1723149295708 9.0 372000
1723149307889 9.0 376000
1723149320435 9.0 380000
1723149332527 9.0 384000
1723149344620 9.0 388000
1723149356958 9.0 392000
1723149369062 9.0 396000
1723149380514 9.0 400000
1723149392325 9.0 404000
1723149403814 9.0 408000
1723149415324 9.0 412000
1723149427131 9.0 416000
1723149446043 9.0 420000
1723149459036 9.0 424000
1723149470541 9.0 428000
1723149481973 9.0 432000
1723149493710 9.0 436000
1723149505924 9.0 440000
1723149518243 9.0 444000
1723149529923 9.0 448000
1723149541620 9.0 452000
1723149552992 9.0 456000
1723149564540 9.0 460000
1723149576762 9.0 464000
1723149588387 9.0 468000
1723149599685 9.0 472000
1723149611055 9.0 476000
1723149622437 9.0 480000
1723149633597 9.0 484000
1723149644999 9.0 488000
1723149656068 9.0 492000
1723149667636 9.0 496000
1723149679018 9.0 500000
1723149690371 9.0 504000
1723149701704 9.0 508000
1723149712998 9.0 512000
1723149724374 9.0 516000
1723149735804 9.0 520000
1723149747287 9.0 524000
1723149759219 9.0 528000
1723149770857 9.0 532000
1723149782172 9.0 536000
1723149793485 9.0 540000
1723149804478 9.0 544000
1723149815914 9.0 548000
1723149826983 9.0 552000
1723149838276 9.0 556000
1723149850119 9.0 560000
1723149861297 9.0 564000
1723149872995 9.0 568000
1723149884362 9.0 572000
1723149895720 9.0 576000
1723149906928 9.0 580000
1723149918459 9.0 584000
1723149929875 9.0 588000
1723149941580 9.0 592000
1723149953002 9.0 596000
1723149964856 9.0 600000
1723149976121 9.0 604000
1723149987534 9.0 608000
1723149999070 9.0 612000
1723150010285 9.0 616000
1723150021641 9.0 620000
1723150032935 9.0 624000
1723150044396 9.0 628000
1723150055835 9.0 632000
1723150067226 9.0 636000
1723150078867 9.0 640000
1723150090649 9.0 644000
1723150101974 9.0 648000
1723150113496 9.0 652000
1723150124837 9.0 656000
1723150136269 9.0 660000
1723150147532 9.0 664000
1723150158512 9.0 668000
1723150169720 9.0 672000
1723150180989 9.0 676000
1723150192324 9.0 680000
1723150203420 9.0 684000
1723150214427 9.0 688000
1723150225903 9.0 692000
1723150237264 9.0 696000
1723150249184 9.0 700000
1723150260664 9.0 704000
1723150272136 9.0 708000
1723150283662 9.0 712000
1723150295547 9.0 716000
1723150306751 9.0 720000
1723150319458 9.0 724000
1723150330855 9.0 728000
1723150342164 9.0 732000
1723150353455 9.0 736000
1723150365041 9.0 740000
1723150376354 9.0 744000
1723150387707 9.0 748000
1723150399147 9.0 752000
1723150410872 9.0 756000
1723150422330 9.0 760000
1723150433807 9.0 764000
1723150445046 9.0 768000
1723150456476 9.0 772000
1723150467480 9.0 776000
1723150479404 9.0 780000
1723150490816 9.0 784000
1723150505650 9.0 788000
1723150524390 9.0 792000
1723150543348 9.0 796000
1723150557343 9.0 800000
