1723147967064 0.0 4000
1723147979794 0.0 8000
1723147994279 0.0 12000
1723148013906 0.0 16000
1723148031012 0.0 20000
1723148046187 0.0 24000
1723148059759 0.0 28000
1723148071860 0.0 32000
1723148084677 0.0 36000
1723148097916 0.0 40000
1723148111793 0.0 44000
1723148124158 0.0 48000
1723148142584 0.0 52000
1723148155819 0.0 56000
1723148169060 0.0 60000
1723148181711 0.0 64000
1723148194542 0.0 68000
1723148209357 0.0 72000
1723148227389 0.0 76000
1723148243800 0.0 80000
1723148256612 0.0 84000
1723148271430 0.0 88000
1723148289352 0.0 92000
1723148306974 0.0 96000
1723148319583 0.0 100000
1723148331152 0.0 104000
1723148345158 0.0 108000
1723148365626 0.0 112000
1723148379103 0.0 116000
1723148392466 0.0 120000
1723148406233 0.0 124000
1723148418825 0.0 128000
1723148431871 0.0 132000
1723148444593 0.0 136000
1723148457854 0.0 140000
1723148470774 0.0 144000
1723148488447 0.0 148000
1723148501518 0.0 152000
1723148514635 0.0 156000
1723148529222 0.0 160000
1723148542101 0.0 164000
1723148554937 0.0 168000
1723148567339 0.0 172000
1723148583149 0.0 176000
1723148596428 0.0 180000
1723148610311 0.0 184000
1723148622725 0.0 188000
1723148635997 0.0 192000
1723148651189 0.0 196000
1723148665348 0.0 200000
1723148677423 0.0 204000
1723148689058 0.0 208000
1723148707199 0.0 212000
1723148723827 0.0 216000
1723148740339 0.0 220000
1723148756417 0.0 224000
1723148772445 0.0 228000
1723148789275 0.0 232000
1723148808619 0.0 236000
1723148823908 0.0 240000
1723148835881 0.0 244000
1723148848798 0.0 248000
1723148864999 0.0 252000
1723148884036 0.0 256000
1723148904666 0.0 260000
1723148916560 0.0 264000
1723148928515 0.0 268000
1723148940678 0.0 272000
1723148952353 0.0 276000
1723148963957 0.0 280000
1723148977249 0.0 284000
1723148988936 0.0 288000
1723149002131 0.0 292000
1723149014619 0.0 296000
1723149025882 0.0 300000
1723149037256 0.0 304000
1723149049554 0.0 308000
1723149067496 0.0 312000
1723149084157 0.0 316000
1723149103750 0.0 320000
1723149117432 0.0 324000
1723149131853 0.0 328000
1723149150938 0.0 332000
1723149166381 0.0 336000
1723149182993 0.0 340000
1723149199319 0.0 344000
1723149215870 0.0 348000
1723149234110 0.0 352000
1723149247207 0.0 356000
1723149259522 0.0 360000
1723149271936 0.0 364000
1723149283785 0.0 368000
1723149295675 0.0 372000
1723149307854 0.0 376000
1723149320402 0.0 380000
1723149332492 0.0 384000
1723149344586 0.0 388000
1723149356924 0.0 392000
1723149369028 0.0 396000
1723149380479 0.0 400000
1723149392291 0.0 404000
1723149403780 0.0 408000
1723149415290 0.0 412000
1723149427065 0.0 416000
1723149446006 0.0 420000
1723149459002 0.0 424000
1723149470507 0.0 428000
1723149481939 0.0 432000
1723149493674 0.0 436000
1723149505889 0.0 440000
1723149518208 0.0 444000
1723149529889 0.0 448000
1723149541586 0.0 452000
1723149552959 0.0 456000
1723149564507 0.0 460000
1723149576729 0.0 464000
1723149588350 0.0 468000
1723149599651 0.0 472000
1723149611021 0.0 476000
1723149622403 0.0 480000
1723149633564 0.0 484000
1723149644966 0.0 488000
1723149656034 0.0 492000
1723149667602 0.0 496000
1723149678984 0.0 500000
1723149690338 0.0 504000
1723149701671 0.0 508000
1723149712963 0.0 512000
1723149724340 0.0 516000
1723149735770 0.0 520000
1723149747253 0.0 524000
1723149759186 0.0 528000
1723149770823 0.0 532000
1723149782139 0.0 536000
1723149793450 0.0 540000
1723149804444 0.0 544000
1723149815880 0.0 548000
1723149826948 0.0 552000
1723149838242 0.0 556000
1723149850086 0.0 560000
1723149861264 0.0 564000
1723149872962 0.0 568000
1723149884329 0.0 572000
1723149895686 0.0 576000
1723149906894 0.0 580000
1723149918426 0.0 584000
1723149929842 0.0 588000
1723149941546 0.0 592000
1723149952965 0.0 596000
1723149964821 0.0 600000
1723149976087 0.0 604000
1723149987500 0.0 608000
1723149999035 0.0 612000
1723150010252 0.0 616000
1723150021607 0.0 620000
1723150032902 0.0 624000
1723150044362 0.0 628000
1723150055802 0.0 632000
1723150067191 0.0 636000
1723150078827 0.0 640000
1723150090616 0.0 644000
1723150101940 0.0 648000
1723150113462 0.0 652000
1723150124802 0.0 656000
1723150136234 0.0 660000
1723150147498 0.0 664000
1723150158478 0.0 668000
1723150169685 0.0 672000
1723150180955 0.0 676000
1723150192290 0.0 680000
1723150203385 0.0 684000
1723150214392 0.0 688000
1723150225868 0.0 692000
1723150237230 0.0 696000
1723150249150 0.0 700000
1723150260630 0.0 704000
1723150272097 0.0 708000
1723150283628 0.0 712000
1723150295513 0.0 716000
1723150306705 0.0 720000
1723150319423 0.0 724000
1723150330819 0.0 728000
1723150342128 0.0 732000
1723150353421 0.0 736000
1723150365007 0.0 740000
1723150376319 0.0 744000
1723150387674 0.0 748000
1723150399113 0.0 752000
1723150410838 0.0 756000
1723150422297 0.0 760000
1723150433772 0.0 764000
1723150445011 0.0 768000
1723150456442 0.0 772000
1723150467444 0.0 776000
1723150479369 0.0 780000
1723150490782 0.0 784000
1723150505613 0.0 788000
1723150524352 0.0 792000
1723150543313 0.0 796000
1723150557308 0.0 800000
