1723147967079 0.0 4000
1723147979807 0.0 8000
1723147994295 0.0 12000
1723148013921 0.0 16000
1723148031028 0.0 20000
1723148046203 0.0 24000
1723148059773 0.0 28000
1723148071874 0.0 32000
1723148084691 0.0 36000
1723148097932 0.0 40000
1723148111806 0.0 44000
1723148124172 0.0 48000
1723148142598 0.0 52000
1723148155832 0.0 56000
1723148169074 0.0 60000
1723148181725 0.0 64000
1723148194555 0.0 68000
1723148209370 0.0 72000
1723148227403 0.0 76000
1723148243815 0.0 80000
1723148256625 0.0 84000
1723148271444 0.0 88000
1723148289366 0.0 92000
1723148306990 0.0 96000
1723148319596 0.0 100000
1723148331165 0.0 104000
1723148345180 0.0 108000
1723148365645 0.0 112000
1723148379116 0.0 116000
1723148392480 0.0 120000
1723148406246 0.0 124000
1723148418838 0.0 128000
1723148431884 0.0 132000
1723148444607 0.0 136000
1723148457867 0.0 140000
1723148470787 0.0 144000
1723148488461 0.0 148000
1723148501532 0.0 152000
1723148514650 0.0 156000
1723148529236 0.0 160000
1723148542115 0.0 164000
1723148554950 0.0 168000
1723148567352 0.0 172000
1723148583164 0.0 176000
1723148596441 0.0 180000
1723148610324 0.0 184000
1723148622739 0.0 188000
1723148636011 0.0 192000
1723148651203 0.0 196000
1723148665366 0.0 200000
1723148677436 0.0 204000
1723148689072 0.0 208000
1723148707216 0.0 212000
1723148723841 0.0 216000
1723148740354 0.0 220000
1723148756431 0.0 224000
1723148772459 0.0 228000
1723148789290 0.0 232000
1723148808636 0.0 236000
1723148823922 0.0 240000
1723148835894 0.0 244000
1723148848812 0.0 248000
1723148865017 0.0 252000
1723148884051 0.0 256000
1723148904680 0.0 260000
1723148916573 0.0 264000
1723148928534 0.0 268000
1723148940691 0.0 272000
1723148952367 0.0 276000
1723148963971 0.0 280000
1723148977263 0.0 284000
1723148988949 0.0 288000
1723149002145 0.0 292000
1723149014632 0.0 296000
1723149025895 0.0 300000
1723149037270 0.0 304000
1723149049567 0.0 308000
1723149067510 0.0 312000
1723149084172 0.0 316000
1723149103764 0.0 320000
1723149117445 0.0 324000
1723149131867 0.0 328000
1723149150953 0.0 332000
1723149166395 0.0 336000
1723149183007 0.0 340000
1723149199339 0.0 344000
1723149215884 0.0 348000
1723149234125 0.0 352000
1723149247220 0.0 356000
1723149259535 0.0 360000
1723149271949 0.0 364000
1723149283799 0.0 368000
1723149295687 0.0 372000
1723149307867 0.0 376000
1723149320414 0.0 380000
1723149332505 0.0 384000
1723149344599 0.0 388000
1723149356937 0.0 392000
1723149369041 0.0 396000
1723149380492 0.0 400000
1723149392304 0.0 404000
1723149403793 0.0 408000
1723149415303 0.0 412000
1723149427094 0.0 416000
1723149446020 0.0 420000
1723149459014 0.0 424000
1723149470520 0.0 428000
1723149481952 0.0 432000
1723149493688 0.0 436000
1723149505903 0.0 440000
1723149518221 0.0 444000
1723149529902 0.0 448000
1723149541598 0.0 452000
1723149552972 0.0 456000
1723149564520 0.0 460000
1723149576741 0.0 464000
1723149588364 0.0 468000
1723149599664 0.0 472000
1723149611034 0.0 476000
1723149622416 0.0 480000
1723149633576 0.0 484000
1723149644979 0.0 488000
1723149656047 0.0 492000
1723149667615 0.0 496000
1723149678997 0.0 500000
1723149690351 0.0 504000
1723149701683 0.0 508000
1723149712976 0.0 512000
1723149724353 0.0 516000
1723149735783 0.0 520000
1723149747267 0.0 524000
1723149759199 0.0 528000
1723149770836 0.0 532000
1723149782152 0.0 536000
1723149793463 0.0 540000
1723149804457 0.0 544000
1723149815893 0.0 548000
1723149826962 0.0 552000
1723149838256 0.0 556000
1723149850099 0.0 560000
1723149861277 0.0 564000
1723149872975 0.0 568000
1723149884341 0.0 572000
1723149895699 0.0 576000
1723149906907 0.0 580000
1723149918439 0.0 584000
1723149929855 0.0 588000
1723149941559 0.0 592000
1723149952980 0.0 596000
1723149964835 0.0 600000
1723149976100 0.0 604000
1723149987513 0.0 608000
1723149999049 0.0 612000
1723150010265 0.0 616000
1723150021620 0.0 620000
1723150032915 0.0 624000
1723150044375 0.0 628000
1723150055815 0.0 632000
1723150067205 0.0 636000
1723150078845 0.0 640000
1723150090628 0.0 644000
1723150101953 0.0 648000
1723150113475 0.0 652000
1723150124815 0.0 656000
1723150136248 0.0 660000
1723150147511 0.0 664000
1723150158491 0.0 668000
1723150169699 0.0 672000
1723150180968 0.0 676000
1723150192303 0.0 680000
1723150203399 0.0 684000
1723150214405 0.0 688000
1723150225882 0.0 692000
1723150237243 0.0 696000
1723150249163 0.0 700000
1723150260643 0.0 704000
1723150272111 0.0 708000
1723150283641 0.0 712000
1723150295526 0.0 716000
1723150306729 0.0 720000
1723150319437 0.0 724000
1723150330833 0.0 728000
1723150342143 0.0 732000
1723150353434 0.0 736000
1723150365020 0.0 740000
1723150376332 0.0 744000
1723150387686 0.0 748000
1723150399126 0.0 752000
1723150410851 0.0 756000
1723150422310 0.0 760000
1723150433785 0.0 764000
1723150445025 0.0 768000
1723150456455 0.0 772000
1723150467458 0.0 776000
1723150479383 0.0 780000
1723150490795 0.0 784000
1723150505627 0.0 788000
1723150524367 0.0 792000
1723150543326 0.0 796000
1723150557322 0.0 800000
