1723147967072 0.0 4000
1723147979800 0.0 8000
1723147994288 0.0 12000
1723148013914 0.0 16000
1723148031020 0.0 20000
1723148046195 0.0 24000
1723148059766 0.0 28000
1723148071867 0.0 32000
1723148084684 0.0 36000
1723148097923 0.0 40000
1723148111800 0.0 44000
1723148124165 0.0 48000
1723148142592 0.0 52000
1723148155826 0.0 56000
1723148169067 0.0 60000
1723148181718 0.0 64000
1723148194549 0.0 68000
1723148209364 0.0 72000
1723148227396 0.0 76000
1723148243808 0.0 80000
1723148256619 0.0 84000
1723148271438 0.0 88000
1723148289359 0.0 92000
1723148306982 0.0 96000
1723148319589 0.0 100000
1723148331159 0.0 104000
1723148345168 0.0 108000
1723148365638 0.0 112000
1723148379110 0.0 116000
1723148392473 0.0 120000
1723148406240 0.0 124000
1723148418832 0.0 128000
1723148431877 0.0 132000
1723148444601 0.0 136000
1723148457861 0.0 140000
1723148470780 0.0 144000
1723148488455 0.0 148000
1723148501525 0.0 152000
1723148514643 0.0 156000
1723148529230 0.0 160000
1723148542108 0.0 164000
1723148554944 0.0 168000
1723148567346 0.0 172000
1723148583157 0.0 176000
1723148596435 0.0 180000
1723148610317 0.0 184000
1723148622733 0.0 188000
1723148636004 0.0 192000
1723148651197 0.0 196000
1723148665359 0.0 200000
1723148677430 0.0 204000
1723148689065 0.0 208000
1723148707208 0.0 212000
1723148723834 0.0 216000
1723148740346 0.0 220000
1723148756425 0.0 224000
1723148772452 0.0 228000
1723148789283 0.0 232000
1723148808627 0.0 236000
1723148823915 0.0 240000
1723148835887 0.0 244000
1723148848805 0.0 248000
1723148865010 0.0 252000
1723148884044 0.0 256000
1723148904673 0.0 260000
1723148916566 0.0 264000
1723148928526 0.0 268000
1723148940684 0.0 272000
1723148952360 0.0 276000
1723148963964 0.0 280000
1723148977256 0.0 284000
1723148988943 0.0 288000
1723149002139 0.0 292000
1723149014626 0.0 296000
1723149025889 0.0 300000
1723149037263 0.0 304000
1723149049561 0.0 308000
1723149067503 0.0 312000
1723149084165 0.0 316000
1723149103757 0.0 320000
1723149117439 0.0 324000
1723149131860 0.0 328000
1723149150946 0.0 332000
1723149166388 0.0 336000
1723149183000 0.0 340000
1723149199327 0.0 344000
1723149215878 0.0 348000
1723149234117 0.0 352000
1723149247213 0.0 356000
1723149259528 0.0 360000
1723149271943 0.0 364000
1723149283793 0.0 368000
1723149295681 0.0 372000
1723149307860 0.0 376000
1723149320408 0.0 380000
1723149332499 0.0 384000
1723149344593 0.0 388000
1723149356930 0.0 392000
1723149369035 0.0 396000
1723149380486 0.0 400000
1723149392298 0.0 404000
1723149403787 0.0 408000
1723149415297 0.0 412000
1723149427085 0.0 416000
1723149446013 0.0 420000
1723149459008 0.0 424000
1723149470514 0.0 428000
1723149481946 0.0 432000
1723149493681 0.0 436000
1723149505896 0.0 440000
1723149518215 0.0 444000
1723149529896 0.0 448000
1723149541592 0.0 452000
1723149552965 0.0 456000
1723149564513 0.0 460000
1723149576735 0.0 464000
1723149588357 0.0 468000
1723149599658 0.0 472000
1723149611028 0.0 476000
1723149622410 0.0 480000
1723149633570 0.0 484000
1723149644972 0.0 488000
1723149656040 0.0 492000
1723149667609 0.0 496000
1723149678991 0.0 500000
1723149690344 0.0 504000
1723149701677 0.0 508000
1723149712970 0.0 512000
1723149724347 0.0 516000
1723149735776 0.0 520000
1723149747260 0.0 524000
1723149759192 0.0 528000
1723149770830 0.0 532000
1723149782145 0.0 536000
1723149793457 0.0 540000
1723149804451 0.0 544000
1723149815886 0.0 548000
1723149826955 0.0 552000
1723149838249 0.0 556000
1723149850092 0.0 560000
1723149861271 0.0 564000
1723149872969 0.0 568000
1723149884335 0.0 572000
1723149895693 0.0 576000
1723149906901 0.0 580000
1723149918432 0.0 584000
1723149929849 0.0 588000
1723149941553 0.0 592000
1723149952973 0.0 596000
1723149964828 0.0 600000
1723149976094 0.0 604000
1723149987507 0.0 608000
1723149999043 0.0 612000
1723150010258 0.0 616000
1723150021614 0.0 620000
1723150032909 0.0 624000
1723150044369 0.0 628000
1723150055809 0.0 632000
1723150067198 0.0 636000
1723150078835 0.0 640000
1723150090622 0.0 644000
1723150101946 0.0 648000
1723150113469 0.0 652000
1723150124809 0.0 656000
1723150136241 0.0 660000
1723150147504 0.0 664000
1723150158484 0.0 668000
1723150169692 0.0 672000
1723150180962 0.0 676000
1723150192297 0.0 680000
1723150203393 0.0 684000
1723150214399 0.0 688000
1723150225875 0.0 692000
1723150237237 0.0 696000
1723150249157 0.0 700000
1723150260636 0.0 704000
1723150272104 0.0 708000
1723150283635 0.0 712000
1723150295520 0.0 716000
1723150306720 0.0 720000
1723150319431 0.0 724000
1723150330826 0.0 728000
1723150342136 0.0 732000
1723150353428 0.0 736000
1723150365014 0.0 740000
1723150376326 0.0 744000
1723150387680 0.0 748000
1723150399120 0.0 752000
1723150410845 0.0 756000
1723150422303 0.0 760000
1723150433779 0.0 764000
1723150445018 0.0 768000
1723150456449 0.0 772000
1723150467452 0.0 776000
1723150479375 0.0 780000
1723150490789 0.0 784000
1723150505620 0.0 788000
1723150524360 0.0 792000
1723150543319 0.0 796000
1723150557315 0.0 800000
