1723147967090 0.0 4000
1723147979816 0.0 8000
1723147994305 0.0 12000
1723148013930 0.0 16000
1723148031037 0.0 20000
1723148046214 0.0 24000
1723148059781 0.0 28000
1723148071882 0.0 32000
1723148084700 0.0 36000
1723148097941 0.0 40000
1723148111816 0.0 44000
1723148124182 0.0 48000
1723148142607 0.0 52000
1723148155841 0.0 56000
1723148169083 0.0 60000
1723148181734 0.0 64000
1723148194564 0.0 68000
1723148209380 0.0 72000
1723148227417 0.0 76000
1723148243826 0.0 80000
1723148256635 0.0 84000
1723148271454 0.0 88000
1723148289376 0.0 92000
1723148307001 0.0 96000
1723148319604 0.0 100000
1723148331174 0.0 104000
1723148345190 0.0 108000
1723148365655 0.0 112000
1723148379126 0.0 116000
1723148392490 0.0 120000
1723148406256 0.0 124000
1723148418847 0.0 128000
1723148431893 0.0 132000
1723148444616 0.0 136000
1723148457876 0.0 140000
1723148470797 0.0 144000
1723148488471 0.0 148000
1723148501542 0.0 152000
1723148514659 0.0 156000
1723148529246 0.0 160000
1723148542124 0.0 164000
1723148554959 0.0 168000
1723148567362 0.0 172000
1723148583174 0.0 176000
1723148596450 0.0 180000
1723148610333 0.0 184000
1723148622748 0.0 188000
1723148636021 0.0 192000
1723148651211 0.0 196000
1723148665375 0.0 200000
1723148677445 0.0 204000
1723148689081 0.0 208000
1723148707225 0.0 212000
1723148723850 0.0 216000
1723148740363 0.0 220000
1723148756441 0.0 224000
1723148772469 0.0 228000
1723148789300 0.0 232000
1723148808645 0.0 236000
1723148823931 0.0 240000
1723148835903 0.0 244000
1723148848821 0.0 248000
1723148865028 0.0 252000
1723148884061 0.0 256000
1723148904689 0.0 260000
1723148916581 0.0 264000
1723148928544 0.0 268000
1723148940701 0.0 272000
1723148952377 0.0 276000
1723148963980 0.0 280000
1723148977272 0.0 284000
1723148988959 0.0 288000
1723149002155 0.0 292000
1723149014640 0.0 296000
1723149025904 0.0 300000
1723149037280 0.0 304000
1723149049576 0.0 308000
1723149067519 0.0 312000
1723149084182 0.0 316000
1723149103775 0.0 320000
1723149117455 0.0 324000
1723149131876 0.0 328000
1723149150962 0.0 332000
1723149166406 0.0 336000
1723149183016 0.0 340000
1723149199349 0.0 344000
1723149215894 0.0 348000
1723149234135 0.0 352000
1723149247229 0.0 356000
1723149259543 0.0 360000
1723149271958 0.0 364000
1723149283808 0.0 368000
1723149295696 0.0 372000
1723149307876 0.0 376000
1723149320423 0.0 380000
1723149332515 0.0 384000
1723149344608 0.0 388000
1723149356946 0.0 392000
1723149369050 0.0 396000
1723149380501 0.0 400000
1723149392313 0.0 404000
1723149403802 0.0 408000
1723149415312 0.0 412000
1723149427114 0.0 416000
1723149446029 0.0 420000
1723149459023 0.0 424000
1723149470529 0.0 428000
1723149481961 0.0 432000
1723149493697 0.0 436000
1723149505912 0.0 440000
1723149518230 0.0 444000
1723149529911 0.0 448000
1723149541608 0.0 452000
1723149552980 0.0 456000
1723149564529 0.0 460000
1723149576750 0.0 464000
1723149588373 0.0 468000
1723149599673 0.0 472000
1723149611043 0.0 476000
1723149622425 0.0 480000
1723149633585 0.0 484000
1723149644987 0.0 488000
1723149656056 0.0 492000
1723149667624 0.0 496000
1723149679006 0.0 500000
1723149690359 0.0 504000
1723149701692 0.0 508000
1723149712985 0.0 512000
1723149724362 0.0 516000
1723149735791 0.0 520000
1723149747275 0.0 524000
1723149759207 0.0 528000
1723149770845 0.0 532000
1723149782160 0.0 536000
1723149793472 0.0 540000
1723149804466 0.0 544000
1723149815902 0.0 548000
1723149826971 0.0 552000
1723149838265 0.0 556000
1723149850107 0.0 560000
1723149861286 0.0 564000
1723149872984 0.0 568000
1723149884350 0.0 572000
1723149895708 0.0 576000
1723149906916 0.0 580000
1723149918447 0.0 584000
1723149929863 0.0 588000
1723149941568 0.0 592000
1723149952989 0.0 596000
1723149964843 0.0 600000
1723149976109 0.0 604000
1723149987522 0.0 608000
1723149999058 0.0 612000
1723150010274 0.0 616000
1723150021629 0.0 620000
1723150032923 0.0 624000
1723150044384 0.0 628000
1723150055824 0.0 632000
1723150067214 0.0 636000
1723150078854 0.0 640000
1723150090637 0.0 644000
1723150101962 0.0 648000
1723150113484 0.0 652000
1723150124825 0.0 656000
1723150136257 0.0 660000
1723150147520 0.0 664000
1723150158500 0.0 668000
1723150169708 0.0 672000
1723150180977 0.0 676000
1723150192312 0.0 680000
1723150203408 0.0 684000
1723150214414 0.0 688000
1723150225891 0.0 692000
1723150237252 0.0 696000
1723150249172 0.0 700000
1723150260652 0.0 704000
1723150272120 0.0 708000
1723150283650 0.0 712000
1723150295535 0.0 716000
1723150306738 0.0 720000
1723150319446 0.0 724000
1723150330842 0.0 728000
1723150342152 0.0 732000
1723150353443 0.0 736000
1723150365029 0.0 740000
1723150376341 0.0 744000
1723150387695 0.0 748000
1723150399135 0.0 752000
1723150410860 0.0 756000
1723150422318 0.0 760000
1723150433794 0.0 764000
1723150445034 0.0 768000
1723150456464 0.0 772000
1723150467467 0.0 776000
1723150479392 0.0 780000
1723150490804 0.0 784000
1723150505637 0.0 788000
1723150524377 0.0 792000
1723150543336 0.0 796000
1723150557331 0.0 800000
