1723147967094 -1.0 4000
1723147979820 -1.0 8000
1723147994309 -1.0 12000
1723148013934 -1.0 16000
1723148031041 -1.0 20000
1723148046219 -1.0 24000
1723148059785 -1.0 28000
1723148071886 -1.0 32000
1723148084704 -1.0 36000
1723148097945 -1.0 40000
1723148111820 -1.0 44000
1723148124186 -1.0 48000
1723148142612 -1.0 52000
1723148155845 -1.0 56000
1723148169087 -1.0 60000
1723148181738 -1.0 64000
1723148194568 -1.0 68000
1723148209384 -1.0 72000
1723148227423 -1.0 76000
1723148243832 -1.0 80000
1723148256639 -1.0 84000
1723148271459 -1.0 88000
1723148289381 -1.0 92000
1723148307005 -1.0 96000
1723148319608 -1.0 100000
1723148331178 -1.0 104000
1723148345194 -1.0 108000
1723148365659 -1.0 112000
1723148379130 -1.0 116000
1723148392494 -1.0 120000
1723148406260 -1.0 124000
1723148418851 -1.0 128000
1723148431897 -1.0 132000
1723148444620 -1.0 136000
1723148457880 -1.0 140000
1723148470801 -1.0 144000
1723148488475 -1.0 148000
1723148501546 -1.0 152000
1723148514663 -1.0 156000
1723148529250 -1.0 160000
1723148542128 -1.0 164000
1723148554963 -1.0 168000
1723148567366 -1.0 172000
1723148583178 -1.0 176000
1723148596454 -1.0 180000
1723148610337 -1.0 184000
1723148622752 -1.0 188000
1723148636026 -1.0 192000
1723148651216 -1.0 196000
1723148665379 -1.0 200000
1723148677449 -1.0 204000
1723148689085 -1.0 208000
1723148707229 -1.0 212000
1723148723855 -1.0 216000
1723148740367 -1.0 220000
1723148756445 -1.0 224000
1723148772473 -1.0 228000
1723148789303 -1.0 232000
1723148808650 -1.0 236000
1723148823935 -1.0 240000
1723148835907 -1.0 244000
1723148848825 -1.0 248000
1723148865033 -1.0 252000
1723148884065 -1.0 256000
1723148904693 -1.0 260000
1723148916585 -1.0 264000
1723148928548 -1.0 268000
1723148940705 -1.0 272000
1723148952381 -1.0 276000
1723148963984 -1.0 280000
1723148977276 -1.0 284000
1723148988963 -1.0 288000
1723149002159 -1.0 292000
1723149014644 -1.0 296000
1723149025908 -1.0 300000
1723149037284 -1.0 304000
1723149049580 -1.0 308000
1723149067524 -1.0 312000
1723149084187 -1.0 316000
1723149103780 -1.0 320000
1723149117459 -1.0 324000
1723149131880 -1.0 328000
1723149150966 -1.0 332000
1723149166414 -1.0 336000
1723149183020 -1.0 340000
1723149199353 -1.0 344000
1723149215897 -1.0 348000
1723149234139 -1.0 352000
1723149247233 -1.0 356000
1723149259547 -1.0 360000
1723149271962 -1.0 364000
1723149283813 -1.0 368000
1723149295700 -1.0 372000
1723149307881 -1.0 376000
1723149320427 -1.0 380000
1723149332518 -1.0 384000
1723149344612 -1.0 388000
1723149356950 -1.0 392000
1723149369054 -1.0 396000
1723149380505 -1.0 400000
1723149392317 -1.0 404000
1723149403806 -1.0 408000
1723149415316 -1.0 412000
1723149427119 -1.0 416000
1723149446034 -1.0 420000
1723149459028 -1.0 424000
1723149470533 -1.0 428000
1723149481965 -1.0 432000
1723149493701 -1.0 436000
1723149505916 -1.0 440000
1723149518234 -1.0 444000
1723149529915 -1.0 448000
1723149541611 -1.0 452000
1723149552984 -1.0 456000
1723149564532 -1.0 460000
1723149576754 -1.0 464000
1723149588378 -1.0 468000
1723149599677 -1.0 472000
1723149611047 -1.0 476000
1723149622429 -1.0 480000
1723149633589 -1.0 484000
1723149644991 -1.0 488000
1723149656059 -1.0 492000
1723149667628 -1.0 496000
1723149679010 -1.0 500000
1723149690363 -1.0 504000
1723149701696 -1.0 508000
1723149712989 -1.0 512000
1723149724366 -1.0 516000
1723149735795 -1.0 520000
1723149747279 -1.0 524000
1723149759211 -1.0 528000
1723149770849 -1.0 532000
1723149782164 -1.0 536000
1723149793476 -1.0 540000
1723149804470 -1.0 544000
1723149815906 -1.0 548000
1723149826975 -1.0 552000
1723149838268 -1.0 556000
1723149850111 -1.0 560000
1723149861289 -1.0 564000
1723149872987 -1.0 568000
1723149884354 -1.0 572000
1723149895712 -1.0 576000
1723149906920 -1.0 580000
1723149918451 -1.0 584000
1723149929867 -1.0 588000
1723149941572 -1.0 592000
1723149952993 -1.0 596000
1723149964847 -1.0 600000
1723149976112 -1.0 604000
1723149987526 -1.0 608000
1723149999062 -1.0 612000
1723150010277 -1.0 616000
1723150021633 -1.0 620000
1723150032927 -1.0 624000
1723150044388 -1.0 628000
1723150055828 -1.0 632000
1723150067217 -1.0 636000
1723150078858 -1.0 640000
1723150090641 -1.0 644000
1723150101966 -1.0 648000
1723150113488 -1.0 652000
1723150124829 -1.0 656000
1723150136261 -1.0 660000
1723150147523 -1.0 664000
1723150158503 -1.0 668000
1723150169712 -1.0 672000
1723150180981 -1.0 676000
1723150192316 -1.0 680000
1723150203412 -1.0 684000
1723150214418 -1.0 688000
1723150225895 -1.0 692000
1723150237256 -1.0 696000
1723150249176 -1.0 700000
1723150260656 -1.0 704000
1723150272124 -1.0 708000
1723150283654 -1.0 712000
1723150295539 -1.0 716000
1723150306742 -1.0 720000
1723150319450 -1.0 724000
1723150330846 -1.0 728000
1723150342156 -1.0 732000
1723150353447 -1.0 736000
1723150365033 -1.0 740000
1723150376345 -1.0 744000
1723150387699 -1.0 748000
1723150399139 -1.0 752000
1723150410864 -1.0 756000
1723150422322 -1.0 760000
1723150433798 -1.0 764000
1723150445038 -1.0 768000
1723150456468 -1.0 772000
1723150467472 -1.0 776000
1723150479396 -1.0 780000
1723150490808 -1.0 784000
1723150505641 -1.0 788000
1723150524381 -1.0 792000
1723150543340 -1.0 796000
1723150557335 -1.0 800000
