1723147967075 4000.0 4000
1723147979803 4000.0 8000
1723147994291 4000.0 12000
1723148013917 4000.0 16000
1723148031023 4000.0 20000
1723148046198 4000.0 24000
1723148059769 4000.0 28000
1723148071870 4000.0 32000
1723148084687 4000.0 36000
1723148097927 4000.0 40000
1723148111803 4000.0 44000
1723148124168 4000.0 48000
1723148142595 4000.0 52000
1723148155829 4000.0 56000
1723148169070 4000.0 60000
1723148181721 4000.0 64000
1723148194551 4000.0 68000
1723148209367 4000.0 72000
1723148227399 4000.0 76000
1723148243811 4000.0 80000
1723148256622 4000.0 84000
1723148271441 4000.0 88000
1723148289363 4000.0 92000
1723148306985 4000.0 96000
1723148319592 4000.0 100000
1723148331162 4000.0 104000
1723148345174 4000.0 108000
1723148365641 4000.0 112000
1723148379113 4000.0 116000
1723148392476 4000.0 120000
1723148406243 4000.0 124000
1723148418834 4000.0 128000
1723148431880 4000.0 132000
1723148444603 4000.0 136000
1723148457864 4000.0 140000
1723148470783 4000.0 144000
1723148488457 4000.0 148000
1723148501528 4000.0 152000
1723148514646 4000.0 156000
1723148529232 4000.0 160000
1723148542111 4000.0 164000
1723148554946 4000.0 168000
1723148567349 4000.0 172000
1723148583160 4000.0 176000
1723148596438 4000.0 180000
1723148610320 4000.0 184000
1723148622735 4000.0 188000
1723148636007 4000.0 192000
1723148651199 4000.0 196000
1723148665362 4000.0 200000
1723148677432 4000.0 204000
1723148689068 4000.0 208000
1723148707211 4000.0 212000
1723148723838 4000.0 216000
1723148740350 4000.0 220000
1723148756427 4000.0 224000
1723148772455 4000.0 228000
1723148789286 4000.0 232000
1723148808631 4000.0 236000
1723148823918 4000.0 240000
1723148835890 4000.0 244000
1723148848808 4000.0 248000
1723148865013 4000.0 252000
1723148884047 4000.0 256000
1723148904676 4000.0 260000
1723148916569 4000.0 264000
1723148928531 4000.0 268000
1723148940687 4000.0 272000
1723148952363 4000.0 276000
1723148963967 4000.0 280000
1723148977259 4000.0 284000
1723148988946 4000.0 288000
1723149002142 4000.0 292000
1723149014628 4000.0 296000
1723149025892 4000.0 300000
1723149037266 4000.0 304000
1723149049563 4000.0 308000
1723149067506 4000.0 312000
1723149084168 4000.0 316000
1723149103761 4000.0 320000
1723149117442 4000.0 324000
1723149131863 4000.0 328000
1723149150949 4000.0 332000
1723149166391 4000.0 336000
1723149183003 4000.0 340000
1723149199330 4000.0 344000
1723149215881 4000.0 348000
1723149234120 4000.0 352000
1723149247216 4000.0 356000
1723149259531 4000.0 360000
1723149271946 4000.0 364000
1723149283796 4000.0 368000
1723149295684 4000.0 372000
1723149307864 4000.0 376000
1723149320411 4000.0 380000
1723149332502 4000.0 384000
1723149344596 4000.0 388000
1723149356933 4000.0 392000
1723149369038 4000.0 396000
1723149380489 4000.0 400000
1723149392301 4000.0 404000
1723149403790 4000.0 408000
1723149415300 4000.0 412000
1723149427089 4000.0 416000
1723149446016 4000.0 420000
1723149459011 4000.0 424000
1723149470516 4000.0 428000
1723149481949 4000.0 432000
1723149493684 4000.0 436000
1723149505899 4000.0 440000
1723149518218 4000.0 444000
1723149529899 4000.0 448000
1723149541595 4000.0 452000
1723149552968 4000.0 456000
1723149564516 4000.0 460000
1723149576738 4000.0 464000
1723149588360 4000.0 468000
1723149599660 4000.0 472000
1723149611031 4000.0 476000
1723149622413 4000.0 480000
1723149633573 4000.0 484000
1723149644975 4000.0 488000
1723149656043 4000.0 492000
1723149667612 4000.0 496000
1723149678993 4000.0 500000
1723149690347 4000.0 504000
1723149701680 4000.0 508000
1723149712973 4000.0 512000
1723149724349 4000.0 516000
1723149735779 4000.0 520000
1723149747263 4000.0 524000
1723149759195 4000.0 528000
1723149770832 4000.0 532000
1723149782148 4000.0 536000
1723149793460 4000.0 540000
1723149804454 4000.0 544000
1723149815890 4000.0 548000
1723149826958 4000.0 552000
1723149838252 4000.0 556000
1723149850095 4000.0 560000
1723149861273 4000.0 564000
1723149872971 4000.0 568000
1723149884338 4000.0 572000
1723149895696 4000.0 576000
1723149906904 4000.0 580000
1723149918435 4000.0 584000
1723149929851 4000.0 588000
1723149941556 4000.0 592000
1723149952976 4000.0 596000
1723149964831 4000.0 600000
1723149976096 4000.0 604000
1723149987510 4000.0 608000
1723149999046 4000.0 612000
1723150010261 4000.0 616000
1723150021617 4000.0 620000
1723150032911 4000.0 624000
1723150044372 4000.0 628000
1723150055811 4000.0 632000
1723150067201 4000.0 636000
1723150078838 4000.0 640000
1723150090625 4000.0 644000
1723150101949 4000.0 648000
1723150113472 4000.0 652000
1723150124812 4000.0 656000
1723150136244 4000.0 660000
1723150147507 4000.0 664000
1723150158487 4000.0 668000
1723150169695 4000.0 672000
1723150180964 4000.0 676000
1723150192300 4000.0 680000
1723150203395 4000.0 684000
1723150214401 4000.0 688000
1723150225878 4000.0 692000
1723150237240 4000.0 696000
1723150249160 4000.0 700000
1723150260639 4000.0 704000
1723150272107 4000.0 708000
1723150283638 4000.0 712000
1723150295523 4000.0 716000
1723150306725 4000.0 720000
1723150319434 4000.0 724000
1723150330829 4000.0 728000
1723150342138 4000.0 732000
1723150353430 4000.0 736000
1723150365017 4000.0 740000
1723150376329 4000.0 744000
1723150387683 4000.0 748000
1723150399123 4000.0 752000
1723150410848 4000.0 756000
1723150422306 4000.0 760000
1723150433782 4000.0 764000
1723150445021 4000.0 768000
1723150456451 4000.0 772000
1723150467454 4000.0 776000
1723150479379 4000.0 780000
1723150490792 4000.0 784000
1723150505623 4000.0 788000
1723150524363 4000.0 792000
1723150543322 4000.0 796000
1723150557318 4000.0 800000
