1723147967102 10.0 4000
1723147979826 10.0 8000
1723147994316 10.0 12000
1723148013941 10.0 16000
1723148031048 10.0 20000
1723148046227 10.0 24000
1723148059792 10.0 28000
1723148071893 10.0 32000
1723148084710 10.0 36000
1723148097955 10.0 40000
1723148111826 10.0 44000
1723148124193 10.0 48000
1723148142619 10.0 52000
1723148155851 10.0 56000
1723148169093 10.0 60000
1723148181744 10.0 64000
1723148194574 10.0 68000
1723148209393 10.0 72000
1723148227431 10.0 76000
1723148243839 10.0 80000
1723148256645 10.0 84000
1723148271465 10.0 88000
1723148289388 10.0 92000
1723148307012 10.0 96000
1723148319614 10.0 100000
1723148331185 10.0 104000
1723148345213 10.0 108000
1723148365667 10.0 112000
1723148379137 10.0 116000
1723148392500 10.0 120000
1723148406266 10.0 124000
1723148418858 10.0 128000
1723148431903 10.0 132000
1723148444627 10.0 136000
1723148457886 10.0 140000
1723148470807 10.0 144000
1723148488482 10.0 148000
1723148501553 10.0 152000
1723148514669 10.0 156000
1723148529256 10.0 160000
1723148542135 10.0 164000
1723148554970 10.0 168000
1723148567373 10.0 172000
1723148583186 10.0 176000
1723148596461 10.0 180000
1723148610344 10.0 184000
1723148622759 10.0 188000
1723148636033 10.0 192000
1723148651222 10.0 196000
1723148665389 10.0 200000
1723148677456 10.0 204000
1723148689091 10.0 208000
1723148707236 10.0 212000
1723148723861 10.0 216000
1723148740374 10.0 220000
1723148756451 10.0 224000
1723148772481 10.0 228000
1723148789310 10.0 232000
1723148808657 10.0 236000
1723148823941 10.0 240000
1723148835913 10.0 244000
1723148848832 10.0 248000
1723148865043 10.0 252000
1723148884073 10.0 256000
1723148904701 10.0 260000
1723148916591 10.0 264000
1723148928555 10.0 268000
1723148940711 10.0 272000
1723148952389 10.0 276000
1723148963991 10.0 280000
1723148977282 10.0 284000
1723148988970 10.0 288000
1723149002166 10.0 292000
1723149014651 10.0 296000
1723149025914 10.0 300000
1723149037291 10.0 304000
1723149049587 10.0 308000
1723149067531 10.0 312000
1723149084195 10.0 316000
1723149103787 10.0 320000
1723149117466 10.0 324000
1723149131886 10.0 328000
1723149150973 10.0 332000
1723149166420 10.0 336000
1723149183027 10.0 340000
1723149199359 10.0 344000
1723149215904 10.0 348000
1723149234153 10.0 352000
1723149247239 10.0 356000
1723149259554 10.0 360000
1723149271968 10.0 364000
1723149283819 10.0 368000
1723149295706 10.0 372000
1723149307887 10.0 376000
1723149320433 10.0 380000
1723149332525 10.0 384000
1723149344618 10.0 388000
1723149356956 10.0 392000
1723149369061 10.0 396000
1723149380512 10.0 400000
1723149392323 10.0 404000
1723149403812 10.0 408000
1723149415322 10.0 412000
1723149427128 10.0 416000
1723149446041 10.0 420000
1723149459034 10.0 424000
1723149470539 10.0 428000
1723149481971 10.0 432000
1723149493708 10.0 436000
1723149505922 10.0 440000
1723149518241 10.0 444000
1723149529921 10.0 448000
1723149541618 10.0 452000
1723149552990 10.0 456000
1723149564539 10.0 460000
1723149576760 10.0 464000
1723149588385 10.0 468000
1723149599683 10.0 472000
1723149611053 10.0 476000
1723149622435 10.0 480000
1723149633595 10.0 484000
1723149644998 10.0 488000
1723149656066 10.0 492000
1723149667634 10.0 496000
1723149679016 10.0 500000
1723149690369 10.0 504000
1723149701702 10.0 508000
1723149712996 10.0 512000
1723149724372 10.0 516000
1723149735802 10.0 520000
1723149747285 10.0 524000
1723149759218 10.0 528000
1723149770856 10.0 532000
1723149782170 10.0 536000
1723149793482 10.0 540000
1723149804477 10.0 544000
1723149815912 10.0 548000
1723149826981 10.0 552000
1723149838275 10.0 556000
1723149850118 10.0 560000
1723149861296 10.0 564000
1723149872994 10.0 568000
1723149884360 10.0 572000
1723149895718 10.0 576000
1723149906927 10.0 580000
1723149918458 10.0 584000
1723149929874 10.0 588000
1723149941578 10.0 592000
1723149953000 10.0 596000
1723149964854 10.0 600000
1723149976119 10.0 604000
1723149987532 10.0 608000
1723149999069 10.0 612000
1723150010284 10.0 616000
1723150021639 10.0 620000
1723150032933 10.0 624000
1723150044394 10.0 628000
1723150055834 10.0 632000
1723150067224 10.0 636000
1723150078865 10.0 640000
1723150090647 10.0 644000
1723150101972 10.0 648000
1723150113494 10.0 652000
1723150124835 10.0 656000
1723150136267 10.0 660000
1723150147530 10.0 664000
1723150158510 10.0 668000
1723150169718 10.0 672000
1723150180987 10.0 676000
1723150192322 10.0 680000
1723150203418 10.0 684000
1723150214425 10.0 688000
1723150225902 10.0 692000
1723150237262 10.0 696000
1723150249182 10.0 700000
1723150260663 10.0 704000
1723150272134 10.0 708000
1723150283661 10.0 712000
1723150295546 10.0 716000
1723150306749 10.0 720000
1723150319457 10.0 724000
1723150330853 10.0 728000
1723150342162 10.0 732000
1723150353453 10.0 736000
1723150365039 10.0 740000
1723150376352 10.0 744000
1723150387706 10.0 748000
1723150399146 10.0 752000
1723150410870 10.0 756000
1723150422329 10.0 760000
1723150433805 10.0 764000
1723150445044 10.0 768000
1723150456475 10.0 772000
1723150467478 10.0 776000
1723150479402 10.0 780000
1723150490814 10.0 784000
1723150505648 10.0 788000
1723150524388 10.0 792000
1723150543346 10.0 796000
1723150557341 10.0 800000
