1723173953625 72.79655172413793 4000
1723173968258 47.647619047619045 8000
1723173984102 52.431818181818194 12000
1723173999077 52.72727272727272 16000
1723174014654 53.349999999999994 20000
1723174030087 52.071428571428584 24000
1723174046329 58.01666666666667 28000
1723174061215 48.333333333333336 32000
1723174078166 56.63750000000001 36000
1723174093322 53.62857142857142 40000
1723174108159 49.9952380952381 44000
1723174124667 57.05652173913043 48000
1723174139241 48.375 52000
1723174153135 46.959999999999994 56000
1723174167305 48.315000000000005 60000
1723174181413 45.72 64000
1723174195990 48.961904761904755 68000
1723174209797 48.0421052631579 72000
1723174224061 45.67 76000
1723174238072 46.160000000000004 80000
1723174252302 46.095000000000006 84000
1723174266649 45.419047619047625 88000
1723174280784 46.720000000000006 92000
1723174294673 46.88 96000
1723174308610 46.57368421052631 100000
1723174322334 44.480000000000004 104000
1723174335976 44.22631578947368 108000
1723174350329 47.142857142857146 112000
1723174364325 45.71 116000
1723174378733 45.160000000000004 120000
1723174394117 50.99090909090908 124000
1723174408338 49.445 128000
1723174422235 46.93157894736842 132000
1723174436588 47.642857142857146 136000
1723174450662 45.373684210526314 140000
1723174464525 45.105000000000004 144000
1723174478438 43.684999999999995 148000
1723174492146 46.82105263157895 152000
1723174505747 45.631578947368425 156000
1723174519155 43.71052631578947 160000
1723174532552 47.33157894736843 164000
1723174546874 45.489999999999995 168000
1723174560427 45.800000000000004 172000
1723174574345 45.26315789473684 176000
1723174588852 45.46 180000
1723174602428 44.910526315789475 184000
1723174616134 47.41000000000001 188000
1723174630057 48.38421052631579 192000
1723174643593 47.40526315789474 196000
1723174657287 45.72105263157895 200000
1723174671287 47.589999999999996 204000
1723174684859 46.652631578947364 208000
1723174698587 45.315 212000
1723174711792 45.861111111111114 216000
1723174725149 45.88421052631579 220000
1723174739045 48.214999999999996 224000
1723174752358 47.147368421052626 228000
1723174765874 47.48947368421053 232000
1723174779154 45.31111111111111 236000
1723174792751 46.06315789473685 240000
1723174806483 45.584999999999994 244000
1723174820217 45.62105263157895 248000
1723174833658 45.37894736842105 252000
1723174846804 44.61578947368421 256000
1723174860306 47.79473684210527 260000
1723174874145 46.78421052631579 264000
1723174887734 48.06315789473685 268000
1723174901061 47.357894736842105 272000
1723174914698 46.278947368421065 276000
1723174927722 45.247368421052634 280000
1723174941100 46.09473684210527 284000
1723174954261 46.02222222222221 288000
1723174967751 46.75789473684211 292000
1723174981005 49.55263157894737 296000
1723174994297 45.473684210526315 300000
1723175007677 51.25555555555556 304000
1723175021040 45.82631578947368 308000
1723175034401 46.68947368421052 312000
1723175047488 45.126315789473686 316000
1723175060464 46.050000000000004 320000
1723175073950 45.98947368421053 324000
1723175087330 44.48421052631579 328000
1723175100604 47.605555555555554 332000
1723175113757 44.526315789473685 336000
1723175127374 47.731578947368426 340000
1723175140607 44.71052631578948 344000
1723175153963 45.39473684210526 348000
1723175167558 46.19473684210526 352000
1723175181350 47.91578947368421 356000
1723175194539 46.026315789473685 360000
1723175208617 48.88421052631579 364000
1723175221300 49.09444444444444 368000
1723175234247 45.90526315789474 372000
1723175248033 49.336842105263166 376000
1723175261295 45.268421052631574 380000
1723175275206 48.32105263157895 384000
1723175288841 49.678947368421056 388000
1723175302403 46.51 392000
1723175315706 46.91111111111111 396000
1723175329267 46.49999999999999 400000
1723175342518 48.78333333333333 404000
1723175355775 45.473684210526315 408000
1723175369031 48.284210526315796 412000
1723175382102 45.111111111111114 416000
1723175395858 48.035 420000
1723175409482 46.963157894736845 424000
1723175423001 46.521052631578954 428000
1723175436313 45.222222222222214 432000
1723175449743 44.910526315789475 436000
1723175462892 47.58947368421053 440000
1723175476061 44.752631578947366 444000
1723175490493 52.93000000000001 448000
1723175503487 45.36666666666667 452000
1723175517127 45.56842105263158 456000
1723175530026 44.31111111111111 460000
1723175543142 44.82105263157895 464000
1723175555097 39.44117647058823 468000
1723175567942 44.22777777777778 472000
1723175581176 48.849999999999994 476000
1723175594544 45.58947368421053 480000
1723175608028 48.32105263157896 484000
1723175621276 45.83684210526315 488000
1723175634933 47.32105263157895 492000
1723175648841 48.535000000000004 496000
1723175662499 47.75263157894736 500000
1723175675877 45.426315789473676 504000
1723175689648 46.28000000000001 508000
1723175703493 50.126315789473686 512000
1723175717484 48.735 516000
1723175731080 49.43684210526316 520000
1723175744906 47.845 524000
1723175758894 47.868421052631575 528000
1723175773223 46.28 532000
1723175786694 43.13684210526316 536000
1723175800465 42.77894736842105 540000
1723175813529 47.257894736842104 544000
1723175826540 44.050000000000004 548000
1723175839806 46.29444444444445 552000
1723175853358 46.849999999999994 556000
1723175867609 47.031578947368416 560000
1723175881425 49.410000000000004 564000
1723175894848 55.644444444444446 568000
1723175910152 52.07727272727274 572000
1723175924114 49.72105263157895 576000
1723175937019 49.33684210526316 580000
1723175950564 49.2 584000
1723175963567 49.599999999999994 588000
1723175976859 45.22222222222223 592000
1723175990768 44.115 596000
1723176005495 52.219047619047615 600000
1723176019112 50.7 604000
1723176032559 46.52105263157895 608000
1723176045667 48.90555555555555 612000
1723176058101 44.55 616000
1723176071833 45.16315789473684 620000
1723176085572 47.01052631578947 624000
1723176099259 50.6 628000
1723176113443 48.69473684210526 632000
1723176126580 45.98947368421053 636000
1723176140596 42.70526315789475 640000
1723176153266 46.12777777777778 644000
1723176166509 46.1578947368421 648000
1723176180340 48.6 652000
1723176194044 48.15 656000
1723176207543 48.47368421052631 660000
1723176220814 45.71111111111112 664000
1723176234808 46.675 668000
1723176247857 46.5611111111111 672000
1723176261554 46.05 676000
1723176274856 45.166666666666664 680000
1723176289187 44.73 684000
1723176302253 47.08888888888889 688000
1723176314519 44.21176470588235 692000
1723176327945 47.310526315789474 696000
1723176341337 44.468421052631584 700000
1723176354761 46.422222222222224 704000
1723176368480 45.21 708000
1723176382047 45.01052631578947 712000
1723176395400 46.08888888888889 716000
1723176409352 45.075 720000
1723176423261 49.636842105263156 724000
1723176436537 46.210526315789465 728000
1723176448923 43.423529411764704 732000
1723176462227 44.16315789473684 736000
1723176475877 45.873684210526314 740000
1723176489190 44.80555555555556 744000
1723176502993 44.085 748000
1723176516419 44.37222222222223 752000
1723176529971 47.269999999999996 756000
1723176543285 49.511111111111106 760000
1723176556941 45.43000000000001 764000
1723176569959 48.56111111111111 768000
1723176583681 46.82631578947368 772000
1723176597518 46.77 776000
1723176610782 47.16842105263158 780000
1723176624215 46.252631578947366 784000
1723176637352 45.80555555555556 788000
1723176650677 45.415789473684214 792000
1723176663765 49.788888888888884 796000
1723176677075 46.4 800000
1723176691001 52.754999999999995 804000
1723176704852 54.29473684210527 808000
1723176718268 51.794736842105266 812000
1723176731536 47.878947368421045 816000
1723176744766 46.37777777777777 820000
1723176758025 44.47894736842105 824000
1723176771636 45.96842105263157 828000
1723176785243 47.535000000000004 832000
1723176798709 46.16842105263157 836000
1723176812010 48.98333333333332 840000
1723176825578 45.185 844000
1723176839384 47.37894736842105 848000
1723176852800 44.54736842105263 852000
1723176866155 45.184210526315795 856000
1723176879493 45.89444444444444 860000
1723176893290 48.209999999999994 864000
1723176907380 50.839999999999996 868000
1723176921173 51.421052631578945 872000
1723176934704 48.463157894736845 876000
1723176948260 45.32631578947369 880000
1723176961761 46.41052631578947 884000
1723176975527 45.059999999999995 888000
1723176989036 46.27894736842104 892000
1723177002445 46.22631578947369 896000
1723177015783 50.77777777777777 900000
1723177029222 44.521052631578954 904000
1723177042184 45.71666666666667 908000
1723177056305 49.769999999999996 912000
1723177069959 45.67 916000
1723177083465 45.98947368421052 920000
1723177097244 48.26315789473684 924000
1723177110635 45.39473684210526 928000
1723177124243 46.32105263157896 932000
1723177137969 49.535000000000004 936000
1723177151202 45.11666666666666 940000
1723177164402 47.10526315789474 944000
1723177177900 44.77894736842105 948000
1723177192476 48.89999999999999 952000
1723177205837 45.21052631578947 956000
1723177219454 46.07368421052632 960000
1723177232844 44.83157894736843 964000
1723177246427 45.87894736842106 968000
1723177260064 48.5421052631579 972000
1723177274333 48.71904761904763 976000
1723177287971 48.44210526315789 980000
1723177301960 45.752631578947366 984000
1723177315723 46.005 988000
1723177329326 46.81578947368422 992000
1723177342451 45.477777777777774 996000
1723177355618 44.64736842105263 1000000
1723177369175 45.57894736842105 1004000
1723177382872 49.163157894736834 1008000
1723177396565 45.535000000000004 1012000
1723177410301 47.47894736842105 1016000
1723177423744 44.66315789473684 1020000
1723177437322 49.531578947368416 1024000
1723177451087 46.08 1028000
1723177464784 45.46315789473684 1032000
1723177478918 46.745 1036000
1723177492959 46.50526315789474 1040000
1723177506868 47.82000000000001 1044000
1723177520539 44.93684210526316 1048000
1723177534417 51.510000000000005 1052000
1723177548258 50.09 1056000
1723177561807 47.57368421052632 1060000
1723177575957 55.779999999999994 1064000
1723177589599 53.26842105263158 1068000
1723177602419 44.63333333333333 1072000
1723177615587 49.02777777777778 1076000
1723177628934 44.6578947368421 1080000
1723177641976 45.238888888888894 1084000
1723177655405 47.39473684210526 1088000
1723177668851 45.199999999999996 1092000
1723177682559 45.55 1096000
1723177696062 45.10526315789474 1100000
1723177709607 44.857894736842105 1104000
1723177723099 44.62105263157895 1108000
1723177737048 49.615 1112000
1723177750219 45.25555555555555 1116000
1723177763788 46.88421052631579 1120000
1723177777161 45.56842105263158 1124000
1723177790716 45.0421052631579 1128000
1723177803883 46.04736842105264 1132000
1723177817036 45.20526315789474 1136000
1723177830543 46.205263157894734 1140000
1723177844253 46.536842105263155 1144000
1723177858370 51.144999999999996 1148000
1723177871948 46.92631578947368 1152000
1723177885614 53.51578947368421 1156000
1723177899129 47.36842105263158 1160000
1723177912729 46.07368421052632 1164000
1723177925718 45.06842105263158 1168000
1723177939331 46.136842105263156 1172000
1723177952321 46.38333333333333 1176000
1723177965670 45.46842105263158 1180000
1723177979138 48.689473684210526 1184000
1723177993066 51.12105263157895 1188000
1723178006552 48.19473684210526 1192000
1723178019774 45.352631578947374 1196000
1723178033045 43.46666666666667 1200000
1723178045157 44.41111111111111 1204000
1723178058672 45.310526315789474 1208000
1723178071610 45.050000000000004 1212000
1723178084946 46.483333333333334 1216000
1723178097812 48.27894736842105 1220000
1723178111138 45.394444444444446 1224000
1723178124343 47.578947368421055 1228000
1723178137675 44.69473684210527 1232000
1723178151420 46.16842105263157 1236000
1723178165185 46.05499999999999 1240000
1723178178620 45.536842105263155 1244000
1723178191686 46.411111111111104 1248000
1723178205060 45.194736842105264 1252000
1723178218965 49.15263157894737 1256000
1723178232292 45.24210526315789 1260000
1723178245721 47.09473684210527 1264000
1723178259223 44.72105263157895 1268000
1723178273045 47.47894736842105 1272000
1723178286351 46.24736842105263 1276000
1723178299548 45.278947368421065 1280000
1723178312900 45.0578947368421 1284000
1723178326937 45.71052631578947 1288000
1723178340883 49.975 1292000
1723178354500 45.68947368421052 1296000
1723178367832 47.97368421052632 1300000
1723178381128 44.742105263157896 1304000
1723178394724 45.0578947368421 1308000
1723178407703 45.00555555555556 1312000
1723178420906 44.742105263157896 1316000
1723178434405 45.08947368421053 1320000
1723178447736 45.38421052631579 1324000
1723178461229 49.1578947368421 1328000
1723178474765 45.93157894736842 1332000
1723178488241 48.189473684210526 1336000
1723178501689 44.757894736842104 1340000
1723178515716 47.995000000000005 1344000
1723178529926 46.71 1348000
1723178543420 46.078947368421055 1352000
1723178556956 46.07894736842106 1356000
1723178570385 46.373684210526314 1360000
1723178583528 49.45555555555555 1364000
1723178597106 45.231578947368426 1368000
1723178610322 47.23684210526315 1372000
1723178623477 43.92105263157895 1376000
1723178636609 48.21666666666667 1380000
1723178649928 44.31578947368422 1384000
1723178662639 40.55882352941177 1388000
1723178675141 45.52222222222222 1392000
1723178688498 44.4 1396000
1723178701605 47.61578947368421 1400000
1723178714942 45.916666666666664 1404000
1723178728581 46.855000000000004 1408000
1723178742368 44.836842105263166 1412000
1723178755598 44.82631578947369 1416000
1723178769339 46.40526315789474 1420000
1723178782864 46.626315789473686 1424000
1723178796304 45.88421052631579 1428000
1723178809873 45.263157894736835 1432000
1723178823230 48.22631578947368 1436000
1723178836122 37.58888888888889 1440000
1723178847528 30.9 1444000
1723178859326 27.058823529411764 1448000
1723178871060 27.894117647058824 1452000
1723178883035 28.29411764705882 1456000
1723178895039 30.647058823529413 1460000
1723178907083 27.68235294117647 1464000
1723178918382 27.546666666666663 1468000
1723178929952 27.27058823529412 1472000
1723178942207 32.43529411764706 1476000
1723178953883 27.158823529411762 1480000
1723178965792 28.206249999999997 1484000
1723178977725 26.970588235294116 1488000
1723178989861 29.255555555555556 1492000
1723179001739 37.375 1496000
1723179013754 32.64705882352941 1500000
1723179025375 31.158823529411762 1504000
1723179037295 30.7 1508000
1723179049013 30.781249999999996 1512000
1723179060656 30.80588235294118 1516000
1723179072628 27.923529411764704 1520000
1723179084937 33.258823529411764 1524000
1723179096597 27.770588235294117 1528000
1723179108107 28.387500000000003 1532000
1723179119711 28.68125 1536000
1723179131472 29.28235294117647 1540000
1723179143257 27.4875 1544000
1723179154802 27.50588235294118 1548000
1723179166521 29.18125 1552000
1723179177977 31.294117647058822 1556000
1723179189813 27.76875 1560000
1723179201094 28.587500000000002 1564000
1723179212733 27.164705882352937 1568000
1723179224412 28.525 1572000
1723179236324 30.40588235294118 1576000
1723179247940 26.970588235294116 1580000
1723179259133 28.11333333333333 1584000
1723179270736 27.635294117647057 1588000
1723179282429 27.53125 1592000
1723179293788 31.137499999999996 1596000
1723179305072 28.15 1600000
1723179316182 28.5 1604000
1723179327993 30.435294117647057 1608000
1723179339551 33.625 1612000
1723179350947 28.825 1616000
1723179362339 28.46875 1620000
1723179373627 28.381249999999998 1624000
1723179384977 28.174999999999997 1628000
1723179396227 28.775 1632000
1723179407418 27.68125 1636000
1723179418903 32.38125 1640000
1723179430583 27.8625 1644000
1723179441932 27.35882352941176 1648000
1723179453279 27.8625 1652000
1723179464681 31.65 1656000
1723179475988 38.131249999999994 1660000
1723179487805 34.411764705882355 1664000
1723179499220 31.3375 1668000
1723179510760 31.225 1672000
1723179522296 30.606250000000003 1676000
1723179533937 33.01176470588235 1680000
1723179544957 29.180000000000003 1684000
1723179556219 28.075 1688000
1723179567704 28.476470588235298 1692000
1723179579095 28.275000000000002 1696000
1723179590474 27.675 1700000
1723179601845 27.6875 1704000
1723179613140 30.193749999999998 1708000
1723179624286 27.95333333333333 1712000
1723179635708 27.38125 1716000
1723179646966 28.1 1720000
1723179658468 31.464705882352945 1724000
1723179669893 28.431250000000002 1728000
1723179681186 28.4875 1732000
1723179692539 27.381249999999998 1736000
1723179703984 28.4625 1740000
1723179715235 28.01875 1744000
1723179726688 29.6375 1748000
1723179738169 27.71875 1752000
1723179749544 28.325 1756000
1723179760742 27.1 1760000
1723179772185 30.15 1764000
1723179784190 38.788235294117655 1768000
1723179795984 36.00000000000001 1772000
1723179807455 28.24375 1776000
1723179818884 28.0875 1780000
1723179830409 28.868750000000002 1784000
1723179842584 33.21176470588235 1788000
1723179853844 27.7125 1792000
1723179865367 28.823529411764707 1796000
1723179876403 28.679999999999996 1800000
1723179888021 30.094117647058823 1804000
1723179899473 31.518750000000004 1808000
1723179911024 28.231250000000003 1812000
1723179922399 28.025 1816000
1723179933833 28.0375 1820000
1723179945154 27.806250000000002 1824000
1723179956391 28.637500000000003 1828000
1723179967969 28.72941176470588 1832000
1723179979265 27.6 1836000
1723179990758 28.0 1840000
1723180002142 28.331249999999997 1844000
1723180013319 30.668750000000003 1848000
1723180024910 28.525000000000002 1852000
1723180036552 27.17647058823529 1856000
1723180048224 28.0 1860000
1723180059760 28.7125 1864000
1723180071103 29.312500000000004 1868000
1723180082508 28.023529411764706 1872000
1723180093885 27.418750000000003 1876000
1723180105057 27.899999999999995 1880000
1723180116379 28.43125 1884000
1723180127855 29.21764705882353 1888000
1723180139384 32.85625 1892000
1723180150884 28.325 1896000
1723180162029 28.637499999999996 1900000
1723180173275 27.75625 1904000
1723180184561 27.35 1908000
1723180196155 28.90625 1912000
1723180207615 29.45 1916000
1723180219012 27.894117647058824 1920000
1723180230497 28.0375 1924000
1723180241762 29.4375 1928000
1723180253489 31.16875 1932000
1723180264969 29.337500000000002 1936000
1723180276095 28.33125 1940000
1723180287552 28.33125 1944000
1723180298784 27.606250000000003 1948000
1723180310139 27.6875 1952000
1723180321910 29.376470588235293 1956000
1723180333046 28.39375 1960000
1723180344525 29.08125 1964000
1723180356171 27.59375 1968000
1723180367655 27.811764705882354 1972000
1723180379161 33.33125 1976000
1723180390545 28.137500000000003 1980000
1723180401947 27.887500000000003 1984000
1723180413618 27.80588235294118 1988000
1723180425377 28.1125 1992000
1723180436829 28.868750000000002 1996000
1723180448675 30.38823529411765 2000000
