1723173953625 81.5448275862069 4000
1723173968258 80.05238095238094 8000
1723173984103 81.2818181818182 12000
1723173999077 81.9909090909091 16000
1723174014654 81.97272727272727 20000
1723174030088 82.19047619047619 24000
1723174046330 83.075 28000
1723174061216 82.93333333333335 32000
1723174078167 83.05833333333334 36000
1723174093322 82.14285714285715 40000
1723174108159 83.21904761904763 44000
1723174124668 82.72608695652173 48000
1723174139241 82.49000000000001 52000
1723174153135 82.30499999999999 56000
1723174167305 81.89500000000001 60000
1723174181413 81.895 64000
1723174195991 81.91428571428571 68000
1723174209797 81.84736842105264 72000
1723174224061 82.04499999999999 76000
1723174238073 81.7 80000
1723174252302 81.805 84000
1723174266650 81.96190476190476 88000
1723174280784 82.04499999999999 92000
1723174294674 82.33 96000
1723174308611 82.29473684210525 100000
1723174322334 82.10499999999999 104000
1723174335976 82.25263157894736 108000
1723174350329 82.34761904761906 112000
1723174364326 82.48 116000
1723174378734 82.89500000000001 120000
1723174394117 83.04545454545456 124000
1723174408338 83.07000000000002 128000
1723174422235 82.80000000000001 132000
1723174436588 82.87142857142857 136000
1723174450662 82.54736842105264 140000
1723174464525 82.14000000000001 144000
1723174478439 81.75999999999999 148000
1723174492146 81.68947368421053 152000
1723174505747 82.16842105263159 156000
1723174519156 82.1421052631579 160000
1723174532552 82.19473684210526 164000
1723174546875 81.61 168000
1723174560428 82.3 172000
1723174574345 82.40526315789475 176000
1723174588853 82.46000000000001 180000
1723174602428 82.81052631578946 184000
1723174616135 83.02000000000001 188000
1723174630057 83.0578947368421 192000
1723174643594 82.92105263157895 196000
1723174657287 82.52631578947367 200000
1723174671287 82.98499999999999 204000
1723174684859 83.0842105263158 208000
1723174698587 83.04499999999999 212000
1723174711793 82.7 216000
1723174725150 82.65263157894736 220000
1723174739045 82.845 224000
1723174752358 82.9578947368421 228000
1723174765874 82.95263157894736 232000
1723174779154 82.82222222222222 236000
1723174792752 82.9421052631579 240000
1723174806483 82.63 244000
1723174820218 82.80526315789473 248000
1723174833658 82.80526315789473 252000
1723174846805 82.69473684210527 256000
1723174860306 83.01052631578948 260000
1723174874145 83.01052631578946 264000
1723174887735 83.12105263157896 268000
1723174901062 83.06315789473683 272000
1723174914698 82.87894736842105 276000
1723174927722 82.86315789473684 280000
1723174941101 82.9578947368421 284000
1723174954262 82.91111111111111 288000
1723174967752 82.91052631578948 292000
1723174981006 83.08421052631579 296000
1723174994298 82.55263157894737 300000
1723175007677 83.00555555555555 304000
1723175021041 82.57894736842105 308000
1723175034401 82.3 312000
1723175047489 82.26842105263158 316000
1723175060465 82.35000000000001 320000
1723175073950 82.69999999999999 324000
1723175087330 82.22631578947369 328000
1723175100605 82.21666666666667 332000
1723175113757 82.26842105263158 336000
1723175127375 82.17368421052632 340000
1723175140607 82.07894736842105 344000
1723175153963 82.22631578947369 348000
1723175167558 82.27368421052631 352000
1723175181350 82.75263157894736 356000
1723175194539 82.35789473684211 360000
1723175208618 81.25263157894737 364000
1723175221301 81.95 368000
1723175234247 82.19473684210527 372000
1723175248034 82.08947368421053 376000
1723175261295 81.86315789473684 380000
1723175275207 82.24736842105264 384000
1723175288841 82.21052631578948 388000
1723175302403 82.92999999999999 392000
1723175315707 83.15555555555555 396000
1723175329268 82.82000000000001 400000
1723175342519 82.98333333333333 404000
1723175355775 82.74210526315788 408000
1723175369032 82.63684210526316 412000
1723175382103 82.64444444444445 416000
1723175395858 83.015 420000
1723175409482 82.79473684210525 424000
1723175423002 82.64736842105263 428000
1723175436314 81.58888888888889 432000
1723175449743 81.14210526315789 436000
1723175462892 81.11052631578947 440000
1723175476062 80.8736842105263 444000
1723175490494 82.155 448000
1723175503487 82.11666666666667 452000
1723175517128 82.03157894736843 456000
1723175530026 81.90555555555555 460000
1723175543142 81.87894736842105 464000
1723175555097 81.86470588235295 468000
1723175567943 81.80000000000001 472000
1723175581176 82.38333333333334 476000
1723175594545 82.05263157894737 480000
1723175608028 82.05263157894736 484000
1723175621277 82.16315789473684 488000
1723175634933 82.21052631578948 492000
1723175648841 82.52499999999999 496000
1723175662500 82.84736842105264 500000
1723175675877 82.25263157894737 504000
1723175689648 82.46000000000001 508000
1723175703494 82.89473684210526 512000
1723175717485 82.855 516000
1723175731081 82.82105263157894 520000
1723175744906 82.69999999999999 524000
1723175758895 81.53684210526315 528000
1723175773224 81.46 532000
1723175786694 81.71052631578948 536000
1723175800466 81.7421052631579 540000
1723175813530 81.69473684210527 544000
1723175826540 81.55555555555554 548000
1723175839806 81.96666666666668 552000
1723175853358 82.16499999999999 556000
1723175867610 81.70526315789475 560000
1723175881425 82.75500000000001 564000
1723175894848 83.04444444444444 568000
1723175910152 83.04090909090908 572000
1723175924114 82.36842105263158 576000
1723175937019 82.85263157894737 580000
1723175950564 83.03333333333335 584000
1723175963568 82.89999999999999 588000
1723175976860 82.53888888888888 592000
1723175990768 82.57500000000002 596000
1723176005495 82.7904761904762 600000
1723176019113 83.06315789473683 604000
1723176032559 82.4578947368421 608000
1723176045668 82.31666666666666 612000
1723176058101 82.78888888888889 616000
1723176071833 82.6578947368421 620000
1723176085573 82.5578947368421 624000
1723176099259 83.00526315789472 628000
1723176113444 82.73684210526316 632000
1723176126581 82.63157894736842 636000
1723176140596 82.43157894736842 640000
1723176153267 82.39999999999999 644000
1723176166509 82.38421052631578 648000
1723176180341 82.85263157894737 652000
1723176194044 82.99000000000001 656000
1723176207543 83.19473684210526 660000
1723176220814 82.71111111111111 664000
1723176234809 82.6 668000
1723176247857 82.39444444444445 672000
1723176261555 82.095 676000
1723176274858 82.01111111111112 680000
1723176289187 82.17500000000001 684000
1723176302254 82.74444444444445 688000
1723176314519 82.71176470588235 692000
1723176327946 82.76315789473684 696000
1723176341338 82.57894736842104 700000
1723176354761 83.06111111111112 704000
1723176368480 82.965 708000
1723176382047 82.7 712000
1723176395401 82.71111111111111 716000
1723176409352 82.82499999999997 720000
1723176423261 82.98421052631578 724000
1723176436537 82.7157894736842 728000
1723176448924 82.76470588235293 732000
1723176462227 82.7 736000
1723176475877 83.13684210526317 740000
1723176489190 83.0 744000
1723176502994 82.795 748000
1723176516419 82.94444444444444 752000
1723176529971 82.49 756000
1723176543286 83.00555555555553 760000
1723176556941 82.95500000000001 764000
1723176569959 82.99444444444445 768000
1723176583681 82.60526315789474 772000
1723176597518 82.41 776000
1723176610783 82.86315789473684 780000
1723176624216 82.7421052631579 784000
1723176637352 82.61666666666666 788000
1723176650677 82.77894736842106 792000
1723176663765 83.11111111111111 796000
1723176677076 82.91052631578948 800000
1723176691002 83.06500000000001 804000
1723176704853 82.96842105263156 808000
1723176718269 83.03684210526316 812000
1723176731536 82.82105263157894 816000
1723176744766 82.27777777777777 820000
1723176758025 82.02631578947367 824000
1723176771636 82.25263157894739 828000
1723176785244 82.745 832000
1723176798709 83.14736842105263 836000
1723176812010 82.91111111111111 840000
1723176825578 82.53 844000
1723176839384 82.51052631578945 848000
1723176852800 82.39473684210525 852000
1723176866156 82.1157894736842 856000
1723176879493 81.9888888888889 860000
1723176893290 82.42999999999999 864000
1723176907380 83.07000000000001 868000
1723176921174 83.05789473684209 872000
1723176934705 82.58421052631579 876000
1723176948260 82.36842105263156 880000
1723176961762 82.54736842105262 884000
1723176975528 82.39999999999999 888000
1723176989037 82.61052631578949 892000
1723177002446 82.74210526315788 896000
1723177015783 83.01111111111112 900000
1723177029222 82.62631578947367 904000
1723177042185 82.6 908000
1723177056305 82.74 912000
1723177069959 82.59 916000
1723177083465 82.92631578947368 920000
1723177097244 83.16842105263159 924000
1723177110635 83.2 928000
1723177124244 83.10526315789474 932000
1723177137969 82.98 936000
1723177151202 82.91666666666669 940000
1723177164402 83.04736842105261 944000
1723177177900 82.9421052631579 948000
1723177192476 82.48 952000
1723177205838 83.0 956000
1723177219454 82.64736842105263 960000
1723177232844 82.1157894736842 964000
1723177246428 81.89473684210526 968000
1723177260064 81.4 972000
1723177274333 81.93809523809523 976000
1723177287971 82.65789473684211 980000
1723177301960 82.84210526315788 984000
1723177315724 82.97 988000
1723177329326 82.98421052631579 992000
1723177342452 82.88333333333333 996000
1723177355618 82.65263157894736 1000000
1723177369175 82.68947368421053 1004000
1723177382872 83.08947368421053 1008000
1723177396565 82.805 1012000
1723177410301 82.90526315789474 1016000
1723177423745 82.75263157894737 1020000
1723177437322 82.79473684210527 1024000
1723177451088 82.935 1028000
1723177464784 82.72105263157896 1032000
1723177478918 82.515 1036000
1723177492960 82.45789473684209 1040000
1723177506869 82.64500000000001 1044000
1723177520539 82.23157894736842 1048000
1723177534418 82.24 1052000
1723177548259 82.185 1056000
1723177561808 81.52105263157893 1060000
1723177575957 82.55000000000001 1064000
1723177589600 82.65263157894736 1068000
1723177602419 82.17777777777778 1072000
1723177615587 82.08888888888889 1076000
1723177628934 81.92631578947368 1080000
1723177641976 82.1888888888889 1084000
1723177655405 82.13684210526316 1088000
1723177668852 81.8421052631579 1092000
1723177682559 82.18999999999998 1096000
1723177696063 82.10000000000001 1100000
1723177709607 82.0 1104000
1723177723100 81.92631578947368 1108000
1723177737049 81.98 1112000
1723177750219 81.94999999999999 1116000
1723177763789 82.10000000000001 1120000
1723177777162 81.94210526315788 1124000
1723177790716 81.88421052631578 1128000
1723177803884 82.0842105263158 1132000
1723177817036 81.96842105263157 1136000
1723177830543 82.28947368421052 1140000
1723177844254 81.66315789473684 1144000
1723177858371 81.4 1148000
1723177871949 81.74736842105263 1152000
1723177885614 82.9421052631579 1156000
1723177899130 82.58421052631579 1160000
1723177912729 82.24736842105263 1164000
1723177925719 82.4578947368421 1168000
1723177939331 82.52105263157895 1172000
1723177952321 82.83333333333333 1176000
1723177965670 82.50526315789475 1180000
1723177979138 82.87368421052632 1184000
1723177993067 83.08947368421053 1188000
1723178006553 83.16842105263159 1192000
1723178019774 82.91052631578947 1196000
1723178033046 82.61666666666669 1200000
1723178045157 82.66666666666667 1204000
1723178058673 82.68421052631578 1208000
1723178071610 82.72777777777777 1212000
1723178084947 82.70555555555556 1216000
1723178097812 82.53684210526318 1220000
1723178111138 82.63888888888889 1224000
1723178124343 82.57894736842105 1228000
1723178137675 82.54736842105262 1232000
1723178151421 82.18421052631578 1236000
1723178165185 81.85 1240000
1723178178620 81.64736842105263 1244000
1723178191687 81.92777777777779 1248000
1723178205060 81.89999999999999 1252000
1723178218965 82.16315789473686 1256000
1723178232292 82.8736842105263 1260000
1723178245721 82.82631578947368 1264000
1723178259224 82.79473684210527 1268000
1723178273045 82.95263157894736 1272000
1723178286351 83.17894736842106 1276000
1723178299549 83.00526315789475 1280000
1723178312900 82.86842105263159 1284000
1723178326937 82.9684210526316 1288000
1723178340884 82.915 1292000
1723178354500 82.7 1296000
1723178367833 82.54736842105262 1300000
1723178381128 82.48947368421054 1304000
1723178394724 82.48421052631578 1308000
1723178407703 82.57222222222221 1312000
1723178420907 82.47368421052633 1316000
1723178434406 82.43157894736844 1320000
1723178447736 82.54736842105264 1324000
1723178461229 82.85263157894737 1328000
1723178474765 82.6736842105263 1332000
1723178488241 82.8157894736842 1336000
1723178501690 82.87368421052633 1340000
1723178515717 82.57499999999999 1344000
1723178529926 82.77 1348000
1723178543421 82.7421052631579 1352000
1723178556956 83.20526315789475 1356000
1723178570386 82.59473684210526 1360000
1723178583528 82.85 1364000
1723178597107 82.54210526315791 1368000
1723178610322 82.45263157894736 1372000
1723178623478 82.4842105263158 1376000
1723178636609 82.58333333333333 1380000
1723178649929 82.5421052631579 1384000
1723178662641 82.46470588235294 1388000
1723178675142 82.14999999999999 1392000
1723178688498 82.17894736842106 1396000
1723178701606 82.47894736842105 1400000
1723178714943 82.4388888888889 1404000
1723178728581 82.82 1408000
1723178742368 82.60526315789474 1412000
1723178755598 82.52105263157895 1416000
1723178769340 82.45263157894736 1420000
1723178782864 82.47368421052633 1424000
1723178796304 82.66315789473684 1428000
1723178809874 82.52105263157895 1432000
1723178823231 82.60526315789473 1436000
1723178836122 78.22222222222223 1440000
1723178847529 75.21249999999999 1444000
1723178859327 75.29411764705883 1448000
1723178871060 75.31176470588234 1452000
1723178883035 75.60000000000001 1456000
1723178895039 75.95294117647057 1460000
1723178907084 76.08235294117647 1464000
1723178918382 76.06 1468000
1723178929952 75.86470588235295 1472000
1723178942207 75.37647058823529 1476000
1723178953884 75.15882352941176 1480000
1723178965793 74.78125 1484000
1723178977726 74.85882352941177 1488000
1723178989862 74.47777777777777 1492000
1723179001740 74.46875 1496000
1723179013754 75.10000000000001 1500000
1723179025375 75.1 1504000
1723179037295 75.1470588235294 1508000
1723179049013 75.01875 1512000
1723179060657 75.3058823529412 1516000
1723179072628 75.5 1520000
1723179084938 75.3941176470588 1524000
1723179096598 75.21176470588236 1528000
1723179108108 75.26249999999999 1532000
1723179119712 74.86875 1536000
1723179131472 73.18235294117648 1540000
1723179143257 72.8375 1544000
1723179154803 72.80000000000001 1548000
1723179166522 73.13125 1552000
1723179177978 74.15294117647059 1556000
1723179189813 74.525 1560000
1723179201095 74.55 1564000
1723179212733 74.38823529411765 1568000
1723179224412 74.1625 1572000
1723179236324 74.37058823529412 1576000
1723179247941 74.24117647058823 1580000
1723179259134 74.30000000000001 1584000
1723179270736 74.3235294117647 1588000
1723179282429 74.33749999999999 1592000
1723179293788 74.4 1596000
1723179305073 74.7125 1600000
1723179316183 74.68125 1604000
1723179327994 73.84705882352941 1608000
1723179339552 73.88749999999999 1612000
1723179350947 74.18125 1616000
1723179362340 74.48750000000001 1620000
1723179373627 74.5 1624000
1723179384977 74.39375000000001 1628000
1723179396227 74.21875 1632000
1723179407418 74.08125 1636000
1723179418904 74.23125 1640000
1723179430583 74.48125 1644000
1723179441932 74.95294117647057 1648000
1723179453280 75.03125 1652000
1723179464682 74.75625 1656000
1723179475988 75.55 1660000
1723179487806 76.2 1664000
1723179499220 76.04375 1668000
1723179510761 75.93124999999999 1672000
1723179522297 75.83125 1676000
1723179533938 75.74117647058824 1680000
1723179544957 75.58666666666667 1684000
1723179556219 75.63125 1688000
1723179567705 75.5 1692000
1723179579096 75.3625 1696000
1723179590474 75.3 1700000
1723179601846 75.34375 1704000
1723179613141 75.375 1708000
1723179624287 75.39333333333333 1712000
1723179635708 75.38125 1716000
1723179646966 75.38125 1720000
1723179658469 75.71176470588236 1724000
1723179669894 75.95625 1728000
1723179681187 75.8625 1732000
1723179692539 75.9375 1736000
1723179703984 75.90625 1740000
1723179715236 75.8125 1744000
1723179726689 75.80625 1748000
1723179738169 75.74375 1752000
1723179749545 75.51249999999999 1756000
1723179760742 75.475 1760000
1723179772186 75.5 1764000
1723179784190 76.00000000000001 1768000
1723179795984 76.48823529411764 1772000
1723179807455 76.4 1776000
1723179818884 76.28125 1780000
1723179830409 76.07499999999999 1784000
1723179842585 77.08823529411764 1788000
1723179853845 77.0875 1792000
1723179865368 76.26470588235296 1796000
1723179876403 76.41333333333333 1800000
1723179888021 75.0529411764706 1804000
1723179899474 75.59375 1808000
1723179911025 75.6875 1812000
1723179922399 75.69375 1816000
1723179933833 75.83125 1820000
1723179945154 75.64374999999998 1824000
1723179956392 75.5375 1828000
1723179967969 75.67647058823529 1832000
1723179979265 75.63125 1836000
1723179990758 75.63125 1840000
1723180002142 75.4625 1844000
1723180013319 75.45 1848000
1723180024911 76.06875 1852000
1723180036552 76.02352941176471 1856000
1723180048225 76.07499999999999 1860000
1723180059760 76.0625 1864000
1723180071103 76.19999999999999 1868000
1723180082509 76.5764705882353 1872000
1723180093886 76.39374999999998 1876000
1723180105058 76.20000000000002 1880000
1723180116379 76.2 1884000
1723180127856 76.32941176470588 1888000
1723180139384 76.54375 1892000
1723180150885 76.67500000000001 1896000
1723180162030 76.30625 1900000
1723180173276 76.26249999999999 1904000
1723180184561 76.05000000000001 1908000
1723180196156 76.13125 1912000
1723180207616 76.19999999999999 1916000
1723180219012 76.2764705882353 1920000
1723180230497 76.25 1924000
1723180241762 76.33125 1928000
1723180253489 76.45 1932000
1723180264970 76.8125 1936000
1723180276095 76.57499999999999 1940000
1723180287552 76.56875 1944000
1723180298784 76.65625 1948000
1723180310140 76.6 1952000
1723180321910 76.77058823529411 1956000
1723180333046 76.79374999999999 1960000
1723180344525 76.8125 1964000
1723180356172 76.78125 1968000
1723180367656 76.69411764705882 1972000
1723180379161 77.25 1976000
1723180390546 77.45 1980000
1723180401948 77.42500000000001 1984000
1723180413618 77.24117647058824 1988000
1723180425377 76.94375 1992000
1723180436829 76.66875 1996000
1723180448676 76.35882352941178 2000000
