1723171811993 1.0 4000
1723171825389 2.0 8000
1723171838116 3.0 12000
1723171851696 4.0 16000
1723171869858 5.0 20000
1723171886369 6.0 24000
1723171904784 7.0 28000
1723171922347 8.0 32000
1723171940860 9.0 36000
1723171958839 10.0 40000
1723171977135 11.0 44000
1723171994347 12.0 48000
1723172010898 13.0 52000
1723172029568 14.0 56000
1723172044692 15.0 60000
1723172058612 16.0 64000
1723172072247 17.0 68000
1723172086182 18.0 72000
1723172099934 19.0 76000
1723172113361 20.0 80000
1723172125952 21.0 84000
1723172139002 22.0 88000
1723172151491 23.0 92000
1723172163936 24.0 96000
1723172176682 25.0 100000
1723172189557 26.0 104000
1723172201763 27.0 108000
1723172214517 28.0 112000
1723172227374 29.0 116000
1723172240049 30.0 120000
1723172252859 31.0 124000
1723172265436 32.0 128000
1723172278080 33.0 132000
1723172290470 34.0 136000
1723172302961 35.0 140000
1723172315547 36.0 144000
1723172328051 37.0 148000
1723172340390 38.0 152000
1723172352963 39.0 156000
1723172365023 40.0 160000
1723172376875 41.0 164000
1723172389932 42.0 168000
1723172402537 43.0 172000
1723172414535 44.0 176000
1723172426726 45.0 180000
1723172439126 46.0 184000
1723172451780 47.0 188000
1723172465473 48.0 192000
1723172478476 49.0 196000
1723172494343 50.0 200000
1723172507703 51.0 204000
1723172524564 52.0 208000
1723172546635 53.0 212000
1723172563750 54.0 216000
1723172581112 55.0 220000
1723172598024 56.0 224000
1723172613391 57.0 228000
1723172628725 58.0 232000
1723172643953 59.0 236000
1723172659883 60.0 240000
1723172675695 61.0 244000
1723172692069 62.0 248000
1723172707029 63.0 252000
1723172721757 64.0 256000
1723172738235 65.0 260000
1723172756064 66.0 264000
1723172770945 67.0 268000
1723172785932 68.0 272000
1723172800849 69.0 276000
1723172815714 70.0 280000
1723172830378 71.0 284000
1723172844832 72.0 288000
1723172859214 73.0 292000
1723172874414 74.0 296000
1723172889235 75.0 300000
1723172903605 76.0 304000
1723172919739 77.0 308000
1723172934639 78.0 312000
1723172948473 79.0 316000
1723172963126 80.0 320000
1723172977675 81.0 324000
1723172992064 82.0 328000
1723173006877 83.0 332000
1723173022319 84.0 336000
1723173036705 85.0 340000
1723173051243 86.0 344000
1723173065615 87.0 348000
1723173080130 88.0 352000
1723173094664 89.0 356000
1723173109344 90.0 360000
1723173125443 91.0 364000
1723173140430 92.0 368000
1723173155529 93.0 372000
1723173171461 94.0 376000
1723173186338 95.0 380000
1723173201384 96.0 384000
1723173216030 97.0 388000
1723173230902 98.0 392000
1723173245570 99.0 396000
1723173259759 100.0 400000
1723173274560 101.0 404000
1723173288997 102.0 408000
1723173302812 103.0 412000
1723173316999 104.0 416000
1723173330996 105.0 420000
1723173344661 106.0 424000
1723173359289 107.0 428000
1723173374409 108.0 432000
1723173387979 109.0 436000
1723173401002 110.0 440000
1723173417237 111.0 444000
1723173434302 112.0 448000
1723173452226 113.0 452000
1723173472575 114.0 456000
1723173492568 115.0 460000
1723173511501 116.0 464000
1723173529298 117.0 468000
1723173544054 118.0 472000
1723173568026 119.0 476000
1723173585253 120.0 480000
1723173600817 121.0 484000
1723173616313 122.0 488000
1723173631691 123.0 492000
1723173646072 124.0 496000
1723173661895 125.0 500000
1723173679479 126.0 504000
1723173698898 127.0 508000
1723173715768 128.0 512000
1723173729787 129.0 516000
1723173741783 130.0 520000
1723173753944 131.0 524000
1723173766818 132.0 528000
1723173779446 133.0 532000
1723173796055 134.0 536000
1723173814556 135.0 540000
1723173834415 136.0 544000
1723173854983 137.0 548000
1723173868854 138.0 552000
1723173887093 139.0 556000
1723173903119 140.0 560000
1723173916547 141.0 564000
1723173942131 142.0 568000
1723173958420 143.0 572000
1723173972697 144.0 576000
1723173988018 145.0 580000
1723174003664 146.0 584000
1723174019169 147.0 588000
1723174033928 148.0 592000
1723174049902 149.0 596000
1723174064372 150.0 600000
1723174079829 151.0 604000
1723174093287 152.0 608000
1723174108835 153.0 612000
1723174123151 154.0 616000
1723174137155 155.0 620000
1723174150834 156.0 624000
1723174164445 157.0 628000
1723174177950 158.0 632000
1723174191255 159.0 636000
1723174205129 160.0 640000
1723174218514 161.0 644000
1723174231923 162.0 648000
1723174245342 163.0 652000
1723174258620 164.0 656000
1723174272655 165.0 660000
1723174285946 166.0 664000
1723174299319 167.0 668000
1723174312909 168.0 672000
1723174326367 169.0 676000
1723174339996 170.0 680000
1723174353362 171.0 684000
1723174366567 172.0 688000
1723174378978 173.0 692000
1723174392431 174.0 696000
1723174405808 175.0 700000
1723174419124 176.0 704000
1723174432496 177.0 708000
1723174445796 178.0 712000
1723174459066 179.0 716000
1723174471881 180.0 720000
1723174485434 181.0 724000
1723174499115 182.0 728000
1723174512444 183.0 732000
1723174525679 184.0 736000
1723174539707 185.0 740000
1723174553152 186.0 744000
1723174567079 187.0 748000
1723174580310 188.0 752000
1723174594362 189.0 756000
1723174607390 190.0 760000
1723174621173 191.0 764000
1723174634819 192.0 768000
1723174648315 193.0 772000
1723174661963 194.0 776000
1723174675902 195.0 780000
1723174689499 196.0 784000
1723174702833 197.0 788000
1723174716197 198.0 792000
1723174729984 199.0 796000
1723174743944 200.0 800000
1723174757077 201.0 804000
1723174770104 202.0 808000
1723174783171 203.0 812000
1723174796573 204.0 816000
1723174809805 205.0 820000
1723174823331 206.0 824000
1723174836649 207.0 828000
1723174850397 208.0 832000
1723174864094 209.0 836000
1723174877587 210.0 840000
1723174890630 211.0 844000
1723174904324 212.0 848000
1723174917493 213.0 852000
1723174930433 214.0 856000
1723174943622 215.0 860000
1723174957158 216.0 864000
1723174971251 217.0 868000
1723174984756 218.0 872000
1723174998214 219.0 876000
1723175011713 220.0 880000
1723175025580 221.0 884000
1723175038938 222.0 888000
1723175051931 223.0 892000
1723175065295 224.0 896000
1723175078842 225.0 900000
1723175091931 226.0 904000
1723175105013 227.0 908000
1723175118295 228.0 912000
1723175131903 229.0 916000
1723175145178 230.0 920000
1723175158625 231.0 924000
1723175172509 232.0 928000
1723175186521 233.0 932000
1723175200633 234.0 936000
1723175214837 235.0 940000
1723175228571 236.0 944000
1723175242138 237.0 948000
1723175255835 238.0 952000
1723175269303 239.0 956000
1723175283286 240.0 960000
1723175296894 241.0 964000
1723175310682 242.0 968000
1723175324550 243.0 972000
1723175338102 244.0 976000
1723175351452 245.0 980000
1723175364975 246.0 984000
1723175378220 247.0 988000
1723175392415 248.0 992000
1723175405945 249.0 996000
1723175419094 250.0 1000000
1723175432249 251.0 1004000
1723175445672 252.0 1008000
1723175459100 253.0 1012000
1723175472559 254.0 1016000
1723175487583 255.0 1020000
1723175501125 256.0 1024000
1723175514668 257.0 1028000
1723175528007 258.0 1032000
1723175541278 259.0 1036000
1723175555256 260.0 1040000
1723175569925 261.0 1044000
1723175583613 262.0 1048000
1723175597223 263.0 1052000
1723175610986 264.0 1056000
1723175624463 265.0 1060000
1723175637936 266.0 1064000
1723175652484 267.0 1068000
1723175666165 268.0 1072000
1723175679446 269.0 1076000
1723175693163 270.0 1080000
1723175706803 271.0 1084000
1723175720228 272.0 1088000
1723175733559 273.0 1092000
1723175747097 274.0 1096000
1723175760932 275.0 1100000
1723175773015 276.0 1104000
1723175786825 277.0 1108000
1723175800003 278.0 1112000
1723175813519 279.0 1116000
1723175827531 280.0 1120000
1723175841311 281.0 1124000
1723175853598 282.0 1128000
1723175867938 283.0 1132000
1723175881438 284.0 1136000
1723175895113 285.0 1140000
1723175908377 286.0 1144000
1723175922304 287.0 1148000
1723175936407 288.0 1152000
1723175950184 289.0 1156000
1723175963788 290.0 1160000
1723175977032 291.0 1164000
1723175990386 292.0 1168000
1723176003908 293.0 1172000
1723176017021 294.0 1176000
1723176030404 295.0 1180000
1723176044295 296.0 1184000
1723176058735 297.0 1188000
1723176072068 298.0 1192000
1723176085181 299.0 1196000
1723176099002 300.0 1200000
1723176112903 301.0 1204000
1723176126598 302.0 1208000
1723176139905 303.0 1212000
1723176154365 304.0 1216000
1723176168344 305.0 1220000
1723176182079 306.0 1224000
1723176195782 307.0 1228000
1723176208957 308.0 1232000
1723176222116 309.0 1236000
1723176235974 310.0 1240000
1723176249485 311.0 1244000
1723176262268 312.0 1248000
1723176274735 313.0 1252000
1723176287917 314.0 1256000
1723176301030 315.0 1260000
1723176314429 316.0 1264000
1723176327821 317.0 1268000
1723176341089 318.0 1272000
1723176354998 319.0 1276000
1723176368840 320.0 1280000
1723176383244 321.0 1284000
1723176395428 322.0 1288000
1723176408615 323.0 1292000
1723176422015 324.0 1296000
1723176435122 325.0 1300000
1723176448849 326.0 1304000
1723176462082 327.0 1308000
1723176475818 328.0 1312000
1723176489981 329.0 1316000
1723176502674 330.0 1320000
1723176516060 331.0 1324000
1723176530360 332.0 1328000
1723176544794 333.0 1332000
1723176558072 334.0 1336000
1723176572064 335.0 1340000
1723176585584 336.0 1344000
1723176599510 337.0 1348000
1723176613443 338.0 1352000
1723176627167 339.0 1356000
1723176640594 340.0 1360000
1723176654077 341.0 1364000
1723176667801 342.0 1368000
1723176681369 343.0 1372000
1723176694933 344.0 1376000
1723176708541 345.0 1380000
1723176721982 346.0 1384000
1723176735447 347.0 1388000
1723176748812 348.0 1392000
1723176762306 349.0 1396000
1723176776092 350.0 1400000
1723176789903 351.0 1404000
1723176803536 352.0 1408000
1723176816654 353.0 1412000
1723176830299 354.0 1416000
1723176844014 355.0 1420000
1723176857309 356.0 1424000
1723176870988 357.0 1428000
1723176884628 358.0 1432000
1723176898611 359.0 1436000
1723176912397 360.0 1440000
1723176926027 361.0 1444000
1723176939404 362.0 1448000
1723176952950 363.0 1452000
1723176966067 364.0 1456000
1723176979450 365.0 1460000
1723176992878 366.0 1464000
1723177006295 367.0 1468000
1723177019704 368.0 1472000
1723177033139 369.0 1476000
1723177046663 370.0 1480000
1723177060317 371.0 1484000
1723177074182 372.0 1488000
1723177088007 373.0 1492000
1723177101745 374.0 1496000
1723177115395 375.0 1500000
1723177129230 376.0 1504000
1723177143016 377.0 1508000
1723177156318 378.0 1512000
1723177169471 379.0 1516000
1723177183814 380.0 1520000
1723177197233 381.0 1524000
1723177210545 382.0 1528000
1723177223581 383.0 1532000
1723177236829 384.0 1536000
1723177250834 385.0 1540000
1723177264448 386.0 1544000
1723177278816 387.0 1548000
1723177292792 388.0 1552000
1723177306711 389.0 1556000
1723177320475 390.0 1560000
1723177334297 391.0 1564000
1723177347842 392.0 1568000
1723177361701 393.0 1572000
1723177375639 394.0 1576000
1723177389845 395.0 1580000
1723177403428 396.0 1584000
1723177416803 397.0 1588000
1723177430833 398.0 1592000
1723177444858 399.0 1596000
1723177458620 400.0 1600000
1723177472272 401.0 1604000
1723177486167 402.0 1608000
1723177499906 403.0 1612000
1723177513592 404.0 1616000
1723177527833 405.0 1620000
1723177541563 406.0 1624000
1723177555258 407.0 1628000
1723177569582 408.0 1632000
1723177583666 409.0 1636000
1723177596999 410.0 1640000
1723177610695 411.0 1644000
1723177624281 412.0 1648000
1723177637643 413.0 1652000
1723177651358 414.0 1656000
1723177664701 415.0 1660000
1723177678146 416.0 1664000
1723177691800 417.0 1668000
1723177705486 418.0 1672000
1723177718832 419.0 1676000
1723177732884 420.0 1680000
1723177746439 421.0 1684000
1723177759650 422.0 1688000
1723177773488 423.0 1692000
1723177787101 424.0 1696000
1723177800742 425.0 1700000
1723177813864 426.0 1704000
1723177827148 427.0 1708000
1723177840276 428.0 1712000
1723177854588 429.0 1716000
1723177868189 430.0 1720000
1723177881974 431.0 1724000
1723177895268 432.0 1728000
1723177908869 433.0 1732000
1723177921898 434.0 1736000
1723177934736 435.0 1740000
1723177948497 436.0 1744000
1723177962115 437.0 1748000
1723177975783 438.0 1752000
1723177990017 439.0 1756000
1723178003865 440.0 1760000
1723178017692 441.0 1764000
1723178031576 442.0 1768000
1723178045641 443.0 1772000
1723178058928 444.0 1776000
1723178073269 445.0 1780000
1723178087062 446.0 1784000
1723178100742 447.0 1788000
1723178114278 448.0 1792000
1723178127545 449.0 1796000
1723178141315 450.0 1800000
1723178155345 451.0 1804000
1723178170119 452.0 1808000
1723178183727 453.0 1812000
1723178197176 454.0 1816000
1723178210922 455.0 1820000
1723178224758 456.0 1824000
1723178238147 457.0 1828000
1723178251456 458.0 1832000
1723178265394 459.0 1836000
1723178279439 460.0 1840000
1723178293205 461.0 1844000
1723178306794 462.0 1848000
1723178320087 463.0 1852000
1723178334147 464.0 1856000
1723178347696 465.0 1860000
1723178361173 466.0 1864000
1723178374245 467.0 1868000
1723178387656 468.0 1872000
1723178401128 469.0 1876000
1723178414681 470.0 1880000
1723178427809 471.0 1884000
1723178441316 472.0 1888000
1723178454725 473.0 1892000
1723178468744 474.0 1896000
1723178482253 475.0 1900000
1723178495945 476.0 1904000
1723178510299 477.0 1908000
1723178524136 478.0 1912000
1723178537770 479.0 1916000
1723178551601 480.0 1920000
1723178565037 481.0 1924000
1723178578884 482.0 1928000
1723178592859 483.0 1932000
1723178606137 484.0 1936000
1723178619669 485.0 1940000
1723178633974 486.0 1944000
1723178647822 487.0 1948000
1723178661752 488.0 1952000
1723178676669 489.0 1956000
1723178690431 490.0 1960000
1723178704222 491.0 1964000
1723178717802 492.0 1968000
1723178731471 493.0 1972000
1723178744598 494.0 1976000
1723178758514 495.0 1980000
1723178772256 496.0 1984000
1723178786080 497.0 1988000
1723178799488 498.0 1992000
1723178813106 499.0 1996000
1723178826951 500.0 2000000
