1723171811986 270.9960653015061 4000
1723171825384 303.8207488989967 8000
1723171838111 318.78392367738104 12000
1723171851691 299.5254180206611 16000
1723171869852 223.77129009296812 20000
1723171886364 245.5689082997607 24000
1723171904777 219.1240984479234 28000
1723171922342 231.42433270072829 32000
1723171940854 219.00297662423625 36000
1723171958833 224.87772992144983 40000
1723171977127 222.08032432178712 44000
1723171994341 236.55693049867227 48000
1723172010892 243.9763435136873 52000
1723172029561 217.15984109856484 56000
1723172044687 269.62842589184476 60000
1723172058607 291.5034839230523 64000
1723172072241 297.3629736552594 68000
1723172086177 291.1757662130808 72000
1723172099928 297.28555925946387 76000
1723172113355 302.8558576852489 80000
1723172125948 322.50280328929784 84000
1723172138997 310.84457869262604 88000
1723172151486 323.96992426844315 92000
1723172163931 326.36216614618047 96000
1723172176676 318.1153584788938 100000
1723172189552 315.02596682218604 104000
1723172201758 332.7172283649278 108000
1723172214512 317.0555670287319 112000
1723172227369 315.62865082613894 116000
1723172240044 320.1574993557622 120000
1723172252854 316.72413482914607 124000
1723172265431 321.43049961998616 128000
1723172278076 320.53719178950837 132000
1723172290464 327.96549652695717 136000
1723172302955 326.19325954231806 140000
1723172315541 322.53804432112054 144000
1723172328045 323.8543065466526 148000
1723172340384 329.6442872115166 152000
1723172352958 323.12935415869464 156000
1723172365018 336.2247245260344 160000
1723172376870 342.7739504876687 164000
1723172389927 311.1142248300484 168000
1723172402533 322.2035404061218 172000
1723172414530 338.6420823121587 176000
1723172426721 333.1086495410746 180000
1723172439121 327.5231535117001 184000
1723172451774 320.00787983270385 188000
1723172465468 297.39166389123005 192000
1723172478471 312.8063979113147 196000
1723172494338 255.5656911901972 200000
1723172507698 303.2297063325791 204000
1723172524558 241.03952455670066 208000
1723172546629 183.83171719754966 212000
1723172563733 238.48002575329372 216000
1723172581107 233.80034084214307 220000
1723172598017 240.0009155308362 224000
1723172613386 264.53052412271467 228000
1723172628720 263.67535643138694 232000
1723172643948 266.23409195610634 236000
1723172659878 254.19047534779574 240000
1723172675689 259.0728452441327 244000
1723172692063 252.27697450767752 248000
1723172707023 270.986116069336 252000
1723172721752 275.0572367279788 256000
1723172738229 246.01168749424917 260000
1723172756059 227.02830780701692 264000
1723172770940 271.8307041311319 268000
1723172785927 269.944601812221 272000
1723172800843 271.6687795738798 276000
1723172815709 272.34761842078626 280000
1723172830338 276.48862744420745 284000
1723172844827 280.2796385302911 288000
1723172859209 282.0619642665364 292000
1723172874409 267.01572272166004 296000
1723172889230 273.6769564799864 300000
1723172903600 283.1971313953291 304000
1723172919734 251.16477531012433 308000
1723172934634 272.10327315895927 312000
1723172948468 293.41616667460664 316000
1723172963121 276.6008229333208 320000
1723172977670 278.8217305245022 324000
1723172992058 282.3690968817492 328000
1723173006872 273.9377611035169 332000
1723173022314 262.9626067034586 336000
1723173036699 282.13256784131374 340000
1723173051238 279.4140590910575 344000
1723173065610 282.35980621450165 348000
1723173080124 278.7637927896996 352000
1723173094659 279.0910774232465 356000
1723173109338 276.1134509675268 360000
1723173125437 251.73991575696778 364000
1723173140425 270.8176328951779 368000
1723173155523 268.86517568206773 372000
1723173171456 259.0956826168324 376000
1723173186332 273.40254151091636 380000
1723173201379 270.0338272687454 384000
1723173216024 277.92770546887493 388000
1723173230896 273.0559737520695 392000
1723173245565 275.8200093833821 396000
1723173259754 286.8431149417385 400000
1723173274555 274.061535913728 404000
1723173288992 281.3342911465723 408000
1723173302807 293.900314753252 412000
1723173316994 286.0535831462679 416000
1723173330990 290.0960157553463 420000
1723173344655 296.20657604737124 424000
1723173359284 276.58708819334873 428000
1723173374403 268.18016564583576 432000
1723173387974 298.276677435803 436000
1723173400997 310.9547520602873 440000
1723173417230 248.95299969737843 444000
1723173434294 236.8737328046737 448000
1723173452220 225.99571978211637 452000
1723173472570 199.1181471429151 456000
1723173492561 203.12356360515724 460000
1723173511496 215.44101075191796 464000
1723173529293 227.28996774615752 468000
1723173544048 277.83797311420216 472000
1723173568020 168.55360315835466 476000
1723173585247 235.3404080057464 480000
1723173600812 261.24097159898594 484000
1723173616307 262.5403210233548 488000
1723173631683 265.18114031733097 492000
1723173646066 286.0647768697039 496000
1723173661882 269.3720734743533 500000
1723173679473 236.76309265264305 504000
1723173698892 208.37244794543957 508000
1723173715763 257.41561304633103 512000
1723173729782 290.48317046810575 516000
1723173741777 338.23714769819856 520000
1723173753939 333.48715115018587 524000
1723173766813 315.0268363657476 528000
1723173779441 322.48527864141585 532000
1723173796050 246.12476579608983 536000
1723173814550 219.08867050878936 540000
1723173834407 205.10781194336326 544000
1723173854978 198.1899724890769 548000
1723173868848 293.76671031641405 552000
1723173887088 222.89758910338304 556000
1723173903114 254.4939979052791 560000
1723173916542 304.3136783727523 564000
1723173942123 157.86939490174896 568000
1723173958415 249.864886003015 572000
1723173972691 284.6091665160685 576000
1723173988013 265.49902405005327 580000
1723174003656 261.70195677136167 584000
1723174019163 262.95244729922143 588000
1723174033922 276.23895908401613 592000
1723174049896 255.1115394965878 596000
1723174064366 282.0526416393912 600000
1723174079824 262.6894088851979 604000
1723174093281 303.9622914059134 608000
1723174108829 294.246639384296 612000
1723174123144 294.9444652055187 616000
1723174137149 291.20748025440133 620000
1723174150829 297.9354512872841 624000
1723174164439 298.51768492115787 628000
1723174177944 301.6213850889814 632000
1723174191249 307.0317884070374 636000
1723174205123 293.9013444556489 640000
1723174218508 304.3826804293691 644000
1723174231917 304.35684378197647 648000
1723174245336 303.66300251602473 652000
1723174258615 306.78297438401546 656000
1723174272649 290.8545326868472 660000
1723174285940 306.1993445042123 664000
1723174299314 304.43427849914184 668000
1723174312903 300.2475269806342 672000
1723174326362 302.7165123696003 676000
1723174339990 299.89854668429126 680000
1723174353356 305.81488665536494 684000
1723174366561 310.24994021427295 688000
1723174378972 331.68791726117126 692000
1723174392425 307.40676970362335 696000
1723174405802 304.4208608763046 700000
1723174419119 306.53123655049166 704000
1723174432491 305.2941457666972 708000
1723174445791 307.5718645966444 712000
1723174459061 307.09229839747184 716000
1723174471876 318.3034638112195 720000
1723174485428 300.73686664218786 724000
1723174499110 298.6152738188669 728000
1723174512439 305.76217316267906 732000
1723174525673 307.67167246697113 736000
1723174539702 290.7925402976126 740000
1723174553147 304.330045449022 744000
1723174567072 293.45992475614383 748000
1723174580304 308.62775751681124 752000
1723174594357 291.54149053616237 756000
1723174607384 313.30259296248187 760000
1723174621167 298.07822945268146 764000
1723174634812 299.51952523669 768000
1723174648309 302.9394444179815 772000
1723174661957 299.3858929727325 776000
1723174675897 293.33728011461284 780000
1723174689494 300.8338514971469 784000
1723174702827 305.9207196157553 788000
1723174716191 305.2282504657277 792000
1723174729979 296.4821346410589 796000
1723174743938 293.06876233608483 800000
1723174757072 312.4981676335787 804000
1723174770098 312.3876367662835 808000
1723174783166 312.4178451922749 812000
1723174796567 305.210365223152 816000
1723174809799 309.1495915940845 820000
1723174823326 302.7179051880313 824000
1723174836644 306.55024034658277 828000
1723174850390 297.26869278089873 832000
1723174864085 298.5706078363374 836000
1723174877582 304.1743232022608 840000
1723174890625 312.210906927232 844000
1723174904317 299.07676012750056 848000
1723174917488 312.1940530226962 852000
1723174930423 315.72919369142915 856000
1723174943617 309.761638377025 860000
1723174957152 302.4405885944104 864000
1723174971246 290.4402050488027 868000
1723174984751 302.7672137556651 872000
1723174998208 304.78423889922584 876000
1723175011708 303.5967655679918 880000
1723175025574 295.1067300952396 884000
1723175038933 305.81486435780664 888000
1723175051926 314.26437308764247 892000
1723175065289 306.1600462287141 896000
1723175078837 301.47687806158524 900000
1723175091926 312.28649591328207 904000
1723175105007 312.1590090019605 908000
1723175118289 307.58789604685984 912000
1723175131898 300.5353856917262 916000
1723175145172 307.4744487202744 920000
1723175158620 303.6400685348637 924000
1723175172504 294.8890827410112 928000
1723175186516 291.61339233035886 932000
1723175200627 290.2118027622335 936000
1723175214832 288.09173868552597 940000
1723175228566 296.98861107506315 944000
1723175242133 300.6977776216487 948000
1723175255819 298.89231510130907 952000
1723175269298 303.8132664601444 956000
1723175283281 292.86579587651244 960000
1723175296886 300.3674794918629 964000
1723175310676 297.11296058512704 968000
1723175324544 294.98425097655024 972000
1723175338097 301.9024214342669 976000
1723175351446 306.49520693850764 980000
1723175364970 301.93760750326084 984000
1723175378215 308.7093350333442 988000
1723175392409 287.6545789117463 992000
1723175405939 302.96894730165263 996000
1723175419088 311.6090898416299 1000000
1723175432243 310.6115553046224 1004000
1723175445666 304.3986683269489 1008000
1723175459094 304.36637395175507 1012000
1723175472553 303.48642935492353 1016000
1723175487577 271.53793109632034 1020000
1723175501119 301.5242332716861 1024000
1723175514663 301.5403233411726 1028000
1723175528001 307.0376545897393 1032000
1723175541273 307.7204069707267 1036000
1723175555251 293.3435373676861 1040000
1723175569919 280.1136775725882 1044000
1723175583607 298.6430579644348 1048000
1723175597217 300.158668588645 1052000
1723175610980 297.26326241388585 1056000
1723175624457 304.51667172372856 1060000
1723175637929 304.7899309181996 1064000
1723175652478 281.44722503855945 1068000
1723175666160 298.6728198967336 1072000
1723175679440 307.73342840046746 1076000
1723175693157 299.12859614732605 1080000
1723175706797 300.4658028578574 1084000
1723175720222 305.5159514713544 1088000
1723175733550 307.9721352411463 1092000
1723175747092 302.63937570613666 1096000
1723175760927 295.80289360866635 1100000
1723175773008 339.36987368855165 1104000
1723175786817 296.9100830795994 1108000
1723175799997 314.41579843614966 1112000
1723175813512 302.9128841560998 1116000
1723175827525 300.48677442678235 1120000
1723175841305 297.6086828454884 1124000
1723175853592 335.57373639373225 1128000
1723175867932 298.60054665070237 1132000
1723175881431 307.3413725292926 1136000
1723175895107 306.23216878141864 1140000
1723175908371 310.13761692007125 1144000
1723175922298 294.1402500933103 1148000
1723175936400 290.74528110817914 1152000
1723175950178 297.76072336555126 1156000
1723175963782 302.04764132130646 1160000
1723175977026 313.37446193333807 1164000
1723175990380 317.5299444654337 1168000
1723176003902 303.5643939418613 1172000
1723176017016 312.83898572853894 1176000
1723176030399 307.0075674917995 1180000
1723176044290 294.59143791026753 1184000
1723176058729 289.1543307288005 1188000
1723176072058 314.35778124236634 1192000
1723176085176 316.15792692619095 1196000
1723176098996 297.5347443644254 1200000
1723176112896 295.3346388656789 1204000
1723176126592 298.9010747811215 1208000
1723176139898 312.1571155825869 1212000
1723176154358 292.5922872012779 1216000
1723176168338 294.38560346771493 1220000
1723176182074 298.31611549160516 1224000
1723176195774 300.05329601896625 1228000
1723176208951 309.8621230115551 1232000
1723176222110 312.2127661387888 1236000
1723176235968 305.00872527883115 1240000
1723176249478 304.4945536250257 1244000
1723176262258 326.15176874840654 1248000
1723176274730 331.3607382536086 1252000
1723176287912 311.21329719370544 1256000
1723176301024 312.0647434584431 1260000
1723176314423 305.2221644726593 1264000
1723176327816 305.27767482903795 1268000
1723176341084 308.45640635134396 1272000
1723176354993 296.36358420475386 1276000
1723176368834 302.23921479994334 1280000
1723176383238 291.33412223081166 1284000
1723176395422 337.2527479905507 1288000
1723176408609 317.53838825403585 1292000
1723176422009 306.0217806561083 1296000
1723176435116 312.29571531029717 1300000
1723176448842 297.2399578054736 1304000
1723176462074 310.12228738684735 1308000
1723176475812 298.70904941631323 1312000
1723176489972 293.24990649578723 1316000
1723176502668 325.54621622739194 1320000
1723176516054 305.8918047066875 1324000
1723176530323 290.8385493603021 1328000
1723176544789 300.96979482204074 1332000
1723176558065 314.7230310718632 1336000
1723176572058 293.84393926348315 1340000
1723176585579 303.80966841857037 1344000
1723176599504 295.10263457281707 1348000
1723176613437 294.46713262911834 1352000
1723176627161 299.2902237394406 1356000
1723176640587 305.1061993955458 1360000
1723176654072 304.1112807101854 1364000
1723176667795 299.49909479317967 1368000
1723176681364 302.47448782147956 1372000
1723176694926 303.0168983252233 1376000
1723176708535 302.0004151304706 1380000
1723176721976 306.1639404034571 1384000
1723176735441 304.2833501149205 1388000
1723176748807 307.3641370266166 1392000
1723176762300 303.4299330851294 1396000
1723176776086 297.3878631578955 1400000
1723176789897 297.40145873918544 1404000
1723176803529 300.46140657216705 1408000
1723176816648 312.4471808201878 1412000
1723176830294 301.1149563382653 1416000
1723176844009 299.7109399605095 1420000
1723176857303 308.2495045233659 1424000
1723176870982 299.97825064992367 1428000
1723176884623 300.8722744684495 1432000
1723176898605 293.89681381907207 1436000
1723176912392 298.58777117198434 1440000
1723176926021 300.0148565973557 1444000
1723176939399 306.3577909442592 1448000
1723176952945 302.35280327918724 1452000
1723176966061 313.69662376318655 1456000
1723176979444 306.0669507590096 1460000
1723176992873 305.7249870314103 1464000
1723177006289 305.4766392947803 1468000
1723177019699 305.7954109771247 1472000
1723177033134 304.8205928523407 1476000
1723177046657 303.12365108595264 1480000
1723177060311 301.2744858238056 1484000
1723177074177 295.9671541197226 1488000
1723177088002 297.20561584366675 1492000
1723177101740 298.3782690936113 1496000
1723177115389 300.9239035897928 1500000
1723177129224 296.9996990564535 1504000
1723177143010 298.0182282775317 1508000
1723177156312 308.141199841606 1512000
1723177169465 310.8686657850589 1516000
1723177183808 287.0945581676426 1520000
1723177197227 305.8474780121975 1524000
1723177210539 309.07212554787657 1528000
1723177223574 314.8759625767689 1532000
1723177236823 309.3710924584829 1536000
1723177250829 292.9493139780091 1540000
1723177264442 300.9976840502597 1544000
1723177278810 285.13210792290636 1548000
1723177292785 294.1894861359488 1552000
1723177306706 295.56220741554745 1556000
1723177320469 298.67066650321914 1560000
1723177334291 296.36700280226347 1564000
1723177347836 302.60278694714964 1568000
1723177361696 295.72001335085434 1572000
1723177375631 295.4385228031597 1576000
1723177389840 292.27450572674354 1580000
1723177403422 301.7635339661179 1584000
1723177416797 306.7836419443414 1588000
1723177430827 291.9732967518376 1592000
1723177444853 293.2338484577823 1596000
1723177458614 298.55964665172434 1600000
1723177472266 300.30524166143255 1604000
1723177486161 295.7667815958885 1608000
1723177499900 299.21756603688755 1612000
1723177513586 299.59043584356186 1616000
1723177527827 290.2560012168554 1620000
1723177541557 299.4243316964229 1624000
1723177555251 300.0305016054832 1628000
1723177569576 287.6017965169689 1632000
1723177583661 292.364834760928 1636000
1723177596994 307.56105009160353 1640000
1723177610690 299.9388652477502 1644000
1723177624275 302.43048627337123 1648000
1723177637638 306.934905208152 1652000
1723177651352 301.54477835575864 1656000
1723177664695 308.3089034245682 1660000
1723177678140 305.017009792598 1664000
1723177691792 301.3909452274055 1668000
1723177705481 299.7744796517536 1672000
1723177718827 307.60060172114777 1676000
1723177732878 292.4523902894506 1680000
1723177746431 302.5354022903566 1684000
1723177759644 311.0807148293218 1688000
1723177773483 298.9157730265564 1692000
1723177787096 301.4144937597026 1696000
1723177800736 301.2724678722558 1700000
1723177813859 312.8511021719721 1704000
1723177827142 310.0383916353358 1708000
1723177840271 312.7994985875729 1712000
1723177854583 287.10790689479296 1716000
1723177868183 303.0035451518233 1720000
1723177881969 298.03916664227006 1724000
1723177895262 312.2028428534187 1728000
1723177908864 302.8932677769312 1732000
1723177921892 315.35312949318853 1736000
1723177934731 320.0157417411413 1740000
1723177948492 298.3494465508522 1744000
1723177962110 302.04941952419284 1748000
1723177975778 301.02250521996484 1752000
1723177990012 288.69212313244526 1756000
1723178003859 296.67359391267644 1760000
1723178017687 300.41760679138105 1764000
1723178031570 295.7214572053446 1768000
1723178045632 296.67689900257756 1772000
1723178058920 320.71331748871535 1776000
1723178073263 289.0761349400432 1780000
1723178087056 298.28172064005236 1784000
1723178100736 299.7574688309936 1788000
1723178114273 303.25754456628295 1792000
1723178127539 308.98944568850624 1796000
1723178141309 301.4248694935333 1800000
1723178155340 292.60348310339106 1804000
1723178170114 292.8174107196775 1808000
1723178183721 301.5202990801314 1812000
1723178197171 305.2714368907148 1816000
1723178210916 299.8905593193478 1820000
1723178224752 297.7581127791764 1824000
1723178238140 306.5672578287347 1828000
1723178251449 309.92424050557736 1832000
1723178265387 298.3524495235216 1836000
1723178279432 293.01487007305997 1840000
1723178293199 299.6653568569783 1844000
1723178306788 302.11452595191054 1848000
1723178320081 309.20771376783574 1852000
1723178334141 292.45234440844837 1856000
1723178347689 305.04754549435467 1860000
1723178361167 305.7721314880878 1864000
1723178374239 314.98907775306805 1868000
1723178387650 308.84768657339293 1872000
1723178401123 304.9354263880963 1876000
1723178414676 303.73322192910786 1880000
1723178427804 313.11742239278277 1884000
1723178441310 303.9221062217364 1888000
1723178454710 307.9610890657636 1892000
1723178468739 293.75587269995674 1896000
1723178482247 303.1986457964155 1900000
1723178495939 300.06747988431783 1904000
1723178510287 294.80893088233245 1908000
1723178524130 300.85493921703835 1912000
1723178537765 302.1041026854777 1916000
1723178551595 298.1556863752496 1920000
1723178565032 305.9267777140254 1924000
1723178578879 296.8562764167189 1928000
1723178592854 293.79984535998614 1932000
1723178606131 308.5650235629777 1936000
1723178619663 303.6521643630249 1940000
1723178633965 287.88336366162196 1944000
1723178647816 299.2987771651799 1948000
1723178661747 295.13342904303187 1952000
1723178676664 274.9151488766722 1956000
1723178690425 298.3931229425377 1960000
1723178704217 298.1663953577563 1964000
1723178717796 302.7099581019953 1968000
1723178731465 300.667330586257 1972000
1723178744592 313.97260604163324 1976000
1723178758508 295.0870944229433 1980000
1723178772250 302.37204453695256 1984000
1723178786075 297.40153254565575 1988000
1723178799482 306.7946262532688 1992000
1723178813100 302.56007395665415 1996000
1723178826944 298.0197370120258 2000000
