1723171811984 4000.0 4000
1723171825382 8000.0 8000
1723171838109 12000.0 12000
1723171851689 16000.0 16000
1723171869851 20000.0 20000
1723171886362 24000.0 24000
1723171904774 28000.0 28000
1723171922340 32000.0 32000
1723171940851 36000.0 36000
1723171958832 40000.0 40000
1723171977125 44000.0 44000
1723171994340 48000.0 48000
1723172010891 52000.0 52000
1723172029559 56000.0 56000
1723172044685 60000.0 60000
1723172058605 64000.0 64000
1723172072239 68000.0 68000
1723172086175 72000.0 72000
1723172099926 76000.0 76000
1723172113353 80000.0 80000
1723172125946 84000.0 84000
1723172138996 88000.0 88000
1723172151484 92000.0 92000
1723172163929 96000.0 96000
1723172176675 100000.0 100000
1723172189550 104000.0 104000
1723172201756 108000.0 108000
1723172214511 112000.0 112000
1723172227368 116000.0 116000
1723172240042 120000.0 120000
1723172252853 124000.0 124000
1723172265429 128000.0 128000
1723172278074 132000.0 132000
1723172290463 136000.0 136000
1723172302952 140000.0 140000
1723172315540 144000.0 144000
1723172328043 148000.0 148000
1723172340382 152000.0 152000
1723172352956 156000.0 156000
1723172365017 160000.0 160000
1723172376869 164000.0 164000
1723172389925 168000.0 168000
1723172402531 172000.0 172000
1723172414528 176000.0 176000
1723172426719 180000.0 180000
1723172439119 184000.0 184000
1723172451770 188000.0 188000
1723172465466 192000.0 192000
1723172478469 196000.0 196000
1723172494337 200000.0 200000
1723172507696 204000.0 204000
1723172524556 208000.0 208000
1723172546627 212000.0 212000
1723172563731 216000.0 216000
1723172581105 220000.0 220000
1723172598016 224000.0 224000
1723172613384 228000.0 228000
1723172628718 232000.0 232000
1723172643947 236000.0 236000
1723172659876 240000.0 240000
1723172675687 244000.0 244000
1723172692061 248000.0 248000
1723172707022 252000.0 252000
1723172721750 256000.0 256000
1723172738226 260000.0 260000
1723172756057 264000.0 264000
1723172770938 268000.0 268000
1723172785925 272000.0 272000
1723172800841 276000.0 276000
1723172815707 280000.0 280000
1723172830336 284000.0 284000
1723172844825 288000.0 288000
1723172859207 292000.0 292000
1723172874407 296000.0 296000
1723172889228 300000.0 300000
1723172903598 304000.0 304000
1723172919732 308000.0 308000
1723172934632 312000.0 312000
1723172948466 316000.0 316000
1723172963119 320000.0 320000
1723172977668 324000.0 324000
1723172992056 328000.0 328000
1723173006870 332000.0 332000
1723173022313 336000.0 336000
1723173036698 340000.0 340000
1723173051236 344000.0 344000
1723173065608 348000.0 348000
1723173080122 352000.0 352000
1723173094657 356000.0 356000
1723173109336 360000.0 360000
1723173125435 364000.0 364000
1723173140423 368000.0 368000
1723173155521 372000.0 372000
1723173171454 376000.0 376000
1723173186330 380000.0 380000
1723173201377 384000.0 384000
1723173216022 388000.0 388000
1723173230893 392000.0 392000
1723173245563 396000.0 396000
1723173259752 400000.0 400000
1723173274553 404000.0 404000
1723173288990 408000.0 408000
1723173302805 412000.0 412000
1723173316992 416000.0 416000
1723173330988 420000.0 420000
1723173344653 424000.0 424000
1723173359282 428000.0 428000
1723173374401 432000.0 432000
1723173387973 436000.0 436000
1723173400995 440000.0 440000
1723173417228 444000.0 444000
1723173434292 448000.0 448000
1723173452218 452000.0 452000
1723173472568 456000.0 456000
1723173492559 460000.0 460000
1723173511494 464000.0 464000
1723173529291 468000.0 468000
1723173544047 472000.0 472000
1723173568015 476000.0 476000
1723173585246 480000.0 480000
1723173600810 484000.0 484000
1723173616304 488000.0 488000
1723173631681 492000.0 492000
1723173646064 496000.0 496000
1723173661879 500000.0 500000
1723173679470 504000.0 504000
1723173698888 508000.0 508000
1723173715760 512000.0 512000
1723173729780 516000.0 516000
1723173741776 520000.0 520000
1723173753937 524000.0 524000
1723173766811 528000.0 528000
1723173779438 532000.0 532000
1723173796048 536000.0 536000
1723173814548 540000.0 540000
1723173834405 544000.0 544000
1723173854976 548000.0 548000
1723173868846 552000.0 552000
1723173887085 556000.0 556000
1723173903112 560000.0 560000
1723173916540 564000.0 564000
1723173942119 568000.0 568000
1723173958413 572000.0 572000
1723173972690 576000.0 576000
1723173988011 580000.0 580000
1723174003655 584000.0 584000
1723174019160 588000.0 588000
1723174033920 592000.0 592000
1723174049894 596000.0 596000
1723174064364 600000.0 600000
1723174079822 604000.0 604000
1723174093279 608000.0 608000
1723174108827 612000.0 612000
1723174123142 616000.0 616000
1723174137148 620000.0 620000
1723174150827 624000.0 624000
1723174164437 628000.0 628000
1723174177942 632000.0 632000
1723174191247 636000.0 636000
1723174205121 640000.0 640000
1723174218506 644000.0 644000
1723174231915 648000.0 648000
1723174245334 652000.0 652000
1723174258613 656000.0 656000
1723174272647 660000.0 660000
1723174285938 664000.0 664000
1723174299312 668000.0 668000
1723174312901 672000.0 672000
1723174326360 676000.0 676000
1723174339988 680000.0 680000
1723174353354 684000.0 684000
1723174366559 688000.0 688000
1723174378969 692000.0 692000
1723174392423 696000.0 696000
1723174405800 700000.0 700000
1723174419117 704000.0 704000
1723174432489 708000.0 708000
1723174445789 712000.0 712000
1723174459059 716000.0 716000
1723174471874 720000.0 720000
1723174485426 724000.0 724000
1723174499108 728000.0 728000
1723174512437 732000.0 732000
1723174525671 736000.0 736000
1723174539700 740000.0 740000
1723174553145 744000.0 744000
1723174567071 748000.0 748000
1723174580302 752000.0 752000
1723174594355 756000.0 756000
1723174607382 760000.0 760000
1723174621165 764000.0 764000
1723174634810 768000.0 768000
1723174648307 772000.0 772000
1723174661956 776000.0 776000
1723174675895 780000.0 780000
1723174689492 784000.0 784000
1723174702825 788000.0 788000
1723174716189 792000.0 792000
1723174729977 796000.0 796000
1723174743936 800000.0 800000
1723174757070 804000.0 804000
1723174770096 808000.0 808000
1723174783164 812000.0 812000
1723174796565 816000.0 816000
1723174809797 820000.0 820000
1723174823324 824000.0 824000
1723174836642 828000.0 828000
1723174850385 832000.0 832000
1723174864083 836000.0 836000
1723174877580 840000.0 840000
1723174890623 844000.0 844000
1723174904309 848000.0 848000
1723174917486 852000.0 852000
1723174930421 856000.0 856000
1723174943615 860000.0 860000
1723174957150 864000.0 864000
1723174971244 868000.0 868000
1723174984749 872000.0 872000
1723174998206 876000.0 876000
1723175011706 880000.0 880000
1723175025572 884000.0 884000
1723175038931 888000.0 888000
1723175051924 892000.0 892000
1723175065287 896000.0 896000
1723175078835 900000.0 900000
1723175091924 904000.0 904000
1723175105006 908000.0 908000
1723175118287 912000.0 912000
1723175131897 916000.0 916000
1723175145170 920000.0 920000
1723175158618 924000.0 924000
1723175172502 928000.0 928000
1723175186514 932000.0 932000
1723175200625 936000.0 936000
1723175214830 940000.0 940000
1723175228564 944000.0 944000
1723175242131 948000.0 948000
1723175255804 952000.0 952000
1723175269296 956000.0 956000
1723175283280 960000.0 960000
1723175296883 964000.0 964000
1723175310675 968000.0 968000
1723175324542 972000.0 972000
1723175338095 976000.0 976000
1723175351445 980000.0 980000
1723175364968 984000.0 984000
1723175378213 988000.0 988000
1723175392407 992000.0 992000
1723175405937 996000.0 996000
1723175419086 1000000.0 1000000
1723175432241 1004000.0 1004000
1723175445664 1008000.0 1008000
1723175459092 1012000.0 1012000
1723175472551 1016000.0 1016000
1723175487575 1020000.0 1020000
1723175501117 1024000.0 1024000
1723175514661 1028000.0 1028000
1723175527999 1032000.0 1032000
1723175541271 1036000.0 1036000
1723175555249 1040000.0 1040000
1723175569917 1044000.0 1044000
1723175583605 1048000.0 1048000
1723175597215 1052000.0 1052000
1723175610978 1056000.0 1056000
1723175624456 1060000.0 1060000
1723175637928 1064000.0 1064000
1723175652476 1068000.0 1068000
1723175666158 1072000.0 1072000
1723175679438 1076000.0 1076000
1723175693155 1080000.0 1080000
1723175706795 1084000.0 1084000
1723175720221 1088000.0 1088000
1723175733548 1092000.0 1092000
1723175747089 1096000.0 1096000
1723175760925 1100000.0 1100000
1723175773006 1104000.0 1104000
1723175786815 1108000.0 1108000
1723175799995 1112000.0 1112000
1723175813509 1116000.0 1116000
1723175827523 1120000.0 1120000
1723175841303 1124000.0 1124000
1723175853590 1128000.0 1128000
1723175867926 1132000.0 1132000
1723175881429 1136000.0 1136000
1723175895104 1140000.0 1140000
1723175908369 1144000.0 1144000
1723175922296 1148000.0 1148000
1723175936398 1152000.0 1152000
1723175950176 1156000.0 1156000
1723175963780 1160000.0 1160000
1723175977024 1164000.0 1164000
1723175990378 1168000.0 1168000
1723176003900 1172000.0 1172000
1723176017014 1176000.0 1176000
1723176030397 1180000.0 1180000
1723176044288 1184000.0 1184000
1723176058727 1188000.0 1188000
1723176072056 1192000.0 1192000
1723176085174 1196000.0 1196000
1723176098994 1200000.0 1200000
1723176112894 1204000.0 1204000
1723176126589 1208000.0 1208000
1723176139896 1212000.0 1212000
1723176154356 1216000.0 1216000
1723176168336 1220000.0 1220000
1723176182072 1224000.0 1224000
1723176195772 1228000.0 1228000
1723176208949 1232000.0 1232000
1723176222108 1236000.0 1236000
1723176235965 1240000.0 1240000
1723176249476 1244000.0 1244000
1723176262256 1248000.0 1248000
1723176274728 1252000.0 1252000
1723176287910 1256000.0 1256000
1723176301022 1260000.0 1260000
1723176314421 1264000.0 1264000
1723176327814 1268000.0 1268000
1723176341082 1272000.0 1272000
1723176354991 1276000.0 1276000
1723176368830 1280000.0 1280000
1723176383235 1284000.0 1284000
1723176395420 1288000.0 1288000
1723176408607 1292000.0 1292000
1723176422007 1296000.0 1296000
1723176435114 1300000.0 1300000
1723176448840 1304000.0 1304000
1723176462072 1308000.0 1308000
1723176475810 1312000.0 1312000
1723176489966 1316000.0 1316000
1723176502666 1320000.0 1320000
1723176516052 1324000.0 1324000
1723176530320 1328000.0 1328000
1723176544787 1332000.0 1332000
1723176558063 1336000.0 1336000
1723176572056 1340000.0 1340000
1723176585577 1344000.0 1344000
1723176599502 1348000.0 1348000
1723176613435 1352000.0 1352000
1723176627159 1356000.0 1356000
1723176640584 1360000.0 1360000
1723176654070 1364000.0 1364000
1723176667793 1368000.0 1368000
1723176681362 1372000.0 1372000
1723176694924 1376000.0 1376000
1723176708533 1380000.0 1380000
1723176721974 1384000.0 1384000
1723176735439 1388000.0 1388000
1723176748805 1392000.0 1392000
1723176762298 1396000.0 1396000
1723176776084 1400000.0 1400000
1723176789895 1404000.0 1404000
1723176803527 1408000.0 1408000
1723176816646 1412000.0 1412000
1723176830292 1416000.0 1416000
1723176844007 1420000.0 1420000
1723176857301 1424000.0 1424000
1723176870980 1428000.0 1428000
1723176884621 1432000.0 1432000
1723176898602 1436000.0 1436000
1723176912390 1440000.0 1440000
1723176926019 1444000.0 1444000
1723176939397 1448000.0 1448000
1723176952943 1452000.0 1452000
1723176966060 1456000.0 1456000
1723176979442 1460000.0 1460000
1723176992871 1464000.0 1464000
1723177006287 1468000.0 1468000
1723177019697 1472000.0 1472000
1723177033132 1476000.0 1476000
1723177046655 1480000.0 1480000
1723177060309 1484000.0 1484000
1723177074175 1488000.0 1488000
1723177087999 1492000.0 1492000
1723177101739 1496000.0 1496000
1723177115387 1500000.0 1500000
1723177129223 1504000.0 1504000
1723177143008 1508000.0 1508000
1723177156310 1512000.0 1512000
1723177169463 1516000.0 1516000
1723177183806 1520000.0 1520000
1723177197225 1524000.0 1524000
1723177210537 1528000.0 1528000
1723177223572 1532000.0 1532000
1723177236821 1536000.0 1536000
1723177250827 1540000.0 1540000
1723177264440 1544000.0 1544000
1723177278809 1548000.0 1548000
1723177292783 1552000.0 1552000
1723177306703 1556000.0 1556000
1723177320467 1560000.0 1560000
1723177334289 1564000.0 1564000
1723177347834 1568000.0 1568000
1723177361694 1572000.0 1572000
1723177375629 1576000.0 1576000
1723177389837 1580000.0 1580000
1723177403420 1584000.0 1584000
1723177416795 1588000.0 1588000
1723177430825 1592000.0 1592000
1723177444851 1596000.0 1596000
1723177458612 1600000.0 1600000
1723177472264 1604000.0 1604000
1723177486159 1608000.0 1608000
1723177499898 1612000.0 1612000
1723177513584 1616000.0 1616000
1723177527825 1620000.0 1620000
1723177541555 1624000.0 1624000
1723177555249 1628000.0 1628000
1723177569574 1632000.0 1632000
1723177583659 1636000.0 1636000
1723177596992 1640000.0 1640000
1723177610688 1644000.0 1644000
1723177624273 1648000.0 1648000
1723177637636 1652000.0 1652000
1723177651350 1656000.0 1656000
1723177664693 1660000.0 1660000
1723177678139 1664000.0 1664000
1723177691790 1668000.0 1668000
1723177705479 1672000.0 1672000
1723177718825 1676000.0 1676000
1723177732876 1680000.0 1680000
1723177746429 1684000.0 1684000
1723177759642 1688000.0 1688000
1723177773481 1692000.0 1692000
1723177787094 1696000.0 1696000
1723177800734 1700000.0 1700000
1723177813857 1704000.0 1704000
1723177827140 1708000.0 1708000
1723177840269 1712000.0 1712000
1723177854581 1716000.0 1716000
1723177868181 1720000.0 1720000
1723177881967 1724000.0 1724000
1723177895261 1728000.0 1728000
1723177908862 1732000.0 1732000
1723177921890 1736000.0 1736000
1723177934729 1740000.0 1740000
1723177948490 1744000.0 1744000
1723177962108 1748000.0 1748000
1723177975776 1752000.0 1752000
1723177990010 1756000.0 1756000
1723178003857 1760000.0 1760000
1723178017684 1764000.0 1764000
1723178031568 1768000.0 1768000
1723178045628 1772000.0 1772000
1723178058915 1776000.0 1776000
1723178073261 1780000.0 1780000
1723178087054 1784000.0 1784000
1723178100734 1788000.0 1788000
1723178114271 1792000.0 1792000
1723178127537 1796000.0 1796000
1723178141306 1800000.0 1800000
1723178155337 1804000.0 1804000
1723178170112 1808000.0 1808000
1723178183719 1812000.0 1812000
1723178197169 1816000.0 1816000
1723178210914 1820000.0 1820000
1723178224750 1824000.0 1824000
1723178238138 1828000.0 1828000
1723178251447 1832000.0 1832000
1723178265385 1836000.0 1836000
1723178279431 1840000.0 1840000
1723178293197 1844000.0 1844000
1723178306786 1848000.0 1848000
1723178320079 1852000.0 1852000
1723178334138 1856000.0 1856000
1723178347688 1860000.0 1860000
1723178361165 1864000.0 1864000
1723178374237 1868000.0 1868000
1723178387648 1872000.0 1872000
1723178401121 1876000.0 1876000
1723178414674 1880000.0 1880000
1723178427802 1884000.0 1884000
1723178441308 1888000.0 1888000
1723178454702 1892000.0 1892000
1723178468737 1896000.0 1896000
1723178482245 1900000.0 1900000
1723178495937 1904000.0 1904000
1723178510285 1908000.0 1908000
1723178524128 1912000.0 1912000
1723178537763 1916000.0 1916000
1723178551593 1920000.0 1920000
1723178565030 1924000.0 1924000
1723178578877 1928000.0 1928000
1723178592852 1932000.0 1932000
1723178606129 1936000.0 1936000
1723178619661 1940000.0 1940000
1723178633963 1944000.0 1944000
1723178647814 1948000.0 1948000
1723178661745 1952000.0 1952000
1723178676662 1956000.0 1956000
1723178690423 1960000.0 1960000
1723178704215 1964000.0 1964000
1723178717794 1968000.0 1968000
1723178731463 1972000.0 1972000
1723178744590 1976000.0 1976000
1723178758506 1980000.0 1980000
1723178772248 1984000.0 1984000
1723178786073 1988000.0 1988000
1723178799480 1992000.0 1992000
1723178813098 1996000.0 1996000
1723178826942 2000000.0 2000000
