1723171811992 65183.0 4000
1723171825388 65183.0 8000
1723171838115 65183.0 12000
1723171851695 65183.0 16000
1723171869857 65183.0 20000
1723171886368 65183.0 24000
1723171904783 65183.0 28000
1723171922347 65183.0 32000
1723171940859 65183.0 36000
1723171958838 65183.0 40000
1723171977134 65183.0 44000
1723171994346 65183.0 48000
1723172010897 65183.0 52000
1723172029567 65183.0 56000
1723172044691 65183.0 60000
1723172058611 65183.0 64000
1723172072246 65183.0 68000
1723172086181 65183.0 72000
1723172099933 65183.0 76000
1723172113359 65183.0 80000
1723172125952 65183.0 84000
1723172139001 65183.0 88000
1723172151490 65183.0 92000
1723172163935 65183.0 96000
1723172176681 65183.0 100000
1723172189556 65183.0 104000
1723172201762 65183.0 108000
1723172214517 65183.0 112000
1723172227374 65183.0 116000
1723172240048 65183.0 120000
1723172252858 65183.0 124000
1723172265435 65183.0 128000
1723172278080 65183.0 132000
1723172290469 65183.0 136000
1723172302960 65183.0 140000
1723172315546 65183.0 144000
1723172328050 65183.0 148000
1723172340389 65183.0 152000
1723172352962 65183.0 156000
1723172365023 65183.0 160000
1723172376874 65183.0 164000
1723172389931 65183.0 168000
1723172402537 65183.0 172000
1723172414534 65183.0 176000
1723172426725 65183.0 180000
1723172439125 65183.0 184000
1723172451779 65183.0 188000
1723172465472 65183.0 192000
1723172478475 65183.0 196000
1723172494343 65183.0 200000
1723172507702 65183.0 204000
1723172524563 65183.0 208000
1723172546634 65183.0 212000
1723172563749 65183.0 216000
1723172581111 65183.0 220000
1723172598023 65183.0 224000
1723172613390 65183.0 228000
1723172628724 65183.0 232000
1723172643953 65183.0 236000
1723172659882 65183.0 240000
1723172675694 65183.0 244000
1723172692068 65183.0 248000
1723172707028 65183.0 252000
1723172721757 65183.0 256000
1723172738234 65183.0 260000
1723172756063 65183.0 264000
1723172770944 65183.0 268000
1723172785931 65183.0 272000
1723172800848 65183.0 276000
1723172815713 65183.0 280000
1723172830377 65183.0 284000
1723172844831 65183.0 288000
1723172859214 65183.0 292000
1723172874413 65183.0 296000
1723172889235 65183.0 300000
1723172903605 65183.0 304000
1723172919738 65183.0 308000
1723172934638 65183.0 312000
1723172948472 65183.0 316000
1723172963125 65183.0 320000
1723172977674 65183.0 324000
1723172992063 65183.0 328000
1723173006876 65183.0 332000
1723173022319 65183.0 336000
1723173036704 65183.0 340000
1723173051242 65183.0 344000
1723173065614 65183.0 348000
1723173080129 65183.0 352000
1723173094664 65183.0 356000
1723173109343 65183.0 360000
1723173125442 65183.0 364000
1723173140430 65183.0 368000
1723173155528 65183.0 372000
1723173171460 65183.0 376000
1723173186337 65183.0 380000
1723173201383 65183.0 384000
1723173216029 65183.0 388000
1723173230901 65183.0 392000
1723173245569 65183.0 396000
1723173259758 65183.0 400000
1723173274560 65183.0 404000
1723173288996 65183.0 408000
1723173302811 65183.0 412000
1723173316998 65183.0 416000
1723173330995 65183.0 420000
1723173344660 65183.0 424000
1723173359288 65183.0 428000
1723173374407 65183.0 432000
1723173387979 65183.0 436000
1723173401001 65183.0 440000
1723173417236 65183.0 444000
1723173434301 65183.0 448000
1723173452225 65183.0 452000
1723173472574 65183.0 456000
1723173492567 65183.0 460000
1723173511500 65183.0 464000
1723173529297 65183.0 468000
1723173544053 65183.0 472000
1723173568025 65183.0 476000
1723173585252 65183.0 480000
1723173600817 65183.0 484000
1723173616312 65183.0 488000
1723173631690 65183.0 492000
1723173646072 65183.0 496000
1723173661894 65183.0 500000
1723173679479 65183.0 504000
1723173698897 65183.0 508000
1723173715767 65183.0 512000
1723173729786 65183.0 516000
1723173741782 65183.0 520000
1723173753944 65183.0 524000
1723173766817 65183.0 528000
1723173779445 65183.0 532000
1723173796054 65183.0 536000
1723173814555 65183.0 540000
1723173834413 65183.0 544000
1723173854983 65183.0 548000
1723173868853 65183.0 552000
1723173887093 65183.0 556000
1723173903118 65183.0 560000
1723173916546 65183.0 564000
1723173942130 65183.0 568000
1723173958419 65183.0 572000
1723173972696 65183.0 576000
1723173988017 65183.0 580000
1723174003663 65183.0 584000
1723174019169 65183.0 588000
1723174033927 65183.0 592000
1723174049901 65183.0 596000
1723174064371 65183.0 600000
1723174079829 65183.0 604000
1723174093286 65183.0 608000
1723174108835 65183.0 612000
1723174123150 65183.0 616000
1723174137154 65183.0 620000
1723174150834 65183.0 624000
1723174164444 65183.0 628000
1723174177949 65183.0 632000
1723174191254 65183.0 636000
1723174205128 65183.0 640000
1723174218513 65183.0 644000
1723174231922 65183.0 648000
1723174245341 65183.0 652000
1723174258620 65183.0 656000
1723174272654 65183.0 660000
1723174285945 65183.0 664000
1723174299318 65183.0 668000
1723174312908 65183.0 672000
1723174326367 65183.0 676000
1723174339995 65183.0 680000
1723174353361 65183.0 684000
1723174366566 65183.0 688000
1723174378977 65183.0 692000
1723174392430 65183.0 696000
1723174405808 65183.0 700000
1723174419123 65183.0 704000
1723174432495 65183.0 708000
1723174445795 65183.0 712000
1723174459065 65183.0 716000
1723174471880 65183.0 720000
1723174485433 65183.0 724000
1723174499114 65183.0 728000
1723174512443 65183.0 732000
1723174525678 65183.0 736000
1723174539707 65183.0 740000
1723174553152 65183.0 744000
1723174567078 65183.0 748000
1723174580309 65183.0 752000
1723174594362 65183.0 756000
1723174607389 65183.0 760000
1723174621172 65183.0 764000
1723174634818 65183.0 768000
1723174648314 65183.0 772000
1723174661962 65183.0 776000
1723174675902 65183.0 780000
1723174689499 65183.0 784000
1723174702832 65183.0 788000
1723174716196 65183.0 792000
1723174729983 65183.0 796000
1723174743943 65183.0 800000
1723174757076 65183.0 804000
1723174770103 65183.0 808000
1723174783170 65183.0 812000
1723174796572 65183.0 816000
1723174809804 65183.0 820000
1723174823330 65183.0 824000
1723174836648 65183.0 828000
1723174850396 65183.0 832000
1723174864093 65183.0 836000
1723174877586 65183.0 840000
1723174890629 65183.0 844000
1723174904323 65183.0 848000
1723174917492 65183.0 852000
1723174930432 65183.0 856000
1723174943622 65183.0 860000
1723174957157 65183.0 864000
1723174971250 65183.0 868000
1723174984756 65183.0 872000
1723174998213 65183.0 876000
1723175011713 65183.0 880000
1723175025579 65183.0 884000
1723175038938 65183.0 888000
1723175051931 65183.0 892000
1723175065294 65183.0 896000
1723175078841 65183.0 900000
1723175091930 65183.0 904000
1723175105012 65183.0 908000
1723175118294 65183.0 912000
1723175131903 65183.0 916000
1723175145177 65183.0 920000
1723175158624 65183.0 924000
1723175172508 65183.0 928000
1723175186520 65183.0 932000
1723175200632 65183.0 936000
1723175214836 65183.0 940000
1723175228570 65183.0 944000
1723175242138 65183.0 948000
1723175255833 65183.0 952000
1723175269303 65183.0 956000
1723175283286 65183.0 960000
1723175296893 65183.0 964000
1723175310681 65183.0 968000
1723175324549 65183.0 972000
1723175338101 65183.0 976000
1723175351451 65183.0 980000
1723175364974 65183.0 984000
1723175378219 65183.0 988000
1723175392414 65183.0 992000
1723175405944 65183.0 996000
1723175419093 65183.0 1000000
1723175432248 65183.0 1004000
1723175445671 65183.0 1008000
1723175459100 65183.0 1012000
1723175472558 65183.0 1016000
1723175487582 65183.0 1020000
1723175501124 65183.0 1024000
1723175514668 65183.0 1028000
1723175528006 65183.0 1032000
1723175541277 65183.0 1036000
1723175555256 65183.0 1040000
1723175569924 65183.0 1044000
1723175583612 65183.0 1048000
1723175597222 65183.0 1052000
1723175610985 65183.0 1056000
1723175624462 65183.0 1060000
1723175637935 65183.0 1064000
1723175652483 65183.0 1068000
1723175666165 65183.0 1072000
1723175679445 65183.0 1076000
1723175693162 65183.0 1080000
1723175706803 65183.0 1084000
1723175720227 65183.0 1088000
1723175733557 65183.0 1092000
1723175747096 65183.0 1096000
1723175760932 65183.0 1100000
1723175773014 65183.0 1104000
1723175786824 65183.0 1108000
1723175800002 65183.0 1112000
1723175813518 65183.0 1116000
1723175827530 65183.0 1120000
1723175841310 65183.0 1124000
1723175853597 65183.0 1128000
1723175867937 65183.0 1132000
1723175881437 65183.0 1136000
1723175895112 65183.0 1140000
1723175908376 65183.0 1144000
1723175922303 65183.0 1148000
1723175936406 65183.0 1152000
1723175950183 65183.0 1156000
1723175963787 65183.0 1160000
1723175977031 65183.0 1164000
1723175990385 65183.0 1168000
1723176003907 65183.0 1172000
1723176017020 65183.0 1176000
1723176030404 65183.0 1180000
1723176044295 65183.0 1184000
1723176058734 65183.0 1188000
1723176072065 65183.0 1192000
1723176085180 65183.0 1196000
1723176099001 65183.0 1200000
1723176112902 65183.0 1204000
1723176126597 65183.0 1208000
1723176139904 65183.0 1212000
1723176154364 65183.0 1216000
1723176168343 65183.0 1220000
1723176182078 65183.0 1224000
1723176195780 65183.0 1228000
1723176208956 65183.0 1232000
1723176222116 65183.0 1236000
1723176235973 65183.0 1240000
1723176249484 65183.0 1244000
1723176262267 65183.0 1248000
1723176274734 65183.0 1252000
1723176287916 65183.0 1256000
1723176301029 65183.0 1260000
1723176314428 65183.0 1264000
1723176327820 65183.0 1268000
1723176341088 65183.0 1272000
1723176354998 65183.0 1276000
1723176368839 65183.0 1280000
1723176383243 65183.0 1284000
1723176395427 65183.0 1288000
1723176408614 65183.0 1292000
1723176422014 65183.0 1296000
1723176435121 65183.0 1300000
1723176448847 65183.0 1304000
1723176462081 65183.0 1308000
1723176475818 65183.0 1312000
1723176489978 65183.0 1316000
1723176502673 65183.0 1320000
1723176516058 65183.0 1324000
1723176530360 65183.0 1328000
1723176544794 65183.0 1332000
1723176558072 65183.0 1336000
1723176572063 65183.0 1340000
1723176585583 65183.0 1344000
1723176599509 65183.0 1348000
1723176613442 65183.0 1352000
1723176627166 65183.0 1356000
1723176640593 65183.0 1360000
1723176654077 65183.0 1364000
1723176667800 65183.0 1368000
1723176681368 65183.0 1372000
1723176694932 65183.0 1376000
1723176708540 65183.0 1380000
1723176721981 65183.0 1384000
1723176735446 65183.0 1388000
1723176748811 65183.0 1392000
1723176762305 65183.0 1396000
1723176776091 65183.0 1400000
1723176789902 65183.0 1404000
1723176803535 65183.0 1408000
1723176816653 65183.0 1412000
1723176830298 65183.0 1416000
1723176844013 65183.0 1420000
1723176857308 65183.0 1424000
1723176870987 65183.0 1428000
1723176884627 65183.0 1432000
1723176898610 65183.0 1436000
1723176912397 65183.0 1440000
1723176926026 65183.0 1444000
1723176939403 65183.0 1448000
1723176952949 65183.0 1452000
1723176966066 65183.0 1456000
1723176979449 65183.0 1460000
1723176992878 65183.0 1464000
1723177006294 65183.0 1468000
1723177019703 65183.0 1472000
1723177033139 65183.0 1476000
1723177046662 65183.0 1480000
1723177060316 65183.0 1484000
1723177074181 65183.0 1488000
1723177088006 65183.0 1492000
1723177101745 65183.0 1496000
1723177115394 65183.0 1500000
1723177129229 65183.0 1504000
1723177143015 65183.0 1508000
1723177156317 65183.0 1512000
1723177169470 65183.0 1516000
1723177183813 65183.0 1520000
1723177197232 65183.0 1524000
1723177210544 65183.0 1528000
1723177223579 65183.0 1532000
1723177236828 65183.0 1536000
1723177250833 65183.0 1540000
1723177264447 65183.0 1544000
1723177278815 65183.0 1548000
1723177292791 65183.0 1552000
1723177306710 65183.0 1556000
1723177320474 65183.0 1560000
1723177334296 65183.0 1564000
1723177347841 65183.0 1568000
1723177361700 65183.0 1572000
1723177375637 65183.0 1576000
1723177389844 65183.0 1580000
1723177403427 65183.0 1584000
1723177416802 65183.0 1588000
1723177430832 65183.0 1592000
1723177444857 65183.0 1596000
1723177458619 65183.0 1600000
1723177472271 65183.0 1604000
1723177486166 65183.0 1608000
1723177499905 65183.0 1612000
1723177513591 65183.0 1616000
1723177527832 65183.0 1620000
1723177541562 65183.0 1624000
1723177555257 65183.0 1628000
1723177569581 65183.0 1632000
1723177583665 65183.0 1636000
1723177596998 65183.0 1640000
1723177610694 65183.0 1644000
1723177624280 65183.0 1648000
1723177637642 65183.0 1652000
1723177651357 65183.0 1656000
1723177664700 65183.0 1660000
1723177678145 65183.0 1664000
1723177691799 65183.0 1668000
1723177705485 65183.0 1672000
1723177718832 65183.0 1676000
1723177732883 65183.0 1680000
1723177746438 65183.0 1684000
1723177759649 65183.0 1688000
1723177773488 65183.0 1692000
1723177787100 65183.0 1696000
1723177800741 65183.0 1700000
1723177813863 65183.0 1704000
1723177827147 65183.0 1708000
1723177840276 65183.0 1712000
1723177854587 65183.0 1716000
1723177868188 65183.0 1720000
1723177881973 65183.0 1724000
1723177895267 65183.0 1728000
1723177908869 65183.0 1732000
1723177921897 65183.0 1736000
1723177934735 65183.0 1740000
1723177948496 65183.0 1744000
1723177962115 65183.0 1748000
1723177975783 65183.0 1752000
1723177990016 65183.0 1756000
1723178003864 65183.0 1760000
1723178017691 65183.0 1764000
1723178031575 65183.0 1768000
1723178045640 65183.0 1772000
1723178058927 65183.0 1776000
1723178073268 65183.0 1780000
1723178087061 65183.0 1784000
1723178100741 65183.0 1788000
1723178114277 65183.0 1792000
1723178127544 65183.0 1796000
1723178141314 65183.0 1800000
1723178155344 65183.0 1804000
1723178170118 65183.0 1808000
1723178183726 65183.0 1812000
1723178197175 65183.0 1816000
1723178210921 65183.0 1820000
1723178224757 65183.0 1824000
1723178238146 65183.0 1828000
1723178251454 65183.0 1832000
1723178265393 65183.0 1836000
1723178279438 65183.0 1840000
1723178293204 65183.0 1844000
1723178306793 65183.0 1848000
1723178320086 65183.0 1852000
1723178334146 65183.0 1856000
1723178347694 65183.0 1860000
1723178361172 65183.0 1864000
1723178374244 65183.0 1868000
1723178387655 65183.0 1872000
1723178401128 65183.0 1876000
1723178414680 65183.0 1880000
1723178427808 65183.0 1884000
1723178441315 65183.0 1888000
1723178454723 65183.0 1892000
1723178468743 65183.0 1896000
1723178482252 65183.0 1900000
1723178495944 65183.0 1904000
1723178510296 65183.0 1908000
1723178524135 65183.0 1912000
1723178537769 65183.0 1916000
1723178551600 65183.0 1920000
1723178565037 65183.0 1924000
1723178578884 65183.0 1928000
1723178592859 65183.0 1932000
1723178606136 65183.0 1936000
1723178619668 65183.0 1940000
1723178633973 65183.0 1944000
1723178647821 65183.0 1948000
1723178661751 65183.0 1952000
1723178676668 65183.0 1956000
1723178690430 65183.0 1960000
1723178704221 65183.0 1964000
1723178717801 65183.0 1968000
1723178731470 65183.0 1972000
1723178744597 65183.0 1976000
1723178758513 65183.0 1980000
1723178772255 65183.0 1984000
1723178786079 65183.0 1988000
1723178799487 65183.0 1992000
1723178813105 65183.0 1996000
1723178826950 65183.0 2000000
