1723171811990 1723171811.0 4000
1723171825387 1723171825.0 8000
1723171838114 1723171838.0 12000
1723171851694 1723171851.0 16000
1723171869856 1723171869.0 20000
1723171886367 1723171886.0 24000
1723171904781 1723171904.0 28000
1723171922345 1723171922.0 32000
1723171940858 1723171940.0 36000
1723171958837 1723171958.0 40000
1723171977133 1723171977.0 44000
1723171994345 1723171994.0 48000
1723172010896 1723172010.0 52000
1723172029566 1723172029.0 56000
1723172044690 1723172044.0 60000
1723172058610 1723172058.0 64000
1723172072245 1723172072.0 68000
1723172086180 1723172086.0 72000
1723172099932 1723172099.0 76000
1723172113358 1723172113.0 80000
1723172125951 1723172125.0 84000
1723172139000 1723172138.0 88000
1723172151489 1723172151.0 92000
1723172163934 1723172163.0 96000
1723172176680 1723172176.0 100000
1723172189555 1723172189.0 104000
1723172201761 1723172201.0 108000
1723172214516 1723172214.0 112000
1723172227373 1723172227.0 116000
1723172240047 1723172239.0 120000
1723172252857 1723172252.0 124000
1723172265434 1723172265.0 128000
1723172278079 1723172278.0 132000
1723172290468 1723172290.0 136000
1723172302959 1723172302.0 140000
1723172315545 1723172315.0 144000
1723172328049 1723172328.0 148000
1723172340387 1723172340.0 152000
1723172352961 1723172352.0 156000
1723172365021 1723172364.0 160000
1723172376873 1723172376.0 164000
1723172389930 1723172389.0 168000
1723172402536 1723172402.0 172000
1723172414533 1723172414.0 176000
1723172426724 1723172426.0 180000
1723172439124 1723172439.0 184000
1723172451778 1723172451.0 188000
1723172465471 1723172465.0 192000
1723172478474 1723172478.0 196000
1723172494341 1723172494.0 200000
1723172507701 1723172507.0 204000
1723172524562 1723172524.0 208000
1723172546633 1723172546.0 212000
1723172563739 1723172563.0 216000
1723172581110 1723172580.0 220000
1723172598022 1723172597.0 224000
1723172613389 1723172613.0 228000
1723172628723 1723172628.0 232000
1723172643952 1723172643.0 236000
1723172659881 1723172659.0 240000
1723172675692 1723172675.0 244000
1723172692067 1723172691.0 248000
1723172707027 1723172706.0 252000
1723172721755 1723172721.0 256000
1723172738233 1723172738.0 260000
1723172756062 1723172756.0 264000
1723172770943 1723172770.0 268000
1723172785930 1723172785.0 272000
1723172800847 1723172800.0 276000
1723172815712 1723172815.0 280000
1723172830341 1723172830.0 284000
1723172844830 1723172844.0 288000
1723172859213 1723172859.0 292000
1723172874412 1723172874.0 296000
1723172889233 1723172889.0 300000
1723172903603 1723172903.0 304000
1723172919737 1723172919.0 308000
1723172934637 1723172934.0 312000
1723172948471 1723172948.0 316000
1723172963124 1723172963.0 320000
1723172977673 1723172977.0 324000
1723172992062 1723172991.0 328000
1723173006875 1723173006.0 332000
1723173022318 1723173022.0 336000
1723173036703 1723173036.0 340000
1723173051241 1723173051.0 344000
1723173065613 1723173065.0 348000
1723173080127 1723173080.0 352000
1723173094663 1723173094.0 356000
1723173109342 1723173109.0 360000
1723173125441 1723173125.0 364000
1723173140428 1723173140.0 368000
1723173155526 1723173155.0 372000
1723173171459 1723173171.0 376000
1723173186336 1723173186.0 380000
1723173201382 1723173201.0 384000
1723173216027 1723173215.0 388000
1723173230900 1723173230.0 392000
1723173245568 1723173245.0 396000
1723173259757 1723173259.0 400000
1723173274558 1723173274.0 404000
1723173288995 1723173288.0 408000
1723173302810 1723173302.0 412000
1723173316997 1723173316.0 416000
1723173330993 1723173330.0 420000
1723173344659 1723173344.0 424000
1723173359287 1723173359.0 428000
1723173374406 1723173374.0 432000
1723173387977 1723173387.0 436000
1723173401000 1723173400.0 440000
1723173417235 1723173417.0 444000
1723173434298 1723173434.0 448000
1723173452224 1723173452.0 452000
1723173472573 1723173472.0 456000
1723173492565 1723173492.0 460000
1723173511499 1723173511.0 464000
1723173529296 1723173529.0 468000
1723173544052 1723173543.0 472000
1723173568024 1723173567.0 476000
1723173585251 1723173585.0 480000
1723173600815 1723173600.0 484000
1723173616311 1723173616.0 488000
1723173631689 1723173631.0 492000
1723173646070 1723173645.0 496000
1723173661893 1723173661.0 500000
1723173679477 1723173679.0 504000
1723173698896 1723173698.0 508000
1723173715766 1723173715.0 512000
1723173729785 1723173729.0 516000
1723173741781 1723173741.0 520000
1723173753942 1723173753.0 524000
1723173766816 1723173766.0 528000
1723173779444 1723173779.0 532000
1723173796053 1723173795.0 536000
1723173814554 1723173814.0 540000
1723173834412 1723173834.0 544000
1723173854982 1723173854.0 548000
1723173868852 1723173868.0 552000
1723173887091 1723173886.0 556000
1723173903117 1723173902.0 560000
1723173916545 1723173916.0 564000
1723173942128 1723173942.0 568000
1723173958418 1723173958.0 572000
1723173972695 1723173972.0 576000
1723173988016 1723173987.0 580000
1723174003660 1723174003.0 584000
1723174019167 1723174019.0 588000
1723174033926 1723174033.0 592000
1723174049900 1723174049.0 596000
1723174064370 1723174064.0 600000
1723174079827 1723174079.0 604000
1723174093285 1723174093.0 608000
1723174108833 1723174107.0 612000
1723174123148 1723174123.0 616000
1723174137153 1723174137.0 620000
1723174150832 1723174150.0 624000
1723174164443 1723174164.0 628000
1723174177948 1723174177.0 632000
1723174191253 1723174191.0 636000
1723174205127 1723174204.0 640000
1723174218512 1723174218.0 644000
1723174231921 1723174231.0 648000
1723174245340 1723174245.0 652000
1723174258618 1723174258.0 656000
1723174272653 1723174272.0 660000
1723174285944 1723174285.0 664000
1723174299317 1723174299.0 668000
1723174312907 1723174312.0 672000
1723174326365 1723174326.0 676000
1723174339994 1723174339.0 680000
1723174353360 1723174353.0 684000
1723174366564 1723174366.0 688000
1723174378976 1723174378.0 692000
1723174392429 1723174392.0 696000
1723174405806 1723174405.0 700000
1723174419122 1723174418.0 704000
1723174432494 1723174432.0 708000
1723174445794 1723174445.0 712000
1723174459064 1723174458.0 716000
1723174471879 1723174471.0 720000
1723174485432 1723174485.0 724000
1723174499113 1723174498.0 728000
1723174512442 1723174512.0 732000
1723174525677 1723174525.0 736000
1723174539705 1723174539.0 740000
1723174553150 1723174553.0 744000
1723174567076 1723174566.0 748000
1723174580308 1723174580.0 752000
1723174594360 1723174594.0 756000
1723174607388 1723174607.0 760000
1723174621171 1723174621.0 764000
1723174634816 1723174634.0 768000
1723174648313 1723174648.0 772000
1723174661961 1723174661.0 776000
1723174675900 1723174675.0 780000
1723174689497 1723174689.0 784000
1723174702831 1723174702.0 788000
1723174716195 1723174716.0 792000
1723174729982 1723174729.0 796000
1723174743941 1723174743.0 800000
1723174757075 1723174756.0 804000
1723174770102 1723174769.0 808000
1723174783169 1723174783.0 812000
1723174796570 1723174796.0 816000
1723174809803 1723174809.0 820000
1723174823329 1723174823.0 824000
1723174836647 1723174836.0 828000
1723174850394 1723174850.0 832000
1723174864089 1723174863.0 836000
1723174877585 1723174877.0 840000
1723174890628 1723174890.0 844000
1723174904321 1723174904.0 848000
1723174917491 1723174917.0 852000
1723174930428 1723174930.0 856000
1723174943620 1723174943.0 860000
1723174957156 1723174956.0 864000
1723174971249 1723174971.0 868000
1723174984754 1723174984.0 872000
1723174998212 1723174998.0 876000
1723175011711 1723175011.0 880000
1723175025577 1723175025.0 884000
1723175038936 1723175038.0 888000
1723175051929 1723175051.0 892000
1723175065293 1723175065.0 896000
1723175078840 1723175078.0 900000
1723175091929 1723175091.0 904000
1723175105011 1723175104.0 908000
1723175118293 1723175118.0 912000
1723175131901 1723175131.0 916000
1723175145175 1723175145.0 920000
1723175158623 1723175158.0 924000
1723175172507 1723175172.0 928000
1723175186519 1723175186.0 932000
1723175200631 1723175200.0 936000
1723175214835 1723175214.0 940000
1723175228569 1723175228.0 944000
1723175242136 1723175241.0 948000
1723175255831 1723175255.0 952000
1723175269301 1723175269.0 956000
1723175283285 1723175283.0 960000
1723175296891 1723175296.0 964000
1723175310680 1723175310.0 968000
1723175324548 1723175324.0 972000
1723175338100 1723175337.0 976000
1723175351450 1723175351.0 980000
1723175364973 1723175364.0 984000
1723175378218 1723175378.0 988000
1723175392412 1723175392.0 992000
1723175405943 1723175405.0 996000
1723175419092 1723175418.0 1000000
1723175432247 1723175432.0 1004000
1723175445669 1723175445.0 1008000
1723175459098 1723175458.0 1012000
1723175472557 1723175472.0 1016000
1723175487581 1723175487.0 1020000
1723175501123 1723175500.0 1024000
1723175514666 1723175514.0 1028000
1723175528005 1723175527.0 1032000
1723175541276 1723175541.0 1036000
1723175555254 1723175555.0 1040000
1723175569922 1723175569.0 1044000
1723175583611 1723175583.0 1048000
1723175597220 1723175597.0 1052000
1723175610984 1723175610.0 1056000
1723175624461 1723175624.0 1060000
1723175637933 1723175637.0 1064000
1723175652482 1723175652.0 1068000
1723175666163 1723175665.0 1072000
1723175679444 1723175679.0 1076000
1723175693161 1723175692.0 1080000
1723175706801 1723175706.0 1084000
1723175720226 1723175720.0 1088000
1723175733556 1723175733.0 1092000
1723175747095 1723175746.0 1096000
1723175760930 1723175760.0 1100000
1723175773012 1723175772.0 1104000
1723175786822 1723175786.0 1108000
1723175800001 1723175799.0 1112000
1723175813516 1723175813.0 1116000
1723175827529 1723175827.0 1120000
1723175841309 1723175841.0 1124000
1723175853596 1723175853.0 1128000
1723175867936 1723175867.0 1132000
1723175881436 1723175881.0 1136000
1723175895110 1723175894.0 1140000
1723175908375 1723175908.0 1144000
1723175922302 1723175922.0 1148000
1723175936405 1723175936.0 1152000
1723175950182 1723175949.0 1156000
1723175963786 1723175963.0 1160000
1723175977030 1723175976.0 1164000
1723175990383 1723175990.0 1168000
1723176003906 1723176003.0 1172000
1723176017019 1723176016.0 1176000
1723176030402 1723176030.0 1180000
1723176044293 1723176044.0 1184000
1723176058733 1723176058.0 1188000
1723176072062 1723176071.0 1192000
1723176085179 1723176085.0 1196000
1723176099000 1723176098.0 1200000
1723176112900 1723176112.0 1204000
1723176126596 1723176126.0 1208000
1723176139903 1723176139.0 1212000
1723176154363 1723176153.0 1216000
1723176168342 1723176168.0 1220000
1723176182077 1723176181.0 1224000
1723176195778 1723176195.0 1228000
1723176208955 1723176208.0 1232000
1723176222114 1723176221.0 1236000
1723176235972 1723176235.0 1240000
1723176249482 1723176249.0 1244000
1723176262266 1723176261.0 1248000
1723176274733 1723176274.0 1252000
1723176287915 1723176287.0 1256000
1723176301028 1723176300.0 1260000
1723176314427 1723176314.0 1264000
1723176327819 1723176327.0 1268000
1723176341087 1723176340.0 1272000
1723176354996 1723176354.0 1276000
1723176368838 1723176368.0 1280000
1723176383242 1723176382.0 1284000
1723176395426 1723176395.0 1288000
1723176408613 1723176408.0 1292000
1723176422012 1723176421.0 1296000
1723176435120 1723176434.0 1300000
1723176448846 1723176448.0 1304000
1723176462079 1723176461.0 1308000
1723176475816 1723176475.0 1312000
1723176489977 1723176489.0 1316000
1723176502671 1723176502.0 1320000
1723176516057 1723176515.0 1324000
1723176530358 1723176529.0 1328000
1723176544792 1723176544.0 1332000
1723176558070 1723176557.0 1336000
1723176572061 1723176571.0 1340000
1723176585582 1723176585.0 1344000
1723176599508 1723176599.0 1348000
1723176613441 1723176613.0 1352000
1723176627165 1723176626.0 1356000
1723176640592 1723176640.0 1360000
1723176654075 1723176653.0 1364000
1723176667799 1723176667.0 1368000
1723176681367 1723176681.0 1372000
1723176694930 1723176694.0 1376000
1723176708538 1723176708.0 1380000
1723176721980 1723176721.0 1384000
1723176735445 1723176735.0 1388000
1723176748810 1723176748.0 1392000
1723176762304 1723176762.0 1396000
1723176776089 1723176775.0 1400000
1723176789900 1723176789.0 1404000
1723176803533 1723176803.0 1408000
1723176816652 1723176816.0 1412000
1723176830297 1723176830.0 1416000
1723176844012 1723176843.0 1420000
1723176857307 1723176857.0 1424000
1723176870985 1723176870.0 1428000
1723176884626 1723176884.0 1432000
1723176898608 1723176898.0 1436000
1723176912395 1723176912.0 1440000
1723176926025 1723176925.0 1444000
1723176939402 1723176939.0 1448000
1723176952948 1723176952.0 1452000
1723176966065 1723176965.0 1456000
1723176979448 1723176979.0 1460000
1723176992876 1723176992.0 1464000
1723177006293 1723177006.0 1468000
1723177019702 1723177019.0 1472000
1723177033137 1723177032.0 1476000
1723177046661 1723177046.0 1480000
1723177060315 1723177060.0 1484000
1723177074180 1723177073.0 1488000
1723177088005 1723177087.0 1492000
1723177101744 1723177101.0 1496000
1723177115393 1723177115.0 1500000
1723177129228 1723177129.0 1504000
1723177143013 1723177142.0 1508000
1723177156316 1723177156.0 1512000
1723177169468 1723177169.0 1516000
1723177183812 1723177183.0 1520000
1723177197231 1723177197.0 1524000
1723177210543 1723177210.0 1528000
1723177223578 1723177223.0 1532000
1723177236827 1723177236.0 1536000
1723177250832 1723177250.0 1540000
1723177264446 1723177264.0 1544000
1723177278814 1723177278.0 1548000
1723177292789 1723177292.0 1552000
1723177306709 1723177306.0 1556000
1723177320473 1723177320.0 1560000
1723177334295 1723177334.0 1564000
1723177347839 1723177347.0 1568000
1723177361699 1723177361.0 1572000
1723177375635 1723177375.0 1576000
1723177389843 1723177389.0 1580000
1723177403426 1723177403.0 1584000
1723177416801 1723177416.0 1588000
1723177430830 1723177430.0 1592000
1723177444856 1723177444.0 1596000
1723177458618 1723177458.0 1600000
1723177472270 1723177472.0 1604000
1723177486165 1723177485.0 1608000
1723177499903 1723177499.0 1612000
1723177513590 1723177513.0 1616000
1723177527831 1723177527.0 1620000
1723177541560 1723177541.0 1624000
1723177555255 1723177555.0 1628000
1723177569580 1723177569.0 1632000
1723177583664 1723177583.0 1636000
1723177596997 1723177596.0 1640000
1723177610693 1723177610.0 1644000
1723177624278 1723177624.0 1648000
1723177637641 1723177637.0 1652000
1723177651356 1723177651.0 1656000
1723177664698 1723177664.0 1660000
1723177678144 1723177677.0 1664000
1723177691796 1723177691.0 1668000
1723177705484 1723177705.0 1672000
1723177718830 1723177718.0 1676000
1723177732882 1723177732.0 1680000
1723177746437 1723177746.0 1684000
1723177759648 1723177759.0 1688000
1723177773486 1723177773.0 1692000
1723177787099 1723177786.0 1696000
1723177800740 1723177800.0 1700000
1723177813862 1723177813.0 1704000
1723177827146 1723177826.0 1708000
1723177840274 1723177840.0 1712000
1723177854586 1723177854.0 1716000
1723177868187 1723177867.0 1720000
1723177881972 1723177881.0 1724000
1723177895266 1723177894.0 1728000
1723177908867 1723177908.0 1732000
1723177921896 1723177921.0 1736000
1723177934734 1723177934.0 1740000
1723177948495 1723177948.0 1744000
1723177962113 1723177961.0 1748000
1723177975781 1723177975.0 1752000
1723177990015 1723177989.0 1756000
1723178003863 1723178003.0 1760000
1723178017690 1723178017.0 1764000
1723178031573 1723178031.0 1768000
1723178045639 1723178045.0 1772000
1723178058926 1723178058.0 1776000
1723178073267 1723178073.0 1780000
1723178087060 1723178086.0 1784000
1723178100740 1723178100.0 1788000
1723178114276 1723178114.0 1792000
1723178127543 1723178127.0 1796000
1723178141313 1723178140.0 1800000
1723178155343 1723178155.0 1804000
1723178170117 1723178169.0 1808000
1723178183725 1723178183.0 1812000
1723178197174 1723178196.0 1816000
1723178210920 1723178210.0 1820000
1723178224756 1723178224.0 1824000
1723178238145 1723178237.0 1828000
1723178251453 1723178251.0 1832000
1723178265391 1723178265.0 1836000
1723178279437 1723178279.0 1840000
1723178293203 1723178292.0 1844000
1723178306791 1723178306.0 1848000
1723178320085 1723178319.0 1852000
1723178334144 1723178333.0 1856000
1723178347693 1723178347.0 1860000
1723178361171 1723178360.0 1864000
1723178374243 1723178373.0 1868000
1723178387654 1723178387.0 1872000
1723178401127 1723178400.0 1876000
1723178414679 1723178414.0 1880000
1723178427807 1723178427.0 1884000
1723178441314 1723178441.0 1888000
1723178454719 1723178454.0 1892000
1723178468742 1723178468.0 1896000
1723178482251 1723178482.0 1900000
1723178495943 1723178495.0 1904000
1723178510295 1723178509.0 1908000
1723178524134 1723178523.0 1912000
1723178537768 1723178537.0 1916000
1723178551599 1723178551.0 1920000
1723178565035 1723178564.0 1924000
1723178578882 1723178578.0 1928000
1723178592857 1723178592.0 1932000
1723178606135 1723178605.0 1936000
1723178619667 1723178619.0 1940000
1723178633970 1723178633.0 1944000
1723178647820 1723178647.0 1948000
1723178661750 1723178661.0 1952000
1723178676667 1723178676.0 1956000
1723178690429 1723178690.0 1960000
1723178704220 1723178703.0 1964000
1723178717800 1723178717.0 1968000
1723178731469 1723178731.0 1972000
1723178744596 1723178744.0 1976000
1723178758511 1723178758.0 1980000
1723178772254 1723178771.0 1984000
1723178786078 1723178785.0 1988000
1723178799486 1723178799.0 1992000
1723178813104 1723178812.0 1996000
1723178826949 1723178826.0 2000000
