1723172544823 0.0 4000
1723172560068 0.0 8000
1723172575070 0.0 12000
1723172590113 0.0 16000
1723172604605 0.0 20000
1723172618957 0.0 24000
1723172633084 0.0 28000
1723172647594 0.0 32000
1723172662236 0.0 36000
1723172675352 0.0 40000
1723172689881 0.0 44000
1723172704042 0.0 48000
1723172718029 0.0 52000
1723172732075 0.0 56000
1723172749543 0.0 60000
1723172763902 0.0 64000
1723172778363 0.0 68000
1723172793003 0.0 72000
1723172807167 0.0 76000
1723172821226 0.0 80000
1723172835206 0.0 84000
1723172849083 0.0 88000
1723172862994 0.0 92000
1723172877156 0.0 96000
1723172891000 0.0 100000
1723172904717 0.0 104000
1723172917988 0.0 108000
1723172931999 0.0 112000
1723172946235 0.0 116000
1723172960135 0.0 120000
1723172974256 0.0 124000
1723172988129 0.0 128000
1723173002065 0.0 132000
1723173016018 0.0 136000
1723173029961 0.0 140000
1723173043926 0.0 144000
1723173057950 0.0 148000
1723173071826 0.0 152000
1723173085739 0.0 156000
1723173099440 0.0 160000
1723173113947 0.0 164000
1723173128465 0.0 168000
1723173142450 0.0 172000
1723173155469 0.0 176000
1723173169515 0.0 180000
1723173183276 0.0 184000
1723173197316 0.0 188000
1723173211480 0.0 192000
1723173225486 0.0 196000
1723173239401 0.0 200000
1723173252989 0.0 204000
1723173266767 0.0 208000
1723173280452 0.0 212000
1723173294121 0.0 216000
1723173307629 0.0 220000
1723173321428 0.0 224000
1723173335038 0.0 228000
1723173348710 0.0 232000
1723173362468 0.0 236000
