1723172544834 0.0 4000
1723172560077 0.0 8000
1723172575079 0.0 12000
1723172590121 0.0 16000
1723172604613 0.0 20000
1723172618965 0.0 24000
1723172633091 0.0 28000
1723172647603 0.0 32000
1723172662245 0.0 36000
1723172675360 0.0 40000
1723172689889 0.0 44000
1723172704049 0.0 48000
1723172718037 0.0 52000
1723172732083 0.0 56000
1723172749550 0.0 60000
1723172763909 0.0 64000
1723172778371 0.0 68000
1723172793012 0.0 72000
1723172807175 0.0 76000
1723172821234 0.0 80000
1723172835214 0.0 84000
1723172849091 0.0 88000
1723172863001 0.0 92000
1723172877163 0.0 96000
1723172891008 0.0 100000
1723172904726 0.0 104000
1723172917996 0.0 108000
1723172932007 0.0 112000
1723172946243 0.0 116000
1723172960143 0.0 120000
1723172974263 0.0 124000
1723172988138 0.0 128000
1723173002073 0.0 132000
1723173016026 0.0 136000
1723173029969 0.0 140000
1723173043934 0.0 144000
1723173057958 0.0 148000
1723173071834 0.0 152000
1723173085747 0.0 156000
1723173099448 0.0 160000
1723173113954 0.0 164000
1723173128476 0.0 168000
1723173142457 0.0 172000
1723173155476 0.0 176000
1723173169522 0.0 180000
1723173183284 0.0 184000
1723173197324 0.0 188000
1723173211487 0.0 192000
1723173225494 0.0 196000
1723173239409 0.0 200000
1723173252996 0.0 204000
1723173266775 0.0 208000
1723173280460 0.0 212000
1723173294129 0.0 216000
1723173307637 0.0 220000
1723173321436 0.0 224000
1723173335046 0.0 228000
1723173348717 0.0 232000
1723173362476 0.0 236000
