1723172544809 1.0 4000
1723172560058 1.0 8000
1723172575060 1.0 12000
1723172590104 1.0 16000
1723172604595 1.0 20000
1723172618947 1.0 24000
1723172633072 1.0 28000
1723172647584 1.0 32000
1723172662226 1.0 36000
1723172675340 1.0 40000
1723172689866 1.0 44000
1723172704033 1.0 48000
1723172718019 1.0 52000
1723172732066 1.0 56000
1723172749534 1.0 60000
1723172763892 1.0 64000
1723172778353 1.0 68000
1723172792986 1.0 72000
1723172807158 1.0 76000
1723172821216 1.0 80000
1723172835196 1.0 84000
1723172849074 1.0 88000
1723172862983 1.0 92000
1723172877147 1.0 96000
1723172890991 1.0 100000
1723172904698 1.0 104000
1723172917979 1.0 108000
1723172931989 1.0 112000
1723172946226 1.0 116000
1723172960126 1.0 120000
1723172974247 1.0 124000
1723172988121 1.0 128000
1723173002056 1.0 132000
1723173016009 1.0 136000
1723173029952 1.0 140000
1723173043917 1.0 144000
1723173057941 1.0 148000
1723173071817 1.0 152000
1723173085730 1.0 156000
1723173099430 1.0 160000
1723173113937 1.0 164000
1723173128456 1.0 168000
1723173142441 1.0 172000
1723173155458 1.0 176000
1723173169505 1.0 180000
1723173183267 1.0 184000
1723173197307 1.0 188000
1723173211470 1.0 192000
1723173225477 1.0 196000
1723173239392 1.0 200000
1723173252980 1.0 204000
1723173266758 1.0 208000
1723173280442 1.0 212000
1723173294112 1.0 216000
1723173307619 1.0 220000
1723173321419 1.0 224000
1723173335028 1.0 228000
1723173348700 1.0 232000
1723173362459 1.0 236000
