1723172544860 0.0 4000
1723172560096 0.0 8000
1723172575097 0.0 12000
1723172590140 0.0 16000
1723172604630 0.0 20000
1723172618980 0.0 24000
1723172633107 0.0 28000
1723172647620 0.0 32000
1723172662262 0.0 36000
1723172675380 0.0 40000
1723172689906 0.0 44000
1723172704065 0.0 48000
1723172718052 0.0 52000
1723172732099 0.0 56000
1723172749565 0.0 60000
1723172763925 0.0 64000
1723172778388 0.0 68000
1723172793029 0.0 72000
1723172807190 0.0 76000
1723172821250 0.0 80000
1723172835229 0.0 84000
1723172849107 0.0 88000
1723172863018 0.0 92000
1723172877179 0.0 96000
1723172891025 0.0 100000
1723172904756 0.0 104000
1723172918011 0.0 108000
1723172932025 0.0 112000
1723172946259 0.0 116000
1723172960159 0.0 120000
1723172974279 0.0 124000
1723172988154 0.0 128000
1723173002090 0.0 132000
1723173016041 0.0 136000
1723173029985 0.0 140000
1723173043949 0.0 144000
1723173057974 0.0 148000
1723173071850 0.0 152000
1723173085770 0.0 156000
1723173099464 0.0 160000
1723173113970 0.0 164000
1723173128491 0.0 168000
1723173142473 0.0 172000
1723173155492 0.0 176000
1723173169538 0.0 180000
1723173183300 0.0 184000
1723173197340 0.0 188000
1723173211502 0.0 192000
1723173225510 0.0 196000
1723173239425 0.0 200000
1723173253012 0.0 204000
1723173266791 0.0 208000
1723173280475 0.0 212000
1723173294145 0.0 216000
1723173307653 0.0 220000
1723173321452 0.0 224000
1723173335063 0.0 228000
1723173348733 0.0 232000
1723173362494 0.0 236000
