1723172544804 1.0 4000
1723172560055 1.0 8000
1723172575058 1.0 12000
1723172590102 1.0 16000
1723172604592 1.0 20000
1723172618945 1.0 24000
1723172633069 1.0 28000
1723172647581 1.0 32000
1723172662224 1.0 36000
1723172675337 1.0 40000
1723172689862 1.0 44000
1723172704030 1.0 48000
1723172718017 1.0 52000
1723172732063 1.0 56000
1723172749531 1.0 60000
1723172763889 1.0 64000
1723172778351 1.0 68000
1723172792983 1.0 72000
1723172807155 1.0 76000
1723172821213 1.0 80000
1723172835194 1.0 84000
1723172849072 1.0 88000
1723172862981 1.0 92000
1723172877144 1.0 96000
1723172890988 1.0 100000
1723172904695 1.0 104000
1723172917976 1.0 108000
1723172931987 1.0 112000
1723172946223 1.0 116000
1723172960124 1.0 120000
1723172974245 1.0 124000
1723172988118 1.0 128000
1723173002053 1.0 132000
1723173016007 1.0 136000
1723173029949 1.0 140000
1723173043914 1.0 144000
1723173057938 1.0 148000
1723173071814 1.0 152000
1723173085727 1.0 156000
1723173099427 1.0 160000
1723173113935 1.0 164000
1723173128454 1.0 168000
1723173142438 1.0 172000
1723173155455 1.0 176000
1723173169502 1.0 180000
1723173183264 1.0 184000
1723173197305 1.0 188000
1723173211467 1.0 192000
1723173225474 1.0 196000
1723173239389 1.0 200000
1723173252977 1.0 204000
1723173266755 1.0 208000
1723173280439 1.0 212000
1723173294109 1.0 216000
1723173307617 1.0 220000
1723173321416 1.0 224000
1723173335024 1.0 228000
1723173348697 1.0 232000
1723173362456 1.0 236000
