1723172544814 1.0 4000
1723172560061 1.0 8000
1723172575063 1.0 12000
1723172590107 1.0 16000
1723172604599 1.0 20000
1723172618950 1.0 24000
1723172633075 1.0 28000
1723172647587 1.0 32000
1723172662229 1.0 36000
1723172675343 1.0 40000
1723172689874 1.0 44000
1723172704035 1.0 48000
1723172718022 1.0 52000
1723172732069 1.0 56000
1723172749536 1.0 60000
1723172763895 1.0 64000
1723172778356 1.0 68000
1723172792990 1.0 72000
1723172807160 1.0 76000
1723172821219 1.0 80000
1723172835199 1.0 84000
1723172849077 1.0 88000
1723172862986 1.0 92000
1723172877149 1.0 96000
1723172890994 1.0 100000
1723172904709 1.0 104000
1723172917981 1.0 108000
1723172931992 1.0 112000
1723172946229 1.0 116000
1723172960129 1.0 120000
1723172974250 1.0 124000
1723172988123 1.0 128000
1723173002059 1.0 132000
1723173016012 1.0 136000
1723173029955 1.0 140000
1723173043920 1.0 144000
1723173057944 1.0 148000
1723173071820 1.0 152000
1723173085733 1.0 156000
1723173099433 1.0 160000
1723173113940 1.0 164000
1723173128459 1.0 168000
1723173142444 1.0 172000
1723173155463 1.0 176000
1723173169507 1.0 180000
1723173183270 1.0 184000
1723173197310 1.0 188000
1723173211473 1.0 192000
1723173225480 1.0 196000
1723173239395 1.0 200000
1723173252982 1.0 204000
1723173266761 1.0 208000
1723173280445 1.0 212000
1723173294114 1.0 216000
1723173307622 1.0 220000
1723173321421 1.0 224000
1723173335031 1.0 228000
1723173348703 1.0 232000
1723173362462 1.0 236000
