1723172544833 0.0 4000
1723172560076 0.0 8000
1723172575078 0.0 12000
1723172590120 0.0 16000
1723172604613 0.0 20000
1723172618964 0.0 24000
1723172633091 0.0 28000
1723172647602 0.0 32000
1723172662244 0.0 36000
1723172675360 0.0 40000
1723172689889 0.0 44000
1723172704049 0.0 48000
1723172718036 0.0 52000
1723172732083 0.0 56000
1723172749550 0.0 60000
1723172763908 0.0 64000
1723172778370 0.0 68000
1723172793012 0.0 72000
1723172807174 0.0 76000
1723172821233 0.0 80000
1723172835213 0.0 84000
1723172849091 0.0 88000
1723172863001 0.0 92000
1723172877163 0.0 96000
1723172891008 0.0 100000
1723172904725 0.0 104000
1723172917995 0.0 108000
1723172932007 0.0 112000
1723172946243 0.0 116000
1723172960142 0.0 120000
1723172974263 0.0 124000
1723172988138 0.0 128000
1723173002073 0.0 132000
1723173016025 0.0 136000
1723173029969 0.0 140000
1723173043933 0.0 144000
1723173057957 0.0 148000
1723173071833 0.0 152000
1723173085746 0.0 156000
1723173099447 0.0 160000
1723173113954 0.0 164000
1723173128475 0.0 168000
1723173142457 0.0 172000
1723173155476 0.0 176000
1723173169522 0.0 180000
1723173183283 0.0 184000
1723173197324 0.0 188000
1723173211487 0.0 192000
1723173225493 0.0 196000
1723173239409 0.0 200000
1723173252996 0.0 204000
1723173266775 0.0 208000
1723173280459 0.0 212000
1723173294129 0.0 216000
1723173307636 0.0 220000
1723173321436 0.0 224000
1723173335046 0.0 228000
1723173348717 0.0 232000
1723173362476 0.0 236000
