1723172544835 0.0 4000
1723172560077 0.0 8000
1723172575079 0.0 12000
1723172590121 0.0 16000
1723172604614 0.0 20000
1723172618965 0.0 24000
1723172633092 0.0 28000
1723172647604 0.0 32000
1723172662246 0.0 36000
1723172675361 0.0 40000
1723172689890 0.0 44000
1723172704050 0.0 48000
1723172718037 0.0 52000
1723172732084 0.0 56000
1723172749551 0.0 60000
1723172763910 0.0 64000
1723172778372 0.0 68000
1723172793013 0.0 72000
1723172807175 0.0 76000
1723172821235 0.0 80000
1723172835214 0.0 84000
1723172849092 0.0 88000
1723172863002 0.0 92000
1723172877164 0.0 96000
1723172891009 0.0 100000
1723172904726 0.0 104000
1723172917997 0.0 108000
1723172932008 0.0 112000
1723172946244 0.0 116000
1723172960143 0.0 120000
1723172974264 0.0 124000
1723172988139 0.0 128000
1723173002075 0.0 132000
1723173016026 0.0 136000
1723173029970 0.0 140000
1723173043934 0.0 144000
1723173057959 0.0 148000
1723173071835 0.0 152000
1723173085748 0.0 156000
1723173099448 0.0 160000
1723173113955 0.0 164000
1723173128476 0.0 168000
1723173142458 0.0 172000
1723173155477 0.0 176000
1723173169523 0.0 180000
1723173183284 0.0 184000
1723173197325 0.0 188000
1723173211488 0.0 192000
1723173225495 0.0 196000
1723173239410 0.0 200000
1723173252997 0.0 204000
1723173266776 0.0 208000
1723173280461 0.0 212000
1723173294130 0.0 216000
1723173307637 0.0 220000
1723173321437 0.0 224000
1723173335047 0.0 228000
1723173348718 0.0 232000
1723173362477 0.0 236000
