1723172544820 0.99 4000
1723172560064 0.99 8000
1723172575066 0.99 12000
1723172590110 0.99 16000
1723172604602 0.99 20000
1723172618954 0.99 24000
1723172633081 0.99 28000
1723172647591 0.99 32000
1723172662233 0.99 36000
1723172675347 0.99 40000
1723172689878 0.99 44000
1723172704039 0.99 48000
1723172718026 0.99 52000
1723172732072 0.99 56000
1723172749540 0.99 60000
1723172763898 0.99 64000
1723172778360 0.99 68000
1723172792996 0.99 72000
1723172807164 0.99 76000
1723172821223 0.99 80000
1723172835203 0.99 84000
1723172849080 0.99 88000
1723172862990 0.99 92000
1723172877153 0.99 96000
1723172890997 0.99 100000
1723172904713 0.99 104000
1723172917984 0.99 108000
1723172931996 0.99 112000
1723172946232 0.99 116000
1723172960132 0.99 120000
1723172974253 0.99 124000
1723172988127 0.99 128000
1723173002062 0.99 132000
1723173016015 0.99 136000
1723173029958 0.99 140000
1723173043923 0.99 144000
1723173057947 0.99 148000
1723173071823 0.99 152000
1723173085736 0.99 156000
1723173099437 0.99 160000
1723173113944 0.99 164000
1723173128462 0.99 168000
1723173142447 0.99 172000
1723173155466 0.99 176000
1723173169511 0.99 180000
1723173183273 0.99 184000
1723173197313 0.99 188000
1723173211476 0.99 192000
1723173225483 0.99 196000
1723173239398 0.99 200000
1723173252986 0.99 204000
1723173266764 0.99 208000
1723173280448 0.99 212000
1723173294117 0.99 216000
1723173307626 0.99 220000
1723173321425 0.99 224000
1723173335034 0.99 228000
1723173348706 0.99 232000
1723173362465 0.99 236000
