1723172544837 0.0 4000
1723172560079 0.0 8000
1723172575080 0.0 12000
1723172590122 0.0 16000
1723172604615 0.0 20000
1723172618966 0.0 24000
1723172633093 0.0 28000
1723172647605 0.0 32000
1723172662247 0.0 36000
1723172675362 0.0 40000
1723172689891 0.0 44000
1723172704051 0.0 48000
1723172718038 0.0 52000
1723172732085 0.0 56000
1723172749552 0.0 60000
1723172763911 0.0 64000
1723172778373 0.0 68000
1723172793014 0.0 72000
1723172807177 0.0 76000
1723172821236 0.0 80000
1723172835216 0.0 84000
1723172849093 0.0 88000
1723172863003 0.0 92000
1723172877165 0.0 96000
1723172891010 0.0 100000
1723172904731 0.0 104000
1723172917998 0.0 108000
1723172932009 0.0 112000
1723172946245 0.0 116000
1723172960145 0.0 120000
1723172974265 0.0 124000
1723172988140 0.0 128000
1723173002076 0.0 132000
1723173016027 0.0 136000
1723173029971 0.0 140000
1723173043935 0.0 144000
1723173057960 0.0 148000
1723173071836 0.0 152000
1723173085749 0.0 156000
1723173099449 0.0 160000
1723173113956 0.0 164000
1723173128478 0.0 168000
1723173142460 0.0 172000
1723173155478 0.0 176000
1723173169524 0.0 180000
1723173183286 0.0 184000
1723173197326 0.0 188000
1723173211489 0.0 192000
1723173225496 0.0 196000
1723173239411 0.0 200000
1723173252998 0.0 204000
1723173266777 0.0 208000
1723173280462 0.0 212000
1723173294131 0.0 216000
1723173307638 0.0 220000
1723173321438 0.0 224000
1723173335048 0.0 228000
1723173348719 0.0 232000
1723173362478 0.0 236000
