1723172544830 0.0 4000
1723172560074 0.0 8000
1723172575076 0.0 12000
1723172590118 0.0 16000
1723172604611 0.0 20000
1723172618963 0.0 24000
1723172633089 0.0 28000
1723172647600 0.0 32000
1723172662243 0.0 36000
1723172675358 0.0 40000
1723172689887 0.0 44000
1723172704047 0.0 48000
1723172718034 0.0 52000
1723172732081 0.0 56000
1723172749548 0.0 60000
1723172763907 0.0 64000
1723172778368 0.0 68000
1723172793010 0.0 72000
1723172807172 0.0 76000
1723172821231 0.0 80000
1723172835211 0.0 84000
1723172849089 0.0 88000
1723172862999 0.0 92000
1723172877161 0.0 96000
1723172891006 0.0 100000
1723172904723 0.0 104000
1723172917994 0.0 108000
1723172932005 0.0 112000
1723172946241 0.0 116000
1723172960140 0.0 120000
1723172974261 0.0 124000
1723172988135 0.0 128000
1723173002071 0.0 132000
1723173016024 0.0 136000
1723173029967 0.0 140000
1723173043931 0.0 144000
1723173057956 0.0 148000
1723173071832 0.0 152000
1723173085745 0.0 156000
1723173099445 0.0 160000
1723173113952 0.0 164000
1723173128470 0.0 168000
1723173142455 0.0 172000
1723173155474 0.0 176000
1723173169520 0.0 180000
1723173183281 0.0 184000
1723173197322 0.0 188000
1723173211485 0.0 192000
1723173225492 0.0 196000
1723173239407 0.0 200000
1723173252994 0.0 204000
1723173266773 0.0 208000
1723173280458 0.0 212000
1723173294126 0.0 216000
1723173307634 0.0 220000
1723173321434 0.0 224000
1723173335043 0.0 228000
1723173348715 0.0 232000
1723173362474 0.0 236000
