1723172544853 0.01 4000
1723172560092 0.01 8000
1723172575094 0.01 12000
1723172590136 0.01 16000
1723172604626 0.01 20000
1723172618977 0.01 24000
1723172633103 0.01 28000
1723172647615 0.01 32000
1723172662258 0.01 36000
1723172675375 0.01 40000
1723172689902 0.01 44000
1723172704061 0.01 48000
1723172718049 0.01 52000
1723172732095 0.01 56000
1723172749562 0.01 60000
1723172763921 0.01 64000
1723172778384 0.01 68000
1723172793024 0.01 72000
1723172807186 0.01 76000
1723172821246 0.01 80000
1723172835225 0.01 84000
1723172849103 0.01 88000
1723172863014 0.01 92000
1723172877175 0.01 96000
1723172891021 0.01 100000
1723172904752 0.01 104000
1723172918008 0.01 108000
1723172932020 0.01 112000
1723172946255 0.01 116000
1723172960155 0.01 120000
1723172974275 0.01 124000
1723172988150 0.01 128000
1723173002086 0.01 132000
1723173016037 0.01 136000
1723173029981 0.01 140000
1723173043945 0.01 144000
1723173057970 0.01 148000
1723173071846 0.01 152000
1723173085766 0.01 156000
1723173099460 0.01 160000
1723173113966 0.01 164000
1723173128487 0.01 168000
1723173142469 0.01 172000
1723173155488 0.01 176000
1723173169534 0.01 180000
1723173183296 0.01 184000
1723173197336 0.01 188000
1723173211499 0.01 192000
1723173225506 0.01 196000
1723173239421 0.01 200000
1723173253008 0.01 204000
1723173266787 0.01 208000
1723173280471 0.01 212000
1723173294141 0.01 216000
1723173307649 0.01 220000
1723173321448 0.01 224000
1723173335059 0.01 228000
1723173348729 0.01 232000
1723173362490 0.01 236000
