1723172544859 1.0 4000
1723172560095 1.0 8000
1723172575097 1.0 12000
1723172590140 1.0 16000
1723172604629 1.0 20000
1723172618980 1.0 24000
1723172633107 1.0 28000
1723172647620 1.0 32000
1723172662262 1.0 36000
1723172675379 1.0 40000
1723172689905 1.0 44000
1723172704064 1.0 48000
1723172718052 1.0 52000
1723172732098 1.0 56000
1723172749565 1.0 60000
1723172763925 1.0 64000
1723172778387 1.0 68000
1723172793029 1.0 72000
1723172807190 1.0 76000
1723172821249 1.0 80000
1723172835229 1.0 84000
1723172849106 1.0 88000
1723172863018 1.0 92000
1723172877178 1.0 96000
1723172891024 1.0 100000
1723172904756 1.0 104000
1723172918011 1.0 108000
1723172932024 1.0 112000
1723172946258 1.0 116000
1723172960158 1.0 120000
1723172974279 1.0 124000
1723172988154 1.0 128000
1723173002089 1.0 132000
1723173016040 1.0 136000
1723173029985 1.0 140000
1723173043949 1.0 144000
1723173057974 1.0 148000
1723173071850 1.0 152000
1723173085770 1.0 156000
1723173099464 1.0 160000
1723173113970 1.0 164000
1723173128491 1.0 168000
1723173142473 1.0 172000
1723173155491 1.0 176000
1723173169537 1.0 180000
1723173183299 1.0 184000
1723173197339 1.0 188000
1723173211502 1.0 192000
1723173225510 1.0 196000
1723173239425 1.0 200000
1723173253012 1.0 204000
1723173266791 1.0 208000
1723173280474 1.0 212000
1723173294144 1.0 216000
1723173307653 1.0 220000
1723173321452 1.0 224000
1723173335063 1.0 228000
1723173348732 1.0 232000
1723173362493 1.0 236000
