1723172544819 0.0 4000
1723172560064 0.0 8000
1723172575066 0.0 12000
1723172590110 0.0 16000
1723172604602 0.0 20000
1723172618954 0.0 24000
1723172633080 0.0 28000
1723172647591 0.0 32000
1723172662233 0.0 36000
1723172675346 0.0 40000
1723172689878 0.0 44000
1723172704038 0.0 48000
1723172718025 0.0 52000
1723172732072 0.0 56000
1723172749540 0.0 60000
1723172763898 0.0 64000
1723172778360 0.0 68000
1723172792995 0.0 72000
1723172807164 0.0 76000
1723172821222 0.0 80000
1723172835202 0.0 84000
1723172849080 0.0 88000
1723172862990 0.0 92000
1723172877152 0.0 96000
1723172890997 0.0 100000
1723172904713 0.0 104000
1723172917984 0.0 108000
1723172931995 0.0 112000
1723172946232 0.0 116000
1723172960132 0.0 120000
1723172974253 0.0 124000
1723172988126 0.0 128000
1723173002062 0.0 132000
1723173016015 0.0 136000
1723173029958 0.0 140000
1723173043923 0.0 144000
1723173057947 0.0 148000
1723173071823 0.0 152000
1723173085736 0.0 156000
1723173099436 0.0 160000
1723173113943 0.0 164000
1723173128462 0.0 168000
1723173142447 0.0 172000
1723173155465 0.0 176000
1723173169511 0.0 180000
1723173183273 0.0 184000
1723173197313 0.0 188000
1723173211476 0.0 192000
1723173225483 0.0 196000
1723173239398 0.0 200000
1723173252985 0.0 204000
1723173266764 0.0 208000
1723173280448 0.0 212000
1723173294117 0.0 216000
1723173307625 0.0 220000
1723173321425 0.0 224000
1723173335034 0.0 228000
1723173348706 0.0 232000
1723173362465 0.0 236000
