1723172544822 2.0 4000
1723172560066 2.0 8000
1723172575068 2.0 12000
1723172590112 2.0 16000
1723172604604 2.0 20000
1723172618956 2.0 24000
1723172633082 2.0 28000
1723172647593 2.0 32000
1723172662235 2.0 36000
1723172675348 2.0 40000
1723172689880 2.0 44000
1723172704040 2.0 48000
1723172718027 2.0 52000
1723172732074 2.0 56000
1723172749542 2.0 60000
1723172763900 2.0 64000
1723172778361 2.0 68000
1723172793000 2.0 72000
1723172807166 2.0 76000
1723172821224 2.0 80000
1723172835204 2.0 84000
1723172849082 2.0 88000
1723172862992 2.0 92000
1723172877154 2.0 96000
1723172890999 2.0 100000
1723172904715 2.0 104000
1723172917986 2.0 108000
1723172931998 2.0 112000
1723172946234 2.0 116000
1723172960134 2.0 120000
1723172974254 2.0 124000
1723172988128 2.0 128000
1723173002064 2.0 132000
1723173016017 2.0 136000
1723173029960 2.0 140000
1723173043925 2.0 144000
1723173057949 2.0 148000
1723173071825 2.0 152000
1723173085737 2.0 156000
1723173099438 2.0 160000
1723173113945 2.0 164000
1723173128464 2.0 168000
1723173142449 2.0 172000
1723173155467 2.0 176000
1723173169513 2.0 180000
1723173183275 2.0 184000
1723173197315 2.0 188000
1723173211478 2.0 192000
1723173225485 2.0 196000
1723173239400 2.0 200000
1723173252987 2.0 204000
1723173266766 2.0 208000
1723173280450 2.0 212000
1723173294119 2.0 216000
1723173307627 2.0 220000
1723173321427 2.0 224000
1723173335036 2.0 228000
1723173348708 2.0 232000
1723173362467 2.0 236000
