1723172544864 0.0 4000
1723172560098 0.0 8000
1723172575100 0.0 12000
1723172590143 0.0 16000
1723172604632 0.0 20000
1723172618984 0.0 24000
1723172633110 0.0 28000
1723172647623 0.0 32000
1723172662265 0.0 36000
1723172675383 0.0 40000
1723172689909 0.0 44000
1723172704067 0.0 48000
1723172718055 0.0 52000
1723172732102 0.0 56000
1723172749567 0.0 60000
1723172763928 0.0 64000
1723172778393 0.0 68000
1723172793032 0.0 72000
1723172807193 0.0 76000
1723172821253 0.0 80000
1723172835232 0.0 84000
1723172849109 0.0 88000
1723172863021 0.0 92000
1723172877182 0.0 96000
1723172891028 0.0 100000
1723172904759 0.0 104000
1723172918014 0.0 108000
1723172932028 0.0 112000
1723172946261 0.0 116000
1723172960161 0.0 120000
1723172974281 0.0 124000
1723172988158 0.0 128000
1723173002092 0.0 132000
1723173016043 0.0 136000
1723173029988 0.0 140000
1723173043952 0.0 144000
1723173057977 0.0 148000
1723173071853 0.0 152000
1723173085773 0.0 156000
1723173099467 0.0 160000
1723173113973 0.0 164000
1723173128494 0.0 168000
1723173142476 0.0 172000
1723173155494 0.0 176000
1723173169540 0.0 180000
1723173183302 0.0 184000
1723173197342 0.0 188000
1723173211505 0.0 192000
1723173225513 0.0 196000
1723173239428 0.0 200000
1723173253015 0.0 204000
1723173266794 0.0 208000
1723173280477 0.0 212000
1723173294147 0.0 216000
1723173307656 0.0 220000
1723173321455 0.0 224000
1723173335066 0.0 228000
1723173348736 0.0 232000
1723173362497 0.0 236000
