1723172544854 30.0 4000
1723172560093 30.0 8000
1723172575094 30.0 12000
1723172590137 30.0 16000
1723172604627 30.0 20000
1723172618977 30.0 24000
1723172633104 30.0 28000
1723172647616 30.0 32000
1723172662259 30.0 36000
1723172675376 30.0 40000
1723172689903 30.0 44000
1723172704062 30.0 48000
1723172718049 30.0 52000
1723172732096 30.0 56000
1723172749562 30.0 60000
1723172763922 30.0 64000
1723172778385 30.0 68000
1723172793026 30.0 72000
1723172807187 30.0 76000
1723172821247 30.0 80000
1723172835226 30.0 84000
1723172849103 30.0 88000
1723172863015 30.0 92000
1723172877176 30.0 96000
1723172891021 30.0 100000
1723172904753 30.0 104000
1723172918008 30.0 108000
1723172932021 30.0 112000
1723172946256 30.0 116000
1723172960155 30.0 120000
1723172974276 30.0 124000
1723172988151 30.0 128000
1723173002087 30.0 132000
1723173016037 30.0 136000
1723173029982 30.0 140000
1723173043946 30.0 144000
1723173057971 30.0 148000
1723173071847 30.0 152000
1723173085767 30.0 156000
1723173099461 30.0 160000
1723173113967 30.0 164000
1723173128488 30.0 168000
1723173142470 30.0 172000
1723173155489 30.0 176000
1723173169534 30.0 180000
1723173183297 30.0 184000
1723173197336 30.0 188000
1723173211499 30.0 192000
1723173225507 30.0 196000
1723173239422 30.0 200000
1723173253009 30.0 204000
1723173266788 30.0 208000
1723173280472 30.0 212000
1723173294142 30.0 216000
1723173307650 30.0 220000
1723173321449 30.0 224000
1723173335060 30.0 228000
1723173348730 30.0 232000
1723173362491 30.0 236000
