1723172544864 1.0 4000
1723172560098 1.0 8000
1723172575099 1.0 12000
1723172590143 1.0 16000
1723172604632 1.0 20000
1723172618983 1.0 24000
1723172633109 1.0 28000
1723172647622 1.0 32000
1723172662265 1.0 36000
1723172675382 1.0 40000
1723172689908 1.0 44000
1723172704067 1.0 48000
1723172718055 1.0 52000
1723172732101 1.0 56000
1723172749567 1.0 60000
1723172763927 1.0 64000
1723172778392 1.0 68000
1723172793031 1.0 72000
1723172807192 1.0 76000
1723172821252 1.0 80000
1723172835232 1.0 84000
1723172849109 1.0 88000
1723172863021 1.0 92000
1723172877181 1.0 96000
1723172891027 1.0 100000
1723172904758 1.0 104000
1723172918014 1.0 108000
1723172932028 1.0 112000
1723172946261 1.0 116000
1723172960161 1.0 120000
1723172974281 1.0 124000
1723172988157 1.0 128000
1723173002092 1.0 132000
1723173016043 1.0 136000
1723173029988 1.0 140000
1723173043951 1.0 144000
1723173057976 1.0 148000
1723173071852 1.0 152000
1723173085773 1.0 156000
1723173099467 1.0 160000
1723173113972 1.0 164000
1723173128494 1.0 168000
1723173142475 1.0 172000
1723173155494 1.0 176000
1723173169540 1.0 180000
1723173183302 1.0 184000
1723173197342 1.0 188000
1723173211505 1.0 192000
1723173225513 1.0 196000
1723173239428 1.0 200000
1723173253015 1.0 204000
1723173266793 1.0 208000
1723173280477 1.0 212000
1723173294147 1.0 216000
1723173307656 1.0 220000
1723173321454 1.0 224000
1723173335066 1.0 228000
1723173348735 1.0 232000
1723173362497 1.0 236000
