1723172544862 0.0 4000
1723172560097 0.0 8000
1723172575099 0.0 12000
1723172590142 0.0 16000
1723172604631 0.0 20000
1723172618982 0.0 24000
1723172633108 0.0 28000
1723172647622 0.0 32000
1723172662264 0.0 36000
1723172675381 0.0 40000
1723172689908 0.0 44000
1723172704066 0.0 48000
1723172718054 0.0 52000
1723172732100 0.0 56000
1723172749566 0.0 60000
1723172763926 0.0 64000
1723172778389 0.0 68000
1723172793030 0.0 72000
1723172807191 0.0 76000
1723172821251 0.0 80000
1723172835231 0.0 84000
1723172849108 0.0 88000
1723172863020 0.0 92000
1723172877180 0.0 96000
1723172891026 0.0 100000
1723172904758 0.0 104000
1723172918013 0.0 108000
1723172932027 0.0 112000
1723172946260 0.0 116000
1723172960160 0.0 120000
1723172974280 0.0 124000
1723172988156 0.0 128000
1723173002091 0.0 132000
1723173016042 0.0 136000
1723173029987 0.0 140000
1723173043950 0.0 144000
1723173057975 0.0 148000
1723173071851 0.0 152000
1723173085772 0.0 156000
1723173099466 0.0 160000
1723173113971 0.0 164000
1723173128493 0.0 168000
1723173142475 0.0 172000
1723173155493 0.0 176000
1723173169539 0.0 180000
1723173183301 0.0 184000
1723173197341 0.0 188000
1723173211504 0.0 192000
1723173225512 0.0 196000
1723173239427 0.0 200000
1723173253014 0.0 204000
1723173266793 0.0 208000
1723173280476 0.0 212000
1723173294146 0.0 216000
1723173307655 0.0 220000
1723173321453 0.0 224000
1723173335065 0.0 228000
1723173348734 0.0 232000
1723173362496 0.0 236000
