1723172544816 0.0 4000
1723172560062 0.0 8000
1723172575064 0.0 12000
1723172590108 0.0 16000
1723172604600 0.0 20000
1723172618952 0.0 24000
1723172633076 0.0 28000
1723172647588 0.0 32000
1723172662230 0.0 36000
1723172675344 0.0 40000
1723172689876 0.0 44000
1723172704036 0.0 48000
1723172718023 0.0 52000
1723172732070 0.0 56000
1723172749538 0.0 60000
1723172763896 0.0 64000
1723172778357 0.0 68000
1723172792991 0.0 72000
1723172807161 0.0 76000
1723172821220 0.0 80000
1723172835201 0.0 84000
1723172849078 0.0 88000
1723172862987 0.0 92000
1723172877150 0.0 96000
1723172890995 0.0 100000
1723172904711 0.0 104000
1723172917982 0.0 108000
1723172931994 0.0 112000
1723172946230 0.0 116000
1723172960130 0.0 120000
1723172974251 0.0 124000
1723172988125 0.0 128000
1723173002060 0.0 132000
1723173016013 0.0 136000
1723173029956 0.0 140000
1723173043921 0.0 144000
1723173057945 0.0 148000
1723173071821 0.0 152000
1723173085734 0.0 156000
1723173099434 0.0 160000
1723173113941 0.0 164000
1723173128460 0.0 168000
1723173142445 0.0 172000
1723173155464 0.0 176000
1723173169509 0.0 180000
1723173183271 0.0 184000
1723173197311 0.0 188000
1723173211474 0.0 192000
1723173225481 0.0 196000
1723173239396 0.0 200000
1723173252983 0.0 204000
1723173266762 0.0 208000
1723173280446 0.0 212000
1723173294115 0.0 216000
1723173307624 0.0 220000
1723173321423 0.0 224000
1723173335032 0.0 228000
1723173348704 0.0 232000
1723173362463 0.0 236000
