1723172544853 128.0 4000
1723172560093 128.0 8000
1723172575094 128.0 12000
1723172590136 128.0 16000
1723172604626 128.0 20000
1723172618977 128.0 24000
1723172633104 128.0 28000
1723172647616 128.0 32000
1723172662259 128.0 36000
1723172675375 128.0 40000
1723172689902 128.0 44000
1723172704061 128.0 48000
1723172718049 128.0 52000
1723172732095 128.0 56000
1723172749562 128.0 60000
1723172763922 128.0 64000
1723172778384 128.0 68000
1723172793025 128.0 72000
1723172807187 128.0 76000
1723172821246 128.0 80000
1723172835226 128.0 84000
1723172849103 128.0 88000
1723172863014 128.0 92000
1723172877175 128.0 96000
1723172891021 128.0 100000
1723172904752 128.0 104000
1723172918008 128.0 108000
1723172932021 128.0 112000
1723172946255 128.0 116000
1723172960155 128.0 120000
1723172974276 128.0 124000
1723172988150 128.0 128000
1723173002086 128.0 132000
1723173016037 128.0 136000
1723173029981 128.0 140000
1723173043946 128.0 144000
1723173057970 128.0 148000
1723173071847 128.0 152000
1723173085766 128.0 156000
1723173099460 128.0 160000
1723173113967 128.0 164000
1723173128488 128.0 168000
1723173142470 128.0 172000
1723173155488 128.0 176000
1723173169534 128.0 180000
1723173183296 128.0 184000
1723173197336 128.0 188000
1723173211499 128.0 192000
1723173225507 128.0 196000
1723173239421 128.0 200000
1723173253008 128.0 204000
1723173266788 128.0 208000
1723173280471 128.0 212000
1723173294141 128.0 216000
1723173307649 128.0 220000
1723173321449 128.0 224000
1723173335059 128.0 228000
1723173348729 128.0 232000
1723173362490 128.0 236000
