1723172544806 0.0 4000
1723172560056 0.0 8000
1723172575059 0.0 12000
1723172590103 0.0 16000
1723172604593 0.0 20000
1723172618946 0.0 24000
1723172633070 0.0 28000
1723172647582 0.0 32000
1723172662225 0.0 36000
1723172675338 0.0 40000
1723172689864 0.0 44000
1723172704031 0.0 48000
1723172718018 0.0 52000
1723172732065 0.0 56000
1723172749533 0.0 60000
1723172763891 0.0 64000
1723172778352 0.0 68000
1723172792985 0.0 72000
1723172807156 0.0 76000
1723172821214 0.0 80000
1723172835195 0.0 84000
1723172849073 0.0 88000
1723172862982 0.0 92000
1723172877145 0.0 96000
1723172890989 0.0 100000
1723172904697 0.0 104000
1723172917977 0.0 108000
1723172931988 0.0 112000
1723172946224 0.0 116000
1723172960125 0.0 120000
1723172974246 0.0 124000
1723172988120 0.0 128000
1723173002055 0.0 132000
1723173016008 0.0 136000
1723173029951 0.0 140000
1723173043915 0.0 144000
1723173057939 0.0 148000
1723173071816 0.0 152000
1723173085728 0.0 156000
1723173099428 0.0 160000
1723173113936 0.0 164000
1723173128455 0.0 168000
1723173142440 0.0 172000
1723173155457 0.0 176000
1723173169503 0.0 180000
1723173183265 0.0 184000
1723173197306 0.0 188000
1723173211468 0.0 192000
1723173225475 0.0 196000
1723173239390 0.0 200000
1723173252978 0.0 204000
1723173266757 0.0 208000
1723173280440 0.0 212000
1723173294110 0.0 216000
1723173307618 0.0 220000
1723173321417 0.0 224000
1723173335026 0.0 228000
1723173348699 0.0 232000
1723173362458 0.0 236000
