1723172544858 10.0 4000
1723172560095 10.0 8000
1723172575096 10.0 12000
1723172590139 10.0 16000
1723172604629 10.0 20000
1723172618979 10.0 24000
1723172633106 10.0 28000
1723172647618 10.0 32000
1723172662261 10.0 36000
1723172675378 10.0 40000
1723172689905 10.0 44000
1723172704064 10.0 48000
1723172718051 10.0 52000
1723172732098 10.0 56000
1723172749564 10.0 60000
1723172763924 10.0 64000
1723172778387 10.0 68000
1723172793028 10.0 72000
1723172807189 10.0 76000
1723172821249 10.0 80000
1723172835228 10.0 84000
1723172849105 10.0 88000
1723172863017 10.0 92000
1723172877178 10.0 96000
1723172891023 10.0 100000
1723172904755 10.0 104000
1723172918010 10.0 108000
1723172932023 10.0 112000
1723172946257 10.0 116000
1723172960158 10.0 120000
1723172974278 10.0 124000
1723172988153 10.0 128000
1723173002089 10.0 132000
1723173016040 10.0 136000
1723173029984 10.0 140000
1723173043948 10.0 144000
1723173057973 10.0 148000
1723173071849 10.0 152000
1723173085769 10.0 156000
1723173099463 10.0 160000
1723173113969 10.0 164000
1723173128490 10.0 168000
1723173142472 10.0 172000
1723173155490 10.0 176000
1723173169536 10.0 180000
1723173183299 10.0 184000
1723173197339 10.0 188000
1723173211501 10.0 192000
1723173225509 10.0 196000
1723173239424 10.0 200000
1723173253011 10.0 204000
1723173266790 10.0 208000
1723173280474 10.0 212000
1723173294144 10.0 216000
1723173307652 10.0 220000
1723173321451 10.0 224000
1723173335062 10.0 228000
1723173348731 10.0 232000
1723173362492 10.0 236000
