1723172544899 1409.5 4000
1723172560120 1409.5 8000
1723172575123 1409.5 12000
1723172590164 1409.5 16000
1723172604655 1409.5 20000
1723172619005 1409.5 24000
1723172633130 1409.5 28000
1723172647644 1409.5 32000
1723172662289 1409.5 36000
1723172675408 1409.5 40000
1723172689929 1409.5 44000
1723172704088 1409.5 48000
1723172718076 1409.5 52000
1723172732123 1409.5 56000
1723172749588 1409.5 60000
1723172763949 1409.5 64000
1723172778414 1409.5 68000
1723172793053 1409.5 72000
1723172807214 1409.5 76000
1723172821274 1409.5 80000
1723172835253 1409.5 84000
1723172849129 1409.5 88000
1723172863049 1409.5 92000
1723172877203 1409.5 96000
1723172891048 1409.5 100000
1723172904782 1409.5 104000
1723172918035 1409.5 108000
1723172932050 1409.5 112000
1723172946282 1409.5 116000
1723172960183 1409.5 120000
1723172974302 1409.5 124000
1723172988181 1409.5 128000
1723173002113 1409.5 132000
1723173016064 1409.5 136000
1723173030009 1409.5 140000
1723173043972 1409.5 144000
1723173057997 1409.5 148000
1723173071873 1409.5 152000
1723173085798 1409.5 156000
1723173099488 1409.5 160000
1723173113993 1409.5 164000
1723173128516 1409.5 168000
1723173142497 1409.5 172000
1723173155514 1409.5 176000
1723173169562 1409.5 180000
1723173183323 1409.5 184000
1723173197364 1409.5 188000
1723173211526 1409.5 192000
1723173225533 1409.5 196000
1723173239450 1409.5 200000
1723173253036 1409.5 204000
1723173266815 1409.5 208000
1723173280497 1409.5 212000
1723173294168 1409.5 216000
1723173307678 1409.5 220000
1723173321476 1409.5 224000
1723173335089 1409.5 228000
1723173348757 1409.5 232000
1723173362526 1409.5 236000
