1723172544898 1410.5 4000
1723172560119 4230.5 8000
1723172575123 7050.5 12000
1723172590164 9870.5 16000
1723172604654 12690.5 20000
1723172619004 15510.5 24000
1723172633130 18330.5 28000
1723172647644 21150.5 32000
1723172662289 23970.5 36000
1723172675407 26790.5 40000
1723172689929 29610.5 44000
1723172704088 32430.5 48000
1723172718076 35250.5 52000
1723172732122 38070.5 56000
1723172749588 40890.5 60000
1723172763948 43710.5 64000
1723172778413 46530.5 68000
1723172793053 49350.5 72000
1723172807214 52170.5 76000
1723172821274 54990.5 80000
1723172835253 57810.5 84000
1723172849129 60630.5 88000
1723172863048 63450.5 92000
1723172877202 66270.5 96000
1723172891048 69090.5 100000
1723172904782 71910.5 104000
1723172918035 74730.5 108000
1723172932050 77550.5 112000
1723172946282 80370.5 116000
1723172960182 83190.5 120000
1723172974302 86010.5 124000
1723172988181 88830.5 128000
1723173002113 91650.5 132000
1723173016064 94470.5 136000
1723173030009 97290.5 140000
1723173043972 100110.5 144000
1723173057997 102930.5 148000
1723173071873 105750.5 152000
1723173085798 108570.5 156000
1723173099488 111390.5 160000
1723173113993 114210.5 164000
1723173128516 117030.5 168000
1723173142496 119850.5 172000
1723173155514 122670.5 176000
1723173169562 125490.5 180000
1723173183323 128310.5 184000
1723173197364 131130.5 188000
1723173211525 133950.5 192000
1723173225533 136770.5 196000
1723173239450 139590.5 200000
1723173253036 142410.5 204000
1723173266814 145230.5 208000
1723173280497 148050.5 212000
1723173294168 150870.5 216000
1723173307678 153690.5 220000
1723173321475 156510.5 224000
1723173335089 159330.5 228000
1723173348756 162150.5 232000
1723173362525 164970.5 236000
