1723231574295 -133.31088454824436 4000
1723231581491 -133.31088454824436 8000
1723231588651 -133.31088454824436 12000
1723231596058 -133.31088454824436 16000
1723231603417 -133.31088454824436 20000
1723231610522 -794.3664280725445 24000
1723231617940 -206.98584781312837 28000
1723231625200 -199.36951725062042 32000
1723231632578 -199.36951725062042 36000
1723231640298 -199.36951725062042 40000
1723231647598 -199.36951725062042 44000
1723231654884 -135.94900100260267 48000
1723231662237 -135.94900100260267 52000
1723231669547 -135.94900100260267 56000
1723231678769 -135.94900100260267 60000
1723231687424 -14.514164537286927 64000
1723231695432 -14.514164537286927 68000
1723231704064 -14.514164537286927 72000
1723231712917 -14.514164537286927 76000
1723231721577 -14.514164537286927 80000
1723231729946 -117.24388255170994 84000
1723231738038 -117.24388255170994 88000
1723231745823 -117.24388255170994 92000
1723231755094 -68.04769951352975 96000
1723231764818 -68.04769951352975 100000
1723231772490 -68.04769951352975 104000
1723231780113 -68.04769951352975 108000
1723231788034 -68.04769951352975 112000
1723231796868 -41.29021867338399 116000
1723231804797 -41.29021867338399 120000
1723231812540 -41.29021867338399 124000
1723231820111 -41.29021867338399 128000
1723231827859 -41.29021867338399 132000
1723231835494 -42.96525505306541 136000
1723231843168 -23.049480775808032 140000
1723231850765 -23.049480775808032 144000
1723231858566 -23.049480775808032 148000
1723231866309 -23.049480775808032 152000
1723231873959 -23.049480775808032 156000
1723231881513 -73.44058206951001 160000
1723231889409 -73.44058206951001 164000
1723231897596 -73.44058206951001 168000
1723231905364 -73.44058206951001 172000
1723231912894 -83.67937964917911 176000
1723231920550 -83.67937964917911 180000
1723231928419 -83.67937964917911 184000
1723231936359 -83.67937964917911 188000
1723231944003 -384.37959968660573 192000
1723231951773 -384.37959968660573 196000
1723231959152 -418.2673888316531 200000
1723231966794 -387.68817939607953 204000
1723231974155 -387.68817939607953 208000
1723231981705 -387.68817939607953 212000
1723231989083 -387.68817939607953 216000
1723231997026 -583.5837879787701 220000
1723232004713 -604.7119536838309 224000
1723232012260 -604.7119536838309 228000
1723232019702 -604.7119536838309 232000
1723232027160 -604.7119536838309 236000
1723232034740 -773.3202198658189 240000
1723232042315 -217.72284320815413 244000
1723232049968 -217.72284320815413 248000
1723232057739 -140.41538679015713 252000
1723232065917 -140.41538679015713 256000
1723232073660 -140.41538679015713 260000
1723232080919 -140.41538679015713 264000
1723232088479 -140.41538679015713 268000
1723232095960 -261.80521338875377 272000
1723232103472 -21.28375993602028 276000
1723232111063 -21.28375993602028 280000
1723232118630 -21.28375993602028 284000
1723232126173 -21.28375993602028 288000
1723232133776 -21.28375993602028 292000
1723232141089 -43.75218127909201 296000
1723232148518 -165.880110495712 300000
1723232155954 -104.72069384926206 304000
1723232163390 -104.72069384926206 308000
1723232171326 -104.72069384926206 312000
1723232178729 -104.72069384926206 316000
1723232186185 -104.72069384926206 320000
1723232193446 -653.8564050445782 324000
1723232200967 -502.0308313342077 328000
1723232208525 -502.0308313342077 332000
1723232215982 -502.0308313342077 336000
1723232223603 -148.682738811011 340000
1723232230994 -148.682738811011 344000
1723232238894 -148.682738811011 348000
1723232246543 -148.682738811011 352000
1723232253804 -148.682738811011 356000
1723232260942 -221.22202761771675 360000
1723232268796 -450.9440827661459 364000
1723232276449 -450.9440827661459 368000
1723232283894 -450.9440827661459 372000
1723232291266 -714.6102329690125 376000
1723232298888 -142.1444309949077 380000
1723232306387 -142.1444309949077 384000
1723232313878 -142.1444309949077 388000
1723232321207 -142.1444309949077 392000
1723232328598 -142.1444309949077 396000
1723232335815 -635.3118826571889 400000
1723232343339 -635.3118826571889 404000
1723232350654 -635.3118826571889 408000
1723232358137 -114.05000801728256 412000
1723232365416 -114.05000801728256 416000
1723232372653 -114.05000801728256 420000
1723232379859 -114.05000801728256 424000
1723232387274 -114.05000801728256 428000
1723232394635 -80.57043064997977 432000
1723232402018 -76.91559000813447 436000
1723232409170 -76.91559000813447 440000
1723232416472 -76.91559000813447 444000
1723232423790 -75.30690697345393 448000
1723232431157 -75.30690697345393 452000
1723232438413 -75.30690697345393 456000
1723232445574 -43.80820816137231 460000
1723232453238 -43.80820816137231 464000
1723232460475 -43.80820816137231 468000
1723232467646 -43.80820816137231 472000
1723232475032 -43.80820816137231 476000
1723232482364 -16.480988732664507 480000
1723232489614 -16.480988732664507 484000
1723232496940 -16.480988732664507 488000
1723232504519 -16.480988732664507 492000
1723232511928 -16.480988732664507 496000
1723232519449 -12.946298266395024 500000
1723232526773 -12.946298266395024 504000
1723232534218 -12.946298266395024 508000
1723232541722 -12.946298266395024 512000
1723232549426 -12.946298266395024 516000
1723232556816 -23.13645081753867 520000
1723232564254 -23.13645081753867 524000
1723232571684 -23.13645081753867 528000
1723232579024 -23.13645081753867 532000
1723232586534 -386.1961017158791 536000
1723232594086 -386.1961017158791 540000
1723232602236 -15.914234881379489 544000
1723232609936 -15.914234881379489 548000
1723232617364 -15.914234881379489 552000
1723232624999 -15.914234881379489 556000
1723232632495 -15.914234881379489 560000
1723232639994 -417.71387049647916 564000
1723232647461 -91.62186626008356 568000
1723232654957 -91.62186626008356 572000
1723232662513 -91.62186626008356 576000
1723232669906 -91.62186626008356 580000
1723232677332 -64.43735274497175 584000
1723232684838 -64.43735274497175 588000
1723232692255 -64.43735274497175 592000
1723232700372 -64.43735274497175 596000
1723232708207 -56.48106418798311 600000
1723232716441 -40.953306178669365 604000
1723232723794 -40.953306178669365 608000
1723232731282 -29.701195476899045 612000
1723232738597 -29.701195476899045 616000
1723232746146 -29.701195476899045 620000
1723232753584 -29.701195476899045 624000
1723232761236 -33.94609014594478 628000
1723232768660 -177.17536881087761 632000
1723232776205 -481.5927011087199 636000
1723232784144 -481.5927011087199 640000
1723232791830 -143.12193023479955 644000
1723232799180 -143.12193023479955 648000
1723232806739 -143.12193023479955 652000
1723232814649 -143.12193023479955 656000
1723232822447 -143.12193023479955 660000
1723232829622 -478.15364499278445 664000
1723232837271 -478.15364499278445 668000
1723232844715 -478.15364499278445 672000
1723232852846 -13.7647256552146 676000
1723232860349 -13.7647256552146 680000
1723232867674 -13.7647256552146 684000
1723232875143 -13.7647256552146 688000
1723232883006 -13.7647256552146 692000
1723232890240 -50.113058968630156 696000
1723232897537 -50.113058968630156 700000
1723232904853 -226.24447991303066 704000
1723232912124 -226.24447991303066 708000
1723232919445 -1504.4377218949433 712000
1723232926674 -1312.3823973963956 716000
1723232934022 -489.9946280077378 720000
1723232942046 -489.9946280077378 724000
1723232949819 -489.9946280077378 728000
1723232957382 -489.9946280077378 732000
1723232964837 -489.9946280077378 736000
1723232972376 -1419.6338994379914 740000
1723232980109 -1419.6338994379914 744000
1723232987696 -2231.520686502405 748000
1723232995209 -2285.352997067201 752000
1723233002929 -1608.5063868739676 756000
1723233010564 -605.0821524669589 760000
1723233018169 -195.88373985211717 764000
1723233025796 -195.88373985211717 768000
1723233033501 -109.80325898604397 772000
1723233040848 -109.80325898604397 776000
1723233048061 -109.80325898604397 780000
1723233055420 -109.80325898604397 784000
1723233062647 -109.80325898604397 788000
1723233069890 -313.5163328837309 792000
1723233077200 -313.5163328837309 796000
1723233084549 -313.5163328837309 800000
