1723231574296 -6072.694918872432 4000
1723231581492 -6491.073786822703 8000
1723231588652 -6464.370426497308 12000
1723231596059 -6205.576827397622 16000
1723231603418 -6349.924814938057 20000
1723231610523 -6452.348096176624 24000
1723231617940 -6060.118965085399 28000
1723231625201 -6080.056273712897 32000
1723231632579 -6046.685624965562 36000
1723231640299 -6103.3609770472885 40000
1723231647599 -6275.988716339552 44000
1723231654885 -6785.701030310352 48000
1723231662238 -6986.258623591733 52000
1723231669548 -7019.477223739717 56000
1723231678770 -6866.994219668799 60000
1723231687424 -6760.6264566740765 64000
1723231695433 -6519.521854218868 68000
1723231704065 -6445.207835759028 72000
1723231712918 -6226.414770504916 76000
1723231721577 -6158.3859710760935 80000
1723231729947 -6357.0210804868475 84000
1723231738039 -6212.047825517926 88000
1723231745824 -6452.888620804192 92000
1723231755095 -6479.337983286922 96000
1723231764818 -6603.085541197347 100000
1723231772490 -6595.141027579038 104000
1723231780113 -6580.682818987462 108000
1723231788034 -6733.702531785259 112000
1723231796869 -6735.102083057305 116000
1723231804798 -6611.869568449665 120000
1723231812541 -6641.031678052514 124000
1723231820112 -6541.570115786262 128000
1723231827860 -6501.8990509596015 132000
1723231835495 -6681.477890728269 136000
1723231843169 -6524.764264106602 140000
1723231850765 -6476.047736925081 144000
1723231858567 -6003.669806799796 148000
1723231866310 -5977.448129425217 152000
1723231873960 -6052.647605430435 156000
1723231881514 -6179.8902549755885 160000
1723231889410 -6291.206468862052 164000
1723231897597 -6448.231053282424 168000
1723231905364 -5798.555498970098 172000
1723231912895 -5402.621378517932 176000
1723231920551 -5075.344332566433 180000
1723231928420 -4781.444925084061 184000
1723231936360 -4684.550673115899 188000
1723231944004 -4670.382746371431 192000
1723231951773 -4689.975337546832 196000
1723231959152 -4800.554429064157 200000
1723231966795 -4903.627423971582 204000
1723231974156 -4954.322892183921 208000
1723231981706 -4901.66456051964 212000
1723231989084 -4421.131398984513 216000
1723231997026 -4454.6301806425645 220000
1723232004714 -4105.086058286342 224000
1723232012260 -3990.1508040727763 228000
1723232019702 -4300.36149204851 232000
1723232027160 -4566.482311809963 236000
1723232034741 -4917.3112235584995 240000
1723232042316 -5503.578251687323 244000
1723232049969 -5974.656714931085 248000
1723232057740 -6285.974148218421 252000
1723232065918 -6878.505427549075 256000
1723232073661 -6995.276096892831 260000
1723232080919 -7462.36887081147 264000
1723232088480 -7616.916477381231 268000
1723232095961 -7950.126152542723 272000
1723232103472 -7912.717054245977 276000
1723232111063 -8073.902730326917 280000
1723232118631 -7910.806967121564 284000
1723232126174 -8004.294096890817 288000
1723232133777 -8162.523649230758 292000
1723232141089 -8274.930960887961 296000
1723232148519 -8369.558008449234 300000
1723232155955 -8377.81720292007 304000
1723232163390 -8563.732301518678 308000
1723232171327 -8550.868824125728 312000
1723232178730 -8362.486169952572 316000
1723232186186 -8358.877840250989 320000
1723232193447 -8392.398420462037 324000
1723232200968 -8121.092555995124 328000
1723232208526 -8265.387402820947 332000
1723232215983 -8448.532407029437 336000
1723232223603 -8389.645836518244 340000
1723232230995 -8261.050373061002 344000
1723232238895 -8306.805366773726 348000
1723232246544 -8069.04051579215 352000
1723232253805 -7791.558512220535 356000
1723232260942 -7639.754226640624 360000
1723232268796 -7564.714994376913 364000
1723232276449 -7362.256083127947 368000
1723232283895 -7237.245250309394 372000
1723232291267 -7394.463789009801 376000
1723232298889 -7132.50601930375 380000
1723232306388 -7221.520696288176 384000
1723232313879 -6993.641856945901 388000
1723232321207 -6821.896102951764 392000
1723232328599 -6533.559979638664 396000
1723232335816 -6520.575785806911 400000
1723232343340 -6439.125724570904 404000
1723232350655 -6561.3198050971105 408000
1723232358138 -6386.144039486517 412000
1723232365416 -6219.65485359399 416000
1723232372654 -6406.906022495672 420000
1723232379859 -6432.134335875095 424000
1723232387274 -6197.818711252327 428000
1723232394636 -6195.093614613399 432000
1723232402018 -5634.429138160202 436000
1723232409171 -5501.883975321081 440000
1723232416473 -5590.0784104855375 444000
1723232423790 -5559.264634980142 448000
1723232431157 -5541.639453979434 452000
1723232438414 -5593.607014292647 456000
1723232445575 -5173.18570748215 460000
1723232453238 -5228.590880799933 464000
1723232460476 -5314.876545309809 468000
1723232467646 -5338.605734776224 472000
1723232475033 -5875.656927003634 476000
1723232482365 -5725.442874144384 480000
1723232489615 -5574.268242533481 484000
1723232496940 -5614.831274014439 488000
1723232504520 -5726.298339786463 492000
1723232511929 -5567.641616703373 496000
1723232519450 -5942.076164965163 500000
1723232526774 -6082.2875976315645 504000
1723232534219 -6108.208762611704 508000
1723232541723 -6295.544152264875 512000
1723232549426 -6291.758167573641 516000
1723232556817 -6622.21977038296 520000
1723232564255 -6803.596829743558 524000
1723232571685 -6770.470806496275 528000
1723232579025 -6729.784418115445 532000
1723232586535 -7049.331649747652 536000
1723232594087 -7126.16361184337 540000
1723232602236 -7212.855941278023 544000
1723232609937 -7376.309887209251 548000
1723232617365 -7685.29475790207 552000
1723232625000 -7491.78737065008 556000
1723232632495 -7195.935164298341 560000
1723232639995 -7302.365570789573 564000
1723232647462 -6783.134872372003 568000
1723232654958 -6435.637810178691 572000
1723232662513 -5971.075031670346 576000
1723232669907 -5344.667816282981 580000
1723232677333 -5297.409772123507 584000
1723232684839 -4927.699073071166 588000
1723232692256 -4984.796352495847 592000
1723232700373 -4972.650030932888 596000
1723232708208 -5027.55682390259 600000
1723232716442 -5166.909115617798 604000
1723232723795 -5024.246300147155 608000
1723232731283 -4993.981530963274 612000
1723232738598 -4835.000253117914 616000
1723232746147 -4753.611208655754 620000
1723232753584 -4812.687779758129 624000
1723232761237 -4834.492581041871 628000
1723232768661 -5017.403004608891 632000
1723232776206 -5328.113555078895 636000
1723232784145 -5394.538654098616 640000
1723232791831 -5513.483223684049 644000
1723232799181 -5612.082453861896 648000
1723232806740 -5684.720857282535 652000
1723232814650 -5698.39795908176 656000
1723232822448 -5779.7137256814 660000
1723232829622 -6044.223697885055 664000
1723232837272 -6146.964296715617 668000
1723232844716 -6134.530882827984 672000
1723232852846 -6327.200824397501 676000
1723232860350 -6379.916870727017 680000
1723232867675 -6453.9090692765985 684000
1723232875143 -6470.698626441505 688000
1723232883006 -6525.681503270437 692000
1723232890241 -6595.752257084226 696000
1723232897537 -6657.717906782001 700000
1723232904853 -6664.809308952125 704000
1723232912125 -6653.873720921668 708000
1723232919446 -6854.586281715922 712000
1723232926675 -6943.7023221918525 716000
1723232934022 -7027.457884232728 720000
1723232942047 -6958.2593287487925 724000
1723232949819 -6943.903508806712 728000
1723232957383 -6787.747815597822 732000
1723232964838 -6762.494651306825 736000
1723232972377 -6978.555368921484 740000
1723232980110 -6857.702031705251 744000
1723232987697 -6865.4800323811305 748000
1723232995209 -6794.395355615217 752000
1723233002930 -6695.820077188736 756000
1723233010565 -6702.219023372661 760000
1723233018169 -6804.6116179592445 764000
1723233025796 -6959.648770824648 768000
1723233033501 -7015.344955725829 772000
1723233040849 -6777.286152371442 776000
1723233048061 -6830.39407479331 780000
1723233055421 -6831.327411452749 784000
1723233062648 -6535.159358203419 788000
1723233069891 -6849.363645349208 792000
1723233077200 -7186.506237673579 796000
1723233084550 -7397.905880294693 800000
