1723231574291 -133.31088454824436 4000
1723231581488 -133.31088454824436 8000
1723231588648 -133.31088454824436 12000
1723231596054 -133.31088454824436 16000
1723231603414 -133.31088454824436 20000
1723231610519 -794.3664280725445 24000
1723231617936 -206.98584781312837 28000
1723231625197 -199.36951725062042 32000
1723231632574 -199.36951725062042 36000
1723231640295 -199.36951725062042 40000
1723231647595 -199.36951725062042 44000
1723231654881 -135.94900100260267 48000
1723231662234 -135.94900100260267 52000
1723231669544 -135.94900100260267 56000
1723231678766 -135.94900100260267 60000
1723231687421 -14.514164537286927 64000
1723231695429 -14.514164537286927 68000
1723231704061 -14.514164537286927 72000
1723231712914 -14.514164537286927 76000
1723231721574 -14.514164537286927 80000
1723231729943 -117.24388255170994 84000
1723231738035 -117.24388255170994 88000
1723231745820 -117.24388255170994 92000
1723231755089 -68.04769951352975 96000
1723231764814 -68.04769951352975 100000
1723231772487 -68.04769951352975 104000
1723231780109 -68.04769951352975 108000
1723231788031 -68.04769951352975 112000
1723231796864 -41.29021867338399 116000
1723231804794 -41.29021867338399 120000
1723231812537 -41.29021867338399 124000
1723231820108 -41.29021867338399 128000
1723231827856 -41.29021867338399 132000
1723231835491 -42.96525505306541 136000
1723231843165 -23.049480775808032 140000
1723231850762 -23.049480775808032 144000
1723231858563 -23.049480775808032 148000
1723231866306 -23.049480775808032 152000
1723231873956 -23.049480775808032 156000
1723231881510 -73.44058206951001 160000
1723231889406 -73.44058206951001 164000
1723231897593 -73.44058206951001 168000
1723231905361 -73.44058206951001 172000
1723231912891 -83.67937964917911 176000
1723231920547 -83.67937964917911 180000
1723231928415 -83.67937964917911 184000
1723231936356 -83.67937964917911 188000
1723231943999 -384.37959968660573 192000
1723231951770 -384.37959968660573 196000
1723231959149 -418.2673888316531 200000
1723231966791 -387.68817939607953 204000
1723231974152 -387.68817939607953 208000
1723231981702 -387.68817939607953 212000
1723231989080 -387.68817939607953 216000
1723231997022 -583.5837879787701 220000
1723232004710 -604.7119536838309 224000
1723232012256 -604.7119536838309 228000
1723232019698 -604.7119536838309 232000
1723232027156 -604.7119536838309 236000
1723232034737 -773.3202198658189 240000
1723232042312 -217.72284320815413 244000
1723232049965 -217.72284320815413 248000
1723232057736 -140.41538679015713 252000
1723232065913 -140.41538679015713 256000
1723232073657 -140.41538679015713 260000
1723232080916 -140.41538679015713 264000
1723232088476 -140.41538679015713 268000
1723232095957 -261.80521338875377 272000
1723232103468 -21.28375993602028 276000
1723232111059 -21.28375993602028 280000
1723232118627 -21.28375993602028 284000
1723232126169 -21.28375993602028 288000
1723232133773 -21.28375993602028 292000
1723232141086 -43.75218127909201 296000
1723232148515 -165.880110495712 300000
1723232155951 -104.72069384926206 304000
1723232163386 -104.72069384926206 308000
1723232171323 -104.72069384926206 312000
1723232178726 -104.72069384926206 316000
1723232186182 -104.72069384926206 320000
1723232193443 -653.8564050445782 324000
1723232200964 -502.0308313342077 328000
1723232208522 -502.0308313342077 332000
1723232215979 -502.0308313342077 336000
1723232223600 -148.682738811011 340000
1723232230991 -148.682738811011 344000
1723232238891 -148.682738811011 348000
1723232246540 -148.682738811011 352000
1723232253801 -148.682738811011 356000
1723232260938 -221.22202761771675 360000
1723232268793 -450.9440827661459 364000
1723232276445 -450.9440827661459 368000
1723232283891 -450.9440827661459 372000
1723232291263 -714.6102329690125 376000
1723232298885 -142.1444309949077 380000
1723232306383 -142.1444309949077 384000
1723232313875 -142.1444309949077 388000
1723232321204 -142.1444309949077 392000
1723232328595 -142.1444309949077 396000
1723232335811 -635.3118826571889 400000
1723232343336 -635.3118826571889 404000
1723232350651 -635.3118826571889 408000
1723232358134 -114.05000801728256 412000
1723232365413 -114.05000801728256 416000
1723232372650 -114.05000801728256 420000
1723232379855 -114.05000801728256 424000
1723232387271 -114.05000801728256 428000
1723232394630 -80.57043064997977 432000
1723232402014 -76.91559000813447 436000
1723232409167 -76.91559000813447 440000
1723232416469 -76.91559000813447 444000
1723232423786 -75.30690697345393 448000
1723232431154 -75.30690697345393 452000
1723232438410 -75.30690697345393 456000
1723232445571 -43.80820816137231 460000
1723232453235 -43.80820816137231 464000
1723232460472 -43.80820816137231 468000
1723232467642 -43.80820816137231 472000
1723232475029 -43.80820816137231 476000
1723232482361 -16.480988732664507 480000
1723232489611 -16.480988732664507 484000
1723232496936 -16.480988732664507 488000
1723232504516 -16.480988732664507 492000
1723232511925 -16.480988732664507 496000
1723232519446 -12.946298266395024 500000
1723232526770 -12.946298266395024 504000
1723232534215 -12.946298266395024 508000
1723232541719 -12.946298266395024 512000
1723232549422 -12.946298266395024 516000
1723232556813 -23.13645081753867 520000
1723232564251 -23.13645081753867 524000
1723232571681 -23.13645081753867 528000
1723232579021 -23.13645081753867 532000
1723232586531 -386.1961017158791 536000
1723232594083 -386.1961017158791 540000
1723232602233 -15.914234881379489 544000
1723232609933 -15.914234881379489 548000
1723232617361 -15.914234881379489 552000
1723232624996 -15.914234881379489 556000
1723232632491 -15.914234881379489 560000
1723232639991 -417.71387049647916 564000
1723232647458 -91.62186626008356 568000
1723232654953 -91.62186626008356 572000
1723232662509 -91.62186626008356 576000
1723232669903 -91.62186626008356 580000
1723232677329 -64.43735274497175 584000
1723232684835 -64.43735274497175 588000
1723232692252 -64.43735274497175 592000
1723232700368 -64.43735274497175 596000
1723232708203 -56.48106418798311 600000
1723232716438 -40.953306178669365 604000
1723232723791 -40.953306178669365 608000
1723232731278 -29.701195476899045 612000
1723232738594 -29.701195476899045 616000
1723232746143 -29.701195476899045 620000
1723232753580 -29.701195476899045 624000
1723232761233 -33.94609014594478 628000
1723232768657 -177.17536881087761 632000
1723232776202 -481.5927011087199 636000
1723232784141 -481.5927011087199 640000
1723232791827 -143.12193023479955 644000
1723232799177 -143.12193023479955 648000
1723232806736 -143.12193023479955 652000
1723232814645 -143.12193023479955 656000
1723232822444 -143.12193023479955 660000
1723232829618 -478.15364499278445 664000
1723232837267 -478.15364499278445 668000
1723232844712 -478.15364499278445 672000
1723232852843 -13.7647256552146 676000
1723232860346 -13.7647256552146 680000
1723232867671 -13.7647256552146 684000
1723232875139 -13.7647256552146 688000
1723232883002 -13.7647256552146 692000
1723232890237 -50.113058968630156 696000
1723232897533 -50.113058968630156 700000
1723232904850 -226.24447991303066 704000
1723232912121 -226.24447991303066 708000
1723232919442 -1504.4377218949433 712000
1723232926671 -1312.3823973963956 716000
1723232934018 -489.9946280077378 720000
1723232942042 -489.9946280077378 724000
1723232949815 -489.9946280077378 728000
1723232957379 -489.9946280077378 732000
1723232964834 -489.9946280077378 736000
1723232972373 -1419.6338994379914 740000
1723232980106 -1419.6338994379914 744000
1723232987693 -2231.520686502405 748000
1723232995205 -2285.352997067201 752000
1723233002925 -1608.5063868739676 756000
1723233010561 -605.0821524669589 760000
1723233018165 -195.88373985211717 764000
1723233025792 -195.88373985211717 768000
1723233033498 -109.80325898604397 772000
1723233040845 -109.80325898604397 776000
1723233048057 -109.80325898604397 780000
1723233055417 -109.80325898604397 784000
1723233062643 -109.80325898604397 788000
1723233069887 -313.5163328837309 792000
1723233077196 -313.5163328837309 796000
1723233084546 -313.5163328837309 800000
