1723231574292 -9317.555949266416 4000
1723231581488 -9317.555949266416 8000
1723231588648 -9317.555949266416 12000
1723231596054 -9317.555949266416 16000
1723231603414 -11134.429396091886 20000
1723231610519 -11134.429396091886 24000
1723231617937 -11134.429396091886 28000
1723231625197 -11134.429396091886 32000
1723231632575 -11134.429396091886 36000
1723231640295 -11082.457814580179 40000
1723231647595 -11082.457814580179 44000
1723231654881 -11082.457814580179 48000
1723231662234 -11079.482961023954 52000
1723231669544 -11278.004932687 56000
1723231678766 -11278.004932687 60000
1723231687421 -11278.004932687 64000
1723231695430 -11278.004932687 68000
1723231704061 -11278.004932687 72000
1723231712914 -10815.424840580896 76000
1723231721574 -10815.424840580896 80000
1723231729944 -10815.424840580896 84000
1723231738036 -10085.215668906014 88000
1723231745820 -11221.963157425105 92000
1723231755090 -11221.963157425105 96000
1723231764815 -11221.963157425105 100000
1723231772487 -11221.963157425105 104000
1723231780110 -11221.963157425105 108000
1723231788031 -11117.098869259391 112000
1723231796865 -11117.098869259391 116000
1723231804794 -11325.053182368318 120000
1723231812537 -11325.053182368318 124000
1723231820108 -11325.053182368318 128000
1723231827856 -11839.68424793641 132000
1723231835491 -11839.68424793641 136000
1723231843165 -11839.68424793641 140000
1723231850762 -11839.68424793641 144000
1723231858563 -10315.558201901746 148000
1723231866307 -11739.671662688886 152000
1723231873956 -11739.671662688886 156000
1723231881511 -11739.671662688886 160000
1723231889406 -11739.671662688886 164000
1723231897593 -11739.671662688886 168000
1723231905361 -10966.348882821645 172000
1723231912892 -10390.013711137994 176000
1723231920548 -10390.013711137994 180000
1723231928415 -10068.647616074755 184000
1723231936356 -9907.905789304747 188000
1723231944000 -9907.905789304747 192000
1723231951770 -9907.905789304747 196000
1723231959149 -9114.51039528269 200000
1723231966791 -9114.51039528269 204000
1723231974152 -10478.78197729299 208000
1723231981702 -10478.78197729299 212000
1723231989080 -10478.78197729299 216000
1723231997023 -10478.78197729299 220000
1723232004710 -9187.891330061118 224000
1723232012257 -8925.207189403918 228000
1723232019699 -8925.207189403918 232000
1723232027157 -9569.420712485899 236000
1723232034737 -9882.032629484656 240000
1723232042312 -9882.032629484656 244000
1723232049965 -10254.626171147685 248000
1723232057736 -10435.228792193384 252000
1723232065914 -11797.081961534268 256000
1723232073657 -11797.081961534268 260000
1723232080916 -11797.081961534268 264000
1723232088477 -12847.594918220086 268000
1723232095957 -12847.594918220086 272000
1723232103469 -13103.993293276271 276000
1723232111060 -13103.993293276271 280000
1723232118627 -13103.993293276271 284000
1723232126169 -13103.993293276271 288000
1723232133773 -13175.668907216885 292000
1723232141086 -13175.668907216885 296000
1723232148515 -13175.668907216885 300000
1723232155951 -13175.668907216885 304000
1723232163387 -13175.668907216885 308000
1723232171324 -12803.53721776681 312000
1723232178726 -13036.86265650863 316000
1723232186182 -13036.86265650863 320000
1723232193443 -13419.888076467892 324000
1723232200964 -13419.888076467892 328000
1723232208523 -13419.888076467892 332000
1723232215979 -13419.888076467892 336000
1723232223600 -12712.171761312171 340000
1723232230991 -12712.171761312171 344000
1723232238892 -12387.856005883801 348000
1723232246541 -11926.158806770392 352000
1723232253801 -11926.158806770392 356000
1723232260939 -11926.158806770392 360000
1723232268793 -11425.69139920648 364000
1723232276446 -11425.69139920648 368000
1723232283891 -10399.776618781498 372000
1723232291264 -11420.893464248005 376000
1723232298886 -11420.893464248005 380000
1723232306384 -11420.893464248005 384000
1723232313876 -11420.893464248005 388000
1723232321204 -11420.893464248005 392000
1723232328596 -10712.82589780493 396000
1723232335812 -10712.82589780493 400000
1723232343336 -10518.048490481473 404000
1723232350652 -10787.160079609088 408000
1723232358134 -10787.160079609088 412000
1723232365413 -10787.160079609088 416000
1723232372651 -12232.225995307781 420000
1723232379856 -12232.225995307781 424000
1723232387271 -12232.225995307781 428000
1723232394630 -12232.225995307781 432000
1723232402015 -11209.901832542488 436000
1723232409168 -10233.92306547136 440000
1723232416469 -9977.008962772885 444000
1723232423787 -10336.310705500982 448000
1723232431154 -10336.310705500982 452000
1723232438411 -10336.310705500982 456000
1723232445572 -10336.310705500982 460000
1723232453235 -10546.712773606909 464000
1723232460472 -10546.712773606909 468000
1723232467643 -10788.713923856429 472000
1723232475029 -11206.783481467535 476000
1723232482362 -11206.783481467535 480000
1723232489612 -11206.783481467535 484000
1723232496937 -11206.783481467535 488000
1723232504516 -11206.783481467535 492000
1723232511925 -10363.93637820105 496000
1723232519447 -12782.094232345564 500000
1723232526770 -12782.094232345564 504000
1723232534215 -12782.094232345564 508000
1723232541719 -12782.094232345564 512000
1723232549423 -11855.45189330281 516000
1723232556814 -11855.45189330281 520000
1723232564252 -11855.45189330281 524000
1723232571682 -11855.45189330281 528000
1723232579021 -12231.376890308264 532000
1723232586531 -12231.376890308264 536000
1723232594084 -12977.369088861511 540000
1723232602233 -12977.369088861511 544000
1723232609933 -12977.369088861511 548000
1723232617361 -12977.369088861511 552000
1723232624996 -12977.369088861511 556000
1723232632492 -11545.279935879587 560000
1723232639992 -11545.279935879587 564000
1723232647458 -11545.279935879587 568000
1723232654954 -11401.366701145742 572000
1723232662510 -11401.366701145742 576000
1723232669903 -10790.37593493995 580000
1723232677330 -9698.16714576522 584000
1723232684835 -9349.467897762277 588000
1723232692253 -9501.648248167812 592000
1723232700369 -9501.648248167812 596000
1723232708203 -9501.648248167812 600000
1723232716438 -9501.648248167812 604000
1723232723791 -9837.322999251792 608000
1723232731279 -9837.322999251792 612000
1723232738594 -9837.322999251792 616000
1723232746143 -9837.322999251792 620000
1723232753581 -9464.151767119893 624000
1723232761233 -9464.151767119893 628000
1723232768657 -9464.151767119893 632000
1723232776202 -10253.704527181344 636000
1723232784142 -10253.704527181344 640000
1723232791827 -10253.704527181344 644000
1723232799177 -10538.645934552284 648000
1723232806736 -11555.176119819042 652000
1723232814646 -11555.176119819042 656000
1723232822445 -11555.176119819042 660000
1723232829619 -11877.10284403286 664000
1723232837268 -11877.10284403286 668000
1723232844712 -11877.10284403286 672000
1723232852843 -12028.984198063652 676000
1723232860346 -12365.754752763285 680000
1723232867671 -12365.754752763285 684000
1723232875140 -12365.754752763285 688000
1723232883003 -12365.754752763285 692000
1723232890238 -12365.754752763285 696000
1723232897534 -12060.49214712154 700000
1723232904850 -12060.49214712154 704000
1723232912121 -12060.49214712154 708000
1723232919442 -12060.49214712154 712000
1723232926672 -12468.273065435971 716000
1723232934018 -12468.273065435971 720000
1723232942043 -12468.273065435971 724000
1723232949816 -12468.273065435971 728000
1723232957379 -12468.273065435971 732000
1723232964834 -12310.396437277996 736000
1723232972374 -12310.396437277996 740000
1723232980106 -12310.396437277996 744000
1723232987694 -11786.668546687077 748000
1723232995206 -11786.668546687077 752000
1723233002926 -11786.668546687077 756000
1723233010561 -12415.154973260707 760000
1723233018166 -13037.944046569934 764000
1723233025793 -13037.944046569934 768000
1723233033498 -13037.944046569934 772000
1723233040845 -13037.944046569934 776000
1723233048058 -13037.944046569934 780000
1723233055417 -12603.9663682034 784000
1723233062644 -12519.056772890077 788000
1723233069887 -12645.621184578727 792000
1723233077197 -12645.621184578727 796000
1723233084546 -12645.621184578727 800000
