1723231574294 3489.0 4000
1723231581490 7289.0 8000
1723231588650 10952.0 12000
1723231596056 14745.0 16000
1723231603416 19114.0 20000
1723231610521 19419.0 24000
1723231617938 18802.0 28000
1723231625199 18592.0 32000
1723231632577 18397.0 36000
1723231640297 18553.0 40000
1723231647597 18139.0 44000
1723231654883 18777.0 48000
1723231662236 18668.0 52000
1723231669546 18521.0 56000
1723231678768 18235.0 60000
1723231687423 18617.0 64000
1723231695431 18613.0 68000
1723231704063 18811.0 72000
1723231712916 18491.0 76000
1723231721575 18509.0 80000
1723231729945 18556.0 84000
1723231738037 18154.0 88000
1723231745822 18363.0 92000
1723231755092 18399.0 96000
1723231764816 18603.0 100000
1723231772488 18632.0 104000
1723231780111 18790.0 108000
1723231788033 18767.0 112000
1723231796866 18457.0 116000
1723231804796 18201.0 120000
1723231812539 18018.0 124000
1723231820109 17759.0 128000
1723231827858 17794.0 132000
1723231835493 18251.0 136000
1723231843166 18118.0 140000
1723231850764 18085.0 144000
1723231858565 17404.0 148000
1723231866308 17418.0 152000
1723231873958 17441.0 156000
1723231881512 17777.0 160000
1723231889408 17743.0 164000
1723231897595 18192.0 168000
1723231905362 17211.0 172000
1723231912893 17037.0 176000
1723231920549 16470.0 180000
1723231928417 15956.0 184000
1723231936358 15647.0 188000
1723231944002 15932.0 192000
1723231951772 15772.0 196000
1723231959150 15953.0 200000
1723231966793 15847.0 204000
1723231974154 15511.0 208000
1723231981704 15535.0 212000
1723231989082 15044.0 216000
1723231997024 15465.0 220000
1723232004712 15676.0 224000
1723232012258 15742.0 228000
1723232019700 16645.0 232000
1723232027158 17207.0 236000
1723232034739 17674.0 240000
1723232042314 18191.0 244000
1723232049966 18509.0 248000
1723232057738 18536.0 252000
1723232065916 18819.0 256000
1723232073659 19047.0 260000
1723232080917 19281.0 264000
1723232088478 19277.0 268000
1723232095959 19522.0 272000
1723232103470 19137.0 276000
1723232111061 19160.0 280000
1723232118629 18883.0 284000
1723232126171 18917.0 288000
1723232133775 19210.0 292000
1723232141087 19218.0 296000
1723232148517 19661.0 300000
1723232155953 19464.0 304000
1723232163388 19612.0 308000
1723232171325 19471.0 312000
1723232178728 19322.0 316000
1723232186184 19015.0 320000
1723232193445 19212.0 324000
1723232200966 19037.0 328000
1723232208524 19199.0 332000
1723232215981 19378.0 336000
1723232223601 19441.0 340000
1723232230993 19234.0 344000
1723232238893 19373.0 348000
1723232246542 19373.0 352000
1723232253803 18959.0 356000
1723232260940 18939.0 360000
1723232268795 19164.0 364000
1723232276447 19015.0 368000
1723232283893 19015.0 372000
1723232291265 19429.0 376000
1723232298887 19190.0 380000
1723232306386 19348.0 384000
1723232313877 19174.0 388000
1723232321205 19084.0 392000
1723232328597 18944.0 396000
1723232335814 19146.0 400000
1723232343338 19136.0 404000
1723232350653 19286.0 408000
1723232358136 19180.0 412000
1723232365415 18948.0 416000
1723232372652 19249.0 420000
1723232379858 19194.0 424000
1723232387272 18495.0 428000
1723232394633 18294.0 432000
1723232402016 17418.0 436000
1723232409169 17439.0 440000
1723232416471 18018.0 444000
1723232423789 18358.0 448000
1723232431156 18566.0 452000
1723232438412 18745.0 456000
1723232445573 17811.0 460000
1723232453237 17811.0 464000
1723232460474 18394.0 468000
1723232467644 18508.0 472000
1723232475031 18849.0 476000
1723232482363 18672.0 480000
1723232489613 18494.0 484000
1723232496938 18162.0 488000
1723232504518 17902.0 492000
1723232511927 17729.0 496000
1723232519448 17850.0 500000
1723232526771 17790.0 504000
1723232534217 18316.0 508000
1723232541721 18296.0 512000
1723232549425 18339.0 516000
1723232556815 18346.0 520000
1723232564253 18486.0 524000
1723232571683 17992.0 528000
1723232579023 17648.0 532000
1723232586533 18152.0 536000
1723232594085 18181.0 540000
1723232602234 17964.0 544000
1723232609935 18477.0 548000
1723232617363 18870.0 552000
1723232624998 18732.0 556000
1723232632493 18666.0 560000
1723232639993 19105.0 564000
1723232647460 18113.0 568000
1723232654956 17735.0 572000
1723232662511 17083.0 576000
1723232669905 16100.0 580000
1723232677331 16001.0 584000
1723232684837 15251.0 588000
1723232692254 15096.0 592000
1723232700370 15035.0 596000
1723232708206 15274.0 600000
1723232716440 15529.0 604000
1723232723793 15645.0 608000
1723232731281 15933.0 612000
1723232738596 15928.0 616000
1723232746145 16095.0 620000
1723232753582 16569.0 624000
1723232761235 16970.0 628000
1723232768659 17149.0 632000
1723232776204 17576.0 636000
1723232784143 17523.0 640000
1723232791829 17787.0 644000
1723232799179 18135.0 648000
1723232806738 18527.0 652000
1723232814648 19000.0 656000
1723232822446 19005.0 660000
1723232829620 19300.0 664000
1723232837270 18816.0 668000
1723232844714 18823.0 672000
1723232852844 18472.0 676000
1723232860348 18056.0 680000
1723232867673 18037.0 684000
1723232875142 17903.0 688000
1723232883004 17823.0 692000
1723232890239 18140.0 696000
1723232897535 18686.0 700000
1723232904852 19130.0 704000
1723232912123 19021.0 708000
1723232919444 19145.0 712000
1723232926673 19220.0 716000
1723232934020 18915.0 720000
1723232942045 19157.0 724000
1723232949817 19334.0 728000
1723232957381 19304.0 732000
1723232964836 19451.0 736000
1723232972375 19753.0 740000
1723232980108 19722.0 744000
1723232987695 19759.0 748000
1723232995207 19849.0 752000
1723233002927 19670.0 756000
1723233010563 19405.0 760000
1723233018167 19255.0 764000
1723233025794 19255.0 768000
1723233033499 18918.0 772000
1723233040847 18806.0 776000
1723233048059 19071.0 780000
1723233055419 19252.0 784000
1723233062645 18929.0 788000
1723233069889 19540.0 792000
1723233077198 19677.0 796000
1723233084548 19677.0 800000
