1723231574293 183.6315789473684 4000
1723231581489 191.81578947368422 8000
1723231588649 192.140350877193 12000
1723231596055 191.4935064935065 16000
1723231603415 191.14 20000
1723231610520 194.19 24000
1723231617938 188.02 28000
1723231625198 185.92 32000
1723231632576 183.97 36000
1723231640296 185.53 40000
1723231647596 181.39 44000
1723231654882 187.77 48000
1723231662235 186.68 52000
1723231669545 185.21 56000
1723231678767 182.35 60000
1723231687422 186.17 64000
1723231695431 186.13 68000
1723231704062 188.11 72000
1723231712915 184.91 76000
1723231721575 185.09 80000
1723231729944 185.56 84000
1723231738036 181.54 88000
1723231745821 183.63 92000
1723231755091 183.99 96000
1723231764816 186.03 100000
1723231772488 186.32 104000
1723231780111 187.9 108000
1723231788032 187.67 112000
1723231796866 184.57 116000
1723231804795 182.01 120000
1723231812538 180.18 124000
1723231820109 177.59 128000
1723231827857 177.94 132000
1723231835492 182.51 136000
1723231843166 181.18 140000
1723231850763 180.85 144000
1723231858564 174.04 148000
1723231866307 174.18 152000
1723231873957 174.41 156000
1723231881511 177.77 160000
1723231889407 177.43 164000
1723231897594 181.92 168000
1723231905362 172.11 172000
1723231912892 170.37 176000
1723231920548 164.7 180000
1723231928416 159.56 184000
1723231936357 156.47 188000
1723231944001 159.32 192000
1723231951771 157.72 196000
1723231959150 159.53 200000
1723231966792 158.47 204000
1723231974153 155.11 208000
1723231981703 155.35 212000
1723231989081 150.44 216000
1723231997024 154.65 220000
1723232004711 156.76 224000
1723232012258 157.42 228000
1723232019700 166.45 232000
1723232027158 172.07 236000
1723232034738 176.74 240000
1723232042313 181.91 244000
1723232049966 185.09 248000
1723232057737 185.36 252000
1723232065915 188.19 256000
1723232073658 190.47 260000
1723232080917 192.81 264000
1723232088477 192.77 268000
1723232095958 195.22 272000
1723232103470 191.37 276000
1723232111060 191.6 280000
1723232118628 188.83 284000
1723232126170 189.17 288000
1723232133774 192.1 292000
1723232141087 192.18 296000
1723232148516 196.61 300000
1723232155952 194.64 304000
1723232163388 196.12 308000
1723232171324 194.71 312000
1723232178727 193.22 316000
1723232186183 190.15 320000
1723232193444 192.12 324000
1723232200965 190.37 328000
1723232208523 191.99 332000
1723232215980 193.78 336000
1723232223601 194.41 340000
1723232230992 192.34 344000
1723232238892 193.73 348000
1723232246542 193.73 352000
1723232253802 189.59 356000
1723232260940 189.39 360000
1723232268794 191.64 364000
1723232276447 190.15 368000
1723232283892 190.15 372000
1723232291265 194.29 376000
1723232298886 191.9 380000
1723232306385 193.48 384000
1723232313876 191.74 388000
1723232321205 190.84 392000
1723232328596 189.44 396000
1723232335813 191.46 400000
1723232343337 191.36 404000
1723232350653 192.86 408000
1723232358135 191.8 412000
1723232365414 189.48 416000
1723232372651 192.49 420000
1723232379857 191.94 424000
1723232387272 184.95 428000
1723232394632 182.94 432000
1723232402016 174.18 436000
1723232409168 174.39 440000
1723232416470 180.18 444000
1723232423788 183.58 448000
1723232431155 185.66 452000
1723232438411 187.45 456000
1723232445572 178.11 460000
1723232453236 178.11 464000
1723232460473 183.94 468000
1723232467644 185.08 472000
1723232475030 188.49 476000
1723232482362 186.72 480000
1723232489612 184.94 484000
1723232496938 181.62 488000
1723232504517 179.02 492000
1723232511926 177.29 496000
1723232519448 178.5 500000
1723232526771 177.9 504000
1723232534216 183.16 508000
1723232541720 182.96 512000
1723232549424 183.39 516000
1723232556814 183.46 520000
1723232564252 184.86 524000
1723232571683 179.92 528000
1723232579022 176.48 532000
1723232586532 181.52 536000
1723232594084 181.81 540000
1723232602234 179.64 544000
1723232609934 184.77 548000
1723232617362 188.7 552000
1723232624997 187.32 556000
1723232632492 186.66 560000
1723232639992 191.05 564000
1723232647459 181.13 568000
1723232654955 177.35 572000
1723232662511 170.83 576000
1723232669904 161.0 580000
1723232677330 160.01 584000
1723232684836 152.51 588000
1723232692253 150.96 592000
1723232700369 150.35 596000
1723232708204 152.74 600000
1723232716439 155.29 604000
1723232723792 156.45 608000
1723232731280 159.33 612000
1723232738595 159.28 616000
1723232746144 160.95 620000
1723232753582 165.69 624000
1723232761234 169.7 628000
1723232768658 171.49 632000
1723232776203 175.76 636000
1723232784142 175.23 640000
1723232791828 177.87 644000
1723232799178 181.35 648000
1723232806737 185.27 652000
1723232814647 190.0 656000
1723232822445 190.05 660000
1723232829620 193.0 664000
1723232837269 188.16 668000
1723232844713 188.23 672000
1723232852844 184.72 676000
1723232860347 180.56 680000
1723232867672 180.37 684000
1723232875141 179.03 688000
1723232883004 178.23 692000
1723232890238 181.4 696000
1723232897535 186.86 700000
1723232904851 191.3 704000
1723232912122 190.21 708000
1723232919443 191.45 712000
1723232926672 192.2 716000
1723232934019 189.15 720000
1723232942044 191.57 724000
1723232949817 193.34 728000
1723232957380 193.04 732000
1723232964835 194.51 736000
1723232972374 197.53 740000
1723232980107 197.22 744000
1723232987694 197.59 748000
1723232995206 198.49 752000
1723233002926 196.7 756000
1723233010562 194.05 760000
1723233018167 192.55 764000
1723233025794 192.55 768000
1723233033499 189.18 772000
1723233040846 188.06 776000
1723233048058 190.71 780000
1723233055418 192.52 784000
1723233062644 189.29 788000
1723233069888 195.4 792000
1723233077198 196.77 796000
1723233084547 196.77 800000
