1723231574292 -6072.694918872432 4000
1723231581489 -6491.073786822703 8000
1723231588649 -6464.370426497308 12000
1723231596054 -6205.576827397622 16000
1723231603415 -6349.924814938057 20000
1723231610520 -6452.348096176624 24000
1723231617937 -6060.118965085399 28000
1723231625197 -6080.056273712897 32000
1723231632575 -6046.685624965562 36000
1723231640295 -6103.3609770472885 40000
1723231647596 -6275.988716339552 44000
1723231654882 -6785.701030310352 48000
1723231662235 -6986.258623591733 52000
1723231669544 -7019.477223739717 56000
1723231678767 -6866.994219668799 60000
1723231687422 -6760.6264566740765 64000
1723231695430 -6519.521854218868 68000
1723231704062 -6445.207835759028 72000
1723231712915 -6226.414770504916 76000
1723231721574 -6158.3859710760935 80000
1723231729944 -6357.0210804868475 84000
1723231738036 -6212.047825517926 88000
1723231745821 -6452.888620804192 92000
1723231755090 -6479.337983286922 96000
1723231764815 -6603.085541197347 100000
1723231772487 -6595.141027579038 104000
1723231780110 -6580.682818987462 108000
1723231788031 -6733.702531785259 112000
1723231796865 -6735.102083057305 116000
1723231804795 -6611.869568449665 120000
1723231812538 -6641.031678052514 124000
1723231820108 -6541.570115786262 128000
1723231827857 -6501.8990509596015 132000
1723231835491 -6681.477890728269 136000
1723231843165 -6524.764264106602 140000
1723231850762 -6476.047736925081 144000
1723231858563 -6003.669806799796 148000
1723231866307 -5977.448129425217 152000
1723231873957 -6052.647605430435 156000
1723231881511 -6179.8902549755885 160000
1723231889407 -6291.206468862052 164000
1723231897594 -6448.231053282424 168000
1723231905361 -5798.555498970098 172000
1723231912892 -5402.621378517932 176000
1723231920548 -5075.344332566433 180000
1723231928416 -4781.444925084061 184000
1723231936357 -4684.550673115899 188000
1723231944000 -4670.382746371431 192000
1723231951770 -4689.975337546832 196000
1723231959149 -4800.554429064157 200000
1723231966791 -4903.627423971582 204000
1723231974153 -4954.322892183921 208000
1723231981703 -4901.66456051964 212000
1723231989081 -4421.131398984513 216000
1723231997023 -4454.6301806425645 220000
1723232004711 -4105.086058286342 224000
1723232012257 -3990.1508040727763 228000
1723232019699 -4300.36149204851 232000
1723232027157 -4566.482311809963 236000
1723232034738 -4917.3112235584995 240000
1723232042313 -5503.578251687323 244000
1723232049965 -5974.656714931085 248000
1723232057737 -6285.974148218421 252000
1723232065914 -6878.505427549075 256000
1723232073658 -6995.276096892831 260000
1723232080916 -7462.36887081147 264000
1723232088477 -7616.916477381231 268000
1723232095958 -7950.126152542723 272000
1723232103469 -7912.717054245977 276000
1723232111060 -8073.902730326917 280000
1723232118628 -7910.806967121564 284000
1723232126170 -8004.294096890817 288000
1723232133774 -8162.523649230758 292000
1723232141086 -8274.930960887961 296000
1723232148516 -8369.558008449234 300000
1723232155952 -8377.81720292007 304000
1723232163387 -8563.732301518678 308000
1723232171324 -8550.868824125728 312000
1723232178727 -8362.486169952572 316000
1723232186183 -8358.877840250989 320000
1723232193444 -8392.398420462037 324000
1723232200965 -8121.092555995124 328000
1723232208523 -8265.387402820947 332000
1723232215980 -8448.532407029437 336000
1723232223600 -8389.645836518244 340000
1723232230992 -8261.050373061002 344000
1723232238892 -8306.805366773726 348000
1723232246541 -8069.04051579215 352000
1723232253801 -7791.558512220535 356000
1723232260939 -7639.754226640624 360000
1723232268793 -7564.714994376913 364000
1723232276446 -7362.256083127947 368000
1723232283892 -7237.245250309394 372000
1723232291264 -7394.463789009801 376000
1723232298886 -7132.50601930375 380000
1723232306384 -7221.520696288176 384000
1723232313876 -6993.641856945901 388000
1723232321204 -6821.896102951764 392000
1723232328596 -6533.559979638664 396000
1723232335812 -6520.575785806911 400000
1723232343337 -6439.125724570904 404000
1723232350652 -6561.3198050971105 408000
1723232358135 -6386.144039486517 412000
1723232365413 -6219.65485359399 416000
1723232372651 -6406.906022495672 420000
1723232379856 -6432.134335875095 424000
1723232387271 -6197.818711252327 428000
1723232394631 -6195.093614613399 432000
1723232402015 -5634.429138160202 436000
1723232409168 -5501.883975321081 440000
1723232416470 -5590.0784104855375 444000
1723232423787 -5559.264634980142 448000
1723232431154 -5541.639453979434 452000
1723232438411 -5593.607014292647 456000
1723232445572 -5173.18570748215 460000
1723232453235 -5228.590880799933 464000
1723232460472 -5314.876545309809 468000
1723232467643 -5338.605734776224 472000
1723232475030 -5875.656927003634 476000
1723232482362 -5725.442874144384 480000
1723232489612 -5574.268242533481 484000
1723232496937 -5614.831274014439 488000
1723232504517 -5726.298339786463 492000
1723232511925 -5567.641616703373 496000
1723232519447 -5942.076164965163 500000
1723232526770 -6082.2875976315645 504000
1723232534215 -6108.208762611704 508000
1723232541720 -6295.544152264875 512000
1723232549423 -6291.758167573641 516000
1723232556814 -6622.21977038296 520000
1723232564252 -6803.596829743558 524000
1723232571682 -6770.470806496275 528000
1723232579021 -6729.784418115445 532000
1723232586532 -7049.331649747652 536000
1723232594084 -7126.16361184337 540000
1723232602233 -7212.855941278023 544000
1723232609934 -7376.309887209251 548000
1723232617362 -7685.29475790207 552000
1723232624997 -7491.78737065008 556000
1723232632492 -7195.935164298341 560000
1723232639992 -7302.365570789573 564000
1723232647459 -6783.134872372003 568000
1723232654954 -6435.637810178691 572000
1723232662510 -5971.075031670346 576000
1723232669903 -5344.667816282981 580000
1723232677330 -5297.409772123507 584000
1723232684836 -4927.699073071166 588000
1723232692253 -4984.796352495847 592000
1723232700369 -4972.650030932888 596000
1723232708204 -5027.55682390259 600000
1723232716439 -5166.909115617798 604000
1723232723792 -5024.246300147155 608000
1723232731279 -4993.981530963274 612000
1723232738595 -4835.000253117914 616000
1723232746144 -4753.611208655754 620000
1723232753581 -4812.687779758129 624000
1723232761234 -4834.492581041871 628000
1723232768658 -5017.403004608891 632000
1723232776203 -5328.113555078895 636000
1723232784142 -5394.538654098616 640000
1723232791828 -5513.483223684049 644000
1723232799177 -5612.082453861896 648000
1723232806737 -5684.720857282535 652000
1723232814646 -5698.39795908176 656000
1723232822445 -5779.7137256814 660000
1723232829619 -6044.223697885055 664000
1723232837269 -6146.964296715617 668000
1723232844713 -6134.530882827984 672000
1723232852843 -6327.200824397501 676000
1723232860347 -6379.916870727017 680000
1723232867671 -6453.9090692765985 684000
1723232875140 -6470.698626441505 688000
1723232883003 -6525.681503270437 692000
1723232890238 -6595.752257084226 696000
1723232897534 -6657.717906782001 700000
1723232904850 -6664.809308952125 704000
1723232912122 -6653.873720921668 708000
1723232919442 -6854.586281715922 712000
1723232926672 -6943.7023221918525 716000
1723232934019 -7027.457884232728 720000
1723232942043 -6958.2593287487925 724000
1723232949816 -6943.903508806712 728000
1723232957380 -6787.747815597822 732000
1723232964835 -6762.494651306825 736000
1723232972374 -6978.555368921484 740000
1723232980107 -6857.702031705251 744000
1723232987694 -6865.4800323811305 748000
1723232995206 -6794.395355615217 752000
1723233002926 -6695.820077188736 756000
1723233010562 -6702.219023372661 760000
1723233018166 -6804.6116179592445 764000
1723233025793 -6959.648770824648 768000
1723233033498 -7015.344955725829 772000
1723233040846 -6777.286152371442 776000
1723233048058 -6830.39407479331 780000
1723233055418 -6831.327411452749 784000
1723233062644 -6535.159358203419 788000
1723233069888 -6849.363645349208 792000
1723233077197 -7186.506237673579 796000
1723233084547 -7397.905880294693 800000
