1723231574294 0.0 4000
1723231581490 0.0 8000
1723231588650 0.0 12000
1723231596057 0.0 16000
1723231603416 0.0 20000
1723231610521 0.0 24000
1723231617939 0.0 28000
1723231625199 0.0 32000
1723231632577 0.0 36000
1723231640297 0.0 40000
1723231647597 0.0 44000
1723231654883 0.0 48000
1723231662236 0.0 52000
1723231669546 0.0 56000
1723231678768 0.0 60000
1723231687423 0.0 64000
1723231695432 0.0 68000
1723231704063 0.0 72000
1723231712917 0.0 76000
1723231721576 0.0 80000
1723231729946 0.0 84000
1723231738038 0.0 88000
1723231745822 0.0 92000
1723231755093 0.0 96000
1723231764817 0.0 100000
1723231772489 0.0 104000
1723231780112 0.0 108000
1723231788033 0.0 112000
1723231796867 0.0 116000
1723231804796 0.0 120000
1723231812539 0.0 124000
1723231820110 0.0 128000
1723231827858 0.0 132000
1723231835493 0.0 136000
1723231843167 0.0 140000
1723231850764 0.0 144000
1723231858565 0.0 148000
1723231866309 0.0 152000
1723231873958 0.0 156000
1723231881513 0.0 160000
1723231889408 0.0 164000
1723231897595 0.0 168000
1723231905363 0.0 172000
1723231912894 0.0 176000
1723231920550 0.0 180000
1723231928418 0.0 184000
1723231936358 0.0 188000
1723231944002 0.0 192000
1723231951772 0.0 196000
1723231959151 0.0 200000
1723231966793 0.0 204000
1723231974154 0.0 208000
1723231981704 0.0 212000
1723231989083 0.0 216000
1723231997025 0.0 220000
1723232004712 0.0 224000
1723232012259 0.0 228000
1723232019701 0.0 232000
1723232027159 0.0 236000
1723232034739 0.0 240000
1723232042314 0.0 244000
1723232049967 0.0 248000
1723232057738 0.0 252000
1723232065916 0.0 256000
1723232073659 0.0 260000
1723232080918 0.0 264000
1723232088479 0.0 268000
1723232095959 0.0 272000
1723232103471 0.0 276000
1723232111062 0.0 280000
1723232118629 0.0 284000
1723232126172 0.0 288000
1723232133775 0.0 292000
1723232141088 0.0 296000
1723232148517 0.0 300000
1723232155953 0.0 304000
1723232163389 0.0 308000
1723232171326 0.0 312000
1723232178728 0.0 316000
1723232186184 0.0 320000
1723232193445 0.0 324000
1723232200966 0.0 328000
1723232208525 0.0 332000
1723232215981 0.0 336000
1723232223602 0.0 340000
1723232230993 0.0 344000
1723232238894 0.0 348000
1723232246543 0.0 352000
1723232253803 0.0 356000
1723232260941 0.0 360000
1723232268795 0.0 364000
1723232276448 0.0 368000
1723232283893 0.0 372000
1723232291266 0.0 376000
1723232298888 0.0 380000
1723232306386 0.0 384000
1723232313878 0.0 388000
1723232321206 0.0 392000
1723232328598 0.0 396000
1723232335814 0.0 400000
1723232343338 0.0 404000
1723232350654 0.0 408000
1723232358136 0.0 412000
1723232365415 0.0 416000
1723232372653 0.0 420000
1723232379858 0.0 424000
1723232387273 0.0 428000
1723232394634 0.0 432000
1723232402017 0.0 436000
1723232409170 0.0 440000
1723232416472 0.0 444000
1723232423789 0.0 448000
1723232431156 0.0 452000
1723232438413 0.0 456000
1723232445574 0.0 460000
1723232453237 0.0 464000
1723232460474 0.0 468000
1723232467645 0.0 472000
1723232475031 0.0 476000
1723232482363 0.0 480000
1723232489614 0.0 484000
1723232496939 0.0 488000
1723232504518 0.0 492000
1723232511927 0.0 496000
1723232519449 0.0 500000
1723232526772 0.0 504000
1723232534217 0.0 508000
1723232541721 0.0 512000
1723232549425 0.0 516000
1723232556815 0.0 520000
1723232564254 0.0 524000
1723232571684 0.0 528000
1723232579023 0.0 532000
1723232586533 0.0 536000
1723232594086 0.0 540000
1723232602235 0.0 544000
1723232609935 0.0 548000
1723232617363 0.0 552000
1723232624998 0.0 556000
1723232632494 0.0 560000
1723232639993 0.0 564000
1723232647460 0.0 568000
1723232654956 0.0 572000
1723232662512 0.0 576000
1723232669905 0.0 580000
1723232677332 0.0 584000
1723232684838 0.0 588000
1723232692255 0.0 592000
1723232700371 0.0 596000
1723232708206 0.0 600000
1723232716440 0.0 604000
1723232723793 0.0 608000
1723232731281 0.0 612000
1723232738596 0.0 616000
1723232746145 0.0 620000
1723232753583 0.0 624000
1723232761236 0.0 628000
1723232768659 0.0 632000
1723232776204 0.0 636000
1723232784144 0.0 640000
1723232791829 0.0 644000
1723232799179 0.0 648000
1723232806738 0.0 652000
1723232814648 0.0 656000
1723232822447 0.0 660000
1723232829621 0.0 664000
1723232837270 0.0 668000
1723232844714 0.0 672000
1723232852845 0.0 676000
1723232860348 0.0 680000
1723232867673 0.0 684000
1723232875142 0.0 688000
1723232883005 0.0 692000
1723232890240 0.0 696000
1723232897536 0.0 700000
1723232904852 0.0 704000
1723232912123 0.0 708000
1723232919444 0.0 712000
1723232926674 0.0 716000
1723232934020 0.0 720000
1723232942045 0.0 724000
1723232949818 0.0 728000
1723232957381 0.0 732000
1723232964836 0.0 736000
1723232972376 0.0 740000
1723232980109 0.0 744000
1723232987696 0.0 748000
1723232995208 0.0 752000
1723233002927 0.0 756000
1723233010563 0.0 760000
1723233018168 0.0 764000
1723233025795 0.0 768000
1723233033500 0.0 772000
1723233040847 0.0 776000
1723233048060 0.0 780000
1723233055419 0.0 784000
1723233062646 0.0 788000
1723233069889 0.0 792000
1723233077199 0.0 796000
1723233084548 0.0 800000
