1723217322575 -1.0 4000
1723217337881 -1.0 8000
1723217352997 -1.0 12000
1723217368158 -1.0 16000
1723217383106 -1.0 20000
1723217398295 -1.0 24000
1723217413439 -1.0 28000
1723217428498 -1.0 32000
1723217443791 -1.0 36000
1723217459050 -1.0 40000
1723217474630 -1.0 44000
1723217489896 -1.0 48000
1723217505174 -1.0 52000
1723217520471 -1.0 56000
1723217535578 -1.0 60000
1723217550842 -1.0 64000
1723217566109 -1.0 68000
1723217581394 -1.0 72000
1723217596842 -1.0 76000
1723217612295 -1.0 80000
1723217629683 -1.0 84000
1723217646528 -1.0 88000
1723217663282 -1.0 92000
1723217680381 -1.0 96000
1723217697064 -1.0 100000
1723217713396 -1.0 104000
1723217730148 -1.0 108000
1723217747497 -1.0 112000
1723217764259 -1.0 116000
1723217779994 -1.0 120000
1723217796340 -1.0 124000
1723217812955 -1.0 128000
1723217829941 -1.0 132000
1723217846692 -1.0 136000
1723217864086 -1.0 140000
1723217881162 -1.0 144000
1723217898172 -1.0 148000
1723217915478 -1.0 152000
1723217932648 -1.0 156000
1723217949184 -1.0 160000
1723217966008 -1.0 164000
1723217983065 -1.0 168000
1723217999637 -1.0 172000
1723218015864 -1.0 176000
1723218032494 -1.0 180000
1723218048931 -1.0 184000
1723218065411 -1.0 188000
1723218082260 -1.0 192000
1723218098828 -1.0 196000
1723218115740 -1.0 200000
1723218132617 -1.0 204000
1723218149577 -1.0 208000
1723218166163 -1.0 212000
1723218182823 -1.0 216000
1723218197904 -1.0 220000
1723218214797 -1.0 224000
1723218231325 -1.0 228000
1723218247609 -1.0 232000
1723218263769 -1.0 236000
1723218279784 -1.0 240000
1723218296700 -1.0 244000
1723218313445 -1.0 248000
1723218330069 -1.0 252000
1723218346414 -1.0 256000
1723218362723 -1.0 260000
1723218378654 -1.0 264000
1723218394132 -1.0 268000
1723218409999 -1.0 272000
1723218426100 -1.0 276000
1723218442108 -1.0 280000
1723218457780 -1.0 284000
1723218472680 -1.0 288000
1723218488730 -1.0 292000
1723218504410 -1.0 296000
1723218520083 -1.0 300000
1723218535965 -1.0 304000
1723218551465 -1.0 308000
1723218567897 -1.0 312000
1723218585197 -1.0 316000
1723218601510 -1.0 320000
1723218617779 -1.0 324000
1723218634145 -1.0 328000
1723218650341 -1.0 332000
1723218666950 -1.0 336000
1723218683236 -1.0 340000
1723218699625 -1.0 344000
1723218824339 -1.0 348000
1723218841024 -1.0 352000
1723218857151 -1.0 356000
1723218872412 -1.0 360000
1723218889742 -1.0 364000
1723218904849 -1.0 368000
1723218920276 -1.0 372000
1723218935490 -1.0 376000
1723218951019 -1.0 380000
1723218966472 -1.0 384000
1723218984883 -1.0 388000
1723219006430 -1.0 392000
1723219023262 -1.0 396000
1723219038384 -1.0 400000
1723219052643 -1.0 404000
1723219068869 -1.0 408000
1723219084806 -1.0 412000
1723219100532 -1.0 416000
1723219116532 -1.0 420000
1723219132554 -1.0 424000
1723219149016 -1.0 428000
1723219166381 -1.0 432000
1723219182927 -1.0 436000
1723219199650 -1.0 440000
1723219215672 -1.0 444000
1723219232188 -1.0 448000
1723219248164 -1.0 452000
1723219264404 -1.0 456000
1723219280424 -1.0 460000
1723219296344 -1.0 464000
1723219312517 -1.0 468000
1723219328141 -1.0 472000
1723219345838 -1.0 476000
1723219362361 -1.0 480000
1723219378681 -1.0 484000
1723219394340 -1.0 488000
1723219410508 -1.0 492000
1723219425339 -1.0 496000
1723219440712 -1.0 500000
1723219456524 -1.0 504000
1723219472383 -1.0 508000
1723219487450 -1.0 512000
1723219502825 -1.0 516000
1723219518693 -1.0 520000
1723219534848 -1.0 524000
1723219550484 -1.0 528000
1723219566199 -1.0 532000
1723219582180 -1.0 536000
1723219598385 -1.0 540000
1723219613799 -1.0 544000
1723219631198 -1.0 548000
1723219647017 -1.0 552000
1723219662483 -1.0 556000
1723219678931 -1.0 560000
1723219694546 -1.0 564000
1723219710137 -1.0 568000
1723219725929 -1.0 572000
1723219741483 -1.0 576000
1723219755676 -1.0 580000
1723219771229 -1.0 584000
1723219787758 -1.0 588000
1723219803353 -1.0 592000
1723219818941 -1.0 596000
1723219834605 -1.0 600000
1723219850273 -1.0 604000
1723219867213 -1.0 608000
1723219883488 -1.0 612000
1723219899006 -1.0 616000
1723219914427 -1.0 620000
1723219929566 -1.0 624000
1723219945380 -1.0 628000
1723219961039 -1.0 632000
1723219976545 -1.0 636000
1723219992004 -1.0 640000
1723220007667 -1.0 644000
1723220023048 -1.0 648000
1723220037524 -1.0 652000
1723220052741 -1.0 656000
1723220068379 -1.0 660000
1723220084171 -1.0 664000
1723220099929 -1.0 668000
1723220115368 -1.0 672000
1723220131524 -1.0 676000
1723220147179 -1.0 680000
1723220162686 -1.0 684000
1723220178605 -1.0 688000
1723220194671 -1.0 692000
1723220210328 -1.0 696000
1723220225734 -1.0 700000
1723220240825 -1.0 704000
1723220256942 -1.0 708000
1723220272350 -1.0 712000
1723220288400 -1.0 716000
1723220304205 -1.0 720000
1723220318886 -1.0 724000
1723220334048 -1.0 728000
1723220349547 -1.0 732000
1723220365459 -1.0 736000
1723220381126 -1.0 740000
1723220396812 -1.0 744000
1723220412341 -1.0 748000
1723220428405 -1.0 752000
1723220444447 -1.0 756000
1723220459726 -1.0 760000
1723220475823 -1.0 764000
1723220492439 -1.0 768000
1723220508386 -1.0 772000
1723220524297 -1.0 776000
1723220540081 -1.0 780000
1723220556299 -1.0 784000
1723220571955 -1.0 788000
1723220588288 -1.0 792000
1723220604355 -1.0 796000
1723220619890 -1.0 800000
