1723217322584 0.3 4000
1723217337886 0.3 8000
1723217353003 0.3 12000
1723217368164 0.3 16000
1723217383113 0.3 20000
1723217398300 0.3 24000
1723217413444 0.3 28000
1723217428503 0.3 32000
1723217443795 0.3 36000
1723217459058 0.3 40000
1723217474635 0.3 44000
1723217489902 0.3 48000
1723217505179 0.3 52000
1723217520478 0.3 56000
1723217535584 0.3 60000
1723217550848 0.3 64000
1723217566116 0.3 68000
1723217581399 0.3 72000
1723217596847 0.3 76000
1723217612302 0.3 80000
1723217629688 0.3 84000
1723217646533 0.3 88000
1723217663289 0.3 92000
1723217680386 0.3 96000
1723217697069 0.3 100000
1723217713407 0.3 104000
1723217730153 0.3 108000
1723217747503 0.3 112000
1723217764264 0.3 116000
1723217779999 0.3 120000
1723217796348 0.3 124000
1723217812963 0.3 128000
1723217829948 0.3 132000
1723217846697 0.3 136000
1723217864092 0.3 140000
1723217881168 0.3 144000
1723217898177 0.3 148000
1723217915484 0.3 152000
1723217932654 0.3 156000
1723217949191 0.3 160000
1723217966015 0.3 164000
1723217983071 0.3 168000
1723217999642 0.3 172000
1723218015869 0.3 176000
1723218032500 0.3 180000
1723218048936 0.3 184000
1723218065416 0.3 188000
1723218082265 0.3 192000
1723218098833 0.3 196000
1723218115746 0.3 200000
1723218132623 0.3 204000
1723218149582 0.3 208000
1723218166168 0.3 212000
1723218182828 0.3 216000
1723218197910 0.3 220000
1723218214802 0.3 224000
1723218231331 0.3 228000
1723218247614 0.3 232000
1723218263774 0.3 236000
1723218279791 0.3 240000
1723218296706 0.3 244000
1723218313451 0.3 248000
1723218330075 0.3 252000
1723218346423 0.3 256000
1723218362731 0.3 260000
1723218378659 0.3 264000
1723218394137 0.3 268000
1723218410004 0.3 272000
1723218426106 0.3 276000
1723218442113 0.3 280000
1723218457785 0.3 284000
1723218472686 0.3 288000
1723218488736 0.3 292000
1723218504416 0.3 296000
1723218520089 0.3 300000
1723218535971 0.3 304000
1723218551470 0.3 308000
1723218567902 0.3 312000
1723218585202 0.3 316000
1723218601515 0.3 320000
1723218617785 0.3 324000
1723218634150 0.3 328000
1723218650346 0.3 332000
1723218666955 0.3 336000
1723218683241 0.3 340000
1723218699630 0.3 344000
1723218824345 0.3 348000
1723218841029 0.3 352000
1723218857156 0.3 356000
1723218872417 0.3 360000
1723218889747 0.3 364000
1723218904854 0.3 368000
1723218920281 0.3 372000
1723218935495 0.3 376000
1723218951024 0.3 380000
1723218966477 0.3 384000
1723218984889 0.3 388000
1723219006437 0.3 392000
1723219023267 0.3 396000
1723219038388 0.3 400000
1723219052651 0.3 404000
1723219068876 0.3 408000
1723219084811 0.3 412000
1723219100537 0.3 416000
1723219116537 0.3 420000
1723219132559 0.3 424000
1723219149021 0.3 428000
1723219166386 0.3 432000
1723219182932 0.3 436000
1723219199655 0.3 440000
1723219215677 0.3 444000
1723219232193 0.3 448000
1723219248169 0.3 452000
1723219264409 0.3 456000
1723219280430 0.3 460000
1723219296349 0.3 464000
1723219312522 0.3 468000
1723219328146 0.3 472000
1723219345844 0.3 476000
1723219362366 0.3 480000
1723219378686 0.3 484000
1723219394345 0.3 488000
1723219410513 0.3 492000
1723219425344 0.3 496000
1723219440717 0.3 500000
1723219456530 0.3 504000
1723219472388 0.3 508000
1723219487455 0.3 512000
1723219502829 0.3 516000
1723219518698 0.3 520000
1723219534853 0.3 524000
1723219550489 0.3 528000
1723219566204 0.3 532000
1723219582185 0.3 536000
1723219598390 0.3 540000
1723219613804 0.3 544000
1723219631203 0.3 548000
1723219647022 0.3 552000
1723219662488 0.3 556000
1723219678936 0.3 560000
1723219694551 0.3 564000
1723219710143 0.3 568000
1723219725934 0.3 572000
1723219741488 0.3 576000
1723219755681 0.3 580000
1723219771234 0.3 584000
1723219787765 0.3 588000
1723219803358 0.3 592000
1723219818947 0.3 596000
1723219834610 0.3 600000
1723219850279 0.3 604000
1723219867219 0.3 608000
1723219883493 0.3 612000
1723219899011 0.3 616000
1723219914432 0.3 620000
1723219929571 0.3 624000
1723219945385 0.3 628000
1723219961044 0.3 632000
1723219976550 0.3 636000
1723219992009 0.3 640000
1723220007672 0.3 644000
1723220023054 0.3 648000
1723220037531 0.3 652000
1723220052746 0.3 656000
1723220068385 0.3 660000
1723220084177 0.3 664000
1723220099934 0.3 668000
1723220115375 0.3 672000
1723220131529 0.3 676000
1723220147184 0.3 680000
1723220162691 0.3 684000
1723220178611 0.3 688000
1723220194676 0.3 692000
1723220210333 0.3 696000
1723220225740 0.3 700000
1723220240831 0.3 704000
1723220256947 0.3 708000
1723220272356 0.3 712000
1723220288406 0.3 716000
1723220304210 0.3 720000
1723220318896 0.3 724000
1723220334053 0.3 728000
1723220349552 0.3 732000
1723220365465 0.3 736000
1723220381131 0.3 740000
1723220396818 0.3 744000
1723220412345 0.3 748000
1723220428410 0.3 752000
1723220444453 0.3 756000
1723220459732 0.3 760000
1723220475828 0.3 764000
1723220492444 0.3 768000
1723220508391 0.3 772000
1723220524302 0.3 776000
1723220540086 0.3 780000
1723220556306 0.3 784000
1723220571960 0.3 788000
1723220588293 0.3 792000
1723220604360 0.3 796000
1723220619894 0.3 800000
