1723217322548 0.0 4000
1723217337858 0.0 8000
1723217352976 0.0 12000
1723217368134 0.0 16000
1723217383079 0.0 20000
1723217398272 0.0 24000
1723217413418 0.0 28000
1723217428476 0.0 32000
1723217443769 0.0 36000
1723217459022 0.0 40000
1723217474607 0.0 44000
1723217489870 0.0 48000
1723217505150 0.0 52000
1723217520449 0.0 56000
1723217535554 0.0 60000
1723217550816 0.0 64000
1723217566084 0.0 68000
1723217581372 0.0 72000
1723217596817 0.0 76000
1723217612264 0.0 80000
1723217629661 0.0 84000
1723217646505 0.0 88000
1723217663260 0.0 92000
1723217680359 0.0 96000
1723217697038 0.0 100000
1723217713373 0.0 104000
1723217730117 0.0 108000
1723217747469 0.0 112000
1723217764237 0.0 116000
1723217779969 0.0 120000
1723217796318 0.0 124000
1723217812932 0.0 128000
1723217829919 0.0 132000
1723217846669 0.0 136000
1723217864064 0.0 140000
1723217881140 0.0 144000
1723217898150 0.0 148000
1723217915456 0.0 152000
1723217932625 0.0 156000
1723217949157 0.0 160000
1723217965982 0.0 164000
1723217983043 0.0 168000
1723217999613 0.0 172000
1723218015842 0.0 176000
1723218032471 0.0 180000
1723218048909 0.0 184000
1723218065388 0.0 188000
1723218082236 0.0 192000
1723218098805 0.0 196000
1723218115716 0.0 200000
1723218132595 0.0 204000
1723218149555 0.0 208000
1723218166140 0.0 212000
1723218182796 0.0 216000
1723218197877 0.0 220000
1723218214775 0.0 224000
1723218231302 0.0 228000
1723218247586 0.0 232000
1723218263747 0.0 236000
1723218279758 0.0 240000
1723218296677 0.0 244000
1723218313422 0.0 248000
1723218330046 0.0 252000
1723218346386 0.0 256000
1723218362695 0.0 260000
1723218378629 0.0 264000
1723218394111 0.0 268000
1723218409977 0.0 272000
1723218426079 0.0 276000
1723218442085 0.0 280000
1723218457757 0.0 284000
1723218472657 0.0 288000
1723218488706 0.0 292000
1723218504389 0.0 296000
1723218520061 0.0 300000
1723218535941 0.0 304000
1723218551440 0.0 308000
1723218567876 0.0 312000
1723218585176 0.0 316000
1723218601487 0.0 320000
1723218617757 0.0 324000
1723218634123 0.0 328000
1723218650319 0.0 332000
1723218666925 0.0 336000
1723218683215 0.0 340000
1723218699603 0.0 344000
1723218824316 0.0 348000
1723218840999 0.0 352000
1723218857129 0.0 356000
1723218872390 0.0 360000
1723218889719 0.0 364000
1723218904828 0.0 368000
1723218920249 0.0 372000
1723218935469 0.0 376000
1723218950997 0.0 380000
1723218966451 0.0 384000
1723218984859 0.0 388000
1723219006396 0.0 392000
1723219023240 0.0 396000
1723219038363 0.0 400000
1723219052618 0.0 404000
1723219068848 0.0 408000
1723219084785 0.0 412000
1723219100511 0.0 416000
1723219116511 0.0 420000
1723219132533 0.0 424000
1723219148994 0.0 428000
1723219166359 0.0 432000
1723219182903 0.0 436000
1723219199628 0.0 440000
1723219215651 0.0 444000
1723219232165 0.0 448000
1723219248143 0.0 452000
1723219264383 0.0 456000
1723219280394 0.0 460000
1723219296320 0.0 464000
1723219312495 0.0 468000
1723219328119 0.0 472000
1723219345816 0.0 476000
1723219362340 0.0 480000
1723219378661 0.0 484000
1723219394318 0.0 488000
1723219410487 0.0 492000
1723219425311 0.0 496000
1723219440691 0.0 500000
1723219456503 0.0 504000
1723219472356 0.0 508000
1723219487427 0.0 512000
1723219502804 0.0 516000
1723219518673 0.0 520000
1723219534827 0.0 524000
1723219550463 0.0 528000
1723219566179 0.0 532000
1723219582159 0.0 536000
1723219598359 0.0 540000
1723219613777 0.0 544000
1723219631177 0.0 548000
1723219646992 0.0 552000
1723219662461 0.0 556000
1723219678908 0.0 560000
1723219694525 0.0 564000
1723219710110 0.0 568000
1723219725903 0.0 572000
1723219741462 0.0 576000
1723219755654 0.0 580000
1723219771206 0.0 584000
1723219787728 0.0 588000
1723219803331 0.0 592000
1723219818914 0.0 596000
1723219834583 0.0 600000
1723219850251 0.0 604000
1723219867187 0.0 608000
1723219883458 0.0 612000
1723219898983 0.0 616000
1723219914406 0.0 620000
1723219929545 0.0 624000
1723219945359 0.0 628000
1723219961018 0.0 632000
1723219976523 0.0 636000
1723219991983 0.0 640000
1723220007638 0.0 644000
1723220023021 0.0 648000
1723220037498 0.0 652000
1723220052719 0.0 656000
1723220068355 0.0 660000
1723220084131 0.0 664000
1723220099907 0.0 668000
1723220115341 0.0 672000
1723220131503 0.0 676000
1723220147158 0.0 680000
1723220162664 0.0 684000
1723220178584 0.0 688000
1723220194649 0.0 692000
1723220210306 0.0 696000
1723220225707 0.0 700000
1723220240804 0.0 704000
1723220256920 0.0 708000
1723220272327 0.0 712000
1723220288374 0.0 716000
1723220304183 0.0 720000
1723220318856 0.0 724000
1723220334026 0.0 728000
1723220349525 0.0 732000
1723220365437 0.0 736000
1723220381104 0.0 740000
1723220396788 0.0 744000
1723220412319 0.0 748000
1723220428384 0.0 752000
1723220444426 0.0 756000
1723220459705 0.0 760000
1723220475801 0.0 764000
1723220492418 0.0 768000
1723220508363 0.0 772000
1723220524275 0.0 776000
1723220540059 0.0 780000
1723220556277 0.0 784000
1723220571933 0.0 788000
1723220588266 0.0 792000
1723220604333 0.0 796000
1723220619867 0.0 800000
