1723217322586 0.0 4000
1723217337887 0.0 8000
1723217353005 0.0 12000
1723217368169 0.0 16000
1723217383114 0.0 20000
1723217398301 0.0 24000
1723217413446 0.0 28000
1723217428505 0.0 32000
1723217443797 0.0 36000
1723217459059 0.0 40000
1723217474637 0.0 44000
1723217489903 0.0 48000
1723217505182 0.0 52000
1723217520481 0.0 56000
1723217535585 0.0 60000
1723217550850 0.0 64000
1723217566118 0.0 68000
1723217581401 0.0 72000
1723217596849 0.0 76000
1723217612304 0.0 80000
1723217629689 0.0 84000
1723217646534 0.0 88000
1723217663291 0.0 92000
1723217680387 0.0 96000
1723217697071 0.0 100000
1723217713408 0.0 104000
1723217730155 0.0 108000
1723217747505 0.0 112000
1723217764265 0.0 116000
1723217780001 0.0 120000
1723217796350 0.0 124000
1723217812965 0.0 128000
1723217829950 0.0 132000
1723217846698 0.0 136000
1723217864093 0.0 140000
1723217881169 0.0 144000
1723217898179 0.0 148000
1723217915485 0.0 152000
1723217932655 0.0 156000
1723217949193 0.0 160000
1723217966016 0.0 164000
1723217983072 0.0 168000
1723217999644 0.0 172000
1723218015871 0.0 176000
1723218032502 0.0 180000
1723218048938 0.0 184000
1723218065418 0.0 188000
1723218082266 0.0 192000
1723218098836 0.0 196000
1723218115747 0.0 200000
1723218132624 0.0 204000
1723218149584 0.0 208000
1723218166170 0.0 212000
1723218182830 0.0 216000
1723218197912 0.0 220000
1723218214804 0.0 224000
1723218231333 0.0 228000
1723218247615 0.0 232000
1723218263776 0.0 236000
1723218279793 0.0 240000
1723218296708 0.0 244000
1723218313453 0.0 248000
1723218330076 0.0 252000
1723218346425 0.0 256000
1723218362733 0.0 260000
1723218378661 0.0 264000
1723218394139 0.0 268000
1723218410005 0.0 272000
1723218426107 0.0 276000
1723218442115 0.0 280000
1723218457787 0.0 284000
1723218472688 0.0 288000
1723218488737 0.0 292000
1723218504417 0.0 296000
1723218520090 0.0 300000
1723218535973 0.0 304000
1723218551472 0.0 308000
1723218567904 0.0 312000
1723218585204 0.0 316000
1723218601516 0.0 320000
1723218617786 0.0 324000
1723218634152 0.0 328000
1723218650348 0.0 332000
1723218666957 0.0 336000
1723218683243 0.0 340000
1723218699632 0.0 344000
1723218824347 0.0 348000
1723218841030 0.0 352000
1723218857158 0.0 356000
1723218872419 0.0 360000
1723218889748 0.0 364000
1723218904856 0.0 368000
1723218920282 0.0 372000
1723218935497 0.0 376000
1723218951026 0.0 380000
1723218966479 0.0 384000
1723218984891 0.0 388000
1723219006439 0.0 392000
1723219023268 0.0 396000
1723219038390 0.0 400000
1723219052653 0.0 404000
1723219068879 0.0 408000
1723219084812 0.0 412000
1723219100538 0.0 416000
1723219116538 0.0 420000
1723219132561 0.0 424000
1723219149023 0.0 428000
1723219166387 0.0 432000
1723219182934 0.0 436000
1723219199657 0.0 440000
1723219215679 0.0 444000
1723219232195 0.0 448000
1723219248170 0.0 452000
1723219264411 0.0 456000
1723219280432 0.0 460000
1723219296351 0.0 464000
1723219312523 0.0 468000
1723219328147 0.0 472000
1723219345845 0.0 476000
1723219362368 0.0 480000
1723219378688 0.0 484000
1723219394347 0.0 488000
1723219410515 0.0 492000
1723219425346 0.0 496000
1723219440719 0.0 500000
1723219456531 0.0 504000
1723219472390 0.0 508000
1723219487457 0.0 512000
1723219502831 0.0 516000
1723219518700 0.0 520000
1723219534855 0.0 524000
1723219550491 0.0 528000
1723219566206 0.0 532000
1723219582186 0.0 536000
1723219598392 0.0 540000
1723219613806 0.0 544000
1723219631205 0.0 548000
1723219647025 0.0 552000
1723219662489 0.0 556000
1723219678937 0.0 560000
1723219694553 0.0 564000
1723219710144 0.0 568000
1723219725935 0.0 572000
1723219741490 0.0 576000
1723219755682 0.0 580000
1723219771235 0.0 584000
1723219787766 0.0 588000
1723219803360 0.0 592000
1723219818948 0.0 596000
1723219834612 0.0 600000
1723219850281 0.0 604000
1723219867220 0.0 608000
1723219883495 0.0 612000
1723219899012 0.0 616000
1723219914433 0.0 620000
1723219929572 0.0 624000
1723219945386 0.0 628000
1723219961046 0.0 632000
1723219976551 0.0 636000
1723219992011 0.0 640000
1723220007675 0.0 644000
1723220023055 0.0 648000
1723220037533 0.0 652000
1723220052747 0.0 656000
1723220068387 0.0 660000
1723220084178 0.0 664000
1723220099935 0.0 668000
1723220115377 0.0 672000
1723220131530 0.0 676000
1723220147185 0.0 680000
1723220162693 0.0 684000
1723220178612 0.0 688000
1723220194677 0.0 692000
1723220210335 0.0 696000
1723220225742 0.0 700000
1723220240833 0.0 704000
1723220256949 0.0 708000
1723220272357 0.0 712000
1723220288407 0.0 716000
1723220304211 0.0 720000
1723220318897 0.0 724000
1723220334054 0.0 728000
1723220349553 0.0 732000
1723220365466 0.0 736000
1723220381132 0.0 740000
1723220396822 0.0 744000
1723220412347 0.0 748000
1723220428411 0.0 752000
1723220444454 0.0 756000
1723220459733 0.0 760000
1723220475829 0.0 764000
1723220492446 0.0 768000
1723220508392 0.0 772000
1723220524304 0.0 776000
1723220540088 0.0 780000
1723220556308 0.0 784000
1723220571962 0.0 788000
1723220588294 0.0 792000
1723220604362 0.0 796000
1723220619896 0.0 800000
