1723217322568 60.0 4000
1723217337875 60.0 8000
1723217352992 60.0 12000
1723217368150 60.0 16000
1723217383099 60.0 20000
1723217398289 60.0 24000
1723217413434 60.0 28000
1723217428493 60.0 32000
1723217443784 60.0 36000
1723217459043 60.0 40000
1723217474624 60.0 44000
1723217489891 60.0 48000
1723217505168 60.0 52000
1723217520465 60.0 56000
1723217535573 60.0 60000
1723217550832 60.0 64000
1723217566103 60.0 68000
1723217581388 60.0 72000
1723217596836 60.0 76000
1723217612287 60.0 80000
1723217629677 60.0 84000
1723217646523 60.0 88000
1723217663276 60.0 92000
1723217680375 60.0 96000
1723217697057 60.0 100000
1723217713390 60.0 104000
1723217730136 60.0 108000
1723217747488 60.0 112000
1723217764253 60.0 116000
1723217779989 60.0 120000
1723217796334 60.0 124000
1723217812949 60.0 128000
1723217829935 60.0 132000
1723217846686 60.0 136000
1723217864081 60.0 140000
1723217881156 60.0 144000
1723217898166 60.0 148000
1723217915473 60.0 152000
1723217932642 60.0 156000
1723217949176 60.0 160000
1723217966000 60.0 164000
1723217983060 60.0 168000
1723217999631 60.0 172000
1723218015859 60.0 176000
1723218032487 60.0 180000
1723218048925 60.0 184000
1723218065405 60.0 188000
1723218082254 60.0 192000
1723218098822 60.0 196000
1723218115735 60.0 200000
1723218132612 60.0 204000
1723218149572 60.0 208000
1723218166158 60.0 212000
1723218182817 60.0 216000
1723218197897 60.0 220000
1723218214791 60.0 224000
1723218231320 60.0 228000
1723218247602 60.0 232000
1723218263763 60.0 236000
1723218279775 60.0 240000
1723218296694 60.0 244000
1723218313439 60.0 248000
1723218330063 60.0 252000
1723218346407 60.0 256000
1723218362717 60.0 260000
1723218378646 60.0 264000
1723218394127 60.0 268000
1723218409993 60.0 272000
1723218426095 60.0 276000
1723218442102 60.0 280000
1723218457775 60.0 284000
1723218472675 60.0 288000
1723218488724 60.0 292000
1723218504405 60.0 296000
1723218520078 60.0 300000
1723218535959 60.0 304000
1723218551459 60.0 308000
1723218567892 60.0 312000
1723218585192 60.0 316000
1723218601504 60.0 320000
1723218617774 60.0 324000
1723218634139 60.0 328000
1723218650335 60.0 332000
1723218666944 60.0 336000
1723218683231 60.0 340000
1723218699619 60.0 344000
1723218824334 60.0 348000
1723218841018 60.0 352000
1723218857146 60.0 356000
1723218872406 60.0 360000
1723218889736 60.0 364000
1723218904844 60.0 368000
1723218920270 60.0 372000
1723218935485 60.0 376000
1723218951013 60.0 380000
1723218966467 60.0 384000
1723218984876 60.0 388000
1723219006422 60.0 392000
1723219023256 60.0 396000
1723219038378 60.0 400000
1723219052635 60.0 404000
1723219068864 60.0 408000
1723219084800 60.0 412000
1723219100527 60.0 416000
1723219116527 60.0 420000
1723219132549 60.0 424000
1723219149011 60.0 428000
1723219166375 60.0 432000
1723219182920 60.0 436000
1723219199645 60.0 440000
1723219215667 60.0 444000
1723219232182 60.0 448000
1723219248158 60.0 452000
1723219264399 60.0 456000
1723219280414 60.0 460000
1723219296338 60.0 464000
1723219312512 60.0 468000
1723219328134 60.0 472000
1723219345832 60.0 476000
1723219362356 60.0 480000
1723219378676 60.0 484000
1723219394334 60.0 488000
1723219410503 60.0 492000
1723219425333 60.0 496000
1723219440707 60.0 500000
1723219456519 60.0 504000
1723219472378 60.0 508000
1723219487444 60.0 512000
1723219502819 60.0 516000
1723219518688 60.0 520000
1723219534843 60.0 524000
1723219550479 60.0 528000
1723219566194 60.0 532000
1723219582174 60.0 536000
1723219598379 60.0 540000
1723219613793 60.0 544000
1723219631193 60.0 548000
1723219647011 60.0 552000
1723219662478 60.0 556000
1723219678925 60.0 560000
1723219694541 60.0 564000
1723219710131 60.0 568000
1723219725923 60.0 572000
1723219741478 60.0 576000
1723219755670 60.0 580000
1723219771223 60.0 584000
1723219787751 60.0 588000
1723219803347 60.0 592000
1723219818935 60.0 596000
1723219834599 60.0 600000
1723219850268 60.0 604000
1723219867208 60.0 608000
1723219883480 60.0 612000
1723219899000 60.0 616000
1723219914422 60.0 620000
1723219929561 60.0 624000
1723219945375 60.0 628000
1723219961034 60.0 632000
1723219976539 60.0 636000
1723219991999 60.0 640000
1723220007659 60.0 644000
1723220023041 60.0 648000
1723220037517 60.0 652000
1723220052735 60.0 656000
1723220068374 60.0 660000
1723220084166 60.0 664000
1723220099924 60.0 668000
1723220115361 60.0 672000
1723220131518 60.0 676000
1723220147173 60.0 680000
1723220162681 60.0 684000
1723220178600 60.0 688000
1723220194666 60.0 692000
1723220210322 60.0 696000
1723220225729 60.0 700000
1723220240820 60.0 704000
1723220256937 60.0 708000
1723220272345 60.0 712000
1723220288395 60.0 716000
1723220304199 60.0 720000
1723220318879 60.0 724000
1723220334042 60.0 728000
1723220349541 60.0 732000
1723220365453 60.0 736000
1723220381120 60.0 740000
1723220396804 60.0 744000
1723220412335 60.0 748000
1723220428400 60.0 752000
1723220444441 60.0 756000
1723220459721 60.0 760000
1723220475818 60.0 764000
1723220492434 60.0 768000
1723220508380 60.0 772000
1723220524291 60.0 776000
1723220540075 60.0 780000
1723220556294 60.0 784000
1723220571949 60.0 788000
1723220588282 60.0 792000
1723220604348 60.0 796000
1723220619884 60.0 800000
