1723217322543 0.0 4000
1723217337854 0.0 8000
1723217352972 0.0 12000
1723217368130 0.0 16000
1723217383075 0.0 20000
1723217398268 0.0 24000
1723217413414 0.0 28000
1723217428472 0.0 32000
1723217443764 0.0 36000
1723217459018 0.0 40000
1723217474603 0.0 44000
1723217489866 0.0 48000
1723217505146 0.0 52000
1723217520445 0.0 56000
1723217535549 0.0 60000
1723217550810 0.0 64000
1723217566080 0.0 68000
1723217581368 0.0 72000
1723217596813 0.0 76000
1723217612258 0.0 80000
1723217629657 0.0 84000
1723217646501 0.0 88000
1723217663256 0.0 92000
1723217680355 0.0 96000
1723217697034 0.0 100000
1723217713368 0.0 104000
1723217730113 0.0 108000
1723217747464 0.0 112000
1723217764233 0.0 116000
1723217779965 0.0 120000
1723217796314 0.0 124000
1723217812928 0.0 128000
1723217829914 0.0 132000
1723217846665 0.0 136000
1723217864060 0.0 140000
1723217881136 0.0 144000
1723217898146 0.0 148000
1723217915452 0.0 152000
1723217932621 0.0 156000
1723217949153 0.0 160000
1723217965978 0.0 164000
1723217983039 0.0 168000
1723217999609 0.0 172000
1723218015838 0.0 176000
1723218032466 0.0 180000
1723218048904 0.0 184000
1723218065384 0.0 188000
1723218082231 0.0 192000
1723218098801 0.0 196000
1723218115710 0.0 200000
1723218132589 0.0 204000
1723218149551 0.0 208000
1723218166136 0.0 212000
1723218182792 0.0 216000
1723218197873 0.0 220000
1723218214770 0.0 224000
1723218231298 0.0 228000
1723218247581 0.0 232000
1723218263743 0.0 236000
1723218279754 0.0 240000
1723218296673 0.0 244000
1723218313417 0.0 248000
1723218330043 0.0 252000
1723218346382 0.0 256000
1723218362691 0.0 260000
1723218378625 0.0 264000
1723218394107 0.0 268000
1723218409973 0.0 272000
1723218426075 0.0 276000
1723218442080 0.0 280000
1723218457753 0.0 284000
1723218472648 0.0 288000
1723218488702 0.0 292000
1723218504384 0.0 296000
1723218520055 0.0 300000
1723218535936 0.0 304000
1723218551435 0.0 308000
1723218567872 0.0 312000
1723218585172 0.0 316000
1723218601482 0.0 320000
1723218617753 0.0 324000
1723218634118 0.0 328000
1723218650315 0.0 332000
1723218666921 0.0 336000
1723218683211 0.0 340000
1723218699599 0.0 344000
1723218824312 0.0 348000
1723218840993 0.0 352000
1723218857124 0.0 356000
1723218872386 0.0 360000
1723218889715 0.0 364000
1723218904824 0.0 368000
1723218920245 0.0 372000
1723218935464 0.0 376000
1723218950992 0.0 380000
1723218966447 0.0 384000
1723218984853 0.0 388000
1723219006386 0.0 392000
1723219023236 0.0 396000
1723219038359 0.0 400000
1723219052614 0.0 404000
1723219068844 0.0 408000
1723219084781 0.0 412000
1723219100507 0.0 416000
1723219116506 0.0 420000
1723219132529 0.0 424000
1723219148990 0.0 428000
1723219166355 0.0 432000
1723219182899 0.0 436000
1723219199624 0.0 440000
1723219215647 0.0 444000
1723219232161 0.0 448000
1723219248139 0.0 452000
1723219264379 0.0 456000
1723219280390 0.0 460000
1723219296315 0.0 464000
1723219312491 0.0 468000
1723219328115 0.0 472000
1723219345812 0.0 476000
1723219362335 0.0 480000
1723219378657 0.0 484000
1723219394314 0.0 488000
1723219410483 0.0 492000
1723219425306 0.0 496000
1723219440687 0.0 500000
1723219456499 0.0 504000
1723219472351 0.0 508000
1723219487423 0.0 512000
1723219502800 0.0 516000
1723219518669 0.0 520000
1723219534823 0.0 524000
1723219550459 0.0 528000
1723219566175 0.0 532000
1723219582155 0.0 536000
1723219598354 0.0 540000
1723219613773 0.0 544000
1723219631173 0.0 548000
1723219646986 0.0 552000
1723219662457 0.0 556000
1723219678905 0.0 560000
1723219694521 0.0 564000
1723219710105 0.0 568000
1723219725900 0.0 572000
1723219741458 0.0 576000
1723219755650 0.0 580000
1723219771202 0.0 584000
1723219787724 0.0 588000
1723219803326 0.0 592000
1723219818910 0.0 596000
1723219834579 0.0 600000
1723219850247 0.0 604000
1723219867182 0.0 608000
1723219883454 0.0 612000
1723219898979 0.0 616000
1723219914402 0.0 620000
1723219929541 0.0 624000
1723219945355 0.0 628000
1723219961014 0.0 632000
1723219976519 0.0 636000
1723219991979 0.0 640000
1723220007633 0.0 644000
1723220023017 0.0 648000
1723220037494 0.0 652000
1723220052714 0.0 656000
1723220068350 0.0 660000
1723220084126 0.0 664000
1723220099903 0.0 668000
1723220115335 0.0 672000
1723220131499 0.0 676000
1723220147154 0.0 680000
1723220162658 0.0 684000
1723220178579 0.0 688000
1723220194644 0.0 692000
1723220210302 0.0 696000
1723220225703 0.0 700000
1723220240800 0.0 704000
1723220256915 0.0 708000
1723220272320 0.0 712000
1723220288370 0.0 716000
1723220304179 0.0 720000
1723220318851 0.0 724000
1723220334022 0.0 728000
1723220349521 0.0 732000
1723220365433 0.0 736000
1723220381099 0.0 740000
1723220396784 0.0 744000
1723220412315 0.0 748000
1723220428380 0.0 752000
1723220444421 0.0 756000
1723220459701 0.0 760000
1723220475797 0.0 764000
1723220492414 0.0 768000
1723220508358 0.0 772000
1723220524271 0.0 776000
1723220540054 0.0 780000
1723220556273 0.0 784000
1723220571929 0.0 788000
1723220588262 0.0 792000
1723220604329 0.0 796000
1723220619863 0.0 800000
