1723217322548 1.0 4000
1723217337857 1.0 8000
1723217352976 1.0 12000
1723217368134 1.0 16000
1723217383079 1.0 20000
1723217398272 1.0 24000
1723217413417 1.0 28000
1723217428476 1.0 32000
1723217443768 1.0 36000
1723217459022 1.0 40000
1723217474607 1.0 44000
1723217489870 1.0 48000
1723217505150 1.0 52000
1723217520449 1.0 56000
1723217535554 1.0 60000
1723217550816 1.0 64000
1723217566084 1.0 68000
1723217581371 1.0 72000
1723217596817 1.0 76000
1723217612264 1.0 80000
1723217629660 1.0 84000
1723217646505 1.0 88000
1723217663260 1.0 92000
1723217680359 1.0 96000
1723217697037 1.0 100000
1723217713372 1.0 104000
1723217730117 1.0 108000
1723217747469 1.0 112000
1723217764237 1.0 116000
1723217779968 1.0 120000
1723217796318 1.0 124000
1723217812932 1.0 128000
1723217829918 1.0 132000
1723217846668 1.0 136000
1723217864064 1.0 140000
1723217881140 1.0 144000
1723217898150 1.0 148000
1723217915456 1.0 152000
1723217932625 1.0 156000
1723217949157 1.0 160000
1723217965982 1.0 164000
1723217983043 1.0 168000
1723217999613 1.0 172000
1723218015842 1.0 176000
1723218032470 1.0 180000
1723218048909 1.0 184000
1723218065388 1.0 188000
1723218082235 1.0 192000
1723218098805 1.0 196000
1723218115715 1.0 200000
1723218132594 1.0 204000
1723218149555 1.0 208000
1723218166140 1.0 212000
1723218182796 1.0 216000
1723218197877 1.0 220000
1723218214774 1.0 224000
1723218231302 1.0 228000
1723218247585 1.0 232000
1723218263747 1.0 236000
1723218279758 1.0 240000
1723218296677 1.0 244000
1723218313421 1.0 248000
1723218330046 1.0 252000
1723218346386 1.0 256000
1723218362695 1.0 260000
1723218378629 1.0 264000
1723218394111 1.0 268000
1723218409977 1.0 272000
1723218426078 1.0 276000
1723218442084 1.0 280000
1723218457756 1.0 284000
1723218472657 1.0 288000
1723218488706 1.0 292000
1723218504388 1.0 296000
1723218520060 1.0 300000
1723218535940 1.0 304000
1723218551440 1.0 308000
1723218567875 1.0 312000
1723218585175 1.0 316000
1723218601486 1.0 320000
1723218617756 1.0 324000
1723218634122 1.0 328000
1723218650318 1.0 332000
1723218666924 1.0 336000
1723218683215 1.0 340000
1723218699602 1.0 344000
1723218824315 1.0 348000
1723218840998 1.0 352000
1723218857129 1.0 356000
1723218872390 1.0 360000
1723218889719 1.0 364000
1723218904828 1.0 368000
1723218920249 1.0 372000
1723218935468 1.0 376000
1723218950996 1.0 380000
1723218966451 1.0 384000
1723218984857 1.0 388000
1723219006395 1.0 392000
1723219023240 1.0 396000
1723219038362 1.0 400000
1723219052618 1.0 404000
1723219068847 1.0 408000
1723219084784 1.0 412000
1723219100511 1.0 416000
1723219116510 1.0 420000
1723219132533 1.0 424000
1723219148994 1.0 428000
1723219166359 1.0 432000
1723219182903 1.0 436000
1723219199628 1.0 440000
1723219215650 1.0 444000
1723219232165 1.0 448000
1723219248142 1.0 452000
1723219264383 1.0 456000
1723219280394 1.0 460000
1723219296319 1.0 464000
1723219312494 1.0 468000
1723219328118 1.0 472000
1723219345816 1.0 476000
1723219362339 1.0 480000
1723219378660 1.0 484000
1723219394318 1.0 488000
1723219410487 1.0 492000
1723219425310 1.0 496000
1723219440691 1.0 500000
1723219456503 1.0 504000
1723219472355 1.0 508000
1723219487426 1.0 512000
1723219502803 1.0 516000
1723219518672 1.0 520000
1723219534827 1.0 524000
1723219550463 1.0 528000
1723219566178 1.0 532000
1723219582158 1.0 536000
1723219598358 1.0 540000
1723219613776 1.0 544000
1723219631177 1.0 548000
1723219646991 1.0 552000
1723219662461 1.0 556000
1723219678908 1.0 560000
1723219694525 1.0 564000
1723219710110 1.0 568000
1723219725903 1.0 572000
1723219741461 1.0 576000
1723219755654 1.0 580000
1723219771206 1.0 584000
1723219787727 1.0 588000
1723219803331 1.0 592000
1723219818914 1.0 596000
1723219834583 1.0 600000
1723219850251 1.0 604000
1723219867186 1.0 608000
1723219883458 1.0 612000
1723219898983 1.0 616000
1723219914405 1.0 620000
1723219929545 1.0 624000
1723219945359 1.0 628000
1723219961018 1.0 632000
1723219976523 1.0 636000
1723219991983 1.0 640000
1723220007637 1.0 644000
1723220023020 1.0 648000
1723220037498 1.0 652000
1723220052718 1.0 656000
1723220068354 1.0 660000
1723220084130 1.0 664000
1723220099906 1.0 668000
1723220115341 1.0 672000
1723220131503 1.0 676000
1723220147157 1.0 680000
1723220162663 1.0 684000
1723220178583 1.0 688000
1723220194649 1.0 692000
1723220210306 1.0 696000
1723220225706 1.0 700000
1723220240804 1.0 704000
1723220256919 1.0 708000
1723220272327 1.0 712000
1723220288373 1.0 716000
1723220304183 1.0 720000
1723220318855 1.0 724000
1723220334025 1.0 728000
1723220349525 1.0 732000
1723220365437 1.0 736000
1723220381103 1.0 740000
1723220396787 1.0 744000
1723220412318 1.0 748000
1723220428383 1.0 752000
1723220444425 1.0 756000
1723220459704 1.0 760000
1723220475801 1.0 764000
1723220492417 1.0 768000
1723220508363 1.0 772000
1723220524274 1.0 776000
1723220540058 1.0 780000
1723220556277 1.0 784000
1723220571933 1.0 788000
1723220588265 1.0 792000
1723220604333 1.0 796000
1723220619867 1.0 800000
