1723217322565 0.0 4000
1723217337873 0.0 8000
1723217352990 0.0 12000
1723217368148 0.0 16000
1723217383096 0.0 20000
1723217398287 0.0 24000
1723217413432 0.0 28000
1723217428491 0.0 32000
1723217443782 0.0 36000
1723217459040 0.0 40000
1723217474622 0.0 44000
1723217489887 0.0 48000
1723217505166 0.0 52000
1723217520463 0.0 56000
1723217535570 0.0 60000
1723217550830 0.0 64000
1723217566100 0.0 68000
1723217581385 0.0 72000
1723217596834 0.0 76000
1723217612284 0.0 80000
1723217629675 0.0 84000
1723217646521 0.0 88000
1723217663274 0.0 92000
1723217680373 0.0 96000
1723217697055 0.0 100000
1723217713388 0.0 104000
1723217730132 0.0 108000
1723217747486 0.0 112000
1723217764251 0.0 116000
1723217779987 0.0 120000
1723217796332 0.0 124000
1723217812947 0.0 128000
1723217829933 0.0 132000
1723217846683 0.0 136000
1723217864079 0.0 140000
1723217881154 0.0 144000
1723217898164 0.0 148000
1723217915470 0.0 152000
1723217932640 0.0 156000
1723217949173 0.0 160000
1723217965997 0.0 164000
1723217983057 0.0 168000
1723217999627 0.0 172000
1723218015856 0.0 176000
1723218032485 0.0 180000
1723218048923 0.0 184000
1723218065403 0.0 188000
1723218082251 0.0 192000
1723218098820 0.0 196000
1723218115733 0.0 200000
1723218132609 0.0 204000
1723218149569 0.0 208000
1723218166155 0.0 212000
1723218182815 0.0 216000
1723218197894 0.0 220000
1723218214789 0.0 224000
1723218231318 0.0 228000
1723218247600 0.0 232000
1723218263761 0.0 236000
1723218279773 0.0 240000
1723218296692 0.0 244000
1723218313436 0.0 248000
1723218330061 0.0 252000
1723218346404 0.0 256000
1723218362714 0.0 260000
1723218378644 0.0 264000
1723218394124 0.0 268000
1723218409991 0.0 272000
1723218426093 0.0 276000
1723218442100 0.0 280000
1723218457773 0.0 284000
1723218472673 0.0 288000
1723218488722 0.0 292000
1723218504403 0.0 296000
1723218520075 0.0 300000
1723218535957 0.0 304000
1723218551457 0.0 308000
1723218567890 0.0 312000
1723218585190 0.0 316000
1723218601502 0.0 320000
1723218617771 0.0 324000
1723218634137 0.0 328000
1723218650333 0.0 332000
1723218666941 0.0 336000
1723218683229 0.0 340000
1723218699617 0.0 344000
1723218824331 0.0 348000
1723218841016 0.0 352000
1723218857143 0.0 356000
1723218872404 0.0 360000
1723218889733 0.0 364000
1723218904841 0.0 368000
1723218920267 0.0 372000
1723218935483 0.0 376000
1723218951011 0.0 380000
1723218966465 0.0 384000
1723218984874 0.0 388000
1723219006419 0.0 392000
1723219023254 0.0 396000
1723219038376 0.0 400000
1723219052632 0.0 404000
1723219068862 0.0 408000
1723219084798 0.0 412000
1723219100525 0.0 416000
1723219116524 0.0 420000
1723219132547 0.0 424000
1723219149008 0.0 428000
1723219166373 0.0 432000
1723219182917 0.0 436000
1723219199642 0.0 440000
1723219215665 0.0 444000
1723219232180 0.0 448000
1723219248156 0.0 452000
1723219264396 0.0 456000
1723219280411 0.0 460000
1723219296336 0.0 464000
1723219312510 0.0 468000
1723219328132 0.0 472000
1723219345830 0.0 476000
1723219362354 0.0 480000
1723219378674 0.0 484000
1723219394331 0.0 488000
1723219410501 0.0 492000
1723219425326 0.0 496000
1723219440705 0.0 500000
1723219456517 0.0 504000
1723219472375 0.0 508000
1723219487441 0.0 512000
1723219502817 0.0 516000
1723219518686 0.0 520000
1723219534841 0.0 524000
1723219550476 0.0 528000
1723219566192 0.0 532000
1723219582172 0.0 536000
1723219598376 0.0 540000
1723219613791 0.0 544000
1723219631191 0.0 548000
1723219647009 0.0 552000
1723219662475 0.0 556000
1723219678923 0.0 560000
1723219694539 0.0 564000
1723219710128 0.0 568000
1723219725921 0.0 572000
1723219741475 0.0 576000
1723219755668 0.0 580000
1723219771220 0.0 584000
1723219787748 0.0 588000
1723219803345 0.0 592000
1723219818932 0.0 596000
1723219834597 0.0 600000
1723219850266 0.0 604000
1723219867205 0.0 608000
1723219883476 0.0 612000
1723219898998 0.0 616000
1723219914419 0.0 620000
1723219929559 0.0 624000
1723219945373 0.0 628000
1723219961032 0.0 632000
1723219976537 0.0 636000
1723219991997 0.0 640000
1723220007657 0.0 644000
1723220023038 0.0 648000
1723220037513 0.0 652000
1723220052733 0.0 656000
1723220068371 0.0 660000
1723220084163 0.0 664000
1723220099921 0.0 668000
1723220115359 0.0 672000
1723220131516 0.0 676000
1723220147171 0.0 680000
1723220162678 0.0 684000
1723220178598 0.0 688000
1723220194663 0.0 692000
1723220210320 0.0 696000
1723220225724 0.0 700000
1723220240818 0.0 704000
1723220256935 0.0 708000
1723220272343 0.0 712000
1723220288392 0.0 716000
1723220304197 0.0 720000
1723220318877 0.0 724000
1723220334040 0.0 728000
1723220349539 0.0 732000
1723220365451 0.0 736000
1723220381118 0.0 740000
1723220396802 0.0 744000
1723220412333 0.0 748000
1723220428397 0.0 752000
1723220444439 0.0 756000
1723220459718 0.0 760000
1723220475815 0.0 764000
1723220492432 0.0 768000
1723220508378 0.0 772000
1723220524289 0.0 776000
1723220540073 0.0 780000
1723220556291 0.0 784000
1723220571947 0.0 788000
1723220588280 0.0 792000
1723220604346 0.0 796000
1723220619882 0.0 800000
