1723217322567 0.0 4000
1723217337874 0.0 8000
1723217352991 0.0 12000
1723217368149 0.0 16000
1723217383097 0.0 20000
1723217398288 0.0 24000
1723217413433 0.0 28000
1723217428492 0.0 32000
1723217443783 0.0 36000
1723217459042 0.0 40000
1723217474623 0.0 44000
1723217489889 0.0 48000
1723217505167 0.0 52000
1723217520464 0.0 56000
1723217535572 0.0 60000
1723217550831 0.0 64000
1723217566102 0.0 68000
1723217581387 0.0 72000
1723217596835 0.0 76000
1723217612286 0.0 80000
1723217629676 0.0 84000
1723217646522 0.0 88000
1723217663275 0.0 92000
1723217680374 0.0 96000
1723217697056 0.0 100000
1723217713389 0.0 104000
1723217730135 0.0 108000
1723217747487 0.0 112000
1723217764252 0.0 116000
1723217779988 0.0 120000
1723217796333 0.0 124000
1723217812948 0.0 128000
1723217829934 0.0 132000
1723217846685 0.0 136000
1723217864080 0.0 140000
1723217881155 0.0 144000
1723217898165 0.0 148000
1723217915471 0.0 152000
1723217932641 0.0 156000
1723217949175 0.0 160000
1723217965999 0.0 164000
1723217983058 0.0 168000
1723217999629 0.0 172000
1723218015858 0.0 176000
1723218032486 0.0 180000
1723218048924 0.0 184000
1723218065404 0.0 188000
1723218082253 0.0 192000
1723218098821 0.0 196000
1723218115734 0.0 200000
1723218132610 0.0 204000
1723218149570 0.0 208000
1723218166156 0.0 212000
1723218182816 0.0 216000
1723218197896 0.0 220000
1723218214790 0.0 224000
1723218231319 0.0 228000
1723218247601 0.0 232000
1723218263762 0.0 236000
1723218279774 0.0 240000
1723218296693 0.0 244000
1723218313438 0.0 248000
1723218330062 0.0 252000
1723218346405 0.0 256000
1723218362715 0.0 260000
1723218378645 0.0 264000
1723218394126 0.0 268000
1723218409992 0.0 272000
1723218426094 0.0 276000
1723218442101 0.0 280000
1723218457774 0.0 284000
1723218472674 0.0 288000
1723218488723 0.0 292000
1723218504404 0.0 296000
1723218520076 0.0 300000
1723218535958 0.0 304000
1723218551458 0.0 308000
1723218567891 0.0 312000
1723218585191 0.0 316000
1723218601503 0.0 320000
1723218617772 0.0 324000
1723218634138 0.0 328000
1723218650334 0.0 332000
1723218666942 0.0 336000
1723218683230 0.0 340000
1723218699618 0.0 344000
1723218824332 0.0 348000
1723218841017 0.0 352000
1723218857145 0.0 356000
1723218872405 0.0 360000
1723218889734 0.0 364000
1723218904843 0.0 368000
1723218920269 0.0 372000
1723218935484 0.0 376000
1723218951012 0.0 380000
1723218966466 0.0 384000
1723218984875 0.0 388000
1723219006420 0.0 392000
1723219023255 0.0 396000
1723219038377 0.0 400000
1723219052634 0.0 404000
1723219068863 0.0 408000
1723219084799 0.0 412000
1723219100526 0.0 416000
1723219116525 0.0 420000
1723219132548 0.0 424000
1723219149009 0.0 428000
1723219166374 0.0 432000
1723219182918 0.0 436000
1723219199643 0.0 440000
1723219215666 0.0 444000
1723219232181 0.0 448000
1723219248157 0.0 452000
1723219264398 0.0 456000
1723219280412 0.0 460000
1723219296337 0.0 464000
1723219312511 0.0 468000
1723219328133 0.0 472000
1723219345831 0.0 476000
1723219362355 0.0 480000
1723219378675 0.0 484000
1723219394333 0.0 488000
1723219410502 0.0 492000
1723219425327 0.0 496000
1723219440706 0.0 500000
1723219456518 0.0 504000
1723219472377 0.0 508000
1723219487443 0.0 512000
1723219502818 0.0 516000
1723219518687 0.0 520000
1723219534842 0.0 524000
1723219550478 0.0 528000
1723219566193 0.0 532000
1723219582173 0.0 536000
1723219598378 0.0 540000
1723219613792 0.0 544000
1723219631192 0.0 548000
1723219647010 0.0 552000
1723219662476 0.0 556000
1723219678924 0.0 560000
1723219694540 0.0 564000
1723219710130 0.0 568000
1723219725922 0.0 572000
1723219741476 0.0 576000
1723219755669 0.0 580000
1723219771222 0.0 584000
1723219787750 0.0 588000
1723219803346 0.0 592000
1723219818934 0.0 596000
1723219834598 0.0 600000
1723219850267 0.0 604000
1723219867207 0.0 608000
1723219883478 0.0 612000
1723219898999 0.0 616000
1723219914420 0.0 620000
1723219929560 0.0 624000
1723219945374 0.0 628000
1723219961033 0.0 632000
1723219976538 0.0 636000
1723219991998 0.0 640000
1723220007658 0.0 644000
1723220023039 0.0 648000
1723220037515 0.0 652000
1723220052734 0.0 656000
1723220068373 0.0 660000
1723220084165 0.0 664000
1723220099922 0.0 668000
1723220115360 0.0 672000
1723220131517 0.0 676000
1723220147172 0.0 680000
1723220162679 0.0 684000
1723220178599 0.0 688000
1723220194665 0.0 692000
1723220210321 0.0 696000
1723220225726 0.0 700000
1723220240819 0.0 704000
1723220256936 0.0 708000
1723220272344 0.0 712000
1723220288394 0.0 716000
1723220304198 0.0 720000
1723220318878 0.0 724000
1723220334041 0.0 728000
1723220349540 0.0 732000
1723220365452 0.0 736000
1723220381119 0.0 740000
1723220396803 0.0 744000
1723220412334 0.0 748000
1723220428399 0.0 752000
1723220444440 0.0 756000
1723220459720 0.0 760000
1723220475816 0.0 764000
1723220492433 0.0 768000
1723220508379 0.0 772000
1723220524290 0.0 776000
1723220540074 0.0 780000
1723220556293 0.0 784000
1723220571948 0.0 788000
1723220588281 0.0 792000
1723220604347 0.0 796000
1723220619883 0.0 800000
