1723217322580 0.01 4000
1723217337884 0.01 8000
1723217353001 0.01 12000
1723217368162 0.01 16000
1723217383109 0.01 20000
1723217398297 0.01 24000
1723217413442 0.01 28000
1723217428501 0.01 32000
1723217443793 0.01 36000
1723217459054 0.01 40000
1723217474633 0.01 44000
1723217489899 0.01 48000
1723217505177 0.01 52000
1723217520475 0.01 56000
1723217535581 0.01 60000
1723217550846 0.01 64000
1723217566114 0.01 68000
1723217581397 0.01 72000
1723217596845 0.01 76000
1723217612299 0.01 80000
1723217629686 0.01 84000
1723217646531 0.01 88000
1723217663286 0.01 92000
1723217680384 0.01 96000
1723217697067 0.01 100000
1723217713401 0.01 104000
1723217730151 0.01 108000
1723217747501 0.01 112000
1723217764262 0.01 116000
1723217779997 0.01 120000
1723217796344 0.01 124000
1723217812959 0.01 128000
1723217829945 0.01 132000
1723217846695 0.01 136000
1723217864089 0.01 140000
1723217881165 0.01 144000
1723217898175 0.01 148000
1723217915482 0.01 152000
1723217932651 0.01 156000
1723217949188 0.01 160000
1723217966013 0.01 164000
1723217983068 0.01 168000
1723217999640 0.01 172000
1723218015867 0.01 176000
1723218032497 0.01 180000
1723218048934 0.01 184000
1723218065413 0.01 188000
1723218082263 0.01 192000
1723218098831 0.01 196000
1723218115744 0.01 200000
1723218132620 0.01 204000
1723218149580 0.01 208000
1723218166166 0.01 212000
1723218182826 0.01 216000
1723218197907 0.01 220000
1723218214800 0.01 224000
1723218231329 0.01 228000
1723218247611 0.01 232000
1723218263772 0.01 236000
1723218279789 0.01 240000
1723218296703 0.01 244000
1723218313448 0.01 248000
1723218330072 0.01 252000
1723218346421 0.01 256000
1723218362728 0.01 260000
1723218378657 0.01 264000
1723218394135 0.01 268000
1723218410002 0.01 272000
1723218426103 0.01 276000
1723218442111 0.01 280000
1723218457783 0.01 284000
1723218472684 0.01 288000
1723218488733 0.01 292000
1723218504413 0.01 296000
1723218520087 0.01 300000
1723218535969 0.01 304000
1723218551468 0.01 308000
1723218567900 0.01 312000
1723218585200 0.01 316000
1723218601513 0.01 320000
1723218617782 0.01 324000
1723218634148 0.01 328000
1723218650344 0.01 332000
1723218666953 0.01 336000
1723218683239 0.01 340000
1723218699628 0.01 344000
1723218824343 0.01 348000
1723218841026 0.01 352000
1723218857154 0.01 356000
1723218872415 0.01 360000
1723218889745 0.01 364000
1723218904852 0.01 368000
1723218920279 0.01 372000
1723218935493 0.01 376000
1723218951022 0.01 380000
1723218966475 0.01 384000
1723218984887 0.01 388000
1723219006434 0.01 392000
1723219023264 0.01 396000
1723219038386 0.01 400000
1723219052646 0.01 404000
1723219068873 0.01 408000
1723219084809 0.01 412000
1723219100535 0.01 416000
1723219116535 0.01 420000
1723219132557 0.01 424000
1723219149019 0.01 428000
1723219166384 0.01 432000
1723219182929 0.01 436000
1723219199653 0.01 440000
1723219215675 0.01 444000
1723219232191 0.01 448000
1723219248167 0.01 452000
1723219264407 0.01 456000
1723219280428 0.01 460000
1723219296347 0.01 464000
1723219312520 0.01 468000
1723219328144 0.01 472000
1723219345842 0.01 476000
1723219362364 0.01 480000
1723219378684 0.01 484000
1723219394343 0.01 488000
1723219410511 0.01 492000
1723219425342 0.01 496000
1723219440715 0.01 500000
1723219456528 0.01 504000
1723219472386 0.01 508000
1723219487453 0.01 512000
1723219502827 0.01 516000
1723219518696 0.01 520000
1723219534851 0.01 524000
1723219550487 0.01 528000
1723219566202 0.01 532000
1723219582182 0.01 536000
1723219598388 0.01 540000
1723219613802 0.01 544000
1723219631201 0.01 548000
1723219647020 0.01 552000
1723219662486 0.01 556000
1723219678933 0.01 560000
1723219694549 0.01 564000
1723219710141 0.01 568000
1723219725931 0.01 572000
1723219741486 0.01 576000
1723219755679 0.01 580000
1723219771232 0.01 584000
1723219787762 0.01 588000
1723219803356 0.01 592000
1723219818944 0.01 596000
1723219834608 0.01 600000
1723219850276 0.01 604000
1723219867216 0.01 608000
1723219883491 0.01 612000
1723219899008 0.01 616000
1723219914430 0.01 620000
1723219929569 0.01 624000
1723219945383 0.01 628000
1723219961042 0.01 632000
1723219976548 0.01 636000
1723219992007 0.01 640000
1723220007670 0.01 644000
1723220023051 0.01 648000
1723220037528 0.01 652000
1723220052743 0.01 656000
1723220068383 0.01 660000
1723220084174 0.01 664000
1723220099932 0.01 668000
1723220115373 0.01 672000
1723220131527 0.01 676000
1723220147182 0.01 680000
1723220162689 0.01 684000
1723220178608 0.01 688000
1723220194674 0.01 692000
1723220210331 0.01 696000
1723220225737 0.01 700000
1723220240828 0.01 704000
1723220256945 0.01 708000
1723220272354 0.01 712000
1723220288404 0.01 716000
1723220304208 0.01 720000
1723220318893 0.01 724000
1723220334050 0.01 728000
1723220349550 0.01 732000
1723220365462 0.01 736000
1723220381129 0.01 740000
1723220396816 0.01 744000
1723220412343 0.01 748000
1723220428408 0.01 752000
1723220444450 0.01 756000
1723220459730 0.01 760000
1723220475826 0.01 764000
1723220492442 0.01 768000
1723220508388 0.01 772000
1723220524300 0.01 776000
1723220540084 0.01 780000
1723220556302 0.01 784000
1723220571958 0.01 788000
1723220588291 0.01 792000
1723220604358 0.01 796000
1723220619892 0.01 800000
