1723217322586 1.0 4000
1723217337887 1.0 8000
1723217353004 1.0 12000
1723217368169 1.0 16000
1723217383114 1.0 20000
1723217398301 1.0 24000
1723217413445 1.0 28000
1723217428504 1.0 32000
1723217443797 1.0 36000
1723217459059 1.0 40000
1723217474636 1.0 44000
1723217489903 1.0 48000
1723217505181 1.0 52000
1723217520480 1.0 56000
1723217535585 1.0 60000
1723217550850 1.0 64000
1723217566117 1.0 68000
1723217581400 1.0 72000
1723217596848 1.0 76000
1723217612303 1.0 80000
1723217629689 1.0 84000
1723217646534 1.0 88000
1723217663291 1.0 92000
1723217680387 1.0 96000
1723217697071 1.0 100000
1723217713408 1.0 104000
1723217730154 1.0 108000
1723217747504 1.0 112000
1723217764265 1.0 116000
1723217780000 1.0 120000
1723217796349 1.0 124000
1723217812965 1.0 128000
1723217829950 1.0 132000
1723217846698 1.0 136000
1723217864093 1.0 140000
1723217881169 1.0 144000
1723217898178 1.0 148000
1723217915485 1.0 152000
1723217932655 1.0 156000
1723217949193 1.0 160000
1723217966016 1.0 164000
1723217983072 1.0 168000
1723217999643 1.0 172000
1723218015870 1.0 176000
1723218032501 1.0 180000
1723218048938 1.0 184000
1723218065417 1.0 188000
1723218082266 1.0 192000
1723218098835 1.0 196000
1723218115747 1.0 200000
1723218132624 1.0 204000
1723218149583 1.0 208000
1723218166170 1.0 212000
1723218182829 1.0 216000
1723218197911 1.0 220000
1723218214803 1.0 224000
1723218231332 1.0 228000
1723218247615 1.0 232000
1723218263775 1.0 236000
1723218279793 1.0 240000
1723218296708 1.0 244000
1723218313453 1.0 248000
1723218330076 1.0 252000
1723218346424 1.0 256000
1723218362732 1.0 260000
1723218378660 1.0 264000
1723218394139 1.0 268000
1723218410005 1.0 272000
1723218426107 1.0 276000
1723218442114 1.0 280000
1723218457786 1.0 284000
1723218472687 1.0 288000
1723218488737 1.0 292000
1723218504417 1.0 296000
1723218520090 1.0 300000
1723218535972 1.0 304000
1723218551471 1.0 308000
1723218567903 1.0 312000
1723218585203 1.0 316000
1723218601516 1.0 320000
1723218617786 1.0 324000
1723218634151 1.0 328000
1723218650347 1.0 332000
1723218666957 1.0 336000
1723218683242 1.0 340000
1723218699631 1.0 344000
1723218824346 1.0 348000
1723218841030 1.0 352000
1723218857157 1.0 356000
1723218872418 1.0 360000
1723218889748 1.0 364000
1723218904855 1.0 368000
1723218920282 1.0 372000
1723218935496 1.0 376000
1723218951025 1.0 380000
1723218966478 1.0 384000
1723218984891 1.0 388000
1723219006439 1.0 392000
1723219023268 1.0 396000
1723219038389 1.0 400000
1723219052652 1.0 404000
1723219068878 1.0 408000
1723219084812 1.0 412000
1723219100538 1.0 416000
1723219116538 1.0 420000
1723219132560 1.0 424000
1723219149022 1.0 428000
1723219166387 1.0 432000
1723219182933 1.0 436000
1723219199656 1.0 440000
1723219215679 1.0 444000
1723219232194 1.0 448000
1723219248170 1.0 452000
1723219264410 1.0 456000
1723219280431 1.0 460000
1723219296351 1.0 464000
1723219312523 1.0 468000
1723219328147 1.0 472000
1723219345845 1.0 476000
1723219362367 1.0 480000
1723219378687 1.0 484000
1723219394346 1.0 488000
1723219410514 1.0 492000
1723219425345 1.0 496000
1723219440718 1.0 500000
1723219456531 1.0 504000
1723219472389 1.0 508000
1723219487456 1.0 512000
1723219502831 1.0 516000
1723219518699 1.0 520000
1723219534854 1.0 524000
1723219550490 1.0 528000
1723219566205 1.0 532000
1723219582186 1.0 536000
1723219598392 1.0 540000
1723219613805 1.0 544000
1723219631204 1.0 548000
1723219647024 1.0 552000
1723219662489 1.0 556000
1723219678937 1.0 560000
1723219694552 1.0 564000
1723219710144 1.0 568000
1723219725935 1.0 572000
1723219741489 1.0 576000
1723219755682 1.0 580000
1723219771235 1.0 584000
1723219787766 1.0 588000
1723219803359 1.0 592000
1723219818948 1.0 596000
1723219834612 1.0 600000
1723219850280 1.0 604000
1723219867220 1.0 608000
1723219883494 1.0 612000
1723219899012 1.0 616000
1723219914433 1.0 620000
1723219929572 1.0 624000
1723219945386 1.0 628000
1723219961045 1.0 632000
1723219976551 1.0 636000
1723219992011 1.0 640000
1723220007674 1.0 644000
1723220023055 1.0 648000
1723220037532 1.0 652000
1723220052747 1.0 656000
1723220068386 1.0 660000
1723220084178 1.0 664000
1723220099935 1.0 668000
1723220115377 1.0 672000
1723220131530 1.0 676000
1723220147185 1.0 680000
1723220162692 1.0 684000
1723220178612 1.0 688000
1723220194677 1.0 692000
1723220210334 1.0 696000
1723220225741 1.0 700000
1723220240832 1.0 704000
1723220256948 1.0 708000
1723220272357 1.0 712000
1723220288407 1.0 716000
1723220304211 1.0 720000
1723220318897 1.0 724000
1723220334054 1.0 728000
1723220349553 1.0 732000
1723220365466 1.0 736000
1723220381132 1.0 740000
1723220396820 1.0 744000
1723220412346 1.0 748000
1723220428411 1.0 752000
1723220444454 1.0 756000
1723220459733 1.0 760000
1723220475829 1.0 764000
1723220492445 1.0 768000
1723220508392 1.0 772000
1723220524303 1.0 776000
1723220540087 1.0 780000
1723220556308 1.0 784000
1723220571961 1.0 788000
1723220588294 1.0 792000
1723220604361 1.0 796000
1723220619895 1.0 800000
