1723217322567 1000.0 4000
1723217337875 1000.0 8000
1723217352992 1000.0 12000
1723217368150 1000.0 16000
1723217383098 1000.0 20000
1723217398289 1000.0 24000
1723217413433 1000.0 28000
1723217428493 1000.0 32000
1723217443784 1000.0 36000
1723217459043 1000.0 40000
1723217474624 1000.0 44000
1723217489890 1000.0 48000
1723217505168 1000.0 52000
1723217520465 1000.0 56000
1723217535572 1000.0 60000
1723217550832 1000.0 64000
1723217566103 1000.0 68000
1723217581387 1000.0 72000
1723217596835 1000.0 76000
1723217612286 1000.0 80000
1723217629677 1000.0 84000
1723217646522 1000.0 88000
1723217663276 1000.0 92000
1723217680374 1000.0 96000
1723217697057 1000.0 100000
1723217713390 1000.0 104000
1723217730136 1000.0 108000
1723217747488 1000.0 112000
1723217764253 1000.0 116000
1723217779988 1000.0 120000
1723217796334 1000.0 124000
1723217812949 1000.0 128000
1723217829935 1000.0 132000
1723217846685 1000.0 136000
1723217864081 1000.0 140000
1723217881156 1000.0 144000
1723217898166 1000.0 148000
1723217915472 1000.0 152000
1723217932642 1000.0 156000
1723217949176 1000.0 160000
1723217965999 1000.0 164000
1723217983059 1000.0 168000
1723217999630 1000.0 172000
1723218015858 1000.0 176000
1723218032486 1000.0 180000
1723218048925 1000.0 184000
1723218065405 1000.0 188000
1723218082253 1000.0 192000
1723218098822 1000.0 196000
1723218115734 1000.0 200000
1723218132611 1000.0 204000
1723218149571 1000.0 208000
1723218166157 1000.0 212000
1723218182816 1000.0 216000
1723218197897 1000.0 220000
1723218214791 1000.0 224000
1723218231320 1000.0 228000
1723218247602 1000.0 232000
1723218263763 1000.0 236000
1723218279775 1000.0 240000
1723218296694 1000.0 244000
1723218313438 1000.0 248000
1723218330063 1000.0 252000
1723218346406 1000.0 256000
1723218362716 1000.0 260000
1723218378646 1000.0 264000
1723218394126 1000.0 268000
1723218409993 1000.0 272000
1723218426094 1000.0 276000
1723218442102 1000.0 280000
1723218457774 1000.0 284000
1723218472674 1000.0 288000
1723218488724 1000.0 292000
1723218504404 1000.0 296000
1723218520077 1000.0 300000
1723218535959 1000.0 304000
1723218551459 1000.0 308000
1723218567891 1000.0 312000
1723218585191 1000.0 316000
1723218601503 1000.0 320000
1723218617773 1000.0 324000
1723218634139 1000.0 328000
1723218650334 1000.0 332000
1723218666943 1000.0 336000
1723218683231 1000.0 340000
1723218699619 1000.0 344000
1723218824333 1000.0 348000
1723218841018 1000.0 352000
1723218857145 1000.0 356000
1723218872406 1000.0 360000
1723218889736 1000.0 364000
1723218904843 1000.0 368000
1723218920270 1000.0 372000
1723218935485 1000.0 376000
1723218951013 1000.0 380000
1723218966467 1000.0 384000
1723218984876 1000.0 388000
1723219006421 1000.0 392000
1723219023256 1000.0 396000
1723219038378 1000.0 400000
1723219052635 1000.0 404000
1723219068864 1000.0 408000
1723219084800 1000.0 412000
1723219100526 1000.0 416000
1723219116526 1000.0 420000
1723219132549 1000.0 424000
1723219149010 1000.0 428000
1723219166375 1000.0 432000
1723219182919 1000.0 436000
1723219199644 1000.0 440000
1723219215667 1000.0 444000
1723219232182 1000.0 448000
1723219248158 1000.0 452000
1723219264398 1000.0 456000
1723219280413 1000.0 460000
1723219296337 1000.0 464000
1723219312511 1000.0 468000
1723219328134 1000.0 472000
1723219345832 1000.0 476000
1723219362356 1000.0 480000
1723219378676 1000.0 484000
1723219394334 1000.0 488000
1723219410503 1000.0 492000
1723219425332 1000.0 496000
1723219440707 1000.0 500000
1723219456518 1000.0 504000
1723219472377 1000.0 508000
1723219487443 1000.0 512000
1723219502819 1000.0 516000
1723219518687 1000.0 520000
1723219534842 1000.0 524000
1723219550478 1000.0 528000
1723219566194 1000.0 532000
1723219582174 1000.0 536000
1723219598379 1000.0 540000
1723219613793 1000.0 544000
1723219631192 1000.0 548000
1723219647010 1000.0 552000
1723219662477 1000.0 556000
1723219678924 1000.0 560000
1723219694540 1000.0 564000
1723219710131 1000.0 568000
1723219725923 1000.0 572000
1723219741477 1000.0 576000
1723219755670 1000.0 580000
1723219771222 1000.0 584000
1723219787750 1000.0 588000
1723219803347 1000.0 592000
1723219818935 1000.0 596000
1723219834599 1000.0 600000
1723219850267 1000.0 604000
1723219867207 1000.0 608000
1723219883479 1000.0 612000
1723219898999 1000.0 616000
1723219914421 1000.0 620000
1723219929560 1000.0 624000
1723219945374 1000.0 628000
1723219961033 1000.0 632000
1723219976539 1000.0 636000
1723219991998 1000.0 640000
1723220007659 1000.0 644000
1723220023040 1000.0 648000
1723220037517 1000.0 652000
1723220052735 1000.0 656000
1723220068374 1000.0 660000
1723220084165 1000.0 664000
1723220099923 1000.0 668000
1723220115361 1000.0 672000
1723220131518 1000.0 676000
1723220147173 1000.0 680000
1723220162680 1000.0 684000
1723220178600 1000.0 688000
1723220194665 1000.0 692000
1723220210322 1000.0 696000
1723220225728 1000.0 700000
1723220240819 1000.0 704000
1723220256936 1000.0 708000
1723220272345 1000.0 712000
1723220288395 1000.0 716000
1723220304199 1000.0 720000
1723220318879 1000.0 724000
1723220334042 1000.0 728000
1723220349541 1000.0 732000
1723220365453 1000.0 736000
1723220381119 1000.0 740000
1723220396803 1000.0 744000
1723220412334 1000.0 748000
1723220428399 1000.0 752000
1723220444441 1000.0 756000
1723220459720 1000.0 760000
1723220475817 1000.0 764000
1723220492433 1000.0 768000
1723220508380 1000.0 772000
1723220524291 1000.0 776000
1723220540075 1000.0 780000
1723220556293 1000.0 784000
1723220571949 1000.0 788000
1723220588281 1000.0 792000
1723220604348 1000.0 796000
1723220619884 1000.0 800000
