1723217322553 2.0 4000
1723217337862 2.0 8000
1723217352980 2.0 12000
1723217368138 2.0 16000
1723217383084 2.0 20000
1723217398277 2.0 24000
1723217413422 2.0 28000
1723217428481 2.0 32000
1723217443773 2.0 36000
1723217459026 2.0 40000
1723217474612 2.0 44000
1723217489875 2.0 48000
1723217505154 2.0 52000
1723217520453 2.0 56000
1723217535559 2.0 60000
1723217550820 2.0 64000
1723217566089 2.0 68000
1723217581376 2.0 72000
1723217596821 2.0 76000
1723217612271 2.0 80000
1723217629666 2.0 84000
1723217646510 2.0 88000
1723217663265 2.0 92000
1723217680363 2.0 96000
1723217697042 2.0 100000
1723217713378 2.0 104000
1723217730122 2.0 108000
1723217747474 2.0 112000
1723217764242 2.0 116000
1723217779977 2.0 120000
1723217796322 2.0 124000
1723217812936 2.0 128000
1723217829923 2.0 132000
1723217846673 2.0 136000
1723217864069 2.0 140000
1723217881145 2.0 144000
1723217898154 2.0 148000
1723217915461 2.0 152000
1723217932629 2.0 156000
1723217949163 2.0 160000
1723217965987 2.0 164000
1723217983047 2.0 168000
1723217999618 2.0 172000
1723218015847 2.0 176000
1723218032475 2.0 180000
1723218048914 2.0 184000
1723218065393 2.0 188000
1723218082241 2.0 192000
1723218098810 2.0 196000
1723218115723 2.0 200000
1723218132600 2.0 204000
1723218149560 2.0 208000
1723218166145 2.0 212000
1723218182801 2.0 216000
1723218197882 2.0 220000
1723218214779 2.0 224000
1723218231308 2.0 228000
1723218247590 2.0 232000
1723218263751 2.0 236000
1723218279763 2.0 240000
1723218296682 2.0 244000
1723218313426 2.0 248000
1723218330051 2.0 252000
1723218346392 2.0 256000
1723218362701 2.0 260000
1723218378634 2.0 264000
1723218394115 2.0 268000
1723218409982 2.0 272000
1723218426083 2.0 276000
1723218442089 2.0 280000
1723218457762 2.0 284000
1723218472663 2.0 288000
1723218488711 2.0 292000
1723218504393 2.0 296000
1723218520065 2.0 300000
1723218535946 2.0 304000
1723218551446 2.0 308000
1723218567880 2.0 312000
1723218585180 2.0 316000
1723218601491 2.0 320000
1723218617761 2.0 324000
1723218634127 2.0 328000
1723218650323 2.0 332000
1723218666930 2.0 336000
1723218683219 2.0 340000
1723218699607 2.0 344000
1723218824320 2.0 348000
1723218841005 2.0 352000
1723218857133 2.0 356000
1723218872394 2.0 360000
1723218889723 2.0 364000
1723218904832 2.0 368000
1723218920253 2.0 372000
1723218935473 2.0 376000
1723218951001 2.0 380000
1723218966456 2.0 384000
1723218984863 2.0 388000
1723219006406 2.0 392000
1723219023245 2.0 396000
1723219038367 2.0 400000
1723219052623 2.0 404000
1723219068852 2.0 408000
1723219084789 2.0 412000
1723219100515 2.0 416000
1723219116515 2.0 420000
1723219132538 2.0 424000
1723219148999 2.0 428000
1723219166364 2.0 432000
1723219182908 2.0 436000
1723219199633 2.0 440000
1723219215655 2.0 444000
1723219232170 2.0 448000
1723219248147 2.0 452000
1723219264387 2.0 456000
1723219280398 2.0 460000
1723219296324 2.0 464000
1723219312500 2.0 468000
1723219328123 2.0 472000
1723219345821 2.0 476000
1723219362344 2.0 480000
1723219378665 2.0 484000
1723219394322 2.0 488000
1723219410492 2.0 492000
1723219425315 2.0 496000
1723219440695 2.0 500000
1723219456507 2.0 504000
1723219472360 2.0 508000
1723219487431 2.0 512000
1723219502808 2.0 516000
1723219518677 2.0 520000
1723219534831 2.0 524000
1723219550467 2.0 528000
1723219566183 2.0 532000
1723219582163 2.0 536000
1723219598363 2.0 540000
1723219613781 2.0 544000
1723219631181 2.0 548000
1723219646997 2.0 552000
1723219662466 2.0 556000
1723219678913 2.0 560000
1723219694529 2.0 564000
1723219710116 2.0 568000
1723219725908 2.0 572000
1723219741466 2.0 576000
1723219755659 2.0 580000
1723219771211 2.0 584000
1723219787732 2.0 588000
1723219803336 2.0 592000
1723219818919 2.0 596000
1723219834587 2.0 600000
1723219850256 2.0 604000
1723219867192 2.0 608000
1723219883463 2.0 612000
1723219898988 2.0 616000
1723219914410 2.0 620000
1723219929549 2.0 624000
1723219945363 2.0 628000
1723219961022 2.0 632000
1723219976527 2.0 636000
1723219991987 2.0 640000
1723220007643 2.0 644000
1723220023025 2.0 648000
1723220037503 2.0 652000
1723220052723 2.0 656000
1723220068360 2.0 660000
1723220084137 2.0 664000
1723220099911 2.0 668000
1723220115348 2.0 672000
1723220131507 2.0 676000
1723220147162 2.0 680000
1723220162668 2.0 684000
1723220178588 2.0 688000
1723220194654 2.0 692000
1723220210311 2.0 696000
1723220225711 2.0 700000
1723220240808 2.0 704000
1723220256924 2.0 708000
1723220272332 2.0 712000
1723220288379 2.0 716000
1723220304188 2.0 720000
1723220318860 2.0 724000
1723220334030 2.0 728000
1723220349529 2.0 732000
1723220365441 2.0 736000
1723220381108 2.0 740000
1723220396792 2.0 744000
1723220412323 2.0 748000
1723220428388 2.0 752000
1723220444430 2.0 756000
1723220459709 2.0 760000
1723220475806 2.0 764000
1723220492422 2.0 768000
1723220508368 2.0 772000
1723220524279 2.0 776000
1723220540063 2.0 780000
1723220556282 2.0 784000
1723220571937 2.0 788000
1723220588270 2.0 792000
1723220604337 2.0 796000
1723220619872 2.0 800000
