1723217322588 1.0 4000
1723217337888 1.0 8000
1723217353006 1.0 12000
1723217368171 1.0 16000
1723217383115 1.0 20000
1723217398302 1.0 24000
1723217413449 1.0 28000
1723217428506 1.0 32000
1723217443798 1.0 36000
1723217459062 1.0 40000
1723217474638 1.0 44000
1723217489904 1.0 48000
1723217505185 1.0 52000
1723217520484 1.0 56000
1723217535587 1.0 60000
1723217550851 1.0 64000
1723217566119 1.0 68000
1723217581402 1.0 72000
1723217596850 1.0 76000
1723217612306 1.0 80000
1723217629690 1.0 84000
1723217646535 1.0 88000
1723217663292 1.0 92000
1723217680389 1.0 96000
1723217697073 1.0 100000
1723217713409 1.0 104000
1723217730156 1.0 108000
1723217747506 1.0 112000
1723217764266 1.0 116000
1723217780002 1.0 120000
1723217796352 1.0 124000
1723217812968 1.0 128000
1723217829951 1.0 132000
1723217846699 1.0 136000
1723217864094 1.0 140000
1723217881170 1.0 144000
1723217898180 1.0 148000
1723217915486 1.0 152000
1723217932656 1.0 156000
1723217949196 1.0 160000
1723217966017 1.0 164000
1723217983073 1.0 168000
1723217999645 1.0 172000
1723218015872 1.0 176000
1723218032503 1.0 180000
1723218048939 1.0 184000
1723218065419 1.0 188000
1723218082267 1.0 192000
1723218098837 1.0 196000
1723218115748 1.0 200000
1723218132625 1.0 204000
1723218149585 1.0 208000
1723218166171 1.0 212000
1723218182831 1.0 216000
1723218197913 1.0 220000
1723218214805 1.0 224000
1723218231334 1.0 228000
1723218247617 1.0 232000
1723218263777 1.0 236000
1723218279794 1.0 240000
1723218296709 1.0 244000
1723218313454 1.0 248000
1723218330078 1.0 252000
1723218346426 1.0 256000
1723218362734 1.0 260000
1723218378662 1.0 264000
1723218394140 1.0 268000
1723218410006 1.0 272000
1723218426108 1.0 276000
1723218442116 1.0 280000
1723218457788 1.0 284000
1723218472689 1.0 288000
1723218488739 1.0 292000
1723218504418 1.0 296000
1723218520091 1.0 300000
1723218535974 1.0 304000
1723218551473 1.0 308000
1723218567905 1.0 312000
1723218585205 1.0 316000
1723218601517 1.0 320000
1723218617788 1.0 324000
1723218634153 1.0 328000
1723218650349 1.0 332000
1723218666958 1.0 336000
1723218683244 1.0 340000
1723218699633 1.0 344000
1723218824348 1.0 348000
1723218841031 1.0 352000
1723218857159 1.0 356000
1723218872420 1.0 360000
1723218889750 1.0 364000
1723218904857 1.0 368000
1723218920283 1.0 372000
1723218935498 1.0 376000
1723218951027 1.0 380000
1723218966480 1.0 384000
1723218984893 1.0 388000
1723219006442 1.0 392000
1723219023269 1.0 396000
1723219038391 1.0 400000
1723219052655 1.0 404000
1723219068880 1.0 408000
1723219084813 1.0 412000
1723219100540 1.0 416000
1723219116539 1.0 420000
1723219132562 1.0 424000
1723219149024 1.0 428000
1723219166388 1.0 432000
1723219182935 1.0 436000
1723219199658 1.0 440000
1723219215680 1.0 444000
1723219232196 1.0 448000
1723219248171 1.0 452000
1723219264412 1.0 456000
1723219280433 1.0 460000
1723219296353 1.0 464000
1723219312524 1.0 468000
1723219328148 1.0 472000
1723219345846 1.0 476000
1723219362369 1.0 480000
1723219378689 1.0 484000
1723219394348 1.0 488000
1723219410516 1.0 492000
1723219425347 1.0 496000
1723219440720 1.0 500000
1723219456532 1.0 504000
1723219472391 1.0 508000
1723219487458 1.0 512000
1723219502832 1.0 516000
1723219518701 1.0 520000
1723219534856 1.0 524000
1723219550492 1.0 528000
1723219566207 1.0 532000
1723219582187 1.0 536000
1723219598393 1.0 540000
1723219613807 1.0 544000
1723219631206 1.0 548000
1723219647026 1.0 552000
1723219662490 1.0 556000
1723219678938 1.0 560000
1723219694554 1.0 564000
1723219710145 1.0 568000
1723219725936 1.0 572000
1723219741491 1.0 576000
1723219755684 1.0 580000
1723219771236 1.0 584000
1723219787767 1.0 588000
1723219803361 1.0 592000
1723219818949 1.0 596000
1723219834613 1.0 600000
1723219850282 1.0 604000
1723219867221 1.0 608000
1723219883496 1.0 612000
1723219899013 1.0 616000
1723219914434 1.0 620000
1723219929573 1.0 624000
1723219945387 1.0 628000
1723219961047 1.0 632000
1723219976552 1.0 636000
1723219992012 1.0 640000
1723220007676 1.0 644000
1723220023056 1.0 648000
1723220037534 1.0 652000
1723220052748 1.0 656000
1723220068388 1.0 660000
1723220084179 1.0 664000
1723220099937 1.0 668000
1723220115378 1.0 672000
1723220131531 1.0 676000
1723220147186 1.0 680000
1723220162694 1.0 684000
1723220178614 1.0 688000
1723220194678 1.0 692000
1723220210336 1.0 696000
1723220225743 1.0 700000
1723220240834 1.0 704000
1723220256950 1.0 708000
1723220272359 1.0 712000
1723220288409 1.0 716000
1723220304212 1.0 720000
1723220318898 1.0 724000
1723220334055 1.0 728000
1723220349555 1.0 732000
1723220365467 1.0 736000
1723220381133 1.0 740000
1723220396823 1.0 744000
1723220412348 1.0 748000
1723220428413 1.0 752000
1723220444455 1.0 756000
1723220459734 1.0 760000
1723220475830 1.0 764000
1723220492447 1.0 768000
1723220508393 1.0 772000
1723220524305 1.0 776000
1723220540089 1.0 780000
1723220556311 1.0 784000
1723220571963 1.0 788000
1723220588295 1.0 792000
1723220604363 1.0 796000
1723220619897 1.0 800000
