1723217322589 1.0 4000
1723217337890 1.0 8000
1723217353007 1.0 12000
1723217368172 1.0 16000
1723217383116 1.0 20000
1723217398303 1.0 24000
1723217413450 1.0 28000
1723217428507 1.0 32000
1723217443800 1.0 36000
1723217459063 1.0 40000
1723217474640 1.0 44000
1723217489906 1.0 48000
1723217505186 1.0 52000
1723217520485 1.0 56000
1723217535588 1.0 60000
1723217550852 1.0 64000
1723217566120 1.0 68000
1723217581403 1.0 72000
1723217596851 1.0 76000
1723217612309 1.0 80000
1723217629692 1.0 84000
1723217646537 1.0 88000
1723217663294 1.0 92000
1723217680390 1.0 96000
1723217697074 1.0 100000
1723217713411 1.0 104000
1723217730157 1.0 108000
1723217747507 1.0 112000
1723217764267 1.0 116000
1723217780003 1.0 120000
1723217796354 1.0 124000
1723217812970 1.0 128000
1723217829952 1.0 132000
1723217846700 1.0 136000
1723217864095 1.0 140000
1723217881172 1.0 144000
1723217898181 1.0 148000
1723217915487 1.0 152000
1723217932658 1.0 156000
1723217949198 1.0 160000
1723217966018 1.0 164000
1723217983075 1.0 168000
1723217999647 1.0 172000
1723218015873 1.0 176000
1723218032504 1.0 180000
1723218048940 1.0 184000
1723218065420 1.0 188000
1723218082268 1.0 192000
1723218098839 1.0 196000
1723218115751 1.0 200000
1723218132626 1.0 204000
1723218149586 1.0 208000
1723218166172 1.0 212000
1723218182834 1.0 216000
1723218197914 1.0 220000
1723218214806 1.0 224000
1723218231335 1.0 228000
1723218247618 1.0 232000
1723218263778 1.0 236000
1723218279795 1.0 240000
1723218296711 1.0 244000
1723218313456 1.0 248000
1723218330079 1.0 252000
1723218346427 1.0 256000
1723218362735 1.0 260000
1723218378663 1.0 264000
1723218394141 1.0 268000
1723218410008 1.0 272000
1723218426110 1.0 276000
1723218442117 1.0 280000
1723218457789 1.0 284000
1723218472690 1.0 288000
1723218488740 1.0 292000
1723218504420 1.0 296000
1723218520092 1.0 300000
1723218535975 1.0 304000
1723218551474 1.0 308000
1723218567906 1.0 312000
1723218585206 1.0 316000
1723218601519 1.0 320000
1723218617789 1.0 324000
1723218634154 1.0 328000
1723218650350 1.0 332000
1723218666960 1.0 336000
1723218683245 1.0 340000
1723218699634 1.0 344000
1723218824349 1.0 348000
1723218841032 1.0 352000
1723218857160 1.0 356000
1723218872421 1.0 360000
1723218889751 1.0 364000
1723218904858 1.0 368000
1723218920285 1.0 372000
1723218935499 1.0 376000
1723218951028 1.0 380000
1723218966481 1.0 384000
1723218984895 1.0 388000
1723219006443 1.0 392000
1723219023270 1.0 396000
1723219038392 1.0 400000
1723219052656 1.0 404000
1723219068881 1.0 408000
1723219084814 1.0 412000
1723219100541 1.0 416000
1723219116541 1.0 420000
1723219132563 1.0 424000
1723219149025 1.0 428000
1723219166389 1.0 432000
1723219182936 1.0 436000
1723219199659 1.0 440000
1723219215681 1.0 444000
1723219232197 1.0 448000
1723219248172 1.0 452000
1723219264413 1.0 456000
1723219280434 1.0 460000
1723219296354 1.0 464000
1723219312526 1.0 468000
1723219328149 1.0 472000
1723219345848 1.0 476000
1723219362370 1.0 480000
1723219378690 1.0 484000
1723219394349 1.0 488000
1723219410517 1.0 492000
1723219425349 1.0 496000
1723219440721 1.0 500000
1723219456533 1.0 504000
1723219472392 1.0 508000
1723219487459 1.0 512000
1723219502833 1.0 516000
1723219518702 1.0 520000
1723219534857 1.0 524000
1723219550493 1.0 528000
1723219566208 1.0 532000
1723219582188 1.0 536000
1723219598394 1.0 540000
1723219613808 1.0 544000
1723219631207 1.0 548000
1723219647027 1.0 552000
1723219662492 1.0 556000
1723219678939 1.0 560000
1723219694555 1.0 564000
1723219710147 1.0 568000
1723219725937 1.0 572000
1723219741492 1.0 576000
1723219755685 1.0 580000
1723219771237 1.0 584000
1723219787768 1.0 588000
1723219803362 1.0 592000
1723219818950 1.0 596000
1723219834614 1.0 600000
1723219850283 1.0 604000
1723219867222 1.0 608000
1723219883498 1.0 612000
1723219899014 1.0 616000
1723219914435 1.0 620000
1723219929574 1.0 624000
1723219945389 1.0 628000
1723219961048 1.0 632000
1723219976553 1.0 636000
1723219992013 1.0 640000
1723220007677 1.0 644000
1723220023057 1.0 648000
1723220037535 1.0 652000
1723220052749 1.0 656000
1723220068389 1.0 660000
1723220084181 1.0 664000
1723220099938 1.0 668000
1723220115380 1.0 672000
1723220131532 1.0 676000
1723220147187 1.0 680000
1723220162695 1.0 684000
1723220178615 1.0 688000
1723220194679 1.0 692000
1723220210339 1.0 696000
1723220225744 1.0 700000
1723220240835 1.0 704000
1723220256951 1.0 708000
1723220272360 1.0 712000
1723220288410 1.0 716000
1723220304213 1.0 720000
1723220318900 1.0 724000
1723220334056 1.0 728000
1723220349556 1.0 732000
1723220365468 1.0 736000
1723220381134 1.0 740000
1723220396824 1.0 744000
1723220412349 1.0 748000
1723220428414 1.0 752000
1723220444456 1.0 756000
1723220459735 1.0 760000
1723220475831 1.0 764000
1723220492448 1.0 768000
1723220508394 1.0 772000
1723220524306 1.0 776000
1723220540090 1.0 780000
1723220556313 1.0 784000
1723220571964 1.0 788000
1723220588296 1.0 792000
1723220604364 1.0 796000
1723220619898 1.0 800000
