1723217322589 0.0 4000
1723217337889 0.0 8000
1723217353006 0.0 12000
1723217368172 0.0 16000
1723217383116 0.0 20000
1723217398303 0.0 24000
1723217413449 0.0 28000
1723217428506 0.0 32000
1723217443799 0.0 36000
1723217459063 0.0 40000
1723217474639 0.0 44000
1723217489905 0.0 48000
1723217505186 0.0 52000
1723217520484 0.0 56000
1723217535587 0.0 60000
1723217550852 0.0 64000
1723217566119 0.0 68000
1723217581402 0.0 72000
1723217596851 0.0 76000
1723217612308 0.0 80000
1723217629691 0.0 84000
1723217646536 0.0 88000
1723217663294 0.0 92000
1723217680389 0.0 96000
1723217697074 0.0 100000
1723217713411 0.0 104000
1723217730157 0.0 108000
1723217747506 0.0 112000
1723217764267 0.0 116000
1723217780003 0.0 120000
1723217796353 0.0 124000
1723217812970 0.0 128000
1723217829952 0.0 132000
1723217846700 0.0 136000
1723217864095 0.0 140000
1723217881171 0.0 144000
1723217898180 0.0 148000
1723217915487 0.0 152000
1723217932657 0.0 156000
1723217949197 0.0 160000
1723217966018 0.0 164000
1723217983074 0.0 168000
1723217999646 0.0 172000
1723218015872 0.0 176000
1723218032504 0.0 180000
1723218048940 0.0 184000
1723218065420 0.0 188000
1723218082268 0.0 192000
1723218098839 0.0 196000
1723218115750 0.0 200000
1723218132626 0.0 204000
1723218149585 0.0 208000
1723218166172 0.0 212000
1723218182833 0.0 216000
1723218197914 0.0 220000
1723218214806 0.0 224000
1723218231334 0.0 228000
1723218247618 0.0 232000
1723218263778 0.0 236000
1723218279795 0.0 240000
1723218296710 0.0 244000
1723218313455 0.0 248000
1723218330079 0.0 252000
1723218346427 0.0 256000
1723218362735 0.0 260000
1723218378663 0.0 264000
1723218394141 0.0 268000
1723218410007 0.0 272000
1723218426109 0.0 276000
1723218442117 0.0 280000
1723218457789 0.0 284000
1723218472689 0.0 288000
1723218488740 0.0 292000
1723218504419 0.0 296000
1723218520092 0.0 300000
1723218535975 0.0 304000
1723218551473 0.0 308000
1723218567906 0.0 312000
1723218585205 0.0 316000
1723218601518 0.0 320000
1723218617788 0.0 324000
1723218634154 0.0 328000
1723218650349 0.0 332000
1723218666959 0.0 336000
1723218683244 0.0 340000
1723218699633 0.0 344000
1723218824349 0.0 348000
1723218841032 0.0 352000
1723218857160 0.0 356000
1723218872420 0.0 360000
1723218889750 0.0 364000
1723218904857 0.0 368000
1723218920284 0.0 372000
1723218935498 0.0 376000
1723218951028 0.0 380000
1723218966481 0.0 384000
1723218984894 0.0 388000
1723219006443 0.0 392000
1723219023270 0.0 396000
1723219038392 0.0 400000
1723219052656 0.0 404000
1723219068881 0.0 408000
1723219084814 0.0 412000
1723219100540 0.0 416000
1723219116540 0.0 420000
1723219132562 0.0 424000
1723219149024 0.0 428000
1723219166389 0.0 432000
1723219182936 0.0 436000
1723219199658 0.0 440000
1723219215681 0.0 444000
1723219232197 0.0 448000
1723219248172 0.0 452000
1723219264412 0.0 456000
1723219280434 0.0 460000
1723219296353 0.0 464000
1723219312525 0.0 468000
1723219328149 0.0 472000
1723219345847 0.0 476000
1723219362370 0.0 480000
1723219378690 0.0 484000
1723219394348 0.0 488000
1723219410517 0.0 492000
1723219425347 0.0 496000
1723219440721 0.0 500000
1723219456533 0.0 504000
1723219472391 0.0 508000
1723219487459 0.0 512000
1723219502833 0.0 516000
1723219518702 0.0 520000
1723219534857 0.0 524000
1723219550493 0.0 528000
1723219566208 0.0 532000
1723219582188 0.0 536000
1723219598394 0.0 540000
1723219613808 0.0 544000
1723219631207 0.0 548000
1723219647026 0.0 552000
1723219662491 0.0 556000
1723219678939 0.0 560000
1723219694554 0.0 564000
1723219710146 0.0 568000
1723219725937 0.0 572000
1723219741492 0.0 576000
1723219755684 0.0 580000
1723219771237 0.0 584000
1723219787768 0.0 588000
1723219803362 0.0 592000
1723219818950 0.0 596000
1723219834614 0.0 600000
1723219850283 0.0 604000
1723219867222 0.0 608000
1723219883497 0.0 612000
1723219899014 0.0 616000
1723219914435 0.0 620000
1723219929574 0.0 624000
1723219945388 0.0 628000
1723219961047 0.0 632000
1723219976553 0.0 636000
1723219992013 0.0 640000
1723220007677 0.0 644000
1723220023057 0.0 648000
1723220037535 0.0 652000
1723220052749 0.0 656000
1723220068389 0.0 660000
1723220084180 0.0 664000
1723220099937 0.0 668000
1723220115379 0.0 672000
1723220131532 0.0 676000
1723220147187 0.0 680000
1723220162695 0.0 684000
1723220178614 0.0 688000
1723220194679 0.0 692000
1723220210337 0.0 696000
1723220225744 0.0 700000
1723220240835 0.0 704000
1723220256951 0.0 708000
1723220272359 0.0 712000
1723220288410 0.0 716000
1723220304213 0.0 720000
1723220318899 0.0 724000
1723220334056 0.0 728000
1723220349555 0.0 732000
1723220365468 0.0 736000
1723220381134 0.0 740000
1723220396824 0.0 744000
1723220412349 0.0 748000
1723220428413 0.0 752000
1723220444456 0.0 756000
1723220459735 0.0 760000
1723220475831 0.0 764000
1723220492448 0.0 768000
1723220508394 0.0 772000
1723220524305 0.0 776000
1723220540090 0.0 780000
1723220556312 0.0 784000
1723220571964 0.0 788000
1723220588296 0.0 792000
1723220604363 0.0 796000
1723220619898 0.0 800000
