1723217322581 30.0 4000
1723217337884 30.0 8000
1723217353001 30.0 12000
1723217368163 30.0 16000
1723217383110 30.0 20000
1723217398298 30.0 24000
1723217413443 30.0 28000
1723217428502 30.0 32000
1723217443794 30.0 36000
1723217459055 30.0 40000
1723217474633 30.0 44000
1723217489900 30.0 48000
1723217505178 30.0 52000
1723217520476 30.0 56000
1723217535582 30.0 60000
1723217550847 30.0 64000
1723217566115 30.0 68000
1723217581398 30.0 72000
1723217596846 30.0 76000
1723217612300 30.0 80000
1723217629687 30.0 84000
1723217646532 30.0 88000
1723217663287 30.0 92000
1723217680384 30.0 96000
1723217697068 30.0 100000
1723217713403 30.0 104000
1723217730151 30.0 108000
1723217747502 30.0 112000
1723217764262 30.0 116000
1723217779998 30.0 120000
1723217796345 30.0 124000
1723217812960 30.0 128000
1723217829946 30.0 132000
1723217846695 30.0 136000
1723217864090 30.0 140000
1723217881166 30.0 144000
1723217898176 30.0 148000
1723217915482 30.0 152000
1723217932652 30.0 156000
1723217949189 30.0 160000
1723217966013 30.0 164000
1723217983069 30.0 168000
1723217999641 30.0 172000
1723218015868 30.0 176000
1723218032498 30.0 180000
1723218048935 30.0 184000
1723218065414 30.0 188000
1723218082263 30.0 192000
1723218098832 30.0 196000
1723218115744 30.0 200000
1723218132621 30.0 204000
1723218149581 30.0 208000
1723218166167 30.0 212000
1723218182827 30.0 216000
1723218197908 30.0 220000
1723218214801 30.0 224000
1723218231330 30.0 228000
1723218247612 30.0 232000
1723218263773 30.0 236000
1723218279790 30.0 240000
1723218296704 30.0 244000
1723218313449 30.0 248000
1723218330073 30.0 252000
1723218346421 30.0 256000
1723218362729 30.0 260000
1723218378658 30.0 264000
1723218394136 30.0 268000
1723218410002 30.0 272000
1723218426104 30.0 276000
1723218442112 30.0 280000
1723218457784 30.0 284000
1723218472684 30.0 288000
1723218488734 30.0 292000
1723218504414 30.0 296000
1723218520087 30.0 300000
1723218535969 30.0 304000
1723218551469 30.0 308000
1723218567901 30.0 312000
1723218585201 30.0 316000
1723218601514 30.0 320000
1723218617783 30.0 324000
1723218634149 30.0 328000
1723218650345 30.0 332000
1723218666954 30.0 336000
1723218683240 30.0 340000
1723218699629 30.0 344000
1723218824344 30.0 348000
1723218841027 30.0 352000
1723218857155 30.0 356000
1723218872416 30.0 360000
1723218889746 30.0 364000
1723218904852 30.0 368000
1723218920280 30.0 372000
1723218935494 30.0 376000
1723218951023 30.0 380000
1723218966476 30.0 384000
1723218984888 30.0 388000
1723219006434 30.0 392000
1723219023265 30.0 396000
1723219038387 30.0 400000
1723219052648 30.0 404000
1723219068873 30.0 408000
1723219084809 30.0 412000
1723219100536 30.0 416000
1723219116536 30.0 420000
1723219132558 30.0 424000
1723219149020 30.0 428000
1723219166384 30.0 432000
1723219182930 30.0 436000
1723219199654 30.0 440000
1723219215676 30.0 444000
1723219232192 30.0 448000
1723219248167 30.0 452000
1723219264408 30.0 456000
1723219280429 30.0 460000
1723219296348 30.0 464000
1723219312521 30.0 468000
1723219328144 30.0 472000
1723219345843 30.0 476000
1723219362365 30.0 480000
1723219378685 30.0 484000
1723219394344 30.0 488000
1723219410512 30.0 492000
1723219425343 30.0 496000
1723219440716 30.0 500000
1723219456528 30.0 504000
1723219472387 30.0 508000
1723219487453 30.0 512000
1723219502828 30.0 516000
1723219518697 30.0 520000
1723219534852 30.0 524000
1723219550488 30.0 528000
1723219566203 30.0 532000
1723219582183 30.0 536000
1723219598389 30.0 540000
1723219613803 30.0 544000
1723219631202 30.0 548000
1723219647021 30.0 552000
1723219662486 30.0 556000
1723219678934 30.0 560000
1723219694550 30.0 564000
1723219710141 30.0 568000
1723219725932 30.0 572000
1723219741486 30.0 576000
1723219755679 30.0 580000
1723219771232 30.0 584000
1723219787763 30.0 588000
1723219803357 30.0 592000
1723219818945 30.0 596000
1723219834608 30.0 600000
1723219850277 30.0 604000
1723219867217 30.0 608000
1723219883492 30.0 612000
1723219899009 30.0 616000
1723219914430 30.0 620000
1723219929570 30.0 624000
1723219945384 30.0 628000
1723219961043 30.0 632000
1723219976548 30.0 636000
1723219992008 30.0 640000
1723220007671 30.0 644000
1723220023052 30.0 648000
1723220037529 30.0 652000
1723220052744 30.0 656000
1723220068383 30.0 660000
1723220084175 30.0 664000
1723220099932 30.0 668000
1723220115373 30.0 672000
1723220131527 30.0 676000
1723220147182 30.0 680000
1723220162690 30.0 684000
1723220178609 30.0 688000
1723220194674 30.0 692000
1723220210331 30.0 696000
1723220225738 30.0 700000
1723220240829 30.0 704000
1723220256946 30.0 708000
1723220272354 30.0 712000
1723220288404 30.0 716000
1723220304208 30.0 720000
1723220318894 30.0 724000
1723220334051 30.0 728000
1723220349550 30.0 732000
1723220365463 30.0 736000
1723220381129 30.0 740000
1723220396817 30.0 744000
1723220412344 30.0 748000
1723220428409 30.0 752000
1723220444451 30.0 756000
1723220459730 30.0 760000
1723220475826 30.0 764000
1723220492443 30.0 768000
1723220508389 30.0 772000
1723220524301 30.0 776000
1723220540085 30.0 780000
1723220556304 30.0 784000
1723220571959 30.0 788000
1723220588291 30.0 792000
1723220604359 30.0 796000
1723220619893 30.0 800000
