1723217322546 1.0 4000
1723217337855 1.0 8000
1723217352974 1.0 12000
1723217368132 1.0 16000
1723217383077 1.0 20000
1723217398270 1.0 24000
1723217413416 1.0 28000
1723217428474 1.0 32000
1723217443766 1.0 36000
1723217459020 1.0 40000
1723217474605 1.0 44000
1723217489868 1.0 48000
1723217505148 1.0 52000
1723217520447 1.0 56000
1723217535552 1.0 60000
1723217550814 1.0 64000
1723217566082 1.0 68000
1723217581369 1.0 72000
1723217596815 1.0 76000
1723217612261 1.0 80000
1723217629659 1.0 84000
1723217646503 1.0 88000
1723217663258 1.0 92000
1723217680357 1.0 96000
1723217697035 1.0 100000
1723217713370 1.0 104000
1723217730115 1.0 108000
1723217747466 1.0 112000
1723217764235 1.0 116000
1723217779966 1.0 120000
1723217796316 1.0 124000
1723217812930 1.0 128000
1723217829916 1.0 132000
1723217846667 1.0 136000
1723217864062 1.0 140000
1723217881138 1.0 144000
1723217898148 1.0 148000
1723217915454 1.0 152000
1723217932623 1.0 156000
1723217949155 1.0 160000
1723217965980 1.0 164000
1723217983041 1.0 168000
1723217999611 1.0 172000
1723218015840 1.0 176000
1723218032468 1.0 180000
1723218048907 1.0 184000
1723218065386 1.0 188000
1723218082233 1.0 192000
1723218098803 1.0 196000
1723218115713 1.0 200000
1723218132592 1.0 204000
1723218149553 1.0 208000
1723218166138 1.0 212000
1723218182794 1.0 216000
1723218197875 1.0 220000
1723218214772 1.0 224000
1723218231300 1.0 228000
1723218247584 1.0 232000
1723218263745 1.0 236000
1723218279756 1.0 240000
1723218296675 1.0 244000
1723218313419 1.0 248000
1723218330044 1.0 252000
1723218346384 1.0 256000
1723218362693 1.0 260000
1723218378627 1.0 264000
1723218394109 1.0 268000
1723218409975 1.0 272000
1723218426077 1.0 276000
1723218442082 1.0 280000
1723218457755 1.0 284000
1723218472654 1.0 288000
1723218488704 1.0 292000
1723218504386 1.0 296000
1723218520058 1.0 300000
1723218535938 1.0 304000
1723218551438 1.0 308000
1723218567874 1.0 312000
1723218585174 1.0 316000
1723218601485 1.0 320000
1723218617755 1.0 324000
1723218634120 1.0 328000
1723218650317 1.0 332000
1723218666923 1.0 336000
1723218683213 1.0 340000
1723218699601 1.0 344000
1723218824313 1.0 348000
1723218840995 1.0 352000
1723218857127 1.0 356000
1723218872388 1.0 360000
1723218889717 1.0 364000
1723218904826 1.0 368000
1723218920247 1.0 372000
1723218935466 1.0 376000
1723218950994 1.0 380000
1723218966449 1.0 384000
1723218984855 1.0 388000
1723219006391 1.0 392000
1723219023238 1.0 396000
1723219038361 1.0 400000
1723219052615 1.0 404000
1723219068846 1.0 408000
1723219084783 1.0 412000
1723219100509 1.0 416000
1723219116508 1.0 420000
1723219132531 1.0 424000
1723219148992 1.0 428000
1723219166357 1.0 432000
1723219182901 1.0 436000
1723219199626 1.0 440000
1723219215649 1.0 444000
1723219232163 1.0 448000
1723219248141 1.0 452000
1723219264381 1.0 456000
1723219280392 1.0 460000
1723219296317 1.0 464000
1723219312493 1.0 468000
1723219328116 1.0 472000
1723219345814 1.0 476000
1723219362337 1.0 480000
1723219378659 1.0 484000
1723219394316 1.0 488000
1723219410485 1.0 492000
1723219425308 1.0 496000
1723219440689 1.0 500000
1723219456501 1.0 504000
1723219472353 1.0 508000
1723219487424 1.0 512000
1723219502801 1.0 516000
1723219518670 1.0 520000
1723219534825 1.0 524000
1723219550461 1.0 528000
1723219566177 1.0 532000
1723219582156 1.0 536000
1723219598356 1.0 540000
1723219613774 1.0 544000
1723219631175 1.0 548000
1723219646989 1.0 552000
1723219662459 1.0 556000
1723219678906 1.0 560000
1723219694523 1.0 564000
1723219710108 1.0 568000
1723219725901 1.0 572000
1723219741460 1.0 576000
1723219755652 1.0 580000
1723219771204 1.0 584000
1723219787726 1.0 588000
1723219803328 1.0 592000
1723219818912 1.0 596000
1723219834581 1.0 600000
1723219850249 1.0 604000
1723219867184 1.0 608000
1723219883456 1.0 612000
1723219898981 1.0 616000
1723219914404 1.0 620000
1723219929543 1.0 624000
1723219945357 1.0 628000
1723219961016 1.0 632000
1723219976521 1.0 636000
1723219991981 1.0 640000
1723220007635 1.0 644000
1723220023018 1.0 648000
1723220037496 1.0 652000
1723220052717 1.0 656000
1723220068352 1.0 660000
1723220084128 1.0 664000
1723220099905 1.0 668000
1723220115337 1.0 672000
1723220131501 1.0 676000
1723220147156 1.0 680000
1723220162661 1.0 684000
1723220178581 1.0 688000
1723220194646 1.0 692000
1723220210304 1.0 696000
1723220225705 1.0 700000
1723220240802 1.0 704000
1723220256917 1.0 708000
1723220272324 1.0 712000
1723220288372 1.0 716000
1723220304181 1.0 720000
1723220318853 1.0 724000
1723220334024 1.0 728000
1723220349522 1.0 732000
1723220365435 1.0 736000
1723220381101 1.0 740000
1723220396785 1.0 744000
1723220412317 1.0 748000
1723220428382 1.0 752000
1723220444423 1.0 756000
1723220459703 1.0 760000
1723220475799 1.0 764000
1723220492415 1.0 768000
1723220508360 1.0 772000
1723220524273 1.0 776000
1723220540057 1.0 780000
1723220556275 1.0 784000
1723220571931 1.0 788000
1723220588264 1.0 792000
1723220604331 1.0 796000
1723220619865 1.0 800000
