1723217322556 67108864.0 4000
1723217337865 67108864.0 8000
1723217352983 67108864.0 12000
1723217368141 67108864.0 16000
1723217383086 67108864.0 20000
1723217398280 67108864.0 24000
1723217413425 67108864.0 28000
1723217428483 67108864.0 32000
1723217443775 67108864.0 36000
1723217459029 67108864.0 40000
1723217474615 67108864.0 44000
1723217489878 67108864.0 48000
1723217505157 67108864.0 52000
1723217520456 67108864.0 56000
1723217535561 67108864.0 60000
1723217550823 67108864.0 64000
1723217566091 67108864.0 68000
1723217581378 67108864.0 72000
1723217596824 67108864.0 76000
1723217612274 67108864.0 80000
1723217629668 67108864.0 84000
1723217646513 67108864.0 88000
1723217663267 67108864.0 92000
1723217680366 67108864.0 96000
1723217697045 67108864.0 100000
1723217713381 67108864.0 104000
1723217730124 67108864.0 108000
1723217747477 67108864.0 112000
1723217764244 67108864.0 116000
1723217779980 67108864.0 120000
1723217796325 67108864.0 124000
1723217812939 67108864.0 128000
1723217829926 67108864.0 132000
1723217846677 67108864.0 136000
1723217864072 67108864.0 140000
1723217881147 67108864.0 144000
1723217898157 67108864.0 148000
1723217915463 67108864.0 152000
1723217932632 67108864.0 156000
1723217949165 67108864.0 160000
1723217965989 67108864.0 164000
1723217983050 67108864.0 168000
1723217999621 67108864.0 172000
1723218015849 67108864.0 176000
1723218032477 67108864.0 180000
1723218048916 67108864.0 184000
1723218065396 67108864.0 188000
1723218082244 67108864.0 192000
1723218098813 67108864.0 196000
1723218115726 67108864.0 200000
1723218132602 67108864.0 204000
1723218149562 67108864.0 208000
1723218166148 67108864.0 212000
1723218182804 67108864.0 216000
1723218197885 67108864.0 220000
1723218214782 67108864.0 224000
1723218231310 67108864.0 228000
1723218247593 67108864.0 232000
1723218263754 67108864.0 236000
1723218279766 67108864.0 240000
1723218296684 67108864.0 244000
1723218313429 67108864.0 248000
1723218330054 67108864.0 252000
1723218346396 67108864.0 256000
1723218362705 67108864.0 260000
1723218378637 67108864.0 264000
1723218394118 67108864.0 268000
1723218409984 67108864.0 272000
1723218426086 67108864.0 276000
1723218442092 67108864.0 280000
1723218457764 67108864.0 284000
1723218472666 67108864.0 288000
1723218488714 67108864.0 292000
1723218504396 67108864.0 296000
1723218520068 67108864.0 300000
1723218535948 67108864.0 304000
1723218551449 67108864.0 308000
1723218567882 67108864.0 312000
1723218585183 67108864.0 316000
1723218601494 67108864.0 320000
1723218617764 67108864.0 324000
1723218634130 67108864.0 328000
1723218650326 67108864.0 332000
1723218666933 67108864.0 336000
1723218683222 67108864.0 340000
1723218699610 67108864.0 344000
1723218824323 67108864.0 348000
1723218841008 67108864.0 352000
1723218857136 67108864.0 356000
1723218872397 67108864.0 360000
1723218889726 67108864.0 364000
1723218904835 67108864.0 368000
1723218920256 67108864.0 372000
1723218935476 67108864.0 376000
1723218951004 67108864.0 380000
1723218966458 67108864.0 384000
1723218984866 67108864.0 388000
1723219006409 67108864.0 392000
1723219023247 67108864.0 396000
1723219038369 67108864.0 400000
1723219052625 67108864.0 404000
1723219068854 67108864.0 408000
1723219084791 67108864.0 412000
1723219100518 67108864.0 416000
1723219116517 67108864.0 420000
1723219132540 67108864.0 424000
1723219149001 67108864.0 428000
1723219166366 67108864.0 432000
1723219182910 67108864.0 436000
1723219199635 67108864.0 440000
1723219215658 67108864.0 444000
1723219232173 67108864.0 448000
1723219248149 67108864.0 452000
1723219264390 67108864.0 456000
1723219280401 67108864.0 460000
1723219296328 67108864.0 464000
1723219312502 67108864.0 468000
1723219328125 67108864.0 472000
1723219345823 67108864.0 476000
1723219362347 67108864.0 480000
1723219378667 67108864.0 484000
1723219394325 67108864.0 488000
1723219410494 67108864.0 492000
1723219425318 67108864.0 496000
1723219440698 67108864.0 500000
1723219456510 67108864.0 504000
1723219472367 67108864.0 508000
1723219487434 67108864.0 512000
1723219502810 67108864.0 516000
1723219518679 67108864.0 520000
1723219534834 67108864.0 524000
1723219550470 67108864.0 528000
1723219566185 67108864.0 532000
1723219582166 67108864.0 536000
1723219598366 67108864.0 540000
1723219613784 67108864.0 544000
1723219631184 67108864.0 548000
1723219647000 67108864.0 552000
1723219662469 67108864.0 556000
1723219678915 67108864.0 560000
1723219694532 67108864.0 564000
1723219710119 67108864.0 568000
1723219725910 67108864.0 572000
1723219741468 67108864.0 576000
1723219755661 67108864.0 580000
1723219771213 67108864.0 584000
1723219787735 67108864.0 588000
1723219803338 67108864.0 592000
1723219818923 67108864.0 596000
1723219834590 67108864.0 600000
1723219850259 67108864.0 604000
1723219867195 67108864.0 608000
1723219883466 67108864.0 612000
1723219898990 67108864.0 616000
1723219914413 67108864.0 620000
1723219929552 67108864.0 624000
1723219945366 67108864.0 628000
1723219961025 67108864.0 632000
1723219976530 67108864.0 636000
1723219991990 67108864.0 640000
1723220007645 67108864.0 644000
1723220023027 67108864.0 648000
1723220037505 67108864.0 652000
1723220052726 67108864.0 656000
1723220068363 67108864.0 660000
1723220084143 67108864.0 664000
1723220099914 67108864.0 668000
1723220115351 67108864.0 672000
1723220131510 67108864.0 676000
1723220147165 67108864.0 680000
1723220162671 67108864.0 684000
1723220178591 67108864.0 688000
1723220194656 67108864.0 692000
1723220210314 67108864.0 696000
1723220225714 67108864.0 700000
1723220240811 67108864.0 704000
1723220256927 67108864.0 708000
1723220272336 67108864.0 712000
1723220288382 67108864.0 716000
1723220304190 67108864.0 720000
1723220318863 67108864.0 724000
1723220334033 67108864.0 728000
1723220349532 67108864.0 732000
1723220365444 67108864.0 736000
1723220381111 67108864.0 740000
1723220396795 67108864.0 744000
1723220412326 67108864.0 748000
1723220428391 67108864.0 752000
1723220444432 67108864.0 756000
1723220459711 67108864.0 760000
1723220475809 67108864.0 764000
1723220492425 67108864.0 768000
1723220508371 67108864.0 772000
1723220524282 67108864.0 776000
1723220540066 67108864.0 780000
1723220556284 67108864.0 784000
1723220571940 67108864.0 788000
1723220588273 67108864.0 792000
1723220604340 67108864.0 796000
1723220619874 67108864.0 800000
