1723217322572 -1.0 4000
1723217337879 -1.0 8000
1723217352996 -1.0 12000
1723217368156 -1.0 16000
1723217383103 -1.0 20000
1723217398293 -1.0 24000
1723217413437 -1.0 28000
1723217428497 -1.0 32000
1723217443789 -1.0 36000
1723217459047 -1.0 40000
1723217474628 -1.0 44000
1723217489895 -1.0 48000
1723217505172 -1.0 52000
1723217520469 -1.0 56000
1723217535576 -1.0 60000
1723217550839 -1.0 64000
1723217566107 -1.0 68000
1723217581392 -1.0 72000
1723217596840 -1.0 76000
1723217612292 -1.0 80000
1723217629681 -1.0 84000
1723217646526 -1.0 88000
1723217663280 -1.0 92000
1723217680379 -1.0 96000
1723217697063 -1.0 100000
1723217713394 -1.0 104000
1723217730146 -1.0 108000
1723217747492 -1.0 112000
1723217764257 -1.0 116000
1723217779992 -1.0 120000
1723217796338 -1.0 124000
1723217812954 -1.0 128000
1723217829939 -1.0 132000
1723217846690 -1.0 136000
1723217864085 -1.0 140000
1723217881160 -1.0 144000
1723217898170 -1.0 148000
1723217915477 -1.0 152000
1723217932646 -1.0 156000
1723217949182 -1.0 160000
1723217966005 -1.0 164000
1723217983064 -1.0 168000
1723217999636 -1.0 172000
1723218015863 -1.0 176000
1723218032492 -1.0 180000
1723218048929 -1.0 184000
1723218065409 -1.0 188000
1723218082258 -1.0 192000
1723218098827 -1.0 196000
1723218115738 -1.0 200000
1723218132615 -1.0 204000
1723218149575 -1.0 208000
1723218166161 -1.0 212000
1723218182821 -1.0 216000
1723218197901 -1.0 220000
1723218214795 -1.0 224000
1723218231324 -1.0 228000
1723218247607 -1.0 232000
1723218263767 -1.0 236000
1723218279779 -1.0 240000
1723218296698 -1.0 244000
1723218313443 -1.0 248000
1723218330067 -1.0 252000
1723218346411 -1.0 256000
1723218362721 -1.0 260000
1723218378652 -1.0 264000
1723218394130 -1.0 268000
1723218409997 -1.0 272000
1723218426099 -1.0 276000
1723218442106 -1.0 280000
1723218457778 -1.0 284000
1723218472678 -1.0 288000
1723218488728 -1.0 292000
1723218504409 -1.0 296000
1723218520081 -1.0 300000
1723218535963 -1.0 304000
1723218551463 -1.0 308000
1723218567895 -1.0 312000
1723218585195 -1.0 316000
1723218601508 -1.0 320000
1723218617777 -1.0 324000
1723218634143 -1.0 328000
1723218650339 -1.0 332000
1723218666948 -1.0 336000
1723218683235 -1.0 340000
1723218699623 -1.0 344000
1723218824337 -1.0 348000
1723218841022 -1.0 352000
1723218857149 -1.0 356000
1723218872410 -1.0 360000
1723218889740 -1.0 364000
1723218904847 -1.0 368000
1723218920274 -1.0 372000
1723218935489 -1.0 376000
1723218951017 -1.0 380000
1723218966471 -1.0 384000
1723218984881 -1.0 388000
1723219006427 -1.0 392000
1723219023260 -1.0 396000
1723219038382 -1.0 400000
1723219052640 -1.0 404000
1723219068868 -1.0 408000
1723219084804 -1.0 412000
1723219100530 -1.0 416000
1723219116530 -1.0 420000
1723219132553 -1.0 424000
1723219149014 -1.0 428000
1723219166379 -1.0 432000
1723219182925 -1.0 436000
1723219199648 -1.0 440000
1723219215670 -1.0 444000
1723219232186 -1.0 448000
1723219248162 -1.0 452000
1723219264402 -1.0 456000
1723219280420 -1.0 460000
1723219296342 -1.0 464000
1723219312515 -1.0 468000
1723219328139 -1.0 472000
1723219345836 -1.0 476000
1723219362360 -1.0 480000
1723219378680 -1.0 484000
1723219394338 -1.0 488000
1723219410507 -1.0 492000
1723219425337 -1.0 496000
1723219440711 -1.0 500000
1723219456522 -1.0 504000
1723219472381 -1.0 508000
1723219487448 -1.0 512000
1723219502823 -1.0 516000
1723219518691 -1.0 520000
1723219534847 -1.0 524000
1723219550483 -1.0 528000
1723219566198 -1.0 532000
1723219582178 -1.0 536000
1723219598383 -1.0 540000
1723219613797 -1.0 544000
1723219631196 -1.0 548000
1723219647015 -1.0 552000
1723219662481 -1.0 556000
1723219678929 -1.0 560000
1723219694544 -1.0 564000
1723219710136 -1.0 568000
1723219725927 -1.0 572000
1723219741481 -1.0 576000
1723219755674 -1.0 580000
1723219771226 -1.0 584000
1723219787756 -1.0 588000
1723219803351 -1.0 592000
1723219818940 -1.0 596000
1723219834603 -1.0 600000
1723219850271 -1.0 604000
1723219867211 -1.0 608000
1723219883485 -1.0 612000
1723219899004 -1.0 616000
1723219914425 -1.0 620000
1723219929564 -1.0 624000
1723219945378 -1.0 628000
1723219961037 -1.0 632000
1723219976543 -1.0 636000
1723219992002 -1.0 640000
1723220007664 -1.0 644000
1723220023046 -1.0 648000
1723220037522 -1.0 652000
1723220052739 -1.0 656000
1723220068378 -1.0 660000
1723220084169 -1.0 664000
1723220099927 -1.0 668000
1723220115365 -1.0 672000
1723220131522 -1.0 676000
1723220147177 -1.0 680000
1723220162685 -1.0 684000
1723220178604 -1.0 688000
1723220194669 -1.0 692000
1723220210326 -1.0 696000
1723220225732 -1.0 700000
1723220240823 -1.0 704000
1723220256940 -1.0 708000
1723220272349 -1.0 712000
1723220288398 -1.0 716000
1723220304203 -1.0 720000
1723220318884 -1.0 724000
1723220334046 -1.0 728000
1723220349545 -1.0 732000
1723220365457 -1.0 736000
1723220381124 -1.0 740000
1723220396809 -1.0 744000
1723220412338 -1.0 748000
1723220428403 -1.0 752000
1723220444445 -1.0 756000
1723220459725 -1.0 760000
1723220475821 -1.0 764000
1723220492437 -1.0 768000
1723220508384 -1.0 772000
1723220524295 -1.0 776000
1723220540079 -1.0 780000
1723220556297 -1.0 784000
1723220571953 -1.0 788000
1723220588286 -1.0 792000
1723220604353 -1.0 796000
1723220619888 -1.0 800000
