1723217322545 0.0 4000
1723217337855 0.0 8000
1723217352974 0.0 12000
1723217368131 0.0 16000
1723217383076 0.0 20000
1723217398270 0.0 24000
1723217413415 0.0 28000
1723217428474 0.0 32000
1723217443766 0.0 36000
1723217459020 0.0 40000
1723217474605 0.0 44000
1723217489867 0.0 48000
1723217505147 0.0 52000
1723217520446 0.0 56000
1723217535551 0.0 60000
1723217550813 0.0 64000
1723217566082 0.0 68000
1723217581369 0.0 72000
1723217596815 0.0 76000
1723217612260 0.0 80000
1723217629658 0.0 84000
1723217646502 0.0 88000
1723217663258 0.0 92000
1723217680356 0.0 96000
1723217697035 0.0 100000
1723217713369 0.0 104000
1723217730115 0.0 108000
1723217747466 0.0 112000
1723217764235 0.0 116000
1723217779966 0.0 120000
1723217796316 0.0 124000
1723217812930 0.0 128000
1723217829916 0.0 132000
1723217846666 0.0 136000
1723217864062 0.0 140000
1723217881137 0.0 144000
1723217898147 0.0 148000
1723217915454 0.0 152000
1723217932623 0.0 156000
1723217949155 0.0 160000
1723217965979 0.0 164000
1723217983041 0.0 168000
1723217999611 0.0 172000
1723218015840 0.0 176000
1723218032468 0.0 180000
1723218048906 0.0 184000
1723218065386 0.0 188000
1723218082233 0.0 192000
1723218098803 0.0 196000
1723218115712 0.0 200000
1723218132591 0.0 204000
1723218149553 0.0 208000
1723218166138 0.0 212000
1723218182793 0.0 216000
1723218197874 0.0 220000
1723218214771 0.0 224000
1723218231300 0.0 228000
1723218247583 0.0 232000
1723218263744 0.0 236000
1723218279755 0.0 240000
1723218296675 0.0 244000
1723218313419 0.0 248000
1723218330044 0.0 252000
1723218346383 0.0 256000
1723218362693 0.0 260000
1723218378626 0.0 264000
1723218394108 0.0 268000
1723218409974 0.0 272000
1723218426076 0.0 276000
1723218442082 0.0 280000
1723218457754 0.0 284000
1723218472654 0.0 288000
1723218488704 0.0 292000
1723218504386 0.0 296000
1723218520057 0.0 300000
1723218535938 0.0 304000
1723218551437 0.0 308000
1723218567873 0.0 312000
1723218585173 0.0 316000
1723218601484 0.0 320000
1723218617754 0.0 324000
1723218634120 0.0 328000
1723218650316 0.0 332000
1723218666922 0.0 336000
1723218683213 0.0 340000
1723218699600 0.0 344000
1723218824313 0.0 348000
1723218840994 0.0 352000
1723218857126 0.0 356000
1723218872387 0.0 360000
1723218889716 0.0 364000
1723218904825 0.0 368000
1723218920247 0.0 372000
1723218935466 0.0 376000
1723218950993 0.0 380000
1723218966449 0.0 384000
1723218984855 0.0 388000
1723219006388 0.0 392000
1723219023238 0.0 396000
1723219038360 0.0 400000
1723219052615 0.0 404000
1723219068845 0.0 408000
1723219084782 0.0 412000
1723219100509 0.0 416000
1723219116507 0.0 420000
1723219132531 0.0 424000
1723219148991 0.0 428000
1723219166357 0.0 432000
1723219182901 0.0 436000
1723219199626 0.0 440000
1723219215648 0.0 444000
1723219232163 0.0 448000
1723219248140 0.0 452000
1723219264380 0.0 456000
1723219280391 0.0 460000
1723219296317 0.0 464000
1723219312492 0.0 468000
1723219328116 0.0 472000
1723219345814 0.0 476000
1723219362337 0.0 480000
1723219378658 0.0 484000
1723219394316 0.0 488000
1723219410485 0.0 492000
1723219425308 0.0 496000
1723219440689 0.0 500000
1723219456500 0.0 504000
1723219472353 0.0 508000
1723219487424 0.0 512000
1723219502801 0.0 516000
1723219518670 0.0 520000
1723219534825 0.0 524000
1723219550461 0.0 528000
1723219566176 0.0 532000
1723219582156 0.0 536000
1723219598356 0.0 540000
1723219613774 0.0 544000
1723219631174 0.0 548000
1723219646988 0.0 552000
1723219662458 0.0 556000
1723219678906 0.0 560000
1723219694523 0.0 564000
1723219710107 0.0 568000
1723219725901 0.0 572000
1723219741459 0.0 576000
1723219755652 0.0 580000
1723219771203 0.0 584000
1723219787725 0.0 588000
1723219803328 0.0 592000
1723219818911 0.0 596000
1723219834581 0.0 600000
1723219850249 0.0 604000
1723219867184 0.0 608000
1723219883456 0.0 612000
1723219898981 0.0 616000
1723219914403 0.0 620000
1723219929543 0.0 624000
1723219945356 0.0 628000
1723219961016 0.0 632000
1723219976521 0.0 636000
1723219991981 0.0 640000
1723220007635 0.0 644000
1723220023018 0.0 648000
1723220037495 0.0 652000
1723220052716 0.0 656000
1723220068352 0.0 660000
1723220084128 0.0 664000
1723220099904 0.0 668000
1723220115336 0.0 672000
1723220131500 0.0 676000
1723220147155 0.0 680000
1723220162660 0.0 684000
1723220178581 0.0 688000
1723220194646 0.0 692000
1723220210304 0.0 696000
1723220225704 0.0 700000
1723220240802 0.0 704000
1723220256917 0.0 708000
1723220272324 0.0 712000
1723220288371 0.0 716000
1723220304181 0.0 720000
1723220318853 0.0 724000
1723220334023 0.0 728000
1723220349522 0.0 732000
1723220365435 0.0 736000
1723220381101 0.0 740000
1723220396785 0.0 744000
1723220412316 0.0 748000
1723220428381 0.0 752000
1723220444423 0.0 756000
1723220459702 0.0 760000
1723220475798 0.0 764000
1723220492415 0.0 768000
1723220508360 0.0 772000
1723220524272 0.0 776000
1723220540056 0.0 780000
1723220556275 0.0 784000
1723220571931 0.0 788000
1723220588263 0.0 792000
1723220604331 0.0 796000
1723220619865 0.0 800000
