1723217322568 0.0 4000
1723217337875 0.0 8000
1723217352993 0.0 12000
1723217368150 0.0 16000
1723217383099 0.0 20000
1723217398289 0.0 24000
1723217413434 0.0 28000
1723217428493 0.0 32000
1723217443785 0.0 36000
1723217459044 0.0 40000
1723217474625 0.0 44000
1723217489891 0.0 48000
1723217505169 0.0 52000
1723217520466 0.0 56000
1723217535573 0.0 60000
1723217550832 0.0 64000
1723217566104 0.0 68000
1723217581388 0.0 72000
1723217596836 0.0 76000
1723217612287 0.0 80000
1723217629678 0.0 84000
1723217646523 0.0 88000
1723217663276 0.0 92000
1723217680375 0.0 96000
1723217697057 0.0 100000
1723217713391 0.0 104000
1723217730137 0.0 108000
1723217747489 0.0 112000
1723217764254 0.0 116000
1723217779989 0.0 120000
1723217796335 0.0 124000
1723217812949 0.0 128000
1723217829936 0.0 132000
1723217846686 0.0 136000
1723217864081 0.0 140000
1723217881157 0.0 144000
1723217898167 0.0 148000
1723217915473 0.0 152000
1723217932643 0.0 156000
1723217949177 0.0 160000
1723217966000 0.0 164000
1723217983060 0.0 168000
1723217999632 0.0 172000
1723218015859 0.0 176000
1723218032487 0.0 180000
1723218048926 0.0 184000
1723218065406 0.0 188000
1723218082254 0.0 192000
1723218098823 0.0 196000
1723218115735 0.0 200000
1723218132612 0.0 204000
1723218149572 0.0 208000
1723218166158 0.0 212000
1723218182817 0.0 216000
1723218197897 0.0 220000
1723218214792 0.0 224000
1723218231320 0.0 228000
1723218247603 0.0 232000
1723218263764 0.0 236000
1723218279776 0.0 240000
1723218296695 0.0 244000
1723218313439 0.0 248000
1723218330064 0.0 252000
1723218346407 0.0 256000
1723218362717 0.0 260000
1723218378647 0.0 264000
1723218394127 0.0 268000
1723218409993 0.0 272000
1723218426095 0.0 276000
1723218442103 0.0 280000
1723218457775 0.0 284000
1723218472675 0.0 288000
1723218488724 0.0 292000
1723218504405 0.0 296000
1723218520078 0.0 300000
1723218535959 0.0 304000
1723218551460 0.0 308000
1723218567892 0.0 312000
1723218585192 0.0 316000
1723218601504 0.0 320000
1723218617774 0.0 324000
1723218634140 0.0 328000
1723218650335 0.0 332000
1723218666944 0.0 336000
1723218683231 0.0 340000
1723218699620 0.0 344000
1723218824334 0.0 348000
1723218841019 0.0 352000
1723218857146 0.0 356000
1723218872407 0.0 360000
1723218889737 0.0 364000
1723218904844 0.0 368000
1723218920271 0.0 372000
1723218935486 0.0 376000
1723218951014 0.0 380000
1723218966467 0.0 384000
1723218984877 0.0 388000
1723219006422 0.0 392000
1723219023256 0.0 396000
1723219038379 0.0 400000
1723219052636 0.0 404000
1723219068864 0.0 408000
1723219084801 0.0 412000
1723219100527 0.0 416000
1723219116527 0.0 420000
1723219132549 0.0 424000
1723219149011 0.0 428000
1723219166376 0.0 432000
1723219182921 0.0 436000
1723219199645 0.0 440000
1723219215667 0.0 444000
1723219232183 0.0 448000
1723219248159 0.0 452000
1723219264399 0.0 456000
1723219280415 0.0 460000
1723219296338 0.0 464000
1723219312512 0.0 468000
1723219328135 0.0 472000
1723219345833 0.0 476000
1723219362356 0.0 480000
1723219378676 0.0 484000
1723219394335 0.0 488000
1723219410503 0.0 492000
1723219425333 0.0 496000
1723219440707 0.0 500000
1723219456519 0.0 504000
1723219472378 0.0 508000
1723219487444 0.0 512000
1723219502820 0.0 516000
1723219518688 0.0 520000
1723219534843 0.0 524000
1723219550479 0.0 528000
1723219566195 0.0 532000
1723219582175 0.0 536000
1723219598380 0.0 540000
1723219613794 0.0 544000
1723219631193 0.0 548000
1723219647011 0.0 552000
1723219662478 0.0 556000
1723219678925 0.0 560000
1723219694541 0.0 564000
1723219710132 0.0 568000
1723219725924 0.0 572000
1723219741478 0.0 576000
1723219755671 0.0 580000
1723219771223 0.0 584000
1723219787751 0.0 588000
1723219803348 0.0 592000
1723219818936 0.0 596000
1723219834599 0.0 600000
1723219850268 0.0 604000
1723219867208 0.0 608000
1723219883480 0.0 612000
1723219899000 0.0 616000
1723219914422 0.0 620000
1723219929561 0.0 624000
1723219945375 0.0 628000
1723219961034 0.0 632000
1723219976539 0.0 636000
1723219991999 0.0 640000
1723220007660 0.0 644000
1723220023041 0.0 648000
1723220037517 0.0 652000
1723220052736 0.0 656000
1723220068374 0.0 660000
1723220084166 0.0 664000
1723220099924 0.0 668000
1723220115362 0.0 672000
1723220131519 0.0 676000
1723220147174 0.0 680000
1723220162681 0.0 684000
1723220178600 0.0 688000
1723220194666 0.0 692000
1723220210323 0.0 696000
1723220225729 0.0 700000
1723220240820 0.0 704000
1723220256937 0.0 708000
1723220272346 0.0 712000
1723220288395 0.0 716000
1723220304200 0.0 720000
1723220318880 0.0 724000
1723220334042 0.0 728000
1723220349542 0.0 732000
1723220365453 0.0 736000
1723220381121 0.0 740000
1723220396804 0.0 744000
1723220412335 0.0 748000
1723220428400 0.0 752000
1723220444442 0.0 756000
1723220459721 0.0 760000
1723220475818 0.0 764000
1723220492434 0.0 768000
1723220508381 0.0 772000
1723220524292 0.0 776000
1723220540075 0.0 780000
1723220556294 0.0 784000
1723220571950 0.0 788000
1723220588282 0.0 792000
1723220604349 0.0 796000
1723220619884 0.0 800000
