1723217322573 -1.0 4000
1723217337879 -1.0 8000
1723217352996 -1.0 12000
1723217368157 -1.0 16000
1723217383104 -1.0 20000
1723217398293 -1.0 24000
1723217413438 -1.0 28000
1723217428497 -1.0 32000
1723217443789 -1.0 36000
1723217459049 -1.0 40000
1723217474629 -1.0 44000
1723217489895 -1.0 48000
1723217505173 -1.0 52000
1723217520470 -1.0 56000
1723217535577 -1.0 60000
1723217550840 -1.0 64000
1723217566108 -1.0 68000
1723217581393 -1.0 72000
1723217596841 -1.0 76000
1723217612293 -1.0 80000
1723217629682 -1.0 84000
1723217646527 -1.0 88000
1723217663281 -1.0 92000
1723217680379 -1.0 96000
1723217697063 -1.0 100000
1723217713395 -1.0 104000
1723217730147 -1.0 108000
1723217747495 -1.0 112000
1723217764258 -1.0 116000
1723217779993 -1.0 120000
1723217796339 -1.0 124000
1723217812954 -1.0 128000
1723217829940 -1.0 132000
1723217846690 -1.0 136000
1723217864085 -1.0 140000
1723217881161 -1.0 144000
1723217898170 -1.0 148000
1723217915477 -1.0 152000
1723217932647 -1.0 156000
1723217949182 -1.0 160000
1723217966006 -1.0 164000
1723217983064 -1.0 168000
1723217999636 -1.0 172000
1723218015863 -1.0 176000
1723218032492 -1.0 180000
1723218048930 -1.0 184000
1723218065410 -1.0 188000
1723218082258 -1.0 192000
1723218098827 -1.0 196000
1723218115739 -1.0 200000
1723218132616 -1.0 204000
1723218149576 -1.0 208000
1723218166162 -1.0 212000
1723218182822 -1.0 216000
1723218197902 -1.0 220000
1723218214795 -1.0 224000
1723218231324 -1.0 228000
1723218247607 -1.0 232000
1723218263768 -1.0 236000
1723218279780 -1.0 240000
1723218296699 -1.0 244000
1723218313444 -1.0 248000
1723218330068 -1.0 252000
1723218346413 -1.0 256000
1723218362722 -1.0 260000
1723218378652 -1.0 264000
1723218394131 -1.0 268000
1723218409998 -1.0 272000
1723218426099 -1.0 276000
1723218442107 -1.0 280000
1723218457779 -1.0 284000
1723218472679 -1.0 288000
1723218488729 -1.0 292000
1723218504409 -1.0 296000
1723218520082 -1.0 300000
1723218535964 -1.0 304000
1723218551464 -1.0 308000
1723218567896 -1.0 312000
1723218585196 -1.0 316000
1723218601509 -1.0 320000
1723218617778 -1.0 324000
1723218634144 -1.0 328000
1723218650340 -1.0 332000
1723218666948 -1.0 336000
1723218683235 -1.0 340000
1723218699624 -1.0 344000
1723218824338 -1.0 348000
1723218841022 -1.0 352000
1723218857150 -1.0 356000
1723218872411 -1.0 360000
1723218889741 -1.0 364000
1723218904848 -1.0 368000
1723218920275 -1.0 372000
1723218935489 -1.0 376000
1723218951018 -1.0 380000
1723218966471 -1.0 384000
1723218984882 -1.0 388000
1723219006428 -1.0 392000
1723219023260 -1.0 396000
1723219038382 -1.0 400000
1723219052641 -1.0 404000
1723219068868 -1.0 408000
1723219084804 -1.0 412000
1723219100531 -1.0 416000
1723219116531 -1.0 420000
1723219132553 -1.0 424000
1723219149015 -1.0 428000
1723219166380 -1.0 432000
1723219182925 -1.0 436000
1723219199649 -1.0 440000
1723219215671 -1.0 444000
1723219232187 -1.0 448000
1723219248162 -1.0 452000
1723219264403 -1.0 456000
1723219280421 -1.0 460000
1723219296343 -1.0 464000
1723219312516 -1.0 468000
1723219328140 -1.0 472000
1723219345837 -1.0 476000
1723219362360 -1.0 480000
1723219378680 -1.0 484000
1723219394339 -1.0 488000
1723219410507 -1.0 492000
1723219425337 -1.0 496000
1723219440711 -1.0 500000
1723219456523 -1.0 504000
1723219472382 -1.0 508000
1723219487448 -1.0 512000
1723219502824 -1.0 516000
1723219518692 -1.0 520000
1723219534847 -1.0 524000
1723219550483 -1.0 528000
1723219566198 -1.0 532000
1723219582179 -1.0 536000
1723219598384 -1.0 540000
1723219613798 -1.0 544000
1723219631197 -1.0 548000
1723219647015 -1.0 552000
1723219662482 -1.0 556000
1723219678930 -1.0 560000
1723219694545 -1.0 564000
1723219710136 -1.0 568000
1723219725928 -1.0 572000
1723219741482 -1.0 576000
1723219755675 -1.0 580000
1723219771227 -1.0 584000
1723219787757 -1.0 588000
1723219803352 -1.0 592000
1723219818940 -1.0 596000
1723219834603 -1.0 600000
1723219850272 -1.0 604000
1723219867212 -1.0 608000
1723219883486 -1.0 612000
1723219899005 -1.0 616000
1723219914426 -1.0 620000
1723219929565 -1.0 624000
1723219945379 -1.0 628000
1723219961038 -1.0 632000
1723219976543 -1.0 636000
1723219992003 -1.0 640000
1723220007665 -1.0 644000
1723220023047 -1.0 648000
1723220037523 -1.0 652000
1723220052740 -1.0 656000
1723220068378 -1.0 660000
1723220084170 -1.0 664000
1723220099928 -1.0 668000
1723220115367 -1.0 672000
1723220131523 -1.0 676000
1723220147178 -1.0 680000
1723220162685 -1.0 684000
1723220178604 -1.0 688000
1723220194670 -1.0 692000
1723220210327 -1.0 696000
1723220225733 -1.0 700000
1723220240824 -1.0 704000
1723220256941 -1.0 708000
1723220272349 -1.0 712000
1723220288399 -1.0 716000
1723220304204 -1.0 720000
1723220318885 -1.0 724000
1723220334046 -1.0 728000
1723220349546 -1.0 732000
1723220365458 -1.0 736000
1723220381125 -1.0 740000
1723220396810 -1.0 744000
1723220412339 -1.0 748000
1723220428404 -1.0 752000
1723220444446 -1.0 756000
1723220459725 -1.0 760000
1723220475822 -1.0 764000
1723220492438 -1.0 768000
1723220508385 -1.0 772000
1723220524296 -1.0 776000
1723220540080 -1.0 780000
1723220556298 -1.0 784000
1723220571954 -1.0 788000
1723220588286 -1.0 792000
1723220604353 -1.0 796000
1723220619888 -1.0 800000
