1723217322542 0.0 4000
1723217337853 0.0 8000
1723217352971 0.0 12000
1723217368129 0.0 16000
1723217383074 0.0 20000
1723217398268 0.0 24000
1723217413413 0.0 28000
1723217428471 0.0 32000
1723217443764 0.0 36000
1723217459017 0.0 40000
1723217474603 0.0 44000
1723217489865 0.0 48000
1723217505145 0.0 52000
1723217520444 0.0 56000
1723217535548 0.0 60000
1723217550809 0.0 64000
1723217566080 0.0 68000
1723217581367 0.0 72000
1723217596812 0.0 76000
1723217612257 0.0 80000
1723217629656 0.0 84000
1723217646500 0.0 88000
1723217663255 0.0 92000
1723217680354 0.0 96000
1723217697033 0.0 100000
1723217713367 0.0 104000
1723217730113 0.0 108000
1723217747464 0.0 112000
1723217764233 0.0 116000
1723217779964 0.0 120000
1723217796314 0.0 124000
1723217812927 0.0 128000
1723217829913 0.0 132000
1723217846664 0.0 136000
1723217864059 0.0 140000
1723217881135 0.0 144000
1723217898145 0.0 148000
1723217915451 0.0 152000
1723217932620 0.0 156000
1723217949153 0.0 160000
1723217965977 0.0 164000
1723217983038 0.0 168000
1723217999608 0.0 172000
1723218015837 0.0 176000
1723218032465 0.0 180000
1723218048904 0.0 184000
1723218065383 0.0 188000
1723218082230 0.0 192000
1723218098800 0.0 196000
1723218115709 0.0 200000
1723218132587 0.0 204000
1723218149550 0.0 208000
1723218166135 0.0 212000
1723218182791 0.0 216000
1723218197871 0.0 220000
1723218214769 0.0 224000
1723218231298 0.0 228000
1723218247580 0.0 232000
1723218263742 0.0 236000
1723218279753 0.0 240000
1723218296672 0.0 244000
1723218313417 0.0 248000
1723218330042 0.0 252000
1723218346381 0.0 256000
1723218362690 0.0 260000
1723218378624 0.0 264000
1723218394106 0.0 268000
1723218409972 0.0 272000
1723218426074 0.0 276000
1723218442079 0.0 280000
1723218457752 0.0 284000
1723218472647 0.0 288000
1723218488702 0.0 292000
1723218504383 0.0 296000
1723218520054 0.0 300000
1723218535935 0.0 304000
1723218551435 0.0 308000
1723218567871 0.0 312000
1723218585171 0.0 316000
1723218601482 0.0 320000
1723218617752 0.0 324000
1723218634118 0.0 328000
1723218650314 0.0 332000
1723218666920 0.0 336000
1723218683211 0.0 340000
1723218699598 0.0 344000
1723218824311 0.0 348000
1723218840992 0.0 352000
1723218857124 0.0 356000
1723218872385 0.0 360000
1723218889714 0.0 364000
1723218904823 0.0 368000
1723218920244 0.0 372000
1723218935463 0.0 376000
1723218950991 0.0 380000
1723218966446 0.0 384000
1723218984852 0.0 388000
1723219006385 0.0 392000
1723219023236 0.0 396000
1723219038358 0.0 400000
1723219052613 0.0 404000
1723219068843 0.0 408000
1723219084780 0.0 412000
1723219100507 0.0 416000
1723219116505 0.0 420000
1723219132528 0.0 424000
1723219148989 0.0 428000
1723219166354 0.0 432000
1723219182899 0.0 436000
1723219199623 0.0 440000
1723219215646 0.0 444000
1723219232161 0.0 448000
1723219248138 0.0 452000
1723219264378 0.0 456000
1723219280389 0.0 460000
1723219296315 0.0 464000
1723219312490 0.0 468000
1723219328114 0.0 472000
1723219345812 0.0 476000
1723219362334 0.0 480000
1723219378656 0.0 484000
1723219394314 0.0 488000
1723219410483 0.0 492000
1723219425305 0.0 496000
1723219440687 0.0 500000
1723219456498 0.0 504000
1723219472351 0.0 508000
1723219487422 0.0 512000
1723219502799 0.0 516000
1723219518668 0.0 520000
1723219534822 0.0 524000
1723219550458 0.0 528000
1723219566174 0.0 532000
1723219582154 0.0 536000
1723219598354 0.0 540000
1723219613772 0.0 544000
1723219631172 0.0 548000
1723219646985 0.0 552000
1723219662456 0.0 556000
1723219678904 0.0 560000
1723219694521 0.0 564000
1723219710105 0.0 568000
1723219725899 0.0 572000
1723219741457 0.0 576000
1723219755649 0.0 580000
1723219771201 0.0 584000
1723219787723 0.0 588000
1723219803325 0.0 592000
1723219818909 0.0 596000
1723219834579 0.0 600000
1723219850247 0.0 604000
1723219867181 0.0 608000
1723219883454 0.0 612000
1723219898979 0.0 616000
1723219914401 0.0 620000
1723219929540 0.0 624000
1723219945354 0.0 628000
1723219961013 0.0 632000
1723219976518 0.0 636000
1723219991979 0.0 640000
1723220007632 0.0 644000
1723220023016 0.0 648000
1723220037493 0.0 652000
1723220052713 0.0 656000
1723220068349 0.0 660000
1723220084125 0.0 664000
1723220099902 0.0 668000
1723220115334 0.0 672000
1723220131498 0.0 676000
1723220147153 0.0 680000
1723220162657 0.0 684000
1723220178578 0.0 688000
1723220194643 0.0 692000
1723220210302 0.0 696000
1723220225702 0.0 700000
1723220240800 0.0 704000
1723220256915 0.0 708000
1723220272319 0.0 712000
1723220288369 0.0 716000
1723220304179 0.0 720000
1723220318850 0.0 724000
1723220334021 0.0 728000
1723220349520 0.0 732000
1723220365432 0.0 736000
1723220381099 0.0 740000
1723220396783 0.0 744000
1723220412314 0.0 748000
1723220428379 0.0 752000
1723220444420 0.0 756000
1723220459700 0.0 760000
1723220475796 0.0 764000
1723220492413 0.0 768000
1723220508358 0.0 772000
1723220524270 0.0 776000
1723220540054 0.0 780000
1723220556272 0.0 784000
1723220571928 0.0 788000
1723220588261 0.0 792000
1723220604328 0.0 796000
1723220619862 0.0 800000
