1723217322583 1.0 4000
1723217337885 1.0 8000
1723217353002 1.0 12000
1723217368164 1.0 16000
1723217383111 1.0 20000
1723217398299 1.0 24000
1723217413444 1.0 28000
1723217428503 1.0 32000
1723217443795 1.0 36000
1723217459056 1.0 40000
1723217474634 1.0 44000
1723217489901 1.0 48000
1723217505178 1.0 52000
1723217520477 1.0 56000
1723217535583 1.0 60000
1723217550848 1.0 64000
1723217566116 1.0 68000
1723217581398 1.0 72000
1723217596847 1.0 76000
1723217612300 1.0 80000
1723217629687 1.0 84000
1723217646532 1.0 88000
1723217663288 1.0 92000
1723217680385 1.0 96000
1723217697069 1.0 100000
1723217713405 1.0 104000
1723217730152 1.0 108000
1723217747502 1.0 112000
1723217764263 1.0 116000
1723217779999 1.0 120000
1723217796347 1.0 124000
1723217812961 1.0 128000
1723217829947 1.0 132000
1723217846696 1.0 136000
1723217864091 1.0 140000
1723217881167 1.0 144000
1723217898176 1.0 148000
1723217915483 1.0 152000
1723217932653 1.0 156000
1723217949190 1.0 160000
1723217966014 1.0 164000
1723217983070 1.0 168000
1723217999642 1.0 172000
1723218015869 1.0 176000
1723218032499 1.0 180000
1723218048936 1.0 184000
1723218065415 1.0 188000
1723218082264 1.0 192000
1723218098833 1.0 196000
1723218115745 1.0 200000
1723218132622 1.0 204000
1723218149581 1.0 208000
1723218166168 1.0 212000
1723218182827 1.0 216000
1723218197909 1.0 220000
1723218214801 1.0 224000
1723218231330 1.0 228000
1723218247613 1.0 232000
1723218263773 1.0 236000
1723218279791 1.0 240000
1723218296705 1.0 244000
1723218313450 1.0 248000
1723218330074 1.0 252000
1723218346422 1.0 256000
1723218362730 1.0 260000
1723218378658 1.0 264000
1723218394137 1.0 268000
1723218410003 1.0 272000
1723218426105 1.0 276000
1723218442113 1.0 280000
1723218457784 1.0 284000
1723218472685 1.0 288000
1723218488735 1.0 292000
1723218504415 1.0 296000
1723218520088 1.0 300000
1723218535970 1.0 304000
1723218551469 1.0 308000
1723218567902 1.0 312000
1723218585201 1.0 316000
1723218601514 1.0 320000
1723218617784 1.0 324000
1723218634149 1.0 328000
1723218650345 1.0 332000
1723218666955 1.0 336000
1723218683240 1.0 340000
1723218699629 1.0 344000
1723218824344 1.0 348000
1723218841028 1.0 352000
1723218857156 1.0 356000
1723218872416 1.0 360000
1723218889746 1.0 364000
1723218904853 1.0 368000
1723218920280 1.0 372000
1723218935495 1.0 376000
1723218951023 1.0 380000
1723218966477 1.0 384000
1723218984889 1.0 388000
1723219006436 1.0 392000
1723219023266 1.0 396000
1723219038388 1.0 400000
1723219052649 1.0 404000
1723219068875 1.0 408000
1723219084810 1.0 412000
1723219100536 1.0 416000
1723219116536 1.0 420000
1723219132558 1.0 424000
1723219149020 1.0 428000
1723219166385 1.0 432000
1723219182931 1.0 436000
1723219199655 1.0 440000
1723219215677 1.0 444000
1723219232192 1.0 448000
1723219248168 1.0 452000
1723219264409 1.0 456000
1723219280429 1.0 460000
1723219296348 1.0 464000
1723219312521 1.0 468000
1723219328145 1.0 472000
1723219345843 1.0 476000
1723219362366 1.0 480000
1723219378686 1.0 484000
1723219394344 1.0 488000
1723219410513 1.0 492000
1723219425343 1.0 496000
1723219440717 1.0 500000
1723219456529 1.0 504000
1723219472387 1.0 508000
1723219487454 1.0 512000
1723219502829 1.0 516000
1723219518698 1.0 520000
1723219534853 1.0 524000
1723219550488 1.0 528000
1723219566204 1.0 532000
1723219582184 1.0 536000
1723219598390 1.0 540000
1723219613804 1.0 544000
1723219631203 1.0 548000
1723219647022 1.0 552000
1723219662487 1.0 556000
1723219678935 1.0 560000
1723219694550 1.0 564000
1723219710142 1.0 568000
1723219725933 1.0 572000
1723219741487 1.0 576000
1723219755680 1.0 580000
1723219771233 1.0 584000
1723219787764 1.0 588000
1723219803357 1.0 592000
1723219818946 1.0 596000
1723219834609 1.0 600000
1723219850278 1.0 604000
1723219867218 1.0 608000
1723219883492 1.0 612000
1723219899010 1.0 616000
1723219914431 1.0 620000
1723219929570 1.0 624000
1723219945384 1.0 628000
1723219961043 1.0 632000
1723219976549 1.0 636000
1723219992009 1.0 640000
1723220007672 1.0 644000
1723220023053 1.0 648000
1723220037530 1.0 652000
1723220052745 1.0 656000
1723220068384 1.0 660000
1723220084176 1.0 664000
1723220099933 1.0 668000
1723220115374 1.0 672000
1723220131528 1.0 676000
1723220147183 1.0 680000
1723220162691 1.0 684000
1723220178610 1.0 688000
1723220194675 1.0 692000
1723220210332 1.0 696000
1723220225739 1.0 700000
1723220240830 1.0 704000
1723220256947 1.0 708000
1723220272355 1.0 712000
1723220288405 1.0 716000
1723220304209 1.0 720000
1723220318895 1.0 724000
1723220334052 1.0 728000
1723220349551 1.0 732000
1723220365464 1.0 736000
1723220381130 1.0 740000
1723220396817 1.0 744000
1723220412345 1.0 748000
1723220428409 1.0 752000
1723220444452 1.0 756000
1723220459731 1.0 760000
1723220475827 1.0 764000
1723220492444 1.0 768000
1723220508390 1.0 772000
1723220524302 1.0 776000
1723220540085 1.0 780000
1723220556305 1.0 784000
1723220571960 1.0 788000
1723220588292 1.0 792000
1723220604359 1.0 796000
1723220619894 1.0 800000
