1723171812062 1.0 4000
1723171825448 1.0 8000
1723171838170 1.0 12000
1723171851751 1.0 16000
1723171869933 1.0 20000
1723171886425 1.0 24000
1723171904870 1.0 28000
1723171922411 1.0 32000
1723171940919 1.0 36000
1723171958908 1.0 40000
1723171977218 1.0 44000
1723171994403 1.0 48000
1723172010959 1.0 52000
1723172029670 1.0 56000
1723172044749 1.0 60000
1723172058673 1.0 64000
1723172072309 1.0 68000
1723172086237 1.0 72000
1723172099990 1.0 76000
1723172113422 1.0 80000
1723172126008 1.0 84000
1723172139056 1.0 88000
1723172151544 1.0 92000
1723172163989 1.0 96000
1723172176735 1.0 100000
1723172189610 1.0 104000
1723172201818 1.0 108000
1723172214571 1.0 112000
1723172227427 1.0 116000
1723172240104 1.0 120000
1723172252913 1.0 124000
1723172265491 1.0 128000
1723172278135 1.0 132000
1723172290528 1.0 136000
1723172303016 1.0 140000
1723172315601 1.0 144000
1723172328111 1.0 148000
1723172340444 1.0 152000
1723172353016 1.0 156000
1723172365077 1.0 160000
1723172376930 1.0 164000
1723172389985 1.0 168000
1723172402592 1.0 172000
1723172414589 1.0 176000
1723172426780 1.0 180000
1723172439180 1.0 184000
1723172451837 1.0 188000
1723172465529 1.0 192000
1723172478535 1.0 196000
1723172494397 1.0 200000
1723172507757 1.0 204000
1723172524634 1.0 208000
1723172546693 1.0 212000
1723172563823 1.0 216000
1723172581178 1.0 220000
1723172598087 1.0 224000
1723172613448 1.0 228000
1723172628780 1.0 232000
1723172644008 1.0 236000
1723172659941 1.0 240000
1723172675799 1.0 244000
1723172692127 1.0 248000
1723172707083 1.0 252000
1723172721815 1.0 256000
1723172738297 1.0 260000
1723172756120 1.0 264000
1723172771001 1.0 268000
1723172785987 1.0 272000
1723172800903 1.0 276000
1723172815767 1.0 280000
1723172830435 1.0 284000
1723172844888 1.0 288000
1723172859269 1.0 292000
1723172874471 1.0 296000
1723172889290 1.0 300000
1723172903661 1.0 304000
1723172919794 1.0 308000
1723172934694 1.0 312000
1723172948528 1.0 316000
1723172963182 1.0 320000
1723172977730 1.0 324000
1723172992119 1.0 328000
1723173006939 1.0 332000
1723173022380 1.0 336000
1723173036759 1.0 340000
1723173051298 1.0 344000
1723173065677 1.0 348000
1723173080183 1.0 352000
1723173094720 1.0 356000
1723173109397 1.0 360000
1723173125499 1.0 364000
1723173140486 1.0 368000
1723173155637 1.0 372000
1723173171522 1.0 376000
1723173186392 1.0 380000
1723173201449 1.0 384000
1723173216084 1.0 388000
1723173230961 1.0 392000
1723173245624 1.0 396000
1723173259813 1.0 400000
1723173274616 1.0 404000
1723173289053 1.0 408000
1723173302866 1.0 412000
1723173317059 1.0 416000
1723173331049 1.0 420000
1723173344717 1.0 424000
1723173359345 1.0 428000
1723173374465 1.0 432000
1723173388033 1.0 436000
1723173401057 1.0 440000
1723173417295 1.0 444000
1723173434364 1.0 448000
1723173452291 1.0 452000
1723173472632 1.0 456000
1723173492626 1.0 460000
1723173511558 1.0 464000
1723173529364 1.0 468000
1723173544116 1.0 472000
1723173568088 1.0 476000
1723173585308 1.0 480000
1723173600875 1.0 484000
1723173616368 1.0 488000
1723173631753 1.0 492000
1723173646216 1.0 496000
1723173661986 1.0 500000
1723173679542 1.0 504000
1723173698976 1.0 508000
1723173715856 1.0 512000
1723173729842 1.0 516000
1723173741840 1.0 520000
1723173753998 1.0 524000
1723173766878 1.0 528000
1723173779501 1.0 532000
1723173796111 1.0 536000
1723173814629 1.0 540000
1723173834478 1.0 544000
1723173855043 1.0 548000
1723173868917 1.0 552000
1723173887158 1.0 556000
1723173903173 1.0 560000
1723173916603 1.0 564000
1723173942227 1.0 568000
1723173958480 1.0 572000
1723173972755 1.0 576000
1723173988076 1.0 580000
1723174003722 1.0 584000
1723174019225 1.0 588000
1723174034016 1.0 592000
1723174049959 1.0 596000
1723174064435 1.0 600000
1723174079888 1.0 604000
1723174093359 1.0 608000
1723174108910 1.0 612000
1723174123214 1.0 616000
1723174137214 1.0 620000
1723174150892 1.0 624000
1723174164504 1.0 628000
1723174178009 1.0 632000
1723174191318 1.0 636000
1723174205192 1.0 640000
1723174218572 1.0 644000
1723174231981 1.0 648000
1723174245400 1.0 652000
1723174258679 1.0 656000
1723174272724 1.0 660000
1723174286004 1.0 664000
1723174299376 1.0 668000
1723174312967 1.0 672000
1723174326425 1.0 676000
1723174340055 1.0 680000
1723174353419 1.0 684000
1723174366626 1.0 688000
1723174379039 1.0 692000
1723174392490 1.0 696000
1723174405866 1.0 700000
1723174419180 1.0 704000
1723174432553 1.0 708000
1723174445856 1.0 712000
1723174459125 1.0 716000
1723174471937 1.0 720000
1723174485494 1.0 724000
1723174499174 1.0 728000
1723174512503 1.0 732000
1723174525737 1.0 736000
1723174539763 1.0 740000
1723174553211 1.0 744000
1723174567140 1.0 748000
1723174580369 1.0 752000
1723174594417 1.0 756000
1723174607454 1.0 760000
1723174621230 1.0 764000
1723174634874 1.0 768000
1723174648379 1.0 772000
1723174662026 1.0 776000
1723174675962 1.0 780000
1723174689563 1.0 784000
1723174702893 1.0 788000
1723174716261 1.0 792000
1723174730042 1.0 796000
1723174744002 1.0 800000
1723174757137 1.0 804000
1723174770163 1.0 808000
1723174783231 1.0 812000
1723174796633 1.0 816000
1723174809865 1.0 820000
1723174823391 1.0 824000
1723174836708 1.0 828000
1723174850457 1.0 832000
1723174864157 1.0 836000
1723174877644 1.0 840000
1723174890694 1.0 844000
1723174904388 1.0 848000
1723174917562 1.0 852000
1723174930503 1.0 856000
1723174943681 1.0 860000
1723174957216 1.0 864000
1723174971315 1.0 868000
1723174984839 1.0 872000
1723174998281 1.0 876000
1723175011771 1.0 880000
1723175025639 1.0 884000
1723175038998 1.0 888000
1723175052007 1.0 892000
1723175065357 1.0 896000
1723175078899 1.0 900000
1723175091990 1.0 904000
1723175105077 1.0 908000
1723175118354 1.0 912000
1723175131961 1.0 916000
1723175145240 1.0 920000
1723175158684 1.0 924000
1723175172567 1.0 928000
1723175186579 1.0 932000
1723175200692 1.0 936000
1723175214895 1.0 940000
1723175228630 1.0 944000
1723175242201 1.0 948000
1723175255897 1.0 952000
1723175269362 1.0 956000
1723175283344 1.0 960000
1723175296959 1.0 964000
1723175310741 1.0 968000
1723175324609 1.0 972000
1723175338161 1.0 976000
1723175351514 1.0 980000
1723175365047 1.0 984000
1723175378277 1.0 988000
1723175392474 1.0 992000
1723175406010 1.0 996000
1723175419154 1.0 1000000
1723175432309 1.0 1004000
1723175445729 1.0 1008000
1723175459162 1.0 1012000
1723175472621 1.0 1016000
1723175487641 1.0 1020000
1723175501183 1.0 1024000
1723175514732 1.0 1028000
1723175528067 1.0 1032000
1723175541336 1.0 1036000
1723175555330 1.0 1040000
1723175569989 1.0 1044000
1723175583676 1.0 1048000
1723175597290 1.0 1052000
1723175611049 1.0 1056000
1723175624534 1.0 1060000
1723175637994 1.0 1064000
1723175652544 1.0 1068000
1723175666223 1.0 1072000
1723175679504 1.0 1076000
1723175693227 1.0 1080000
1723175706869 1.0 1084000
1723175720290 1.0 1088000
1723175733621 1.0 1092000
1723175747155 1.0 1096000
1723175760991 1.0 1100000
1723175773088 1.0 1104000
1723175786928 1.0 1108000
1723175800065 1.0 1112000
1723175813592 1.0 1116000
1723175827598 1.0 1120000
1723175841368 1.0 1124000
1723175853678 1.0 1128000
1723175868014 1.0 1132000
1723175881520 1.0 1136000
1723175895175 1.0 1140000
1723175908442 1.0 1144000
1723175922376 1.0 1148000
1723175936467 1.0 1152000
1723175950250 1.0 1156000
1723175963874 1.0 1160000
1723175977104 1.0 1164000
1723175990448 1.0 1168000
1723176003971 1.0 1172000
1723176017083 1.0 1176000
1723176030463 1.0 1180000
1723176044358 1.0 1184000
1723176058800 1.0 1188000
1723176072173 1.0 1192000
1723176085237 1.0 1196000
1723176099092 1.0 1200000
1723176112963 1.0 1204000
1723176126665 1.0 1208000
1723176139972 1.0 1212000
1723176154443 1.0 1216000
1723176168406 1.0 1220000
1723176182138 1.0 1224000
1723176195841 1.0 1228000
1723176209017 1.0 1232000
1723176222176 1.0 1236000
1723176236047 1.0 1240000
1723176249545 1.0 1244000
1723176262352 1.0 1248000
1723176274793 1.0 1252000
1723176287976 1.0 1256000
1723176301088 1.0 1260000
1723176314497 1.0 1264000
1723176327882 1.0 1268000
1723176341148 1.0 1272000
1723176355077 1.0 1276000
1723176368907 1.0 1280000
1723176383310 1.0 1284000
1723176395526 1.0 1288000
1723176408678 1.0 1292000
1723176422074 1.0 1296000
1723176435181 1.0 1300000
1723176448916 1.0 1304000
1723176462139 1.0 1308000
1723176475887 1.0 1312000
1723176490078 1.0 1316000
1723176502736 1.0 1320000
1723176516119 1.0 1324000
1723176530440 1.0 1328000
1723176544856 1.0 1332000
1723176558160 1.0 1336000
1723176572122 1.0 1340000
1723176585647 1.0 1344000
1723176599568 1.0 1348000
1723176613504 1.0 1352000
1723176627228 1.0 1356000
1723176640655 1.0 1360000
1723176654141 1.0 1364000
1723176667860 1.0 1368000
1723176681430 1.0 1372000
1723176694994 1.0 1376000
1723176708603 1.0 1380000
1723176722041 1.0 1384000
1723176735506 1.0 1388000
1723176748873 1.0 1392000
1723176762365 1.0 1396000
1723176776153 1.0 1400000
1723176789963 1.0 1404000
1723176803600 1.0 1408000
1723176816712 1.0 1412000
1723176830362 1.0 1416000
1723176844072 1.0 1420000
1723176857368 1.0 1424000
1723176871047 1.0 1428000
1723176884697 1.0 1432000
1723176898679 1.0 1436000
1723176912457 1.0 1440000
1723176926092 1.0 1444000
1723176939464 1.0 1448000
1723176953012 1.0 1452000
1723176966127 1.0 1456000
1723176979510 1.0 1460000
1723176992939 1.0 1464000
1723177006356 1.0 1468000
1723177019763 1.0 1472000
1723177033198 1.0 1476000
1723177046721 1.0 1480000
1723177060382 1.0 1484000
1723177074241 1.0 1488000
1723177088066 1.0 1492000
1723177101806 1.0 1496000
1723177115454 1.0 1500000
1723177129290 1.0 1504000
1723177143076 1.0 1508000
1723177156376 1.0 1512000
1723177169533 1.0 1516000
1723177183874 1.0 1520000
1723177197301 1.0 1524000
1723177210607 1.0 1528000
1723177223642 1.0 1532000
1723177236889 1.0 1536000
1723177250894 1.0 1540000
1723177264506 1.0 1544000
1723177278875 1.0 1548000
1723177292856 1.0 1552000
1723177306770 1.0 1556000
1723177320535 1.0 1560000
1723177334356 1.0 1564000
1723177347902 1.0 1568000
1723177361761 1.0 1572000
1723177375700 1.0 1576000
1723177389904 1.0 1580000
1723177403490 1.0 1584000
1723177416863 1.0 1588000
1723177430893 1.0 1592000
1723177444918 1.0 1596000
1723177458679 1.0 1600000
1723177472331 1.0 1604000
1723177486226 1.0 1608000
1723177499967 1.0 1612000
1723177513651 1.0 1616000
1723177527892 1.0 1620000
1723177541623 1.0 1624000
1723177555321 1.0 1628000
1723177569654 1.0 1632000
1723177583728 1.0 1636000
1723177597059 1.0 1640000
1723177610756 1.0 1644000
1723177624341 1.0 1648000
1723177637702 1.0 1652000
1723177651430 1.0 1656000
1723177664762 1.0 1660000
1723177678219 1.0 1664000
1723177691863 1.0 1668000
1723177705548 1.0 1672000
1723177718891 1.0 1676000
1723177732943 1.0 1680000
1723177746498 1.0 1684000
1723177759714 1.0 1688000
1723177773555 1.0 1692000
1723177787160 1.0 1696000
1723177800803 1.0 1700000
1723177813924 1.0 1704000
1723177827214 1.0 1708000
1723177840339 1.0 1712000
1723177854648 1.0 1716000
1723177868248 1.0 1720000
1723177882033 1.0 1724000
1723177895327 1.0 1728000
1723177908928 1.0 1732000
1723177921960 1.0 1736000
1723177934799 1.0 1740000
1723177948558 1.0 1744000
1723177962174 1.0 1748000
1723177975840 1.0 1752000
1723177990077 1.0 1756000
1723178003924 1.0 1760000
1723178017753 1.0 1764000
1723178031634 1.0 1768000
1723178045704 1.0 1772000
1723178059037 1.0 1776000
1723178073332 1.0 1780000
1723178087121 1.0 1784000
1723178100804 1.0 1788000
1723178114347 1.0 1792000
1723178127606 1.0 1796000
1723178141378 1.0 1800000
1723178155412 1.0 1804000
1723178170177 1.0 1808000
1723178183787 1.0 1812000
1723178197235 1.0 1816000
1723178210980 1.0 1820000
1723178224817 1.0 1824000
1723178238209 1.0 1828000
1723178251515 1.0 1832000
1723178265454 1.0 1836000
1723178279516 1.0 1840000
1723178293264 1.0 1844000
1723178306859 1.0 1848000
1723178320148 1.0 1852000
1723178334226 1.0 1856000
1723178347758 1.0 1860000
1723178361240 1.0 1864000
1723178374305 1.0 1868000
1723178387717 1.0 1872000
1723178401187 1.0 1876000
1723178414739 1.0 1880000
1723178427868 1.0 1884000
1723178441379 1.0 1888000
1723178454793 1.0 1892000
1723178468803 1.0 1896000
1723178482312 1.0 1900000
1723178496006 1.0 1904000
1723178510360 1.0 1908000
1723178524196 1.0 1912000
1723178537832 1.0 1916000
1723178551661 1.0 1920000
1723178565095 1.0 1924000
1723178578947 1.0 1928000
1723178592919 1.0 1932000
1723178606200 1.0 1936000
1723178619739 1.0 1940000
1723178634031 1.0 1944000
1723178647881 1.0 1948000
1723178661813 1.0 1952000
1723178676728 1.0 1956000
1723178690492 1.0 1960000
1723178704282 1.0 1964000
1723178717863 1.0 1968000
1723178731529 1.0 1972000
1723178744657 1.0 1976000
1723178758586 1.0 1980000
1723178772320 1.0 1984000
1723178786149 1.0 1988000
1723178799550 1.0 1992000
1723178813176 1.0 1996000
1723178827016 1.0 2000000
