1723173953638 0.0 4000
1723173968267 0.0 8000
1723173984112 0.0 12000
1723173999086 0.0 16000
1723174014662 0.0 20000
1723174030100 0.0 24000
1723174046339 0.0 28000
1723174061226 0.0 32000
1723174078176 0.0 36000
1723174093334 0.0 40000
1723174108168 0.0 44000
1723174124681 0.0 48000
1723174139250 0.0 52000
1723174153144 0.0 56000
1723174167314 0.0 60000
1723174181424 0.0 64000
1723174196002 0.0 68000
1723174209806 0.0 72000
1723174224070 0.0 76000
1723174238081 0.0 80000
1723174252311 0.0 84000
1723174266659 0.0 88000
1723174280793 0.0 92000
1723174294683 0.0 96000
1723174308619 0.0 100000
1723174322343 0.0 104000
1723174335986 0.0 108000
1723174350338 0.0 112000
1723174364334 0.0 116000
1723174378742 0.0 120000
1723174394126 0.0 124000
1723174408347 0.0 128000
1723174422244 0.0 132000
1723174436597 0.0 136000
1723174450670 0.0 140000
1723174464534 0.0 144000
1723174478447 0.0 148000
1723174492155 0.0 152000
1723174505756 0.0 156000
1723174519164 0.0 160000
1723174532561 0.0 164000
1723174546883 0.0 168000
1723174560436 0.0 172000
1723174574354 0.0 176000
1723174588862 0.0 180000
1723174602439 0.0 184000
1723174616143 0.0 188000
1723174630066 0.0 192000
1723174643602 0.0 196000
1723174657296 0.0 200000
1723174671296 0.0 204000
1723174684868 0.0 208000
1723174698596 0.0 212000
1723174711801 0.0 216000
1723174725159 0.0 220000
1723174739055 0.0 224000
1723174752367 0.0 228000
1723174765883 0.0 232000
1723174779163 0.0 236000
1723174792760 0.0 240000
1723174806492 0.0 244000
1723174820226 0.0 248000
1723174833667 0.0 252000
1723174846813 0.0 256000
1723174860315 0.0 260000
1723174874154 0.0 264000
1723174887744 0.0 268000
1723174901070 0.0 272000
1723174914707 0.0 276000
1723174927731 0.0 280000
1723174941109 0.0 284000
1723174954270 0.0 288000
1723174967760 0.0 292000
1723174981015 0.0 296000
1723174994306 0.0 300000
1723175007685 0.0 304000
1723175021049 0.0 308000
1723175034409 0.0 312000
1723175047498 0.0 316000
1723175060473 0.0 320000
1723175073959 0.0 324000
1723175087338 0.0 328000
1723175100613 0.0 332000
1723175113767 0.0 336000
1723175127383 0.0 340000
1723175140616 0.0 344000
1723175153972 0.0 348000
1723175167567 0.0 352000
1723175181360 0.0 356000
1723175194549 0.0 360000
1723175208627 0.0 364000
1723175221310 0.0 368000
1723175234256 0.0 372000
1723175248043 0.0 376000
1723175261304 0.0 380000
1723175275220 0.0 384000
1723175288850 0.0 388000
1723175302412 0.0 392000
1723175315716 0.0 396000
1723175329277 0.0 400000
1723175342528 0.0 404000
1723175355785 0.0 408000
1723175369041 0.0 412000
1723175382111 0.0 416000
1723175395867 0.0 420000
1723175409491 0.0 424000
1723175423010 0.0 428000
1723175436323 0.0 432000
1723175449753 0.0 436000
1723175462902 0.0 440000
1723175476071 0.0 444000
1723175490502 0.0 448000
1723175503496 0.0 452000
1723175517136 0.0 456000
1723175530039 0.0 460000
1723175543151 0.0 464000
1723175555106 0.0 468000
1723175567952 0.0 472000
1723175581187 0.0 476000
1723175594553 0.0 480000
1723175608037 0.0 484000
1723175621285 0.0 488000
1723175634941 0.0 492000
1723175648850 0.0 496000
1723175662508 0.0 500000
1723175675886 0.0 504000
1723175689656 0.0 508000
1723175703502 0.0 512000
1723175717493 0.0 516000
1723175731089 0.0 520000
1723175744915 0.0 524000
1723175758903 0.0 528000
1723175773247 0.0 532000
1723175786703 0.0 536000
1723175800484 0.0 540000
1723175813542 0.0 544000
1723175826548 0.0 548000
1723175839815 0.0 552000
1723175853367 0.0 556000
1723175867622 0.0 560000
1723175881436 0.0 564000
1723175894858 0.0 568000
1723175910161 0.0 572000
1723175924124 0.0 576000
1723175937028 0.0 580000
1723175950573 0.0 584000
1723175963576 0.0 588000
1723175976868 0.0 592000
1723175990778 0.0 596000
1723176005508 0.0 600000
1723176019121 0.0 604000
1723176032569 0.0 608000
1723176045677 0.0 612000
1723176058109 0.0 616000
1723176071842 0.0 620000
1723176085582 0.0 624000
1723176099271 0.0 628000
1723176113454 0.0 632000
1723176126590 0.0 636000
1723176140606 0.0 640000
1723176153275 0.0 644000
1723176166518 0.0 648000
1723176180349 0.0 652000
1723176194053 0.0 656000
1723176207553 0.0 660000
1723176220823 0.0 664000
1723176234818 0.0 668000
1723176247866 0.0 672000
1723176261566 0.0 676000
1723176274869 0.0 680000
1723176289196 0.0 684000
1723176302263 0.0 688000
1723176314529 0.0 692000
1723176327954 0.0 696000
1723176341349 0.0 700000
1723176354770 0.0 704000
1723176368497 0.0 708000
1723176382056 0.0 712000
1723176395410 0.0 716000
1723176409361 0.0 720000
1723176423271 0.0 724000
1723176436546 0.0 728000
1723176448933 0.0 732000
1723176462236 0.0 736000
1723176475886 0.0 740000
1723176489199 0.0 744000
1723176503002 0.0 748000
1723176516429 0.0 752000
1723176529980 0.0 756000
1723176543295 0.0 760000
1723176556949 0.0 764000
1723176569968 0.0 768000
1723176583690 0.0 772000
1723176597526 0.0 776000
1723176610791 0.0 780000
1723176624225 0.0 784000
1723176637361 0.0 788000
1723176650686 0.0 792000
1723176663774 0.0 796000
1723176677084 0.0 800000
1723176691011 0.0 804000
1723176704862 0.0 808000
1723176718277 0.0 812000
1723176731545 0.0 816000
1723176744774 0.0 820000
1723176758034 0.0 824000
1723176771645 0.0 828000
1723176785253 0.0 832000
1723176798718 0.0 836000
1723176812019 0.0 840000
1723176825587 0.0 844000
1723176839393 0.0 848000
1723176852809 0.0 852000
1723176866164 0.0 856000
1723176879502 0.0 860000
1723176893298 0.0 864000
1723176907390 0.0 868000
1723176921182 0.0 872000
1723176934713 0.0 876000
1723176948269 0.0 880000
1723176961770 0.0 884000
1723176975537 0.0 888000
1723176989045 0.0 892000
1723177002456 0.0 896000
1723177015792 0.0 900000
1723177029231 0.0 904000
1723177042193 0.0 908000
1723177056315 0.0 912000
1723177069968 0.0 916000
1723177083474 0.0 920000
1723177097253 0.0 924000
1723177110644 0.0 928000
1723177124252 0.0 932000
1723177137979 0.0 936000
1723177151211 0.0 940000
1723177164411 0.0 944000
1723177177909 0.0 948000
1723177192485 0.0 952000
1723177205847 0.0 956000
1723177219463 0.0 960000
1723177232853 0.0 964000
1723177246437 0.0 968000
1723177260073 0.0 972000
1723177274342 0.0 976000
1723177287981 0.0 980000
1723177301969 0.0 984000
1723177315732 0.0 988000
1723177329335 0.0 992000
1723177342460 0.0 996000
1723177355627 0.0 1000000
1723177369184 0.0 1004000
1723177382881 0.0 1008000
1723177396574 0.0 1012000
1723177410311 0.0 1016000
1723177423755 0.0 1020000
1723177437331 0.0 1024000
1723177451097 0.0 1028000
1723177464793 0.0 1032000
1723177478926 0.0 1036000
1723177492969 0.0 1040000
1723177506878 0.0 1044000
1723177520548 0.0 1048000
1723177534427 0.0 1052000
1723177548267 0.0 1056000
1723177561817 0.0 1060000
1723177575968 0.0 1064000
1723177589608 0.0 1068000
1723177602428 0.0 1072000
1723177615598 0.0 1076000
1723177628943 0.0 1080000
1723177641985 0.0 1084000
1723177655415 0.0 1088000
1723177668864 0.0 1092000
1723177682568 0.0 1096000
1723177696071 0.0 1100000
1723177709616 0.0 1104000
1723177723112 0.0 1108000
1723177737058 0.0 1112000
1723177750227 0.0 1116000
1723177763798 0.0 1120000
1723177777170 0.0 1124000
1723177790724 0.0 1128000
1723177803893 0.0 1132000
1723177817045 0.0 1136000
1723177830552 0.0 1140000
1723177844262 0.0 1144000
1723177858380 0.0 1148000
1723177871958 0.0 1152000
1723177885622 0.0 1156000
1723177899139 0.0 1160000
1723177912738 0.0 1164000
1723177925727 0.0 1168000
1723177939340 0.0 1172000
1723177952330 0.0 1176000
1723177965679 0.0 1180000
1723177979148 0.0 1184000
1723177993075 0.0 1188000
1723178006562 0.0 1192000
1723178019783 0.0 1196000
1723178033055 0.0 1200000
1723178045169 0.0 1204000
1723178058682 0.0 1208000
1723178071619 0.0 1212000
1723178084955 0.0 1216000
1723178097821 0.0 1220000
1723178111147 0.0 1224000
1723178124352 0.0 1228000
1723178137684 0.0 1232000
1723178151430 0.0 1236000
1723178165194 0.0 1240000
1723178178629 0.0 1244000
1723178191695 0.0 1248000
1723178205069 0.0 1252000
1723178218974 0.0 1256000
1723178232301 0.0 1260000
1723178245730 0.0 1264000
1723178259233 0.0 1268000
1723178273055 0.0 1272000
1723178286360 0.0 1276000
1723178299558 0.0 1280000
1723178312910 0.0 1284000
1723178326946 0.0 1288000
1723178340893 0.0 1292000
1723178354509 0.0 1296000
1723178367841 0.0 1300000
1723178381138 0.0 1304000
1723178394733 0.0 1308000
1723178407712 0.0 1312000
1723178420916 0.0 1316000
1723178434414 0.0 1320000
1723178447745 0.0 1324000
1723178461239 0.0 1328000
1723178474774 0.0 1332000
1723178488250 0.0 1336000
1723178501699 0.0 1340000
1723178515726 0.0 1344000
1723178529935 0.0 1348000
1723178543430 0.0 1352000
1723178556965 0.0 1356000
1723178570394 0.0 1360000
1723178583538 0.0 1364000
1723178597115 0.0 1368000
1723178610331 0.0 1372000
1723178623486 0.0 1376000
1723178636618 0.0 1380000
1723178649937 0.0 1384000
1723178662652 0.0 1388000
1723178675150 0.0 1392000
1723178688508 0.0 1396000
1723178701614 0.0 1400000
1723178714952 0.0 1404000
1723178728590 0.0 1408000
1723178742377 0.0 1412000
1723178755609 0.0 1416000
1723178769349 0.0 1420000
1723178782873 0.0 1424000
1723178796313 0.0 1428000
1723178809883 0.0 1432000
1723178823240 0.0 1436000
1723178836131 0.0 1440000
1723178847537 0.0 1444000
1723178859336 0.0 1448000
1723178871069 0.0 1452000
1723178883044 0.0 1456000
1723178895049 0.0 1460000
1723178907093 0.0 1464000
1723178918391 0.0 1468000
1723178929961 0.0 1472000
1723178942216 0.0 1476000
1723178953892 0.0 1480000
1723178965801 0.0 1484000
1723178977734 0.0 1488000
1723178989871 0.0 1492000
1723179001748 0.0 1496000
1723179013763 0.0 1500000
1723179025383 0.0 1504000
1723179037303 0.0 1508000
1723179049022 0.0 1512000
1723179060665 0.0 1516000
1723179072637 0.0 1520000
1723179084947 0.0 1524000
1723179096606 0.0 1528000
1723179108132 0.0 1532000
1723179119720 0.0 1536000
1723179131481 0.0 1540000
1723179143266 0.0 1544000
1723179154811 0.0 1548000
1723179166532 0.0 1552000
1723179177986 0.0 1556000
1723179189822 0.0 1560000
1723179201103 0.0 1564000
1723179212741 0.0 1568000
1723179224422 0.0 1572000
1723179236333 0.0 1576000
1723179247949 0.0 1580000
1723179259142 0.0 1584000
1723179270745 0.0 1588000
1723179282438 0.0 1592000
1723179293797 0.0 1596000
1723179305082 0.0 1600000
1723179316191 0.0 1604000
1723179328002 0.0 1608000
1723179339561 0.0 1612000
1723179350956 0.0 1616000
1723179362348 0.0 1620000
1723179373635 0.0 1624000
1723179384986 0.0 1628000
1723179396236 0.0 1632000
1723179407426 0.0 1636000
1723179418913 0.0 1640000
1723179430592 0.0 1644000
1723179441941 0.0 1648000
1723179453288 0.0 1652000
1723179464690 0.0 1656000
1723179475996 0.0 1660000
1723179487814 0.0 1664000
1723179499229 0.0 1668000
1723179510770 0.0 1672000
1723179522306 0.0 1676000
1723179533946 0.0 1680000
1723179544965 0.0 1684000
1723179556227 0.0 1688000
1723179567713 0.0 1692000
1723179579105 0.0 1696000
1723179590483 0.0 1700000
1723179601854 0.0 1704000
1723179613149 0.0 1708000
1723179624295 0.0 1712000
1723179635717 0.0 1716000
1723179646975 0.0 1720000
1723179658477 0.0 1724000
1723179669902 0.0 1728000
1723179681195 0.0 1732000
1723179692547 0.0 1736000
1723179703992 0.0 1740000
1723179715244 0.0 1744000
1723179726697 0.0 1748000
1723179738177 0.0 1752000
1723179749554 0.0 1756000
1723179760750 0.0 1760000
1723179772194 0.0 1764000
1723179784199 0.0 1768000
1723179795993 0.0 1772000
1723179807463 0.0 1776000
1723179818893 0.0 1780000
1723179830417 0.0 1784000
1723179842597 0.0 1788000
1723179853853 0.0 1792000
1723179865376 0.0 1796000
1723179876412 0.0 1800000
1723179888030 0.0 1804000
1723179899482 0.0 1808000
1723179911034 0.0 1812000
1723179922408 0.0 1816000
1723179933842 0.0 1820000
1723179945163 0.0 1824000
1723179956400 0.0 1828000
1723179967977 0.0 1832000
1723179979274 0.0 1836000
1723179990767 0.0 1840000
1723180002151 0.0 1844000
1723180013328 0.0 1848000
1723180024920 0.0 1852000
1723180036560 0.0 1856000
1723180048233 0.0 1860000
1723180059769 0.0 1864000
1723180071111 0.0 1868000
1723180082518 0.0 1872000
1723180093894 0.0 1876000
1723180105067 0.0 1880000
1723180116388 0.0 1884000
1723180127864 0.0 1888000
1723180139393 0.0 1892000
1723180150893 0.0 1896000
1723180162039 0.0 1900000
1723180173284 0.0 1904000
1723180184569 0.0 1908000
1723180196164 0.0 1912000
1723180207625 0.0 1916000
1723180219021 0.0 1920000
1723180230506 0.0 1924000
1723180241771 0.0 1928000
1723180253498 0.0 1932000
1723180264979 0.0 1936000
1723180276103 0.0 1940000
1723180287560 0.0 1944000
1723180298793 0.0 1948000
1723180310148 0.0 1952000
1723180321918 0.0 1956000
1723180333054 0.0 1960000
1723180344534 0.0 1964000
1723180356180 0.0 1968000
1723180367665 0.0 1972000
1723180379170 0.0 1976000
1723180390555 0.0 1980000
1723180401957 0.0 1984000
1723180413626 0.0 1988000
1723180425385 0.0 1992000
1723180436838 0.0 1996000
1723180448685 0.0 2000000
