1723173953643 0.0 4000
1723173968272 0.0 8000
1723173984116 0.0 12000
1723173999091 0.0 16000
1723174014666 0.0 20000
1723174030104 0.0 24000
1723174046344 0.0 28000
1723174061230 0.0 32000
1723174078183 0.0 36000
1723174093339 0.0 40000
1723174108175 0.0 44000
1723174124685 0.0 48000
1723174139254 0.0 52000
1723174153149 0.0 56000
1723174167318 0.0 60000
1723174181428 0.0 64000
1723174196012 0.0 68000
1723174209810 0.0 72000
1723174224074 0.0 76000
1723174238085 0.0 80000
1723174252315 0.0 84000
1723174266663 0.0 88000
1723174280797 0.0 92000
1723174294687 0.0 96000
1723174308624 0.0 100000
1723174322348 0.0 104000
1723174335990 0.0 108000
1723174350342 0.0 112000
1723174364349 0.0 116000
1723174378746 0.0 120000
1723174394129 0.0 124000
1723174408351 0.0 128000
1723174422248 0.0 132000
1723174436601 0.0 136000
1723174450675 0.0 140000
1723174464538 0.0 144000
1723174478452 0.0 148000
1723174492160 0.0 152000
1723174505760 0.0 156000
1723174519168 0.0 160000
1723174532565 0.0 164000
1723174546887 0.0 168000
1723174560440 0.0 172000
1723174574359 0.0 176000
1723174588866 0.0 180000
1723174602446 0.0 184000
1723174616147 0.0 188000
1723174630070 0.0 192000
1723174643607 0.0 196000
1723174657300 0.0 200000
1723174671300 0.0 204000
1723174684872 0.0 208000
1723174698601 0.0 212000
1723174711806 0.0 216000
1723174725163 0.0 220000
1723174739060 0.0 224000
1723174752371 0.0 228000
1723174765887 0.0 232000
1723174779167 0.0 236000
1723174792765 0.0 240000
1723174806496 0.0 244000
1723174820230 0.0 248000
1723174833671 0.0 252000
1723174846818 0.0 256000
1723174860319 0.0 260000
1723174874158 0.0 264000
1723174887748 0.0 268000
1723174901074 0.0 272000
1723174914711 0.0 276000
1723174927735 0.0 280000
1723174941113 0.0 284000
1723174954275 0.0 288000
1723174967763 0.0 292000
1723174981019 0.0 296000
1723174994310 0.0 300000
1723175007690 0.0 304000
1723175021053 0.0 308000
1723175034414 0.0 312000
1723175047503 0.0 316000
1723175060478 0.0 320000
1723175073963 0.0 324000
1723175087342 0.0 328000
1723175100618 0.0 332000
1723175113771 0.0 336000
1723175127388 0.0 340000
1723175140620 0.0 344000
1723175153976 0.0 348000
1723175167571 0.0 352000
1723175181365 0.0 356000
1723175194553 0.0 360000
1723175208634 0.0 364000
1723175221314 0.0 368000
1723175234260 0.0 372000
1723175248046 0.0 376000
1723175261308 0.0 380000
1723175275224 0.0 384000
1723175288854 0.0 388000
1723175302416 0.0 392000
1723175315720 0.0 396000
1723175329280 0.0 400000
1723175342532 0.0 404000
1723175355789 0.0 408000
1723175369045 0.0 412000
1723175382115 0.0 416000
1723175395871 0.0 420000
1723175409495 0.0 424000
1723175423014 0.0 428000
1723175436327 0.0 432000
1723175449758 0.0 436000
1723175462906 0.0 440000
1723175476075 0.0 444000
1723175490506 0.0 448000
1723175503500 0.0 452000
1723175517141 0.0 456000
1723175530044 0.0 460000
1723175543155 0.0 464000
1723175555110 0.0 468000
1723175567956 0.0 472000
1723175581191 0.0 476000
1723175594556 0.0 480000
1723175608041 0.0 484000
1723175621289 0.0 488000
1723175634945 0.0 492000
1723175648857 0.0 496000
1723175662513 0.0 500000
1723175675890 0.0 504000
1723175689661 0.0 508000
1723175703506 0.0 512000
1723175717497 0.0 516000
1723175731093 0.0 520000
1723175744919 0.0 524000
1723175758907 0.0 528000
1723175773251 0.0 532000
1723175786707 0.0 536000
1723175800489 0.0 540000
1723175813547 0.0 544000
1723175826553 0.0 548000
1723175839819 0.0 552000
1723175853371 0.0 556000
1723175867626 0.0 560000
1723175881441 0.0 564000
1723175894862 0.0 568000
1723175910166 0.0 572000
1723175924128 0.0 576000
1723175937033 0.0 580000
1723175950577 0.0 584000
1723175963580 0.0 588000
1723175976872 0.0 592000
1723175990784 0.0 596000
1723176005513 0.0 600000
1723176019125 0.0 604000
1723176032573 0.0 608000
1723176045681 0.0 612000
1723176058113 0.0 616000
1723176071846 0.0 620000
1723176085587 0.0 624000
1723176099278 0.0 628000
1723176113461 0.0 632000
1723176126595 0.0 636000
1723176140611 0.0 640000
1723176153280 0.0 644000
1723176166521 0.0 648000
1723176180353 0.0 652000
1723176194057 0.0 656000
1723176207558 0.0 660000
1723176220827 0.0 664000
1723176234822 0.0 668000
1723176247870 0.0 672000
1723176261572 0.0 676000
1723176274875 0.0 680000
1723176289200 0.0 684000
1723176302266 0.0 688000
1723176314533 0.0 692000
1723176327959 0.0 696000
1723176341353 0.0 700000
1723176354774 0.0 704000
1723176368501 0.0 708000
1723176382060 0.0 712000
1723176395413 0.0 716000
1723176409365 0.0 720000
1723176423275 0.0 724000
1723176436550 0.0 728000
1723176448937 0.0 732000
1723176462241 0.0 736000
1723176475891 0.0 740000
1723176489203 0.0 744000
1723176503006 0.0 748000
1723176516433 0.0 752000
1723176529984 0.0 756000
1723176543299 0.0 760000
1723176556953 0.0 764000
1723176569972 0.0 768000
1723176583694 0.0 772000
1723176597531 0.0 776000
1723176610795 0.0 780000
1723176624229 0.0 784000
1723176637365 0.0 788000
1723176650691 0.0 792000
1723176663778 0.0 796000
1723176677088 0.0 800000
1723176691016 0.0 804000
1723176704867 0.0 808000
1723176718281 0.0 812000
1723176731549 0.0 816000
1723176744778 0.0 820000
1723176758038 0.0 824000
1723176771649 0.0 828000
1723176785257 0.0 832000
1723176798722 0.0 836000
1723176812023 0.0 840000
1723176825591 0.0 844000
1723176839398 0.0 848000
1723176852813 0.0 852000
1723176866168 0.0 856000
1723176879506 0.0 860000
1723176893302 0.0 864000
1723176907394 0.0 868000
1723176921186 0.0 872000
1723176934717 0.0 876000
1723176948273 0.0 880000
1723176961774 0.0 884000
1723176975542 0.0 888000
1723176989049 0.0 892000
1723177002460 0.0 896000
1723177015796 0.0 900000
1723177029235 0.0 904000
1723177042197 0.0 908000
1723177056319 0.0 912000
1723177069972 0.0 916000
1723177083478 0.0 920000
1723177097259 0.0 924000
1723177110648 0.0 928000
1723177124256 0.0 932000
1723177137983 0.0 936000
1723177151215 0.0 940000
1723177164416 0.0 944000
1723177177913 0.0 948000
1723177192489 0.0 952000
1723177205851 0.0 956000
1723177219466 0.0 960000
1723177232857 0.0 964000
1723177246441 0.0 968000
1723177260077 0.0 972000
1723177274346 0.0 976000
1723177287985 0.0 980000
1723177301973 0.0 984000
1723177315737 0.0 988000
1723177329339 0.0 992000
1723177342465 0.0 996000
1723177355631 0.0 1000000
1723177369188 0.0 1004000
1723177382885 0.0 1008000
1723177396578 0.0 1012000
1723177410315 0.0 1016000
1723177423760 0.0 1020000
1723177437335 0.0 1024000
1723177451101 0.0 1028000
1723177464797 0.0 1032000
1723177478931 0.0 1036000
1723177492974 0.0 1040000
1723177506885 0.0 1044000
1723177520552 0.0 1048000
1723177534431 0.0 1052000
1723177548271 0.0 1056000
1723177561821 0.0 1060000
1723177575972 0.0 1064000
1723177589613 0.0 1068000
1723177602433 0.0 1072000
1723177615603 0.0 1076000
1723177628947 0.0 1080000
1723177641989 0.0 1084000
1723177655420 0.0 1088000
1723177668868 0.0 1092000
1723177682571 0.0 1096000
1723177696075 0.0 1100000
1723177709620 0.0 1104000
1723177723116 0.0 1108000
1723177737062 0.0 1112000
1723177750231 0.0 1116000
1723177763802 0.0 1120000
1723177777175 0.0 1124000
1723177790729 0.0 1128000
1723177803898 0.0 1132000
1723177817049 0.0 1136000
1723177830556 0.0 1140000
1723177844266 0.0 1144000
1723177858384 0.0 1148000
1723177871962 0.0 1152000
1723177885627 0.0 1156000
1723177899143 0.0 1160000
1723177912743 0.0 1164000
1723177925731 0.0 1168000
1723177939344 0.0 1172000
1723177952334 0.0 1176000
1723177965683 0.0 1180000
1723177979152 0.0 1184000
1723177993079 0.0 1188000
1723178006566 0.0 1192000
1723178019787 0.0 1196000
1723178033060 0.0 1200000
1723178045174 0.0 1204000
1723178058686 0.0 1208000
1723178071624 0.0 1212000
1723178084959 0.0 1216000
1723178097825 0.0 1220000
1723178111151 0.0 1224000
1723178124356 0.0 1228000
1723178137689 0.0 1232000
1723178151434 0.0 1236000
1723178165198 0.0 1240000
1723178178633 0.0 1244000
1723178191700 0.0 1248000
1723178205073 0.0 1252000
1723178218978 0.0 1256000
1723178232305 0.0 1260000
1723178245734 0.0 1264000
1723178259237 0.0 1268000
1723178273061 0.0 1272000
1723178286364 0.0 1276000
1723178299562 0.0 1280000
1723178312914 0.0 1284000
1723178326950 0.0 1288000
1723178340897 0.0 1292000
1723178354513 0.0 1296000
1723178367846 0.0 1300000
1723178381142 0.0 1304000
1723178394737 0.0 1308000
1723178407717 0.0 1312000
1723178420920 0.0 1316000
1723178434418 0.0 1320000
1723178447749 0.0 1324000
1723178461243 0.0 1328000
1723178474778 0.0 1332000
1723178488254 0.0 1336000
1723178501703 0.0 1340000
1723178515730 0.0 1344000
1723178529939 0.0 1348000
1723178543434 0.0 1352000
1723178556969 0.0 1356000
1723178570398 0.0 1360000
1723178583542 0.0 1364000
1723178597119 0.0 1368000
1723178610336 0.0 1372000
1723178623491 0.0 1376000
1723178636623 0.0 1380000
1723178649941 0.0 1384000
1723178662656 0.0 1388000
1723178675154 0.0 1392000
1723178688512 0.0 1396000
1723178701619 0.0 1400000
1723178714956 0.0 1404000
1723178728594 0.0 1408000
1723178742381 0.0 1412000
1723178755614 0.0 1416000
1723178769353 0.0 1420000
1723178782877 0.0 1424000
1723178796318 0.0 1428000
1723178809886 0.0 1432000
1723178823244 0.0 1436000
1723178836134 0.0 1440000
1723178847541 0.0 1444000
1723178859339 0.0 1448000
1723178871073 0.0 1452000
1723178883048 0.0 1456000
1723178895052 0.0 1460000
1723178907097 0.0 1464000
1723178918395 0.0 1468000
1723178929964 0.0 1472000
1723178942221 0.0 1476000
1723178953896 0.0 1480000
1723178965805 0.0 1484000
1723178977738 0.0 1488000
1723178989875 0.0 1492000
1723179001752 0.0 1496000
1723179013767 0.0 1500000
1723179025387 0.0 1504000
1723179037307 0.0 1508000
1723179049026 0.0 1512000
1723179060669 0.0 1516000
1723179072641 0.0 1520000
1723179084950 0.0 1524000
1723179096610 0.0 1528000
1723179108137 0.0 1532000
1723179119724 0.0 1536000
1723179131485 0.0 1540000
1723179143270 0.0 1544000
1723179154815 0.0 1548000
1723179166539 0.0 1552000
1723179177990 0.0 1556000
1723179189826 0.0 1560000
1723179201107 0.0 1564000
1723179212745 0.0 1568000
1723179224426 0.0 1572000
1723179236337 0.0 1576000
1723179247953 0.0 1580000
1723179259146 0.0 1584000
1723179270748 0.0 1588000
1723179282442 0.0 1592000
1723179293801 0.0 1596000
1723179305085 0.0 1600000
1723179316195 0.0 1604000
1723179328006 0.0 1608000
1723179339564 0.0 1612000
1723179350960 0.0 1616000
1723179362352 0.0 1620000
1723179373639 0.0 1624000
1723179384990 0.0 1628000
1723179396240 0.0 1632000
1723179407430 0.0 1636000
1723179418917 0.0 1640000
1723179430595 0.0 1644000
1723179441945 0.0 1648000
1723179453292 0.0 1652000
1723179464694 0.0 1656000
1723179476000 0.0 1660000
1723179487819 0.0 1664000
1723179499233 0.0 1668000
1723179510774 0.0 1672000
1723179522311 0.0 1676000
1723179533949 0.0 1680000
1723179544969 0.0 1684000
1723179556231 0.0 1688000
1723179567717 0.0 1692000
1723179579109 0.0 1696000
1723179590487 0.0 1700000
1723179601858 0.0 1704000
1723179613153 0.0 1708000
1723179624299 0.0 1712000
1723179635721 0.0 1716000
1723179646979 0.0 1720000
1723179658481 0.0 1724000
1723179669905 0.0 1728000
1723179681199 0.0 1732000
1723179692551 0.0 1736000
1723179703996 0.0 1740000
1723179715248 0.0 1744000
1723179726701 0.0 1748000
1723179738181 0.0 1752000
1723179749557 0.0 1756000
1723179760754 0.0 1760000
1723179772198 0.0 1764000
1723179784203 0.0 1768000
1723179795996 0.0 1772000
1723179807467 0.0 1776000
1723179818896 0.0 1780000
1723179830422 0.0 1784000
1723179842600 0.0 1788000
1723179853857 0.0 1792000
1723179865381 0.0 1796000
1723179876416 0.0 1800000
1723179888035 0.0 1804000
1723179899486 0.0 1808000
1723179911037 0.0 1812000
1723179922412 0.0 1816000
1723179933846 0.0 1820000
1723179945167 0.0 1824000
1723179956404 0.0 1828000
1723179967981 0.0 1832000
1723179979278 0.0 1836000
1723179990771 0.0 1840000
1723180002154 0.0 1844000
1723180013332 0.0 1848000
1723180024924 0.0 1852000
1723180036564 0.0 1856000
1723180048237 0.0 1860000
1723180059772 0.0 1864000
1723180071115 0.0 1868000
1723180082521 0.0 1872000
1723180093898 0.0 1876000
1723180105070 0.0 1880000
1723180116392 0.0 1884000
1723180127868 0.0 1888000
1723180139397 0.0 1892000
1723180150897 0.0 1896000
1723180162043 0.0 1900000
1723180173288 0.0 1904000
1723180184573 0.0 1908000
1723180196168 0.0 1912000
1723180207628 0.0 1916000
1723180219024 0.0 1920000
1723180230510 0.0 1924000
1723180241775 0.0 1928000
1723180253502 0.0 1932000
1723180264983 0.0 1936000
1723180276107 0.0 1940000
1723180287564 0.0 1944000
1723180298797 0.0 1948000
1723180310152 0.0 1952000
1723180321922 0.0 1956000
1723180333058 0.0 1960000
1723180344538 0.0 1964000
1723180356184 0.0 1968000
1723180367668 0.0 1972000
1723180379174 0.0 1976000
1723180390558 0.0 1980000
1723180401960 0.0 1984000
1723180413630 0.0 1988000
1723180425389 0.0 1992000
1723180436842 0.0 1996000
1723180448689 0.0 2000000
