1723173953644 1.0 4000
1723173968272 1.0 8000
1723173984117 1.0 12000
1723173999092 1.0 16000
1723174014667 1.0 20000
1723174030105 1.0 24000
1723174046345 1.0 28000
1723174061231 1.0 32000
1723174078184 1.0 36000
1723174093340 1.0 40000
1723174108176 1.0 44000
1723174124686 1.0 48000
1723174139255 1.0 52000
1723174153150 1.0 56000
1723174167319 1.0 60000
1723174181428 1.0 64000
1723174196013 1.0 68000
1723174209811 1.0 72000
1723174224075 1.0 76000
1723174238086 1.0 80000
1723174252316 1.0 84000
1723174266664 1.0 88000
1723174280797 1.0 92000
1723174294688 1.0 96000
1723174308624 1.0 100000
1723174322349 1.0 104000
1723174335991 1.0 108000
1723174350343 1.0 112000
1723174364350 1.0 116000
1723174378747 1.0 120000
1723174394130 1.0 124000
1723174408352 1.0 128000
1723174422248 1.0 132000
1723174436602 1.0 136000
1723174450675 1.0 140000
1723174464539 1.0 144000
1723174478452 1.0 148000
1723174492161 1.0 152000
1723174505760 1.0 156000
1723174519169 1.0 160000
1723174532566 1.0 164000
1723174546888 1.0 168000
1723174560441 1.0 172000
1723174574360 1.0 176000
1723174588867 1.0 180000
1723174602447 1.0 184000
1723174616148 1.0 188000
1723174630071 1.0 192000
1723174643607 1.0 196000
1723174657301 1.0 200000
1723174671301 1.0 204000
1723174684873 1.0 208000
1723174698602 1.0 212000
1723174711807 1.0 216000
1723174725164 1.0 220000
1723174739060 1.0 224000
1723174752372 1.0 228000
1723174765888 1.0 232000
1723174779168 1.0 236000
1723174792766 1.0 240000
1723174806497 1.0 244000
1723174820231 1.0 248000
1723174833672 1.0 252000
1723174846818 1.0 256000
1723174860320 1.0 260000
1723174874159 1.0 264000
1723174887749 1.0 268000
1723174901075 1.0 272000
1723174914712 1.0 276000
1723174927736 1.0 280000
1723174941114 1.0 284000
1723174954275 1.0 288000
1723174967764 1.0 292000
1723174981020 1.0 296000
1723174994311 1.0 300000
1723175007691 1.0 304000
1723175021054 1.0 308000
1723175034415 1.0 312000
1723175047503 1.0 316000
1723175060479 1.0 320000
1723175073964 1.0 324000
1723175087343 1.0 328000
1723175100619 1.0 332000
1723175113772 1.0 336000
1723175127389 1.0 340000
1723175140621 1.0 344000
1723175153977 1.0 348000
1723175167572 1.0 352000
1723175181365 1.0 356000
1723175194554 1.0 360000
1723175208635 1.0 364000
1723175221315 1.0 368000
1723175234261 1.0 372000
1723175248047 1.0 376000
1723175261309 1.0 380000
1723175275225 1.0 384000
1723175288855 1.0 388000
1723175302417 1.0 392000
1723175315721 1.0 396000
1723175329281 1.0 400000
1723175342533 1.0 404000
1723175355790 1.0 408000
1723175369045 1.0 412000
1723175382116 1.0 416000
1723175395873 1.0 420000
1723175409496 1.0 424000
1723175423015 1.0 428000
1723175436328 1.0 432000
1723175449759 1.0 436000
1723175462907 1.0 440000
1723175476076 1.0 444000
1723175490507 1.0 448000
1723175503501 1.0 452000
1723175517141 1.0 456000
1723175530044 1.0 460000
1723175543156 1.0 464000
1723175555111 1.0 468000
1723175567957 1.0 472000
1723175581192 1.0 476000
1723175594557 1.0 480000
1723175608042 1.0 484000
1723175621290 1.0 488000
1723175634946 1.0 492000
1723175648858 1.0 496000
1723175662513 1.0 500000
1723175675891 1.0 504000
1723175689662 1.0 508000
1723175703507 1.0 512000
1723175717498 1.0 516000
1723175731094 1.0 520000
1723175744920 1.0 524000
1723175758908 1.0 528000
1723175773252 1.0 532000
1723175786708 1.0 536000
1723175800490 1.0 540000
1723175813548 1.0 544000
1723175826554 1.0 548000
1723175839820 1.0 552000
1723175853371 1.0 556000
1723175867627 1.0 560000
1723175881442 1.0 564000
1723175894863 1.0 568000
1723175910166 1.0 572000
1723175924129 1.0 576000
1723175937034 1.0 580000
1723175950578 1.0 584000
1723175963581 1.0 588000
1723175976873 1.0 592000
1723175990785 1.0 596000
1723176005514 1.0 600000
1723176019127 1.0 604000
1723176032574 1.0 608000
1723176045682 1.0 612000
1723176058114 1.0 616000
1723176071846 1.0 620000
1723176085587 1.0 624000
1723176099279 1.0 628000
1723176113462 1.0 632000
1723176126596 1.0 636000
1723176140611 1.0 640000
1723176153280 1.0 644000
1723176166522 1.0 648000
1723176180354 1.0 652000
1723176194058 1.0 656000
1723176207559 1.0 660000
1723176220828 1.0 664000
1723176234823 1.0 668000
1723176247871 1.0 672000
1723176261573 1.0 676000
1723176274876 1.0 680000
1723176289201 1.0 684000
1723176302267 1.0 688000
1723176314534 1.0 692000
1723176327960 1.0 696000
1723176341354 1.0 700000
1723176354774 1.0 704000
1723176368503 1.0 708000
1723176382062 1.0 712000
1723176395414 1.0 716000
1723176409366 1.0 720000
1723176423275 1.0 724000
1723176436551 1.0 728000
1723176448938 1.0 732000
1723176462241 1.0 736000
1723176475892 1.0 740000
1723176489204 1.0 744000
1723176503007 1.0 748000
1723176516434 1.0 752000
1723176529985 1.0 756000
1723176543299 1.0 760000
1723176556954 1.0 764000
1723176569973 1.0 768000
1723176583695 1.0 772000
1723176597532 1.0 776000
1723176610796 1.0 780000
1723176624229 1.0 784000
1723176637366 1.0 788000
1723176650692 1.0 792000
1723176663779 1.0 796000
1723176677089 1.0 800000
1723176691017 1.0 804000
1723176704867 1.0 808000
1723176718281 1.0 812000
1723176731550 1.0 816000
1723176744779 1.0 820000
1723176758039 1.0 824000
1723176771650 1.0 828000
1723176785258 1.0 832000
1723176798723 1.0 836000
1723176812024 1.0 840000
1723176825592 1.0 844000
1723176839398 1.0 848000
1723176852813 1.0 852000
1723176866169 1.0 856000
1723176879507 1.0 860000
1723176893303 1.0 864000
1723176907395 1.0 868000
1723176921187 1.0 872000
1723176934718 1.0 876000
1723176948274 1.0 880000
1723176961774 1.0 884000
1723176975543 1.0 888000
1723176989050 1.0 892000
1723177002460 1.0 896000
1723177015797 1.0 900000
1723177029236 1.0 904000
1723177042198 1.0 908000
1723177056320 1.0 912000
1723177069973 1.0 916000
1723177083479 1.0 920000
1723177097260 1.0 924000
1723177110649 1.0 928000
1723177124257 1.0 932000
1723177137984 1.0 936000
1723177151216 1.0 940000
1723177164417 1.0 944000
1723177177914 1.0 948000
1723177192490 1.0 952000
1723177205851 1.0 956000
1723177219467 1.0 960000
1723177232858 1.0 964000
1723177246442 1.0 968000
1723177260078 1.0 972000
1723177274347 1.0 976000
1723177287986 1.0 980000
1723177301974 1.0 984000
1723177315738 1.0 988000
1723177329340 1.0 992000
1723177342465 1.0 996000
1723177355632 1.0 1000000
1723177369189 1.0 1004000
1723177382886 1.0 1008000
1723177396579 1.0 1012000
1723177410316 1.0 1016000
1723177423762 1.0 1020000
1723177437336 1.0 1024000
1723177451102 1.0 1028000
1723177464798 1.0 1032000
1723177478932 1.0 1036000
1723177492974 1.0 1040000
1723177506885 1.0 1044000
1723177520553 1.0 1048000
1723177534432 1.0 1052000
1723177548272 1.0 1056000
1723177561822 1.0 1060000
1723177575973 1.0 1064000
1723177589613 1.0 1068000
1723177602434 1.0 1072000
1723177615603 1.0 1076000
1723177628948 1.0 1080000
1723177641990 1.0 1084000
1723177655421 1.0 1088000
1723177668869 1.0 1092000
1723177682572 1.0 1096000
1723177696076 1.0 1100000
1723177709621 1.0 1104000
1723177723116 1.0 1108000
1723177737063 1.0 1112000
1723177750232 1.0 1116000
1723177763803 1.0 1120000
1723177777176 1.0 1124000
1723177790730 1.0 1128000
1723177803898 1.0 1132000
1723177817050 1.0 1136000
1723177830557 1.0 1140000
1723177844267 1.0 1144000
1723177858385 1.0 1148000
1723177871962 1.0 1152000
1723177885628 1.0 1156000
1723177899144 1.0 1160000
1723177912744 1.0 1164000
1723177925732 1.0 1168000
1723177939345 1.0 1172000
1723177952335 1.0 1176000
1723177965684 1.0 1180000
1723177979153 1.0 1184000
1723177993080 1.0 1188000
1723178006567 1.0 1192000
1723178019788 1.0 1196000
1723178033061 1.0 1200000
1723178045176 1.0 1204000
1723178058687 1.0 1208000
1723178071625 1.0 1212000
1723178084960 1.0 1216000
1723178097826 1.0 1220000
1723178111152 1.0 1224000
1723178124357 1.0 1228000
1723178137690 1.0 1232000
1723178151436 1.0 1236000
1723178165198 1.0 1240000
1723178178634 1.0 1244000
1723178191701 1.0 1248000
1723178205074 1.0 1252000
1723178218979 1.0 1256000
1723178232306 1.0 1260000
1723178245735 1.0 1264000
1723178259238 1.0 1268000
1723178273062 1.0 1272000
1723178286365 1.0 1276000
1723178299563 1.0 1280000
1723178312915 1.0 1284000
1723178326951 1.0 1288000
1723178340898 1.0 1292000
1723178354514 1.0 1296000
1723178367846 1.0 1300000
1723178381143 1.0 1304000
1723178394738 1.0 1308000
1723178407718 1.0 1312000
1723178420920 1.0 1316000
1723178434419 1.0 1320000
1723178447750 1.0 1324000
1723178461244 1.0 1328000
1723178474779 1.0 1332000
1723178488255 1.0 1336000
1723178501704 1.0 1340000
1723178515731 1.0 1344000
1723178529940 1.0 1348000
1723178543435 1.0 1352000
1723178556970 1.0 1356000
1723178570399 1.0 1360000
1723178583543 1.0 1364000
1723178597120 1.0 1368000
1723178610336 1.0 1372000
1723178623491 1.0 1376000
1723178636624 1.0 1380000
1723178649942 1.0 1384000
1723178662657 1.0 1388000
1723178675155 1.0 1392000
1723178688513 1.0 1396000
1723178701619 1.0 1400000
1723178714957 1.0 1404000
1723178728595 1.0 1408000
1723178742382 1.0 1412000
1723178755615 1.0 1416000
1723178769354 1.0 1420000
1723178782878 1.0 1424000
1723178796318 1.0 1428000
1723178809887 1.0 1432000
1723178823245 1.0 1436000
1723178836135 1.0 1440000
1723178847542 1.0 1444000
1723178859340 1.0 1448000
1723178871074 1.0 1452000
1723178883048 1.0 1456000
1723178895053 1.0 1460000
1723178907098 1.0 1464000
1723178918396 1.0 1468000
1723178929965 1.0 1472000
1723178942221 1.0 1476000
1723178953897 1.0 1480000
1723178965806 1.0 1484000
1723178977738 1.0 1488000
1723178989876 1.0 1492000
1723179001753 1.0 1496000
1723179013768 1.0 1500000
1723179025388 1.0 1504000
1723179037308 1.0 1508000
1723179049027 1.0 1512000
1723179060669 1.0 1516000
1723179072642 1.0 1520000
1723179084951 1.0 1524000
1723179096611 1.0 1528000
1723179108138 1.0 1532000
1723179119725 1.0 1536000
1723179131486 1.0 1540000
1723179143271 1.0 1544000
1723179154816 1.0 1548000
1723179166539 1.0 1552000
1723179177991 1.0 1556000
1723179189826 1.0 1560000
1723179201108 1.0 1564000
1723179212746 1.0 1568000
1723179224426 1.0 1572000
1723179236338 1.0 1576000
1723179247954 1.0 1580000
1723179259147 1.0 1584000
1723179270749 1.0 1588000
1723179282443 1.0 1592000
1723179293802 1.0 1596000
1723179305086 1.0 1600000
1723179316196 1.0 1604000
1723179328007 1.0 1608000
1723179339565 1.0 1612000
1723179350960 1.0 1616000
1723179362353 1.0 1620000
1723179373640 1.0 1624000
1723179384991 1.0 1628000
1723179396241 1.0 1632000
1723179407431 1.0 1636000
1723179418918 1.0 1640000
1723179430596 1.0 1644000
1723179441945 1.0 1648000
1723179453293 1.0 1652000
1723179464695 1.0 1656000
1723179476001 1.0 1660000
1723179487820 1.0 1664000
1723179499234 1.0 1668000
1723179510775 1.0 1672000
1723179522311 1.0 1676000
1723179533950 1.0 1680000
1723179544970 1.0 1684000
1723179556232 1.0 1688000
1723179567718 1.0 1692000
1723179579110 1.0 1696000
1723179590488 1.0 1700000
1723179601859 1.0 1704000
1723179613154 1.0 1708000
1723179624300 1.0 1712000
1723179635722 1.0 1716000
1723179646979 1.0 1720000
1723179658482 1.0 1724000
1723179669906 1.0 1728000
1723179681200 1.0 1732000
1723179692552 1.0 1736000
1723179703997 1.0 1740000
1723179715249 1.0 1744000
1723179726701 1.0 1748000
1723179738182 1.0 1752000
1723179749558 1.0 1756000
1723179760755 1.0 1760000
1723179772199 1.0 1764000
1723179784204 1.0 1768000
1723179795997 1.0 1772000
1723179807468 1.0 1776000
1723179818897 1.0 1780000
1723179830423 1.0 1784000
1723179842601 1.0 1788000
1723179853858 1.0 1792000
1723179865381 1.0 1796000
1723179876417 1.0 1800000
1723179888036 1.0 1804000
1723179899487 1.0 1808000
1723179911038 1.0 1812000
1723179922413 1.0 1816000
1723179933847 1.0 1820000
1723179945168 1.0 1824000
1723179956405 1.0 1828000
1723179967982 1.0 1832000
1723179979279 1.0 1836000
1723179990771 1.0 1840000
1723180002155 1.0 1844000
1723180013333 1.0 1848000
1723180024925 1.0 1852000
1723180036565 1.0 1856000
1723180048238 1.0 1860000
1723180059773 1.0 1864000
1723180071116 1.0 1868000
1723180082522 1.0 1872000
1723180093899 1.0 1876000
1723180105071 1.0 1880000
1723180116392 1.0 1884000
1723180127869 1.0 1888000
1723180139398 1.0 1892000
1723180150898 1.0 1896000
1723180162044 1.0 1900000
1723180173289 1.0 1904000
1723180184574 1.0 1908000
1723180196169 1.0 1912000
1723180207629 1.0 1916000
1723180219025 1.0 1920000
1723180230510 1.0 1924000
1723180241775 1.0 1928000
1723180253503 1.0 1932000
1723180264984 1.0 1936000
1723180276108 1.0 1940000
1723180287565 1.0 1944000
1723180298798 1.0 1948000
1723180310153 1.0 1952000
1723180321923 1.0 1956000
1723180333059 1.0 1960000
1723180344538 1.0 1964000
1723180356185 1.0 1968000
1723180367669 1.0 1972000
1723180379175 1.0 1976000
1723180390559 1.0 1980000
1723180401961 1.0 1984000
1723180413631 1.0 1988000
1723180425390 1.0 1992000
1723180436842 1.0 1996000
1723180448689 1.0 2000000
