1723173953648 50.0 4000
1723173968274 50.0 8000
1723173984119 50.0 12000
1723173999093 50.0 16000
1723174014669 50.0 20000
1723174030107 50.0 24000
1723174046347 50.0 28000
1723174061233 50.0 32000
1723174078187 50.0 36000
1723174093342 50.0 40000
1723174108178 50.0 44000
1723174124688 50.0 48000
1723174139257 50.0 52000
1723174153153 50.0 56000
1723174167321 50.0 60000
1723174181430 50.0 64000
1723174196015 50.0 68000
1723174209813 50.0 72000
1723174224077 50.0 76000
1723174238088 50.0 80000
1723174252317 50.0 84000
1723174266666 50.0 88000
1723174280800 50.0 92000
1723174294690 50.0 96000
1723174308626 50.0 100000
1723174322351 50.0 104000
1723174335993 50.0 108000
1723174350345 50.0 112000
1723174364352 50.0 116000
1723174378749 50.0 120000
1723174394133 50.0 124000
1723174408354 50.0 128000
1723174422250 50.0 132000
1723174436604 50.0 136000
1723174450677 50.0 140000
1723174464541 50.0 144000
1723174478454 50.0 148000
1723174492163 50.0 152000
1723174505762 50.0 156000
1723174519171 50.0 160000
1723174532568 50.0 164000
1723174546890 50.0 168000
1723174560443 50.0 172000
1723174574362 50.0 176000
1723174588869 50.0 180000
1723174602450 50.0 184000
1723174616150 50.0 188000
1723174630073 50.0 192000
1723174643609 50.0 196000
1723174657304 50.0 200000
1723174671303 50.0 204000
1723174684875 50.0 208000
1723174698603 50.0 212000
1723174711808 50.0 216000
1723174725166 50.0 220000
1723174739063 50.0 224000
1723174752374 50.0 228000
1723174765890 50.0 232000
1723174779170 50.0 236000
1723174792768 50.0 240000
1723174806499 50.0 244000
1723174820233 50.0 248000
1723174833674 50.0 252000
1723174846820 50.0 256000
1723174860322 50.0 260000
1723174874161 50.0 264000
1723174887751 50.0 268000
1723174901077 50.0 272000
1723174914713 50.0 276000
1723174927738 50.0 280000
1723174941116 50.0 284000
1723174954277 50.0 288000
1723174967766 50.0 292000
1723174981022 50.0 296000
1723174994314 50.0 300000
1723175007693 50.0 304000
1723175021055 50.0 308000
1723175034417 50.0 312000
1723175047505 50.0 316000
1723175060481 50.0 320000
1723175073966 50.0 324000
1723175087345 50.0 328000
1723175100621 50.0 332000
1723175113774 50.0 336000
1723175127391 50.0 340000
1723175140623 50.0 344000
1723175153979 50.0 348000
1723175167574 50.0 352000
1723175181369 50.0 356000
1723175194556 50.0 360000
1723175208637 50.0 364000
1723175221317 50.0 368000
1723175234263 50.0 372000
1723175248049 50.0 376000
1723175261311 50.0 380000
1723175275228 50.0 384000
1723175288857 50.0 388000
1723175302419 50.0 392000
1723175315723 50.0 396000
1723175329283 50.0 400000
1723175342535 50.0 404000
1723175355792 50.0 408000
1723175369048 50.0 412000
1723175382118 50.0 416000
1723175395875 50.0 420000
1723175409498 50.0 424000
1723175423017 50.0 428000
1723175436330 50.0 432000
1723175449761 50.0 436000
1723175462909 50.0 440000
1723175476078 50.0 444000
1723175490509 50.0 448000
1723175503503 50.0 452000
1723175517143 50.0 456000
1723175530046 50.0 460000
1723175543158 50.0 464000
1723175555113 50.0 468000
1723175567959 50.0 472000
1723175581194 50.0 476000
1723175594559 50.0 480000
1723175608044 50.0 484000
1723175621292 50.0 488000
1723175634948 50.0 492000
1723175648861 50.0 496000
1723175662515 50.0 500000
1723175675893 50.0 504000
1723175689664 50.0 508000
1723175703509 50.0 512000
1723175717500 50.0 516000
1723175731096 50.0 520000
1723175744922 50.0 524000
1723175758910 50.0 528000
1723175773254 50.0 532000
1723175786710 50.0 536000
1723175800495 50.0 540000
1723175813551 50.0 544000
1723175826556 50.0 548000
1723175839822 50.0 552000
1723175853373 50.0 556000
1723175867630 50.0 560000
1723175881444 50.0 564000
1723175894865 50.0 568000
1723175910168 50.0 572000
1723175924131 50.0 576000
1723175937036 50.0 580000
1723175950580 50.0 584000
1723175963583 50.0 588000
1723175976875 50.0 592000
1723175990787 50.0 596000
1723176005516 50.0 600000
1723176019129 50.0 604000
1723176032577 50.0 608000
1723176045684 50.0 612000
1723176058115 50.0 616000
1723176071848 50.0 620000
1723176085590 50.0 624000
1723176099281 50.0 628000
1723176113464 50.0 632000
1723176126598 50.0 636000
1723176140614 50.0 640000
1723176153282 50.0 644000
1723176166524 50.0 648000
1723176180356 50.0 652000
1723176194060 50.0 656000
1723176207561 50.0 660000
1723176220830 50.0 664000
1723176234825 50.0 668000
1723176247873 50.0 672000
1723176261576 50.0 676000
1723176274879 50.0 680000
1723176289203 50.0 684000
1723176302270 50.0 688000
1723176314536 50.0 692000
1723176327963 50.0 696000
1723176341356 50.0 700000
1723176354776 50.0 704000
1723176368505 50.0 708000
1723176382065 50.0 712000
1723176395417 50.0 716000
1723176409368 50.0 720000
1723176423277 50.0 724000
1723176436553 50.0 728000
1723176448940 50.0 732000
1723176462243 50.0 736000
1723176475894 50.0 740000
1723176489206 50.0 744000
1723176503009 50.0 748000
1723176516437 50.0 752000
1723176529987 50.0 756000
1723176543302 50.0 760000
1723176556956 50.0 764000
1723176569975 50.0 768000
1723176583696 50.0 772000
1723176597534 50.0 776000
1723176610798 50.0 780000
1723176624232 50.0 784000
1723176637368 50.0 788000
1723176650694 50.0 792000
1723176663781 50.0 796000
1723176677091 50.0 800000
1723176691019 50.0 804000
1723176704869 50.0 808000
1723176718284 50.0 812000
1723176731552 50.0 816000
1723176744781 50.0 820000
1723176758041 50.0 824000
1723176771652 50.0 828000
1723176785260 50.0 832000
1723176798725 50.0 836000
1723176812026 50.0 840000
1723176825594 50.0 844000
1723176839400 50.0 848000
1723176852816 50.0 852000
1723176866171 50.0 856000
1723176879509 50.0 860000
1723176893305 50.0 864000
1723176907397 50.0 868000
1723176921189 50.0 872000
1723176934720 50.0 876000
1723176948276 50.0 880000
1723176961776 50.0 884000
1723176975545 50.0 888000
1723176989052 50.0 892000
1723177002463 50.0 896000
1723177015799 50.0 900000
1723177029238 50.0 904000
1723177042200 50.0 908000
1723177056322 50.0 912000
1723177069975 50.0 916000
1723177083481 50.0 920000
1723177097262 50.0 924000
1723177110651 50.0 928000
1723177124259 50.0 932000
1723177137986 50.0 936000
1723177151218 50.0 940000
1723177164419 50.0 944000
1723177177916 50.0 948000
1723177192492 50.0 952000
1723177205853 50.0 956000
1723177219469 50.0 960000
1723177232860 50.0 964000
1723177246444 50.0 968000
1723177260080 50.0 972000
1723177274349 50.0 976000
1723177287988 50.0 980000
1723177301976 50.0 984000
1723177315740 50.0 988000
1723177329342 50.0 992000
1723177342467 50.0 996000
1723177355634 50.0 1000000
1723177369191 50.0 1004000
1723177382888 50.0 1008000
1723177396581 50.0 1012000
1723177410318 50.0 1016000
1723177423764 50.0 1020000
1723177437338 50.0 1024000
1723177451104 50.0 1028000
1723177464800 50.0 1032000
1723177478934 50.0 1036000
1723177492977 50.0 1040000
1723177506887 50.0 1044000
1723177520555 50.0 1048000
1723177534434 50.0 1052000
1723177548274 50.0 1056000
1723177561824 50.0 1060000
1723177575975 50.0 1064000
1723177589616 50.0 1068000
1723177602436 50.0 1072000
1723177615605 50.0 1076000
1723177628950 50.0 1080000
1723177641992 50.0 1084000
1723177655423 50.0 1088000
1723177668871 50.0 1092000
1723177682575 50.0 1096000
1723177696078 50.0 1100000
1723177709623 50.0 1104000
1723177723118 50.0 1108000
1723177737065 50.0 1112000
1723177750234 50.0 1116000
1723177763805 50.0 1120000
1723177777177 50.0 1124000
1723177790732 50.0 1128000
1723177803900 50.0 1132000
1723177817053 50.0 1136000
1723177830559 50.0 1140000
1723177844269 50.0 1144000
1723177858387 50.0 1148000
1723177871979 50.0 1152000
1723177885630 50.0 1156000
1723177899146 50.0 1160000
1723177912746 50.0 1164000
1723177925734 50.0 1168000
1723177939347 50.0 1172000
1723177952337 50.0 1176000
1723177965686 50.0 1180000
1723177979155 50.0 1184000
1723177993082 50.0 1188000
1723178006569 50.0 1192000
1723178019790 50.0 1196000
1723178033063 50.0 1200000
1723178045179 50.0 1204000
1723178058689 50.0 1208000
1723178071627 50.0 1212000
1723178084962 50.0 1216000
1723178097828 50.0 1220000
1723178111154 50.0 1224000
1723178124359 50.0 1228000
1723178137692 50.0 1232000
1723178151438 50.0 1236000
1723178165200 50.0 1240000
1723178178636 50.0 1244000
1723178191703 50.0 1248000
1723178205076 50.0 1252000
1723178218982 50.0 1256000
1723178232308 50.0 1260000
1723178245737 50.0 1264000
1723178259240 50.0 1268000
1723178273064 50.0 1272000
1723178286367 50.0 1276000
1723178299565 50.0 1280000
1723178312918 50.0 1284000
1723178326953 50.0 1288000
1723178340900 50.0 1292000
1723178354516 50.0 1296000
1723178367848 50.0 1300000
1723178381145 50.0 1304000
1723178394740 50.0 1308000
1723178407720 50.0 1312000
1723178420922 50.0 1316000
1723178434421 50.0 1320000
1723178447752 50.0 1324000
1723178461247 50.0 1328000
1723178474781 50.0 1332000
1723178488257 50.0 1336000
1723178501706 50.0 1340000
1723178515733 50.0 1344000
1723178529942 50.0 1348000
1723178543438 50.0 1352000
1723178556973 50.0 1356000
1723178570401 50.0 1360000
1723178583545 50.0 1364000
1723178597122 50.0 1368000
1723178610339 50.0 1372000
1723178623493 50.0 1376000
1723178636626 50.0 1380000
1723178649944 50.0 1384000
1723178662659 50.0 1388000
1723178675157 50.0 1392000
1723178688515 50.0 1396000
1723178701621 50.0 1400000
1723178714959 50.0 1404000
1723178728597 50.0 1408000
1723178742384 50.0 1412000
1723178755617 50.0 1416000
1723178769356 50.0 1420000
1723178782880 50.0 1424000
1723178796321 50.0 1428000
1723178809890 50.0 1432000
1723178823247 50.0 1436000
1723178836137 50.0 1440000
1723178847544 50.0 1444000
1723178859342 50.0 1448000
1723178871076 50.0 1452000
1723178883050 50.0 1456000
1723178895055 50.0 1460000
1723178907100 50.0 1464000
1723178918398 50.0 1468000
1723178929967 50.0 1472000
1723178942223 50.0 1476000
1723178953898 50.0 1480000
1723178965808 50.0 1484000
1723178977740 50.0 1488000
1723178989878 50.0 1492000
1723179001755 50.0 1496000
1723179013770 50.0 1500000
1723179025390 50.0 1504000
1723179037311 50.0 1508000
1723179049028 50.0 1512000
1723179060671 50.0 1516000
1723179072644 50.0 1520000
1723179084953 50.0 1524000
1723179096613 50.0 1528000
1723179108140 50.0 1532000
1723179119727 50.0 1536000
1723179131488 50.0 1540000
1723179143272 50.0 1544000
1723179154818 50.0 1548000
1723179166541 50.0 1552000
1723179177993 50.0 1556000
1723179189828 50.0 1560000
1723179201110 50.0 1564000
1723179212748 50.0 1568000
1723179224428 50.0 1572000
1723179236340 50.0 1576000
1723179247955 50.0 1580000
1723179259149 50.0 1584000
1723179270751 50.0 1588000
1723179282445 50.0 1592000
1723179293804 50.0 1596000
1723179305088 50.0 1600000
1723179316198 50.0 1604000
1723179328009 50.0 1608000
1723179339567 50.0 1612000
1723179350962 50.0 1616000
1723179362355 50.0 1620000
1723179373642 50.0 1624000
1723179384993 50.0 1628000
1723179396243 50.0 1632000
1723179407433 50.0 1636000
1723179418920 50.0 1640000
1723179430598 50.0 1644000
1723179441947 50.0 1648000
1723179453295 50.0 1652000
1723179464697 50.0 1656000
1723179476003 50.0 1660000
1723179487822 50.0 1664000
1723179499236 50.0 1668000
1723179510777 50.0 1672000
1723179522313 50.0 1676000
1723179533952 50.0 1680000
1723179544972 50.0 1684000
1723179556234 50.0 1688000
1723179567720 50.0 1692000
1723179579112 50.0 1696000
1723179590490 50.0 1700000
1723179601861 50.0 1704000
1723179613156 50.0 1708000
1723179624302 50.0 1712000
1723179635724 50.0 1716000
1723179646981 50.0 1720000
1723179658484 50.0 1724000
1723179669908 50.0 1728000
1723179681202 50.0 1732000
1723179692554 50.0 1736000
1723179703999 50.0 1740000
1723179715251 50.0 1744000
1723179726703 50.0 1748000
1723179738184 50.0 1752000
1723179749560 50.0 1756000
1723179760757 50.0 1760000
1723179772201 50.0 1764000
1723179784206 50.0 1768000
1723179795999 50.0 1772000
1723179807470 50.0 1776000
1723179818899 50.0 1780000
1723179830425 50.0 1784000
1723179842603 50.0 1788000
1723179853860 50.0 1792000
1723179865383 50.0 1796000
1723179876419 50.0 1800000
1723179888038 50.0 1804000
1723179899489 50.0 1808000
1723179911040 50.0 1812000
1723179922415 50.0 1816000
1723179933849 50.0 1820000
1723179945170 50.0 1824000
1723179956407 50.0 1828000
1723179967984 50.0 1832000
1723179979281 50.0 1836000
1723179990773 50.0 1840000
1723180002157 50.0 1844000
1723180013334 50.0 1848000
1723180024927 50.0 1852000
1723180036567 50.0 1856000
1723180048240 50.0 1860000
1723180059775 50.0 1864000
1723180071118 50.0 1868000
1723180082524 50.0 1872000
1723180093901 50.0 1876000
1723180105073 50.0 1880000
1723180116394 50.0 1884000
1723180127871 50.0 1888000
1723180139400 50.0 1892000
1723180150900 50.0 1896000
1723180162045 50.0 1900000
1723180173291 50.0 1904000
1723180184576 50.0 1908000
1723180196171 50.0 1912000
1723180207631 50.0 1916000
1723180219027 50.0 1920000
1723180230512 50.0 1924000
1723180241777 50.0 1928000
1723180253505 50.0 1932000
1723180264986 50.0 1936000
1723180276110 50.0 1940000
1723180287567 50.0 1944000
1723180298800 50.0 1948000
1723180310155 50.0 1952000
1723180321925 50.0 1956000
1723180333061 50.0 1960000
1723180344540 50.0 1964000
1723180356187 50.0 1968000
1723180367671 50.0 1972000
1723180379177 50.0 1976000
1723180390561 50.0 1980000
1723180401963 50.0 1984000
1723180413633 50.0 1988000
1723180425392 50.0 1992000
1723180436844 50.0 1996000
1723180448691 50.0 2000000
