1723173953639 0.0 4000
1723173968268 0.0 8000
1723173984113 0.0 12000
1723173999087 0.0 16000
1723174014663 0.0 20000
1723174030101 0.0 24000
1723174046340 0.0 28000
1723174061227 0.0 32000
1723174078177 0.0 36000
1723174093335 0.0 40000
1723174108169 0.0 44000
1723174124682 0.0 48000
1723174139251 0.0 52000
1723174153145 0.0 56000
1723174167314 0.0 60000
1723174181424 0.0 64000
1723174196004 0.0 68000
1723174209807 0.0 72000
1723174224070 0.0 76000
1723174238082 0.0 80000
1723174252312 0.0 84000
1723174266659 0.0 88000
1723174280793 0.0 92000
1723174294683 0.0 96000
1723174308620 0.0 100000
1723174322344 0.0 104000
1723174335987 0.0 108000
1723174350339 0.0 112000
1723174364339 0.0 116000
1723174378743 0.0 120000
1723174394126 0.0 124000
1723174408348 0.0 128000
1723174422244 0.0 132000
1723174436598 0.0 136000
1723174450671 0.0 140000
1723174464535 0.0 144000
1723174478448 0.0 148000
1723174492156 0.0 152000
1723174505757 0.0 156000
1723174519165 0.0 160000
1723174532562 0.0 164000
1723174546884 0.0 168000
1723174560437 0.0 172000
1723174574355 0.0 176000
1723174588863 0.0 180000
1723174602441 0.0 184000
1723174616144 0.0 188000
1723174630067 0.0 192000
1723174643603 0.0 196000
1723174657297 0.0 200000
1723174671296 0.0 204000
1723174684869 0.0 208000
1723174698597 0.0 212000
1723174711802 0.0 216000
1723174725160 0.0 220000
1723174739056 0.0 224000
1723174752367 0.0 228000
1723174765884 0.0 232000
1723174779164 0.0 236000
1723174792761 0.0 240000
1723174806493 0.0 244000
1723174820227 0.0 248000
1723174833668 0.0 252000
1723174846814 0.0 256000
1723174860316 0.0 260000
1723174874155 0.0 264000
1723174887744 0.0 268000
1723174901071 0.0 272000
1723174914708 0.0 276000
1723174927732 0.0 280000
1723174941110 0.0 284000
1723174954271 0.0 288000
1723174967760 0.0 292000
1723174981016 0.0 296000
1723174994307 0.0 300000
1723175007686 0.0 304000
1723175021050 0.0 308000
1723175034410 0.0 312000
1723175047499 0.0 316000
1723175060474 0.0 320000
1723175073960 0.0 324000
1723175087339 0.0 328000
1723175100614 0.0 332000
1723175113768 0.0 336000
1723175127384 0.0 340000
1723175140616 0.0 344000
1723175153973 0.0 348000
1723175167568 0.0 352000
1723175181361 0.0 356000
1723175194550 0.0 360000
1723175208628 0.0 364000
1723175221311 0.0 368000
1723175234257 0.0 372000
1723175248043 0.0 376000
1723175261305 0.0 380000
1723175275221 0.0 384000
1723175288850 0.0 388000
1723175302413 0.0 392000
1723175315717 0.0 396000
1723175329277 0.0 400000
1723175342528 0.0 404000
1723175355786 0.0 408000
1723175369041 0.0 412000
1723175382112 0.0 416000
1723175395868 0.0 420000
1723175409492 0.0 424000
1723175423011 0.0 428000
1723175436324 0.0 432000
1723175449754 0.0 436000
1723175462903 0.0 440000
1723175476072 0.0 444000
1723175490503 0.0 448000
1723175503497 0.0 452000
1723175517137 0.0 456000
1723175530041 0.0 460000
1723175543152 0.0 464000
1723175555106 0.0 468000
1723175567952 0.0 472000
1723175581188 0.0 476000
1723175594554 0.0 480000
1723175608038 0.0 484000
1723175621286 0.0 488000
1723175634942 0.0 492000
1723175648851 0.0 496000
1723175662509 0.0 500000
1723175675887 0.0 504000
1723175689657 0.0 508000
1723175703503 0.0 512000
1723175717494 0.0 516000
1723175731090 0.0 520000
1723175744916 0.0 524000
1723175758904 0.0 528000
1723175773248 0.0 532000
1723175786704 0.0 536000
1723175800485 0.0 540000
1723175813543 0.0 544000
1723175826549 0.0 548000
1723175839815 0.0 552000
1723175853367 0.0 556000
1723175867623 0.0 560000
1723175881437 0.0 564000
1723175894859 0.0 568000
1723175910162 0.0 572000
1723175924125 0.0 576000
1723175937029 0.0 580000
1723175950574 0.0 584000
1723175963577 0.0 588000
1723175976869 0.0 592000
1723175990779 0.0 596000
1723176005509 0.0 600000
1723176019122 0.0 604000
1723176032570 0.0 608000
1723176045677 0.0 612000
1723176058110 0.0 616000
1723176071843 0.0 620000
1723176085583 0.0 624000
1723176099272 0.0 628000
1723176113455 0.0 632000
1723176126591 0.0 636000
1723176140607 0.0 640000
1723176153276 0.0 644000
1723176166518 0.0 648000
1723176180350 0.0 652000
1723176194054 0.0 656000
1723176207554 0.0 660000
1723176220824 0.0 664000
1723176234819 0.0 668000
1723176247867 0.0 672000
1723176261567 0.0 676000
1723176274870 0.0 680000
1723176289196 0.0 684000
1723176302263 0.0 688000
1723176314530 0.0 692000
1723176327956 0.0 696000
1723176341350 0.0 700000
1723176354771 0.0 704000
1723176368498 0.0 708000
1723176382057 0.0 712000
1723176395410 0.0 716000
1723176409362 0.0 720000
1723176423271 0.0 724000
1723176436547 0.0 728000
1723176448933 0.0 732000
1723176462237 0.0 736000
1723176475887 0.0 740000
1723176489200 0.0 744000
1723176503003 0.0 748000
1723176516430 0.0 752000
1723176529981 0.0 756000
1723176543295 0.0 760000
1723176556950 0.0 764000
1723176569969 0.0 768000
1723176583691 0.0 772000
1723176597527 0.0 776000
1723176610792 0.0 780000
1723176624225 0.0 784000
1723176637362 0.0 788000
1723176650687 0.0 792000
1723176663775 0.0 796000
1723176677085 0.0 800000
1723176691012 0.0 804000
1723176704863 0.0 808000
1723176718278 0.0 812000
1723176731546 0.0 816000
1723176744775 0.0 820000
1723176758035 0.0 824000
1723176771646 0.0 828000
1723176785253 0.0 832000
1723176798719 0.0 836000
1723176812020 0.0 840000
1723176825588 0.0 844000
1723176839394 0.0 848000
1723176852809 0.0 852000
1723176866165 0.0 856000
1723176879502 0.0 860000
1723176893299 0.0 864000
1723176907391 0.0 868000
1723176921183 0.0 872000
1723176934714 0.0 876000
1723176948270 0.0 880000
1723176961770 0.0 884000
1723176975538 0.0 888000
1723176989046 0.0 892000
1723177002456 0.0 896000
1723177015793 0.0 900000
1723177029232 0.0 904000
1723177042194 0.0 908000
1723177056315 0.0 912000
1723177069969 0.0 916000
1723177083474 0.0 920000
1723177097254 0.0 924000
1723177110645 0.0 928000
1723177124253 0.0 932000
1723177137980 0.0 936000
1723177151212 0.0 940000
1723177164412 0.0 944000
1723177177910 0.0 948000
1723177192485 0.0 952000
1723177205848 0.0 956000
1723177219463 0.0 960000
1723177232853 0.0 964000
1723177246438 0.0 968000
1723177260074 0.0 972000
1723177274343 0.0 976000
1723177287982 0.0 980000
1723177301970 0.0 984000
1723177315733 0.0 988000
1723177329335 0.0 992000
1723177342461 0.0 996000
1723177355628 0.0 1000000
1723177369185 0.0 1004000
1723177382881 0.0 1008000
1723177396575 0.0 1012000
1723177410311 0.0 1016000
1723177423755 0.0 1020000
1723177437332 0.0 1024000
1723177451098 0.0 1028000
1723177464794 0.0 1032000
1723177478927 0.0 1036000
1723177492970 0.0 1040000
1723177506879 0.0 1044000
1723177520548 0.0 1048000
1723177534428 0.0 1052000
1723177548268 0.0 1056000
1723177561818 0.0 1060000
1723177575969 0.0 1064000
1723177589609 0.0 1068000
1723177602429 0.0 1072000
1723177615599 0.0 1076000
1723177628944 0.0 1080000
1723177641986 0.0 1084000
1723177655416 0.0 1088000
1723177668865 0.0 1092000
1723177682568 0.0 1096000
1723177696072 0.0 1100000
1723177709617 0.0 1104000
1723177723113 0.0 1108000
1723177737058 0.0 1112000
1723177750228 0.0 1116000
1723177763799 0.0 1120000
1723177777171 0.0 1124000
1723177790725 0.0 1128000
1723177803893 0.0 1132000
1723177817046 0.0 1136000
1723177830553 0.0 1140000
1723177844263 0.0 1144000
1723177858380 0.0 1148000
1723177871958 0.0 1152000
1723177885623 0.0 1156000
1723177899140 0.0 1160000
1723177912739 0.0 1164000
1723177925728 0.0 1168000
1723177939341 0.0 1172000
1723177952331 0.0 1176000
1723177965680 0.0 1180000
1723177979149 0.0 1184000
1723177993076 0.0 1188000
1723178006563 0.0 1192000
1723178019784 0.0 1196000
1723178033056 0.0 1200000
1723178045170 0.0 1204000
1723178058683 0.0 1208000
1723178071620 0.0 1212000
1723178084956 0.0 1216000
1723178097822 0.0 1220000
1723178111148 0.0 1224000
1723178124353 0.0 1228000
1723178137685 0.0 1232000
1723178151431 0.0 1236000
1723178165195 0.0 1240000
1723178178630 0.0 1244000
1723178191696 0.0 1248000
1723178205070 0.0 1252000
1723178218975 0.0 1256000
1723178232302 0.0 1260000
1723178245731 0.0 1264000
1723178259233 0.0 1268000
1723178273056 0.0 1272000
1723178286361 0.0 1276000
1723178299559 0.0 1280000
1723178312911 0.0 1284000
1723178326946 0.0 1288000
1723178340893 0.0 1292000
1723178354510 0.0 1296000
1723178367842 0.0 1300000
1723178381138 0.0 1304000
1723178394734 0.0 1308000
1723178407713 0.0 1312000
1723178420917 0.0 1316000
1723178434415 0.0 1320000
1723178447746 0.0 1324000
1723178461240 0.0 1328000
1723178474775 0.0 1332000
1723178488251 0.0 1336000
1723178501699 0.0 1340000
1723178515727 0.0 1344000
1723178529936 0.0 1348000
1723178543431 0.0 1352000
1723178556966 0.0 1356000
1723178570395 0.0 1360000
1723178583538 0.0 1364000
1723178597116 0.0 1368000
1723178610332 0.0 1372000
1723178623487 0.0 1376000
1723178636619 0.0 1380000
1723178649938 0.0 1384000
1723178662653 0.0 1388000
1723178675151 0.0 1392000
1723178688509 0.0 1396000
1723178701615 0.0 1400000
1723178714952 0.0 1404000
1723178728591 0.0 1408000
1723178742378 0.0 1412000
1723178755610 0.0 1416000
1723178769350 0.0 1420000
1723178782874 0.0 1424000
1723178796314 0.0 1428000
1723178809883 0.0 1432000
1723178823240 0.0 1436000
1723178836131 0.0 1440000
1723178847538 0.0 1444000
1723178859336 0.0 1448000
1723178871070 0.0 1452000
1723178883045 0.0 1456000
1723178895049 0.0 1460000
1723178907094 0.0 1464000
1723178918392 0.0 1468000
1723178929961 0.0 1472000
1723178942217 0.0 1476000
1723178953893 0.0 1480000
1723178965802 0.0 1484000
1723178977735 0.0 1488000
1723178989871 0.0 1492000
1723179001749 0.0 1496000
1723179013764 0.0 1500000
1723179025384 0.0 1504000
1723179037304 0.0 1508000
1723179049023 0.0 1512000
1723179060666 0.0 1516000
1723179072638 0.0 1520000
1723179084947 0.0 1524000
1723179096607 0.0 1528000
1723179108134 0.0 1532000
1723179119721 0.0 1536000
1723179131482 0.0 1540000
1723179143267 0.0 1544000
1723179154812 0.0 1548000
1723179166533 0.0 1552000
1723179177987 0.0 1556000
1723179189823 0.0 1560000
1723179201104 0.0 1564000
1723179212742 0.0 1568000
1723179224422 0.0 1572000
1723179236333 0.0 1576000
1723179247950 0.0 1580000
1723179259143 0.0 1584000
1723179270745 0.0 1588000
1723179282439 0.0 1592000
1723179293798 0.0 1596000
1723179305083 0.0 1600000
1723179316192 0.0 1604000
1723179328003 0.0 1608000
1723179339561 0.0 1612000
1723179350957 0.0 1616000
1723179362349 0.0 1620000
1723179373636 0.0 1624000
1723179384987 0.0 1628000
1723179396237 0.0 1632000
1723179407427 0.0 1636000
1723179418914 0.0 1640000
1723179430592 0.0 1644000
1723179441942 0.0 1648000
1723179453289 0.0 1652000
1723179464691 0.0 1656000
1723179475997 0.0 1660000
1723179487815 0.0 1664000
1723179499230 0.0 1668000
1723179510770 0.0 1672000
1723179522307 0.0 1676000
1723179533946 0.0 1680000
1723179544966 0.0 1684000
1723179556228 0.0 1688000
1723179567714 0.0 1692000
1723179579106 0.0 1696000
1723179590484 0.0 1700000
1723179601855 0.0 1704000
1723179613150 0.0 1708000
1723179624296 0.0 1712000
1723179635718 0.0 1716000
1723179646976 0.0 1720000
1723179658478 0.0 1724000
1723179669903 0.0 1728000
1723179681196 0.0 1732000
1723179692548 0.0 1736000
1723179703993 0.0 1740000
1723179715245 0.0 1744000
1723179726698 0.0 1748000
1723179738178 0.0 1752000
1723179749554 0.0 1756000
1723179760751 0.0 1760000
1723179772195 0.0 1764000
1723179784200 0.0 1768000
1723179795993 0.0 1772000
1723179807464 0.0 1776000
1723179818893 0.0 1780000
1723179830418 0.0 1784000
1723179842597 0.0 1788000
1723179853854 0.0 1792000
1723179865377 0.0 1796000
1723179876412 0.0 1800000
1723179888031 0.0 1804000
1723179899483 0.0 1808000
1723179911034 0.0 1812000
1723179922409 0.0 1816000
1723179933843 0.0 1820000
1723179945164 0.0 1824000
1723179956401 0.0 1828000
1723179967978 0.0 1832000
1723179979275 0.0 1836000
1723179990767 0.0 1840000
1723180002151 0.0 1844000
1723180013329 0.0 1848000
1723180024921 0.0 1852000
1723180036561 0.0 1856000
1723180048234 0.0 1860000
1723180059769 0.0 1864000
1723180071112 0.0 1868000
1723180082518 0.0 1872000
1723180093895 0.0 1876000
1723180105067 0.0 1880000
1723180116389 0.0 1884000
1723180127865 0.0 1888000
1723180139394 0.0 1892000
1723180150894 0.0 1896000
1723180162040 0.0 1900000
1723180173285 0.0 1904000
1723180184570 0.0 1908000
1723180196165 0.0 1912000
1723180207625 0.0 1916000
1723180219021 0.0 1920000
1723180230507 0.0 1924000
1723180241771 0.0 1928000
1723180253499 0.0 1932000
1723180264979 0.0 1936000
1723180276104 0.0 1940000
1723180287561 0.0 1944000
1723180298794 0.0 1948000
1723180310149 0.0 1952000
1723180321919 0.0 1956000
1723180333055 0.0 1960000
1723180344534 0.0 1964000
1723180356181 0.0 1968000
1723180367665 0.0 1972000
1723180379171 0.0 1976000
1723180390555 0.0 1980000
1723180401957 0.0 1984000
1723180413627 0.0 1988000
1723180425386 0.0 1992000
1723180436838 0.0 1996000
1723180448686 0.0 2000000
