1723173953640 0.0 4000
1723173968269 0.0 8000
1723173984114 0.0 12000
1723173999088 0.0 16000
1723174014664 0.0 20000
1723174030102 0.0 24000
1723174046341 0.0 28000
1723174061228 0.0 32000
1723174078179 0.0 36000
1723174093336 0.0 40000
1723174108169 0.0 44000
1723174124683 0.0 48000
1723174139252 0.0 52000
1723174153146 0.0 56000
1723174167315 0.0 60000
1723174181425 0.0 64000
1723174196006 0.0 68000
1723174209807 0.0 72000
1723174224071 0.0 76000
1723174238083 0.0 80000
1723174252312 0.0 84000
1723174266660 0.0 88000
1723174280794 0.0 92000
1723174294684 0.0 96000
1723174308621 0.0 100000
1723174322345 0.0 104000
1723174335987 0.0 108000
1723174350340 0.0 112000
1723174364340 0.0 116000
1723174378744 0.0 120000
1723174394127 0.0 124000
1723174408349 0.0 128000
1723174422245 0.0 132000
1723174436599 0.0 136000
1723174450672 0.0 140000
1723174464536 0.0 144000
1723174478449 0.0 148000
1723174492157 0.0 152000
1723174505757 0.0 156000
1723174519166 0.0 160000
1723174532562 0.0 164000
1723174546885 0.0 168000
1723174560438 0.0 172000
1723174574356 0.0 176000
1723174588864 0.0 180000
1723174602442 0.0 184000
1723174616145 0.0 188000
1723174630068 0.0 192000
1723174643604 0.0 196000
1723174657298 0.0 200000
1723174671297 0.0 204000
1723174684870 0.0 208000
1723174698598 0.0 212000
1723174711803 0.0 216000
1723174725161 0.0 220000
1723174739057 0.0 224000
1723174752368 0.0 228000
1723174765885 0.0 232000
1723174779165 0.0 236000
1723174792762 0.0 240000
1723174806494 0.0 244000
1723174820228 0.0 248000
1723174833668 0.0 252000
1723174846815 0.0 256000
1723174860317 0.0 260000
1723174874156 0.0 264000
1723174887745 0.0 268000
1723174901072 0.0 272000
1723174914708 0.0 276000
1723174927733 0.0 280000
1723174941111 0.0 284000
1723174954272 0.0 288000
1723174967761 0.0 292000
1723174981016 0.0 296000
1723174994308 0.0 300000
1723175007687 0.0 304000
1723175021050 0.0 308000
1723175034411 0.0 312000
1723175047500 0.0 316000
1723175060475 0.0 320000
1723175073961 0.0 324000
1723175087340 0.0 328000
1723175100615 0.0 332000
1723175113768 0.0 336000
1723175127385 0.0 340000
1723175140617 0.0 344000
1723175153974 0.0 348000
1723175167568 0.0 352000
1723175181362 0.0 356000
1723175194550 0.0 360000
1723175208631 0.0 364000
1723175221312 0.0 368000
1723175234257 0.0 372000
1723175248044 0.0 376000
1723175261305 0.0 380000
1723175275222 0.0 384000
1723175288851 0.0 388000
1723175302414 0.0 392000
1723175315718 0.0 396000
1723175329278 0.0 400000
1723175342529 0.0 404000
1723175355787 0.0 408000
1723175369042 0.0 412000
1723175382113 0.0 416000
1723175395869 0.0 420000
1723175409492 0.0 424000
1723175423012 0.0 428000
1723175436325 0.0 432000
1723175449755 0.0 436000
1723175462904 0.0 440000
1723175476072 0.0 444000
1723175490504 0.0 448000
1723175503498 0.0 452000
1723175517138 0.0 456000
1723175530041 0.0 460000
1723175543153 0.0 464000
1723175555107 0.0 468000
1723175567953 0.0 472000
1723175581189 0.0 476000
1723175594554 0.0 480000
1723175608038 0.0 484000
1723175621287 0.0 488000
1723175634943 0.0 492000
1723175648852 0.0 496000
1723175662510 0.0 500000
1723175675888 0.0 504000
1723175689658 0.0 508000
1723175703504 0.0 512000
1723175717494 0.0 516000
1723175731091 0.0 520000
1723175744917 0.0 524000
1723175758905 0.0 528000
1723175773248 0.0 532000
1723175786705 0.0 536000
1723175800485 0.0 540000
1723175813544 0.0 544000
1723175826550 0.0 548000
1723175839816 0.0 552000
1723175853368 0.0 556000
1723175867624 0.0 560000
1723175881438 0.0 564000
1723175894859 0.0 568000
1723175910163 0.0 572000
1723175924126 0.0 576000
1723175937030 0.0 580000
1723175950575 0.0 584000
1723175963577 0.0 588000
1723175976869 0.0 592000
1723175990779 0.0 596000
1723176005510 0.0 600000
1723176019123 0.0 604000
1723176032571 0.0 608000
1723176045678 0.0 612000
1723176058110 0.0 616000
1723176071843 0.0 620000
1723176085584 0.0 624000
1723176099273 0.0 628000
1723176113456 0.0 632000
1723176126592 0.0 636000
1723176140608 0.0 640000
1723176153277 0.0 644000
1723176166519 0.0 648000
1723176180351 0.0 652000
1723176194055 0.0 656000
1723176207555 0.0 660000
1723176220824 0.0 664000
1723176234820 0.0 668000
1723176247868 0.0 672000
1723176261568 0.0 676000
1723176274871 0.0 680000
1723176289197 0.0 684000
1723176302264 0.0 688000
1723176314531 0.0 692000
1723176327957 0.0 696000
1723176341351 0.0 700000
1723176354771 0.0 704000
1723176368499 0.0 708000
1723176382057 0.0 712000
1723176395411 0.0 716000
1723176409363 0.0 720000
1723176423272 0.0 724000
1723176436548 0.0 728000
1723176448934 0.0 732000
1723176462238 0.0 736000
1723176475888 0.0 740000
1723176489201 0.0 744000
1723176503004 0.0 748000
1723176516431 0.0 752000
1723176529982 0.0 756000
1723176543296 0.0 760000
1723176556951 0.0 764000
1723176569970 0.0 768000
1723176583692 0.0 772000
1723176597528 0.0 776000
1723176610793 0.0 780000
1723176624226 0.0 784000
1723176637363 0.0 788000
1723176650688 0.0 792000
1723176663776 0.0 796000
1723176677086 0.0 800000
1723176691013 0.0 804000
1723176704864 0.0 808000
1723176718278 0.0 812000
1723176731546 0.0 816000
1723176744776 0.0 820000
1723176758036 0.0 824000
1723176771646 0.0 828000
1723176785254 0.0 832000
1723176798719 0.0 836000
1723176812020 0.0 840000
1723176825589 0.0 844000
1723176839395 0.0 848000
1723176852810 0.0 852000
1723176866166 0.0 856000
1723176879503 0.0 860000
1723176893300 0.0 864000
1723176907391 0.0 868000
1723176921184 0.0 872000
1723176934715 0.0 876000
1723176948271 0.0 880000
1723176961771 0.0 884000
1723176975539 0.0 888000
1723176989047 0.0 892000
1723177002457 0.0 896000
1723177015794 0.0 900000
1723177029233 0.0 904000
1723177042195 0.0 908000
1723177056316 0.0 912000
1723177069969 0.0 916000
1723177083475 0.0 920000
1723177097255 0.0 924000
1723177110646 0.0 928000
1723177124254 0.0 932000
1723177137980 0.0 936000
1723177151213 0.0 940000
1723177164413 0.0 944000
1723177177911 0.0 948000
1723177192486 0.0 952000
1723177205848 0.0 956000
1723177219464 0.0 960000
1723177232854 0.0 964000
1723177246439 0.0 968000
1723177260075 0.0 972000
1723177274344 0.0 976000
1723177287983 0.0 980000
1723177301970 0.0 984000
1723177315734 0.0 988000
1723177329336 0.0 992000
1723177342462 0.0 996000
1723177355629 0.0 1000000
1723177369185 0.0 1004000
1723177382882 0.0 1008000
1723177396576 0.0 1012000
1723177410312 0.0 1016000
1723177423756 0.0 1020000
1723177437332 0.0 1024000
1723177451099 0.0 1028000
1723177464795 0.0 1032000
1723177478928 0.0 1036000
1723177492971 0.0 1040000
1723177506879 0.0 1044000
1723177520550 0.0 1048000
1723177534429 0.0 1052000
1723177548269 0.0 1056000
1723177561819 0.0 1060000
1723177575970 0.0 1064000
1723177589610 0.0 1068000
1723177602430 0.0 1072000
1723177615600 0.0 1076000
1723177628945 0.0 1080000
1723177641987 0.0 1084000
1723177655417 0.0 1088000
1723177668866 0.0 1092000
1723177682569 0.0 1096000
1723177696073 0.0 1100000
1723177709618 0.0 1104000
1723177723113 0.0 1108000
1723177737059 0.0 1112000
1723177750229 0.0 1116000
1723177763800 0.0 1120000
1723177777172 0.0 1124000
1723177790726 0.0 1128000
1723177803895 0.0 1132000
1723177817046 0.0 1136000
1723177830554 0.0 1140000
1723177844264 0.0 1144000
1723177858381 0.0 1148000
1723177871959 0.0 1152000
1723177885624 0.0 1156000
1723177899141 0.0 1160000
1723177912740 0.0 1164000
1723177925729 0.0 1168000
1723177939342 0.0 1172000
1723177952331 0.0 1176000
1723177965681 0.0 1180000
1723177979149 0.0 1184000
1723177993077 0.0 1188000
1723178006563 0.0 1192000
1723178019785 0.0 1196000
1723178033057 0.0 1200000
1723178045171 0.0 1204000
1723178058684 0.0 1208000
1723178071621 0.0 1212000
1723178084957 0.0 1216000
1723178097823 0.0 1220000
1723178111149 0.0 1224000
1723178124354 0.0 1228000
1723178137686 0.0 1232000
1723178151432 0.0 1236000
1723178165195 0.0 1240000
1723178178631 0.0 1244000
1723178191697 0.0 1248000
1723178205070 0.0 1252000
1723178218975 0.0 1256000
1723178232303 0.0 1260000
1723178245732 0.0 1264000
1723178259235 0.0 1268000
1723178273057 0.0 1272000
1723178286362 0.0 1276000
1723178299560 0.0 1280000
1723178312912 0.0 1284000
1723178326947 0.0 1288000
1723178340894 0.0 1292000
1723178354511 0.0 1296000
1723178367843 0.0 1300000
1723178381139 0.0 1304000
1723178394735 0.0 1308000
1723178407714 0.0 1312000
1723178420917 0.0 1316000
1723178434416 0.0 1320000
1723178447746 0.0 1324000
1723178461241 0.0 1328000
1723178474776 0.0 1332000
1723178488252 0.0 1336000
1723178501700 0.0 1340000
1723178515727 0.0 1344000
1723178529937 0.0 1348000
1723178543432 0.0 1352000
1723178556967 0.0 1356000
1723178570396 0.0 1360000
1723178583539 0.0 1364000
1723178597117 0.0 1368000
1723178610333 0.0 1372000
1723178623488 0.0 1376000
1723178636620 0.0 1380000
1723178649939 0.0 1384000
1723178662654 0.0 1388000
1723178675152 0.0 1392000
1723178688509 0.0 1396000
1723178701616 0.0 1400000
1723178714954 0.0 1404000
1723178728591 0.0 1408000
1723178742379 0.0 1412000
1723178755611 0.0 1416000
1723178769350 0.0 1420000
1723178782875 0.0 1424000
1723178796315 0.0 1428000
1723178809884 0.0 1432000
1723178823241 0.0 1436000
1723178836132 0.0 1440000
1723178847539 0.0 1444000
1723178859337 0.0 1448000
1723178871071 0.0 1452000
1723178883045 0.0 1456000
1723178895050 0.0 1460000
1723178907095 0.0 1464000
1723178918393 0.0 1468000
1723178929962 0.0 1472000
1723178942218 0.0 1476000
1723178953894 0.0 1480000
1723178965803 0.0 1484000
1723178977735 0.0 1488000
1723178989872 0.0 1492000
1723179001750 0.0 1496000
1723179013765 0.0 1500000
1723179025385 0.0 1504000
1723179037305 0.0 1508000
1723179049024 0.0 1512000
1723179060666 0.0 1516000
1723179072639 0.0 1520000
1723179084948 0.0 1524000
1723179096608 0.0 1528000
1723179108135 0.0 1532000
1723179119722 0.0 1536000
1723179131483 0.0 1540000
1723179143267 0.0 1544000
1723179154812 0.0 1548000
1723179166535 0.0 1552000
1723179177987 0.0 1556000
1723179189823 0.0 1560000
1723179201105 0.0 1564000
1723179212743 0.0 1568000
1723179224423 0.0 1572000
1723179236334 0.0 1576000
1723179247951 0.0 1580000
1723179259144 0.0 1584000
1723179270746 0.0 1588000
1723179282439 0.0 1592000
1723179293799 0.0 1596000
1723179305083 0.0 1600000
1723179316193 0.0 1604000
1723179328003 0.0 1608000
1723179339562 0.0 1612000
1723179350957 0.0 1616000
1723179362350 0.0 1620000
1723179373637 0.0 1624000
1723179384987 0.0 1628000
1723179396238 0.0 1632000
1723179407428 0.0 1636000
1723179418915 0.0 1640000
1723179430593 0.0 1644000
1723179441942 0.0 1648000
1723179453290 0.0 1652000
1723179464692 0.0 1656000
1723179475998 0.0 1660000
1723179487816 0.0 1664000
1723179499231 0.0 1668000
1723179510771 0.0 1672000
1723179522308 0.0 1676000
1723179533947 0.0 1680000
1723179544967 0.0 1684000
1723179556229 0.0 1688000
1723179567715 0.0 1692000
1723179579107 0.0 1696000
1723179590485 0.0 1700000
1723179601856 0.0 1704000
1723179613151 0.0 1708000
1723179624297 0.0 1712000
1723179635718 0.0 1716000
1723179646976 0.0 1720000
1723179658479 0.0 1724000
1723179669903 0.0 1728000
1723179681197 0.0 1732000
1723179692549 0.0 1736000
1723179703994 0.0 1740000
1723179715246 0.0 1744000
1723179726698 0.0 1748000
1723179738179 0.0 1752000
1723179749555 0.0 1756000
1723179760752 0.0 1760000
1723179772196 0.0 1764000
1723179784201 0.0 1768000
1723179795994 0.0 1772000
1723179807465 0.0 1776000
1723179818894 0.0 1780000
1723179830419 0.0 1784000
1723179842598 0.0 1788000
1723179853855 0.0 1792000
1723179865378 0.0 1796000
1723179876413 0.0 1800000
1723179888032 0.0 1804000
1723179899484 0.0 1808000
1723179911035 0.0 1812000
1723179922409 0.0 1816000
1723179933844 0.0 1820000
1723179945165 0.0 1824000
1723179956402 0.0 1828000
1723179967979 0.0 1832000
1723179979276 0.0 1836000
1723179990768 0.0 1840000
1723180002152 0.0 1844000
1723180013330 0.0 1848000
1723180024922 0.0 1852000
1723180036562 0.0 1856000
1723180048235 0.0 1860000
1723180059770 0.0 1864000
1723180071113 0.0 1868000
1723180082519 0.0 1872000
1723180093896 0.0 1876000
1723180105068 0.0 1880000
1723180116389 0.0 1884000
1723180127866 0.0 1888000
1723180139395 0.0 1892000
1723180150895 0.0 1896000
1723180162040 0.0 1900000
1723180173286 0.0 1904000
1723180184571 0.0 1908000
1723180196166 0.0 1912000
1723180207626 0.0 1916000
1723180219022 0.0 1920000
1723180230507 0.0 1924000
1723180241772 0.0 1928000
1723180253500 0.0 1932000
1723180264980 0.0 1936000
1723180276105 0.0 1940000
1723180287562 0.0 1944000
1723180298794 0.0 1948000
1723180310150 0.0 1952000
1723180321920 0.0 1956000
1723180333056 0.0 1960000
1723180344535 0.0 1964000
1723180356182 0.0 1968000
1723180367666 0.0 1972000
1723180379172 0.0 1976000
1723180390556 0.0 1980000
1723180401958 0.0 1984000
1723180413628 0.0 1988000
1723180425387 0.0 1992000
1723180436839 0.0 1996000
1723180448686 0.0 2000000
