1723172544798 20.265 4000
1723172560052 15.831 8000
1723172575055 15.413 12000
1723172590099 13.953 16000
1723172604589 13.283 20000
1723172618942 12.649 24000
1723172633067 12.526 28000
1723172647578 12.233 32000
1723172662221 12.03 36000
1723172675335 11.928 40000
1723172689860 10.958 44000
1723172704027 10.768 48000
1723172718009 10.354 52000
1723172732061 10.711 56000
1723172749529 10.687 60000
1723172763886 10.932 64000
1723172778348 10.776 68000
1723172792980 11.054 72000
1723172807152 11.073 76000
1723172821211 11.078 80000
1723172835191 10.975 84000
1723172849069 11.218 88000
1723172862978 11.12 92000
1723172877141 11.002 96000
1723172890986 10.849 100000
1723172904687 17.812 104000
1723172917973 17.807 108000
1723172931984 17.558 112000
1723172946221 17.558 116000
1723172960121 17.509 120000
1723172974242 17.506 124000
1723172988116 17.268 128000
1723173002050 17.394 132000
1723173016004 17.258 136000
1723173029946 17.649 140000
1723173043912 10.495 144000
1723173057935 10.652 148000
1723173071811 10.68 152000
1723173085724 10.593 156000
1723173099424 10.461 160000
1723173113932 10.675 164000
1723173128451 11.892 168000
1723173142436 11.8 172000
1723173155453 11.689 176000
1723173169499 11.388 180000
1723173183261 11.415 184000
1723173197302 11.208 188000
1723173211464 11.208 192000
1723173225472 11.503 196000
1723173239386 11.578 200000
1723173252974 11.326 204000
1723173266753 10.358 208000
1723173280436 10.545 212000
1723173294106 10.79 216000
1723173307614 10.734 220000
1723173321413 10.872 224000
1723173335021 10.892 228000
1723173348695 10.736 232000
1723173362454 10.402 236000
