1723157948719 0.0 4000
1723157966443 0.0 8000
1723157984353 0.0 12000
1723157998301 0.0 16000
1723158011281 0.0 20000
1723158024099 0.0 24000
1723158037041 0.0 28000
1723158050925 0.0 32000
1723158065139 0.0 36000
1723158079150 0.0 40000
1723158093239 0.0 44000
1723158107381 0.0 48000
1723158121449 0.0 52000
1723158135488 0.0 56000
1723158149245 0.0 60000
1723158163290 0.0 64000
1723158177292 0.0 68000
1723158191700 0.0 72000
1723158205844 0.0 76000
1723158220123 0.0 80000
1723158234122 0.0 84000
1723158248254 0.0 88000
1723158262272 0.0 92000
1723158276265 0.0 96000
1723158290137 0.0 100000
1723158304306 0.0 104000
1723158319193 0.0 108000
1723158333665 0.0 112000
1723158348229 0.0 116000
1723158362652 0.0 120000
1723158377125 0.0 124000
1723158392862 0.0 128000
1723158414794 0.0 132000
1723158430086 0.0 136000
1723158444672 0.0 140000
1723158458996 0.0 144000
1723158473390 0.0 148000
1723158487800 0.0 152000
1723158501918 0.0 156000
1723158516162 0.0 160000
1723158530541 0.0 164000
1723158545582 0.0 168000
1723158560310 0.0 172000
1723158575034 0.0 176000
1723158589544 0.0 180000
1723158603497 0.0 184000
1723158617286 0.0 188000
1723158631391 0.0 192000
1723158645196 0.0 196000
1723158658750 0.0 200000
1723158672879 0.0 204000
1723158687427 0.0 208000
1723158701653 0.0 212000
1723158715821 0.0 216000
1723158730283 0.0 220000
1723158744608 0.0 224000
1723158758506 0.0 228000
1723158772794 0.0 232000
1723158786674 0.0 236000
1723158800662 0.0 240000
1723158814621 0.0 244000
1723158829061 0.0 248000
1723158842553 0.0 252000
1723158856409 0.0 256000
1723158870686 0.0 260000
1723158885419 0.0 264000
1723158899357 0.0 268000
1723158913960 0.0 272000
1723158928330 0.0 276000
1723158942296 0.0 280000
1723158955933 0.0 284000
1723158969822 0.0 288000
1723158983842 0.0 292000
1723158997350 0.0 296000
1723159010914 0.0 300000
1723159024489 0.0 304000
1723159041406 0.0 308000
1723159061436 0.0 312000
1723159081136 0.0 316000
1723159096109 0.0 320000
1723159109860 0.0 324000
1723159123391 0.0 328000
1723159137162 0.0 332000
1723159151090 0.0 336000
1723159164707 0.0 340000
1723159178377 0.0 344000
1723159192402 0.0 348000
1723159205700 0.0 352000
1723159218897 0.0 356000
1723159232524 0.0 360000
1723159246781 0.0 364000
1723159260176 0.0 368000
1723159273472 0.0 372000
1723159287073 0.0 376000
1723159301114 0.0 380000
1723159315241 0.0 384000
1723159329050 0.0 388000
1723159343064 0.0 392000
1723159356735 0.0 396000
1723159370512 0.0 400000
1723159384793 0.0 404000
1723159399017 0.0 408000
1723159412477 0.0 412000
1723159431068 0.0 416000
1723159446405 0.0 420000
1723159460592 0.0 424000
1723159474876 0.0 428000
1723159488982 0.0 432000
1723159502434 0.0 436000
1723159515668 0.0 440000
1723159528965 0.0 444000
1723159542646 0.0 448000
1723159556264 0.0 452000
1723159583041 0.0 456000
1723159601095 0.0 460000
1723159618338 0.0 464000
1723159636523 0.0 468000
1723159654278 0.0 472000
1723159674033 0.0 476000
1723159692937 0.0 480000
1723159710326 0.0 484000
1723159724969 0.0 488000
1723159738645 0.0 492000
1723159751933 0.0 496000
1723159765650 0.0 500000
1723159779339 0.0 504000
1723159793070 0.0 508000
1723159806570 0.0 512000
1723159819925 0.0 516000
1723159834691 0.0 520000
1723159848637 0.0 524000
1723159863094 0.0 528000
1723159877376 0.0 532000
1723159891408 0.0 536000
1723159905589 0.0 540000
1723159919844 0.0 544000
1723159934195 0.0 548000
1723159948067 0.0 552000
1723159962183 0.0 556000
1723159976450 0.0 560000
1723159989953 0.0 564000
1723160003568 0.0 568000
1723160017385 0.0 572000
1723160031090 0.0 576000
1723160044801 0.0 580000
1723160063094 0.0 584000
1723160081305 0.0 588000
1723160099164 0.0 592000
1723160117074 0.0 596000
1723160130384 0.0 600000
1723160142905 0.0 604000
1723160155503 0.0 608000
1723160168042 0.0 612000
1723160180803 0.0 616000
1723160194127 0.0 620000
1723160206865 0.0 624000
1723160219803 0.0 628000
1723160232683 0.0 632000
1723160245049 0.0 636000
1723160257909 0.0 640000
1723160274863 0.0 644000
1723160292088 0.0 648000
1723160309424 0.0 652000
1723160326974 0.0 656000
1723160345131 0.0 660000
1723160362686 0.0 664000
1723160376984 0.0 668000
1723160390031 0.0 672000
1723160403516 0.0 676000
1723160424884 0.0 680000
1723160442752 0.0 684000
1723160461012 0.0 688000
1723160479386 0.0 692000
1723160493596 0.0 696000
1723160506769 0.0 700000
1723160523377 0.0 704000
1723160541343 0.0 708000
1723160560175 0.0 712000
1723160578866 0.0 716000
1723160596247 0.0 720000
1723160614253 0.0 724000
1723160635002 0.0 728000
1723160653684 0.0 732000
1723160672995 0.0 736000
1723160687881 0.0 740000
1723160702106 0.0 744000
1723160715697 0.0 748000
1723160729208 0.0 752000
1723160743720 0.0 756000
1723160756871 0.0 760000
1723160770760 0.0 764000
1723160783629 0.0 768000
1723160796244 0.0 772000
1723160808865 0.0 776000
1723160822467 0.0 780000
1723160835272 0.0 784000
1723160848190 0.0 788000
1723160861067 0.0 792000
1723160873933 0.0 796000
1723160887748 0.0 800000
1723160900962 0.0 804000
1723160913979 0.0 808000
1723160926646 0.0 812000
1723160939234 0.0 816000
1723160953169 0.0 820000
1723160970964 0.0 824000
1723160991104 0.0 828000
1723161004971 0.0 832000
1723161018185 0.0 836000
1723161031884 0.0 840000
1723161044402 0.0 844000
1723161057111 0.0 848000
1723161069905 0.0 852000
1723161082614 0.0 856000
1723161095001 0.0 860000
1723161107811 0.0 864000
1723161119826 0.0 868000
1723161132243 0.0 872000
1723161144807 0.0 876000
1723161156959 0.0 880000
1723161169383 0.0 884000
1723161181912 0.0 888000
1723161194385 0.0 892000
1723161206533 0.0 896000
1723161218519 0.0 900000
1723161231051 0.0 904000
1723161243448 0.0 908000
1723161255386 0.0 912000
1723161267623 0.0 916000
1723161279736 0.0 920000
1723161292053 0.0 924000
1723161304027 0.0 928000
1723161316138 0.0 932000
1723161328504 0.0 936000
1723161340653 0.0 940000
1723161353132 0.0 944000
1723161365647 0.0 948000
1723161378406 0.0 952000
1723161391192 0.0 956000
1723161403148 0.0 960000
1723161415512 0.0 964000
1723161428070 0.0 968000
1723161439984 0.0 972000
1723161452552 0.0 976000
1723161464800 0.0 980000
1723161477299 0.0 984000
1723161490026 0.0 988000
1723161502742 0.0 992000
1723161515160 0.0 996000
1723161527503 0.0 1000000
1723161540439 0.0 1004000
1723161552959 0.0 1008000
1723161565553 0.0 1012000
1723161577923 0.0 1016000
1723161590300 0.0 1020000
1723161602232 0.0 1024000
1723161614614 0.0 1028000
1723161626836 0.0 1032000
1723161639087 0.0 1036000
1723161651247 0.0 1040000
1723161663600 0.0 1044000
1723161675777 0.0 1048000
1723161687860 0.0 1052000
1723161699600 0.0 1056000
1723161711900 0.0 1060000
1723161723764 0.0 1064000
1723161735778 0.0 1068000
1723161748002 0.0 1072000
1723161760391 0.0 1076000
1723161773111 0.0 1080000
1723161785832 0.0 1084000
1723161798215 0.0 1088000
1723161810681 0.0 1092000
1723161823122 0.0 1096000
1723161835601 0.0 1100000
1723161847355 0.0 1104000
1723161859632 0.0 1108000
1723161871989 0.0 1112000
1723161884004 0.0 1116000
1723161896097 0.0 1120000
1723161908179 0.0 1124000
1723161920473 0.0 1128000
1723161932768 0.0 1132000
1723161945233 0.0 1136000
1723161957399 0.0 1140000
1723161969664 0.0 1144000
1723161982418 0.0 1148000
1723161994771 0.0 1152000
1723162007145 0.0 1156000
1723162019585 0.0 1160000
1723162032152 0.0 1164000
1723162044620 0.0 1168000
1723162057287 0.0 1172000
1723162069682 0.0 1176000
1723162082704 0.0 1180000
1723162095099 0.0 1184000
1723162108175 0.0 1188000
1723162120793 0.0 1192000
1723162133461 0.0 1196000
1723162146092 0.0 1200000
