1723157948715 64.0 4000
1723157966440 64.0 8000
1723157984350 64.0 12000
1723157998298 64.0 16000
1723158011278 64.0 20000
1723158024096 64.0 24000
1723158037039 64.0 28000
1723158050922 64.0 32000
1723158065137 64.0 36000
1723158079147 64.0 40000
1723158093237 64.0 44000
1723158107378 64.0 48000
1723158121446 64.0 52000
1723158135486 64.0 56000
1723158149243 64.0 60000
1723158163287 64.0 64000
1723158177290 64.0 68000
1723158191697 64.0 72000
1723158205841 64.0 76000
1723158220120 64.0 80000
1723158234119 64.0 84000
1723158248251 64.0 88000
1723158262269 64.0 92000
1723158276263 64.0 96000
1723158290134 64.0 100000
1723158304304 64.0 104000
1723158319190 64.0 108000
1723158333662 64.0 112000
1723158348226 64.0 116000
1723158362650 64.0 120000
1723158377122 64.0 124000
1723158392859 64.0 128000
1723158414791 64.0 132000
1723158430083 64.0 136000
1723158444669 64.0 140000
1723158458994 64.0 144000
1723158473387 64.0 148000
1723158487797 64.0 152000
1723158501915 64.0 156000
1723158516159 64.0 160000
1723158530538 64.0 164000
1723158545579 64.0 168000
1723158560307 64.0 172000
1723158575031 64.0 176000
1723158589541 64.0 180000
1723158603494 64.0 184000
1723158617282 64.0 188000
1723158631388 64.0 192000
1723158645193 64.0 196000
1723158658748 64.0 200000
1723158672876 64.0 204000
1723158687424 64.0 208000
1723158701650 64.0 212000
1723158715818 64.0 216000
1723158730280 64.0 220000
1723158744606 64.0 224000
1723158758503 64.0 228000
1723158772791 64.0 232000
1723158786671 64.0 236000
1723158800659 64.0 240000
1723158814618 64.0 244000
1723158829058 64.0 248000
1723158842550 64.0 252000
1723158856406 64.0 256000
1723158870682 64.0 260000
1723158885416 64.0 264000
1723158899355 64.0 268000
1723158913957 64.0 272000
1723158928327 64.0 276000
1723158942293 64.0 280000
1723158955930 64.0 284000
1723158969818 64.0 288000
1723158983839 64.0 292000
1723158997347 64.0 296000
1723159010912 64.0 300000
1723159024486 64.0 304000
1723159041403 64.0 308000
1723159061433 64.0 312000
1723159081132 64.0 316000
1723159096106 64.0 320000
1723159109857 64.0 324000
1723159123388 64.0 328000
1723159137159 64.0 332000
1723159151087 64.0 336000
1723159164704 64.0 340000
1723159178374 64.0 344000
1723159192398 64.0 348000
1723159205698 64.0 352000
1723159218894 64.0 356000
1723159232521 64.0 360000
1723159246778 64.0 364000
1723159260173 64.0 368000
1723159273469 64.0 372000
1723159287070 64.0 376000
1723159301112 64.0 380000
1723159315238 64.0 384000
1723159329047 64.0 388000
1723159343061 64.0 392000
1723159356732 64.0 396000
1723159370509 64.0 400000
1723159384791 64.0 404000
1723159399015 64.0 408000
1723159412474 64.0 412000
1723159431065 64.0 416000
1723159446401 64.0 420000
1723159460589 64.0 424000
1723159474873 64.0 428000
1723159488979 64.0 432000
1723159502431 64.0 436000
1723159515665 64.0 440000
1723159528962 64.0 444000
1723159542643 64.0 448000
1723159556261 64.0 452000
1723159583037 64.0 456000
1723159601092 64.0 460000
1723159618334 64.0 464000
1723159636520 64.0 468000
1723159654275 64.0 472000
1723159674030 64.0 476000
1723159692934 64.0 480000
1723159710324 64.0 484000
1723159724967 64.0 488000
1723159738642 64.0 492000
1723159751930 64.0 496000
1723159765648 64.0 500000
1723159779336 64.0 504000
1723159793067 64.0 508000
1723159806567 64.0 512000
1723159819922 64.0 516000
1723159834688 64.0 520000
1723159848635 64.0 524000
1723159863092 64.0 528000
1723159877373 64.0 532000
1723159891405 64.0 536000
1723159905586 64.0 540000
1723159919841 64.0 544000
1723159934192 64.0 548000
1723159948064 64.0 552000
1723159962180 64.0 556000
1723159976447 64.0 560000
1723159989951 64.0 564000
1723160003565 64.0 568000
1723160017382 64.0 572000
1723160031087 64.0 576000
1723160044798 64.0 580000
1723160063091 64.0 584000
1723160081302 64.0 588000
1723160099161 64.0 592000
1723160117070 64.0 596000
1723160130381 64.0 600000
1723160142902 64.0 604000
1723160155500 64.0 608000
1723160168039 64.0 612000
1723160180800 64.0 616000
1723160194124 64.0 620000
1723160206862 64.0 624000
1723160219800 64.0 628000
1723160232680 64.0 632000
1723160245046 64.0 636000
1723160257906 64.0 640000
1723160274860 64.0 644000
1723160292085 64.0 648000
1723160309421 64.0 652000
1723160326971 64.0 656000
1723160345128 64.0 660000
1723160362683 64.0 664000
1723160376981 64.0 668000
1723160390028 64.0 672000
1723160403513 64.0 676000
1723160424880 64.0 680000
1723160442747 64.0 684000
1723160461009 64.0 688000
1723160479382 64.0 692000
1723160493594 64.0 696000
1723160506766 64.0 700000
1723160523374 64.0 704000
1723160541340 64.0 708000
1723160560172 64.0 712000
1723160578862 64.0 716000
1723160596244 64.0 720000
1723160614250 64.0 724000
1723160634999 64.0 728000
1723160653681 64.0 732000
1723160672992 64.0 736000
1723160687878 64.0 740000
1723160702104 64.0 744000
1723160715693 64.0 748000
1723160729205 64.0 752000
1723160743717 64.0 756000
1723160756868 64.0 760000
1723160770757 64.0 764000
1723160783627 64.0 768000
1723160796242 64.0 772000
1723160808862 64.0 776000
1723160822465 64.0 780000
1723160835269 64.0 784000
1723160848187 64.0 788000
1723160861064 64.0 792000
1723160873931 64.0 796000
1723160887746 64.0 800000
1723160900959 64.0 804000
1723160913976 64.0 808000
1723160926643 64.0 812000
1723160939230 64.0 816000
1723160953166 64.0 820000
1723160970961 64.0 824000
1723160991101 64.0 828000
1723161004968 64.0 832000
1723161018182 64.0 836000
1723161031881 64.0 840000
1723161044400 64.0 844000
1723161057108 64.0 848000
1723161069902 64.0 852000
1723161082611 64.0 856000
1723161094998 64.0 860000
1723161107808 64.0 864000
1723161119823 64.0 868000
1723161132241 64.0 872000
1723161144804 64.0 876000
1723161156956 64.0 880000
1723161169380 64.0 884000
1723161181909 64.0 888000
1723161194381 64.0 892000
1723161206531 64.0 896000
1723161218516 64.0 900000
1723161231049 64.0 904000
1723161243445 64.0 908000
1723161255384 64.0 912000
1723161267621 64.0 916000
1723161279733 64.0 920000
1723161292050 64.0 924000
1723161304024 64.0 928000
1723161316135 64.0 932000
1723161328501 64.0 936000
1723161340651 64.0 940000
1723161353129 64.0 944000
1723161365644 64.0 948000
1723161378403 64.0 952000
1723161391190 64.0 956000
1723161403145 64.0 960000
1723161415509 64.0 964000
1723161428067 64.0 968000
1723161439981 64.0 972000
1723161452549 64.0 976000
1723161464797 64.0 980000
1723161477296 64.0 984000
1723161490023 64.0 988000
1723161502739 64.0 992000
1723161515157 64.0 996000
1723161527499 64.0 1000000
1723161540436 64.0 1004000
1723161552956 64.0 1008000
1723161565550 64.0 1012000
1723161577921 64.0 1016000
1723161590297 64.0 1020000
1723161602229 64.0 1024000
1723161614612 64.0 1028000
1723161626834 64.0 1032000
1723161639084 64.0 1036000
1723161651244 64.0 1040000
1723161663597 64.0 1044000
1723161675774 64.0 1048000
1723161687857 64.0 1052000
1723161699597 64.0 1056000
1723161711897 64.0 1060000
1723161723761 64.0 1064000
1723161735776 64.0 1068000
1723161747999 64.0 1072000
1723161760388 64.0 1076000
1723161773108 64.0 1080000
1723161785830 64.0 1084000
1723161798212 64.0 1088000
1723161810679 64.0 1092000
1723161823119 64.0 1096000
1723161835598 64.0 1100000
1723161847352 64.0 1104000
1723161859629 64.0 1108000
1723161871987 64.0 1112000
1723161884001 64.0 1116000
1723161896094 64.0 1120000
1723161908176 64.0 1124000
1723161920470 64.0 1128000
1723161932766 64.0 1132000
1723161945230 64.0 1136000
1723161957396 64.0 1140000
1723161969661 64.0 1144000
1723161982416 64.0 1148000
1723161994769 64.0 1152000
1723162007142 64.0 1156000
1723162019582 64.0 1160000
1723162032149 64.0 1164000
1723162044617 64.0 1168000
1723162057284 64.0 1172000
1723162069679 64.0 1176000
1723162082702 64.0 1180000
1723162095096 64.0 1184000
1723162108172 64.0 1188000
1723162120790 64.0 1192000
1723162133458 64.0 1196000
1723162146089 64.0 1200000
