1723157948718 2.0 4000
1723157966442 2.0 8000
1723157984353 2.0 12000
1723157998300 2.0 16000
1723158011280 2.0 20000
1723158024099 2.0 24000
1723158037041 2.0 28000
1723158050925 2.0 32000
1723158065139 2.0 36000
1723158079149 2.0 40000
1723158093239 2.0 44000
1723158107380 2.0 48000
1723158121448 2.0 52000
1723158135488 2.0 56000
1723158149245 2.0 60000
1723158163289 2.0 64000
1723158177292 2.0 68000
1723158191700 2.0 72000
1723158205843 2.0 76000
1723158220123 2.0 80000
1723158234121 2.0 84000
1723158248253 2.0 88000
1723158262271 2.0 92000
1723158276265 2.0 96000
1723158290136 2.0 100000
1723158304306 2.0 104000
1723158319192 2.0 108000
1723158333664 2.0 112000
1723158348228 2.0 116000
1723158362652 2.0 120000
1723158377124 2.0 124000
1723158392861 2.0 128000
1723158414793 2.0 132000
1723158430086 2.0 136000
1723158444671 2.0 140000
1723158458996 2.0 144000
1723158473389 2.0 148000
1723158487799 2.0 152000
1723158501917 2.0 156000
1723158516161 2.0 160000
1723158530540 2.0 164000
1723158545581 2.0 168000
1723158560310 2.0 172000
1723158575033 2.0 176000
1723158589543 2.0 180000
1723158603496 2.0 184000
1723158617285 2.0 188000
1723158631391 2.0 192000
1723158645196 2.0 196000
1723158658750 2.0 200000
1723158672878 2.0 204000
1723158687426 2.0 208000
1723158701652 2.0 212000
1723158715820 2.0 216000
1723158730283 2.0 220000
1723158744608 2.0 224000
1723158758505 2.0 228000
1723158772793 2.0 232000
1723158786673 2.0 236000
1723158800662 2.0 240000
1723158814620 2.0 244000
1723158829060 2.0 248000
1723158842552 2.0 252000
1723158856409 2.0 256000
1723158870685 2.0 260000
1723158885418 2.0 264000
1723158899357 2.0 268000
1723158913959 2.0 272000
1723158928329 2.0 276000
1723158942295 2.0 280000
1723158955932 2.0 284000
1723158969821 2.0 288000
1723158983842 2.0 292000
1723158997349 2.0 296000
1723159010914 2.0 300000
1723159024488 2.0 304000
1723159041405 2.0 308000
1723159061435 2.0 312000
1723159081135 2.0 316000
1723159096108 2.0 320000
1723159109859 2.0 324000
1723159123391 2.0 328000
1723159137161 2.0 332000
1723159151089 2.0 336000
1723159164706 2.0 340000
1723159178376 2.0 344000
1723159192400 2.0 348000
1723159205700 2.0 352000
1723159218896 2.0 356000
1723159232524 2.0 360000
1723159246780 2.0 364000
1723159260175 2.0 368000
1723159273471 2.0 372000
1723159287072 2.0 376000
1723159301114 2.0 380000
1723159315240 2.0 384000
1723159329050 2.0 388000
1723159343063 2.0 392000
1723159356734 2.0 396000
1723159370512 2.0 400000
1723159384793 2.0 404000
1723159399017 2.0 408000
1723159412476 2.0 412000
1723159431067 2.0 416000
1723159446404 2.0 420000
1723159460591 2.0 424000
1723159474875 2.0 428000
1723159488981 2.0 432000
1723159502433 2.0 436000
1723159515667 2.0 440000
1723159528964 2.0 444000
1723159542645 2.0 448000
1723159556263 2.0 452000
1723159583040 2.0 456000
1723159601094 2.0 460000
1723159618336 2.0 464000
1723159636523 2.0 468000
1723159654277 2.0 472000
1723159674033 2.0 476000
1723159692936 2.0 480000
1723159710326 2.0 484000
1723159724969 2.0 488000
1723159738644 2.0 492000
1723159751933 2.0 496000
1723159765650 2.0 500000
1723159779338 2.0 504000
1723159793070 2.0 508000
1723159806569 2.0 512000
1723159819924 2.0 516000
1723159834690 2.0 520000
1723159848637 2.0 524000
1723159863094 2.0 528000
1723159877375 2.0 532000
1723159891408 2.0 536000
1723159905588 2.0 540000
1723159919843 2.0 544000
1723159934194 2.0 548000
1723159948066 2.0 552000
1723159962182 2.0 556000
1723159976449 2.0 560000
1723159989953 2.0 564000
1723160003568 2.0 568000
1723160017384 2.0 572000
1723160031089 2.0 576000
1723160044800 2.0 580000
1723160063094 2.0 584000
1723160081304 2.0 588000
1723160099163 2.0 592000
1723160117073 2.0 596000
1723160130383 2.0 600000
1723160142904 2.0 604000
1723160155502 2.0 608000
1723160168041 2.0 612000
1723160180803 2.0 616000
1723160194127 2.0 620000
1723160206864 2.0 624000
1723160219802 2.0 628000
1723160232682 2.0 632000
1723160245048 2.0 636000
1723160257908 2.0 640000
1723160274862 2.0 644000
1723160292087 2.0 648000
1723160309423 2.0 652000
1723160326973 2.0 656000
1723160345130 2.0 660000
1723160362685 2.0 664000
1723160376983 2.0 668000
1723160390030 2.0 672000
1723160403515 2.0 676000
1723160424883 2.0 680000
1723160442751 2.0 684000
1723160461011 2.0 688000
1723160479385 2.0 692000
1723160493596 2.0 696000
1723160506768 2.0 700000
1723160523376 2.0 704000
1723160541343 2.0 708000
1723160560174 2.0 712000
1723160578865 2.0 716000
1723160596246 2.0 720000
1723160614252 2.0 724000
1723160635001 2.0 728000
1723160653683 2.0 732000
1723160672995 2.0 736000
1723160687880 2.0 740000
1723160702106 2.0 744000
1723160715696 2.0 748000
1723160729207 2.0 752000
1723160743719 2.0 756000
1723160756870 2.0 760000
1723160770759 2.0 764000
1723160783629 2.0 768000
1723160796244 2.0 772000
1723160808864 2.0 776000
1723160822467 2.0 780000
1723160835271 2.0 784000
1723160848190 2.0 788000
1723160861066 2.0 792000
1723160873933 2.0 796000
1723160887748 2.0 800000
1723160900961 2.0 804000
1723160913978 2.0 808000
1723160926645 2.0 812000
1723160939233 2.0 816000
1723160953168 2.0 820000
1723160970963 2.0 824000
1723160991103 2.0 828000
1723161004970 2.0 832000
1723161018184 2.0 836000
1723161031883 2.0 840000
1723161044402 2.0 844000
1723161057110 2.0 848000
1723161069905 2.0 852000
1723161082613 2.0 856000
1723161095000 2.0 860000
1723161107810 2.0 864000
1723161119825 2.0 868000
1723161132243 2.0 872000
1723161144806 2.0 876000
1723161156958 2.0 880000
1723161169382 2.0 884000
1723161181911 2.0 888000
1723161194384 2.0 892000
1723161206533 2.0 896000
1723161218518 2.0 900000
1723161231051 2.0 904000
1723161243447 2.0 908000
1723161255386 2.0 912000
1723161267623 2.0 916000
1723161279735 2.0 920000
1723161292052 2.0 924000
1723161304026 2.0 928000
1723161316137 2.0 932000
1723161328503 2.0 936000
1723161340653 2.0 940000
1723161353131 2.0 944000
1723161365646 2.0 948000
1723161378405 2.0 952000
1723161391192 2.0 956000
1723161403147 2.0 960000
1723161415511 2.0 964000
1723161428069 2.0 968000
1723161439984 2.0 972000
1723161452551 2.0 976000
1723161464799 2.0 980000
1723161477298 2.0 984000
1723161490025 2.0 988000
1723161502741 2.0 992000
1723161515160 2.0 996000
1723161527502 2.0 1000000
1723161540439 2.0 1004000
1723161552959 2.0 1008000
1723161565552 2.0 1012000
1723161577923 2.0 1016000
1723161590299 2.0 1020000
1723161602231 2.0 1024000
1723161614614 2.0 1028000
1723161626836 2.0 1032000
1723161639086 2.0 1036000
1723161651246 2.0 1040000
1723161663599 2.0 1044000
1723161675776 2.0 1048000
1723161687859 2.0 1052000
1723161699599 2.0 1056000
1723161711899 2.0 1060000
1723161723764 2.0 1064000
1723161735778 2.0 1068000
1723161748001 2.0 1072000
1723161760390 2.0 1076000
1723161773110 2.0 1080000
1723161785832 2.0 1084000
1723161798214 2.0 1088000
1723161810681 2.0 1092000
1723161823122 2.0 1096000
1723161835600 2.0 1100000
1723161847354 2.0 1104000
1723161859631 2.0 1108000
1723161871989 2.0 1112000
1723161884003 2.0 1116000
1723161896096 2.0 1120000
1723161908178 2.0 1124000
1723161920472 2.0 1128000
1723161932768 2.0 1132000
1723161945232 2.0 1136000
1723161957399 2.0 1140000
1723161969663 2.0 1144000
1723161982418 2.0 1148000
1723161994771 2.0 1152000
1723162007145 2.0 1156000
1723162019584 2.0 1160000
1723162032151 2.0 1164000
1723162044619 2.0 1168000
1723162057286 2.0 1172000
1723162069681 2.0 1176000
1723162082704 2.0 1180000
1723162095098 2.0 1184000
1723162108174 2.0 1188000
1723162120792 2.0 1192000
1723162133460 2.0 1196000
1723162146091 2.0 1200000
