1723157948720 84.0 4000
1723157966444 84.0 8000
1723157984354 84.0 12000
1723157998301 84.0 16000
1723158011282 84.0 20000
1723158024100 84.0 24000
1723158037042 84.0 28000
1723158050926 84.0 32000
1723158065140 84.0 36000
1723158079150 84.0 40000
1723158093240 84.0 44000
1723158107382 84.0 48000
1723158121450 84.0 52000
1723158135489 84.0 56000
1723158149246 84.0 60000
1723158163291 84.0 64000
1723158177293 84.0 68000
1723158191701 84.0 72000
1723158205844 84.0 76000
1723158220124 84.0 80000
1723158234123 84.0 84000
1723158248254 84.0 88000
1723158262273 84.0 92000
1723158276266 84.0 96000
1723158290138 84.0 100000
1723158304307 84.0 104000
1723158319194 84.0 108000
1723158333665 84.0 112000
1723158348230 84.0 116000
1723158362653 84.0 120000
1723158377126 84.0 124000
1723158392863 84.0 128000
1723158414795 84.0 132000
1723158430087 84.0 136000
1723158444673 84.0 140000
1723158458997 84.0 144000
1723158473391 84.0 148000
1723158487800 84.0 152000
1723158501918 84.0 156000
1723158516162 84.0 160000
1723158530541 84.0 164000
1723158545583 84.0 168000
1723158560311 84.0 172000
1723158575035 84.0 176000
1723158589545 84.0 180000
1723158603497 84.0 184000
1723158617286 84.0 188000
1723158631392 84.0 192000
1723158645197 84.0 196000
1723158658751 84.0 200000
1723158672880 84.0 204000
1723158687427 84.0 208000
1723158701654 84.0 212000
1723158715821 84.0 216000
1723158730284 84.0 220000
1723158744609 84.0 224000
1723158758506 84.0 228000
1723158772795 84.0 232000
1723158786674 84.0 236000
1723158800663 84.0 240000
1723158814621 84.0 244000
1723158829062 84.0 248000
1723158842553 84.0 252000
1723158856410 84.0 256000
1723158870687 84.0 260000
1723158885419 84.0 264000
1723158899358 84.0 268000
1723158913961 84.0 272000
1723158928331 84.0 276000
1723158942297 84.0 280000
1723158955934 84.0 284000
1723158969823 84.0 288000
1723158983843 84.0 292000
1723158997351 84.0 296000
1723159010915 84.0 300000
1723159024489 84.0 304000
1723159041407 84.0 308000
1723159061437 84.0 312000
1723159081136 84.0 316000
1723159096109 84.0 320000
1723159109861 84.0 324000
1723159123392 84.0 328000
1723159137162 84.0 332000
1723159151090 84.0 336000
1723159164707 84.0 340000
1723159178377 84.0 344000
1723159192403 84.0 348000
1723159205701 84.0 352000
1723159218898 84.0 356000
1723159232525 84.0 360000
1723159246781 84.0 364000
1723159260177 84.0 368000
1723159273472 84.0 372000
1723159287074 84.0 376000
1723159301115 84.0 380000
1723159315242 84.0 384000
1723159329051 84.0 388000
1723159343064 84.0 392000
1723159356736 84.0 396000
1723159370513 84.0 400000
1723159384794 84.0 404000
1723159399018 84.0 408000
1723159412477 84.0 412000
1723159431069 84.0 416000
1723159446405 84.0 420000
1723159460593 84.0 424000
1723159474876 84.0 428000
1723159488982 84.0 432000
1723159502435 84.0 436000
1723159515668 84.0 440000
1723159528965 84.0 444000
1723159542647 84.0 448000
1723159556265 84.0 452000
1723159583042 84.0 456000
1723159601095 84.0 460000
1723159618338 84.0 464000
1723159636524 84.0 468000
1723159654280 84.0 472000
1723159674034 84.0 476000
1723159692937 84.0 480000
1723159710327 84.0 484000
1723159724970 84.0 488000
1723159738645 84.0 492000
1723159751934 84.0 496000
1723159765651 84.0 500000
1723159779339 84.0 504000
1723159793071 84.0 508000
1723159806571 84.0 512000
1723159819925 84.0 516000
1723159834691 84.0 520000
1723159848638 84.0 524000
1723159863095 84.0 528000
1723159877377 84.0 532000
1723159891409 84.0 536000
1723159905590 84.0 540000
1723159919844 84.0 544000
1723159934195 84.0 548000
1723159948067 84.0 552000
1723159962183 84.0 556000
1723159976450 84.0 560000
1723159989954 84.0 564000
1723160003569 84.0 568000
1723160017386 84.0 572000
1723160031091 84.0 576000
1723160044801 84.0 580000
1723160063095 84.0 584000
1723160081306 84.0 588000
1723160099165 84.0 592000
1723160117074 84.0 596000
1723160130385 84.0 600000
1723160142905 84.0 604000
1723160155504 84.0 608000
1723160168043 84.0 612000
1723160180804 84.0 616000
1723160194128 84.0 620000
1723160206865 84.0 624000
1723160219804 84.0 628000
1723160232684 84.0 632000
1723160245049 84.0 636000
1723160257910 84.0 640000
1723160274864 84.0 644000
1723160292089 84.0 648000
1723160309425 84.0 652000
1723160326975 84.0 656000
1723160345132 84.0 660000
1723160362686 84.0 664000
1723160376985 84.0 668000
1723160390032 84.0 672000
1723160403517 84.0 676000
1723160424885 84.0 680000
1723160442753 84.0 684000
1723160461012 84.0 688000
1723160479386 84.0 692000
1723160493597 84.0 696000
1723160506770 84.0 700000
1723160523377 84.0 704000
1723160541344 84.0 708000
1723160560176 84.0 712000
1723160578866 84.0 716000
1723160596248 84.0 720000
1723160614253 84.0 724000
1723160635003 84.0 728000
1723160653684 84.0 732000
1723160672996 84.0 736000
1723160687882 84.0 740000
1723160702107 84.0 744000
1723160715698 84.0 748000
1723160729208 84.0 752000
1723160743721 84.0 756000
1723160756871 84.0 760000
1723160770761 84.0 764000
1723160783630 84.0 768000
1723160796245 84.0 772000
1723160808865 84.0 776000
1723160822468 84.0 780000
1723160835273 84.0 784000
1723160848191 84.0 788000
1723160861068 84.0 792000
1723160873934 84.0 796000
1723160887749 84.0 800000
1723160900963 84.0 804000
1723160913980 84.0 808000
1723160926647 84.0 812000
1723160939235 84.0 816000
1723160953170 84.0 820000
1723160970964 84.0 824000
1723160991105 84.0 828000
1723161004972 84.0 832000
1723161018186 84.0 836000
1723161031884 84.0 840000
1723161044403 84.0 844000
1723161057111 84.0 848000
1723161069906 84.0 852000
1723161082614 84.0 856000
1723161095002 84.0 860000
1723161107811 84.0 864000
1723161119827 84.0 868000
1723161132244 84.0 872000
1723161144807 84.0 876000
1723161156960 84.0 880000
1723161169383 84.0 884000
1723161181912 84.0 888000
1723161194385 84.0 892000
1723161206534 84.0 896000
1723161218519 84.0 900000
1723161231052 84.0 904000
1723161243448 84.0 908000
1723161255387 84.0 912000
1723161267624 84.0 916000
1723161279737 84.0 920000
1723161292053 84.0 924000
1723161304028 84.0 928000
1723161316138 84.0 932000
1723161328504 84.0 936000
1723161340654 84.0 940000
1723161353133 84.0 944000
1723161365648 84.0 948000
1723161378407 84.0 952000
1723161391193 84.0 956000
1723161403148 84.0 960000
1723161415512 84.0 964000
1723161428070 84.0 968000
1723161439985 84.0 972000
1723161452553 84.0 976000
1723161464800 84.0 980000
1723161477299 84.0 984000
1723161490027 84.0 988000
1723161502742 84.0 992000
1723161515161 84.0 996000
1723161527503 84.0 1000000
1723161540440 84.0 1004000
1723161552960 84.0 1008000
1723161565554 84.0 1012000
1723161577924 84.0 1016000
1723161590301 84.0 1020000
1723161602232 84.0 1024000
1723161614615 84.0 1028000
1723161626837 84.0 1032000
1723161639087 84.0 1036000
1723161651248 84.0 1040000
1723161663600 84.0 1044000
1723161675777 84.0 1048000
1723161687861 84.0 1052000
1723161699600 84.0 1056000
1723161711900 84.0 1060000
1723161723765 84.0 1064000
1723161735779 84.0 1068000
1723161748002 84.0 1072000
1723161760392 84.0 1076000
1723161773111 84.0 1080000
1723161785833 84.0 1084000
1723161798216 84.0 1088000
1723161810682 84.0 1092000
1723161823123 84.0 1096000
1723161835601 84.0 1100000
1723161847356 84.0 1104000
1723161859633 84.0 1108000
1723161871990 84.0 1112000
1723161884005 84.0 1116000
1723161896097 84.0 1120000
1723161908180 84.0 1124000
1723161920474 84.0 1128000
1723161932769 84.0 1132000
1723161945234 84.0 1136000
1723161957400 84.0 1140000
1723161969664 84.0 1144000
1723161982419 84.0 1148000
1723161994772 84.0 1152000
1723162007146 84.0 1156000
1723162019586 84.0 1160000
1723162032153 84.0 1164000
1723162044621 84.0 1168000
1723162057287 84.0 1172000
1723162069682 84.0 1176000
1723162082705 84.0 1180000
1723162095100 84.0 1184000
1723162108176 84.0 1188000
1723162120794 84.0 1192000
1723162133461 84.0 1196000
1723162146092 84.0 1200000
