1723157948719 1.0 4000
1723157966444 1.0 8000
1723157984354 1.0 12000
1723157998301 1.0 16000
1723158011281 1.0 20000
1723158024100 1.0 24000
1723158037042 1.0 28000
1723158050926 1.0 32000
1723158065140 1.0 36000
1723158079150 1.0 40000
1723158093240 1.0 44000
1723158107381 1.0 48000
1723158121449 1.0 52000
1723158135489 1.0 56000
1723158149246 1.0 60000
1723158163290 1.0 64000
1723158177293 1.0 68000
1723158191701 1.0 72000
1723158205844 1.0 76000
1723158220124 1.0 80000
1723158234122 1.0 84000
1723158248254 1.0 88000
1723158262272 1.0 92000
1723158276266 1.0 96000
1723158290137 1.0 100000
1723158304307 1.0 104000
1723158319193 1.0 108000
1723158333665 1.0 112000
1723158348229 1.0 116000
1723158362653 1.0 120000
1723158377126 1.0 124000
1723158392862 1.0 128000
1723158414795 1.0 132000
1723158430087 1.0 136000
1723158444672 1.0 140000
1723158458997 1.0 144000
1723158473390 1.0 148000
1723158487800 1.0 152000
1723158501918 1.0 156000
1723158516162 1.0 160000
1723158530541 1.0 164000
1723158545582 1.0 168000
1723158560311 1.0 172000
1723158575034 1.0 176000
1723158589544 1.0 180000
1723158603497 1.0 184000
1723158617286 1.0 188000
1723158631392 1.0 192000
1723158645197 1.0 196000
1723158658751 1.0 200000
1723158672880 1.0 204000
1723158687427 1.0 208000
1723158701653 1.0 212000
1723158715821 1.0 216000
1723158730284 1.0 220000
1723158744609 1.0 224000
1723158758506 1.0 228000
1723158772795 1.0 232000
1723158786674 1.0 236000
1723158800663 1.0 240000
1723158814621 1.0 244000
1723158829061 1.0 248000
1723158842553 1.0 252000
1723158856410 1.0 256000
1723158870686 1.0 260000
1723158885419 1.0 264000
1723158899358 1.0 268000
1723158913960 1.0 272000
1723158928330 1.0 276000
1723158942296 1.0 280000
1723158955933 1.0 284000
1723158969823 1.0 288000
1723158983843 1.0 292000
1723158997350 1.0 296000
1723159010915 1.0 300000
1723159024489 1.0 304000
1723159041406 1.0 308000
1723159061436 1.0 312000
1723159081136 1.0 316000
1723159096109 1.0 320000
1723159109861 1.0 324000
1723159123392 1.0 328000
1723159137162 1.0 332000
1723159151090 1.0 336000
1723159164707 1.0 340000
1723159178377 1.0 344000
1723159192402 1.0 348000
1723159205701 1.0 352000
1723159218898 1.0 356000
1723159232525 1.0 360000
1723159246781 1.0 364000
1723159260176 1.0 368000
1723159273472 1.0 372000
1723159287073 1.0 376000
1723159301115 1.0 380000
1723159315241 1.0 384000
1723159329051 1.0 388000
1723159343064 1.0 392000
1723159356735 1.0 396000
1723159370513 1.0 400000
1723159384794 1.0 404000
1723159399018 1.0 408000
1723159412477 1.0 412000
1723159431069 1.0 416000
1723159446405 1.0 420000
1723159460592 1.0 424000
1723159474876 1.0 428000
1723159488982 1.0 432000
1723159502434 1.0 436000
1723159515668 1.0 440000
1723159528965 1.0 444000
1723159542646 1.0 448000
1723159556264 1.0 452000
1723159583041 1.0 456000
1723159601095 1.0 460000
1723159618338 1.0 464000
1723159636524 1.0 468000
1723159654279 1.0 472000
1723159674034 1.0 476000
1723159692937 1.0 480000
1723159710327 1.0 484000
1723159724970 1.0 488000
1723159738645 1.0 492000
1723159751934 1.0 496000
1723159765651 1.0 500000
1723159779339 1.0 504000
1723159793071 1.0 508000
1723159806570 1.0 512000
1723159819925 1.0 516000
1723159834691 1.0 520000
1723159848638 1.0 524000
1723159863095 1.0 528000
1723159877376 1.0 532000
1723159891409 1.0 536000
1723159905589 1.0 540000
1723159919844 1.0 544000
1723159934195 1.0 548000
1723159948067 1.0 552000
1723159962183 1.0 556000
1723159976450 1.0 560000
1723159989954 1.0 564000
1723160003569 1.0 568000
1723160017385 1.0 572000
1723160031090 1.0 576000
1723160044801 1.0 580000
1723160063095 1.0 584000
1723160081305 1.0 588000
1723160099164 1.0 592000
1723160117074 1.0 596000
1723160130384 1.0 600000
1723160142905 1.0 604000
1723160155503 1.0 608000
1723160168042 1.0 612000
1723160180804 1.0 616000
1723160194128 1.0 620000
1723160206865 1.0 624000
1723160219804 1.0 628000
1723160232684 1.0 632000
1723160245049 1.0 636000
1723160257909 1.0 640000
1723160274863 1.0 644000
1723160292088 1.0 648000
1723160309425 1.0 652000
1723160326975 1.0 656000
1723160345132 1.0 660000
1723160362686 1.0 664000
1723160376984 1.0 668000
1723160390031 1.0 672000
1723160403516 1.0 676000
1723160424884 1.0 680000
1723160442753 1.0 684000
1723160461012 1.0 688000
1723160479386 1.0 692000
1723160493597 1.0 696000
1723160506769 1.0 700000
1723160523377 1.0 704000
1723160541344 1.0 708000
1723160560175 1.0 712000
1723160578866 1.0 716000
1723160596248 1.0 720000
1723160614253 1.0 724000
1723160635003 1.0 728000
1723160653684 1.0 732000
1723160672996 1.0 736000
1723160687882 1.0 740000
1723160702107 1.0 744000
1723160715697 1.0 748000
1723160729208 1.0 752000
1723160743720 1.0 756000
1723160756871 1.0 760000
1723160770760 1.0 764000
1723160783630 1.0 768000
1723160796245 1.0 772000
1723160808865 1.0 776000
1723160822468 1.0 780000
1723160835272 1.0 784000
1723160848191 1.0 788000
1723160861068 1.0 792000
1723160873934 1.0 796000
1723160887749 1.0 800000
1723160900962 1.0 804000
1723160913979 1.0 808000
1723160926646 1.0 812000
1723160939234 1.0 816000
1723160953169 1.0 820000
1723160970964 1.0 824000
1723160991104 1.0 828000
1723161004972 1.0 832000
1723161018185 1.0 836000
1723161031884 1.0 840000
1723161044403 1.0 844000
1723161057111 1.0 848000
1723161069906 1.0 852000
1723161082614 1.0 856000
1723161095001 1.0 860000
1723161107811 1.0 864000
1723161119827 1.0 868000
1723161132244 1.0 872000
1723161144807 1.0 876000
1723161156959 1.0 880000
1723161169383 1.0 884000
1723161181912 1.0 888000
1723161194385 1.0 892000
1723161206534 1.0 896000
1723161218519 1.0 900000
1723161231052 1.0 904000
1723161243448 1.0 908000
1723161255387 1.0 912000
1723161267624 1.0 916000
1723161279736 1.0 920000
1723161292053 1.0 924000
1723161304028 1.0 928000
1723161316138 1.0 932000
1723161328504 1.0 936000
1723161340654 1.0 940000
1723161353132 1.0 944000
1723161365648 1.0 948000
1723161378406 1.0 952000
1723161391193 1.0 956000
1723161403148 1.0 960000
1723161415512 1.0 964000
1723161428070 1.0 968000
1723161439985 1.0 972000
1723161452552 1.0 976000
1723161464800 1.0 980000
1723161477299 1.0 984000
1723161490026 1.0 988000
1723161502742 1.0 992000
1723161515161 1.0 996000
1723161527503 1.0 1000000
1723161540440 1.0 1004000
1723161552960 1.0 1008000
1723161565553 1.0 1012000
1723161577924 1.0 1016000
1723161590301 1.0 1020000
1723161602232 1.0 1024000
1723161614615 1.0 1028000
1723161626837 1.0 1032000
1723161639087 1.0 1036000
1723161651247 1.0 1040000
1723161663600 1.0 1044000
1723161675777 1.0 1048000
1723161687860 1.0 1052000
1723161699600 1.0 1056000
1723161711900 1.0 1060000
1723161723765 1.0 1064000
1723161735779 1.0 1068000
1723161748002 1.0 1072000
1723161760391 1.0 1076000
1723161773111 1.0 1080000
1723161785833 1.0 1084000
1723161798216 1.0 1088000
1723161810682 1.0 1092000
1723161823123 1.0 1096000
1723161835601 1.0 1100000
1723161847355 1.0 1104000
1723161859632 1.0 1108000
1723161871990 1.0 1112000
1723161884004 1.0 1116000
1723161896097 1.0 1120000
1723161908179 1.0 1124000
1723161920474 1.0 1128000
1723161932769 1.0 1132000
1723161945233 1.0 1136000
1723161957400 1.0 1140000
1723161969664 1.0 1144000
1723161982419 1.0 1148000
1723161994772 1.0 1152000
1723162007146 1.0 1156000
1723162019585 1.0 1160000
1723162032152 1.0 1164000
1723162044620 1.0 1168000
1723162057287 1.0 1172000
1723162069682 1.0 1176000
1723162082705 1.0 1180000
1723162095099 1.0 1184000
1723162108175 1.0 1188000
1723162120793 1.0 1192000
1723162133461 1.0 1196000
1723162146092 1.0 1200000
