1723157948723 0.0 4000
1723157966444 0.0 8000
1723157984354 0.0 12000
1723157998302 0.0 16000
1723158011282 0.0 20000
1723158024100 0.0 24000
1723158037042 0.0 28000
1723158050926 0.0 32000
1723158065140 0.0 36000
1723158079151 0.0 40000
1723158093240 0.0 44000
1723158107382 0.0 48000
1723158121450 0.0 52000
1723158135489 0.0 56000
1723158149247 0.0 60000
1723158163291 0.0 64000
1723158177294 0.0 68000
1723158191701 0.0 72000
1723158205845 0.0 76000
1723158220124 0.0 80000
1723158234123 0.0 84000
1723158248255 0.0 88000
1723158262273 0.0 92000
1723158276266 0.0 96000
1723158290138 0.0 100000
1723158304307 0.0 104000
1723158319194 0.0 108000
1723158333666 0.0 112000
1723158348230 0.0 116000
1723158362654 0.0 120000
1723158377127 0.0 124000
1723158392863 0.0 128000
1723158414796 0.0 132000
1723158430087 0.0 136000
1723158444673 0.0 140000
1723158458997 0.0 144000
1723158473391 0.0 148000
1723158487801 0.0 152000
1723158501919 0.0 156000
1723158516163 0.0 160000
1723158530542 0.0 164000
1723158545583 0.0 168000
1723158560312 0.0 172000
1723158575035 0.0 176000
1723158589545 0.0 180000
1723158603498 0.0 184000
1723158617287 0.0 188000
1723158631392 0.0 192000
1723158645197 0.0 196000
1723158658751 0.0 200000
1723158672881 0.0 204000
1723158687428 0.0 208000
1723158701654 0.0 212000
1723158715822 0.0 216000
1723158730285 0.0 220000
1723158744609 0.0 224000
1723158758507 0.0 228000
1723158772795 0.0 232000
1723158786675 0.0 236000
1723158800663 0.0 240000
1723158814622 0.0 244000
1723158829062 0.0 248000
1723158842554 0.0 252000
1723158856410 0.0 256000
1723158870687 0.0 260000
1723158885420 0.0 264000
1723158899358 0.0 268000
1723158913961 0.0 272000
1723158928331 0.0 276000
1723158942297 0.0 280000
1723158955934 0.0 284000
1723158969823 0.0 288000
1723158983844 0.0 292000
1723158997351 0.0 296000
1723159010915 0.0 300000
1723159024490 0.0 304000
1723159041408 0.0 308000
1723159061437 0.0 312000
1723159081137 0.0 316000
1723159096110 0.0 320000
1723159109861 0.0 324000
1723159123393 0.0 328000
1723159137163 0.0 332000
1723159151091 0.0 336000
1723159164708 0.0 340000
1723159178378 0.0 344000
1723159192403 0.0 348000
1723159205701 0.0 352000
1723159218898 0.0 356000
1723159232525 0.0 360000
1723159246782 0.0 364000
1723159260177 0.0 368000
1723159273473 0.0 372000
1723159287074 0.0 376000
1723159301116 0.0 380000
1723159315242 0.0 384000
1723159329051 0.0 388000
1723159343065 0.0 392000
1723159356736 0.0 396000
1723159370513 0.0 400000
1723159384794 0.0 404000
1723159399019 0.0 408000
1723159412478 0.0 412000
1723159431069 0.0 416000
1723159446406 0.0 420000
1723159460593 0.0 424000
1723159474877 0.0 428000
1723159488983 0.0 432000
1723159502435 0.0 436000
1723159515669 0.0 440000
1723159528966 0.0 444000
1723159542647 0.0 448000
1723159556265 0.0 452000
1723159583042 0.0 456000
1723159601096 0.0 460000
1723159618339 0.0 464000
1723159636524 0.0 468000
1723159654280 0.0 472000
1723159674034 0.0 476000
1723159692938 0.0 480000
1723159710328 0.0 484000
1723159724970 0.0 488000
1723159738646 0.0 492000
1723159751934 0.0 496000
1723159765651 0.0 500000
1723159779340 0.0 504000
1723159793071 0.0 508000
1723159806571 0.0 512000
1723159819926 0.0 516000
1723159834692 0.0 520000
1723159848638 0.0 524000
1723159863095 0.0 528000
1723159877377 0.0 532000
1723159891410 0.0 536000
1723159905590 0.0 540000
1723159919845 0.0 544000
1723159934196 0.0 548000
1723159948068 0.0 552000
1723159962184 0.0 556000
1723159976451 0.0 560000
1723159989955 0.0 564000
1723160003569 0.0 568000
1723160017386 0.0 572000
1723160031091 0.0 576000
1723160044802 0.0 580000
1723160063096 0.0 584000
1723160081306 0.0 588000
1723160099165 0.0 592000
1723160117075 0.0 596000
1723160130385 0.0 600000
1723160142906 0.0 604000
1723160155504 0.0 608000
1723160168043 0.0 612000
1723160180804 0.0 616000
1723160194128 0.0 620000
1723160206866 0.0 624000
1723160219804 0.0 628000
1723160232684 0.0 632000
1723160245050 0.0 636000
1723160257910 0.0 640000
1723160274864 0.0 644000
1723160292089 0.0 648000
1723160309425 0.0 652000
1723160326975 0.0 656000
1723160345132 0.0 660000
1723160362687 0.0 664000
1723160376985 0.0 668000
1723160390032 0.0 672000
1723160403517 0.0 676000
1723160424885 0.0 680000
1723160442753 0.0 684000
1723160461013 0.0 688000
1723160479387 0.0 692000
1723160493598 0.0 696000
1723160506770 0.0 700000
1723160523378 0.0 704000
1723160541345 0.0 708000
1723160560176 0.0 712000
1723160578867 0.0 716000
1723160596248 0.0 720000
1723160614254 0.0 724000
1723160635004 0.0 728000
1723160653685 0.0 732000
1723160672997 0.0 736000
1723160687882 0.0 740000
1723160702108 0.0 744000
1723160715698 0.0 748000
1723160729209 0.0 752000
1723160743721 0.0 756000
1723160756872 0.0 760000
1723160770761 0.0 764000
1723160783630 0.0 768000
1723160796245 0.0 772000
1723160808866 0.0 776000
1723160822469 0.0 780000
1723160835273 0.0 784000
1723160848191 0.0 788000
1723160861068 0.0 792000
1723160873934 0.0 796000
1723160887750 0.0 800000
1723160900963 0.0 804000
1723160913980 0.0 808000
1723160926647 0.0 812000
1723160939235 0.0 816000
1723160953170 0.0 820000
1723160970965 0.0 824000
1723160991105 0.0 828000
1723161004972 0.0 832000
1723161018186 0.0 836000
1723161031885 0.0 840000
1723161044403 0.0 844000
1723161057112 0.0 848000
1723161069907 0.0 852000
1723161082615 0.0 856000
1723161095002 0.0 860000
1723161107812 0.0 864000
1723161119827 0.0 868000
1723161132244 0.0 872000
1723161144808 0.0 876000
1723161156960 0.0 880000
1723161169384 0.0 884000
1723161181913 0.0 888000
1723161194386 0.0 892000
1723161206534 0.0 896000
1723161218520 0.0 900000
1723161231053 0.0 904000
1723161243449 0.0 908000
1723161255387 0.0 912000
1723161267624 0.0 916000
1723161279737 0.0 920000
1723161292054 0.0 924000
1723161304028 0.0 928000
1723161316139 0.0 932000
1723161328505 0.0 936000
1723161340654 0.0 940000
1723161353133 0.0 944000
1723161365648 0.0 948000
1723161378407 0.0 952000
1723161391193 0.0 956000
1723161403149 0.0 960000
1723161415513 0.0 964000
1723161428071 0.0 968000
1723161439985 0.0 972000
1723161452553 0.0 976000
1723161464801 0.0 980000
1723161477300 0.0 984000
1723161490027 0.0 988000
1723161502743 0.0 992000
1723161515162 0.0 996000
1723161527504 0.0 1000000
1723161540440 0.0 1004000
1723161552960 0.0 1008000
1723161565554 0.0 1012000
1723161577925 0.0 1016000
1723161590301 0.0 1020000
1723161602233 0.0 1024000
1723161614615 0.0 1028000
1723161626837 0.0 1032000
1723161639088 0.0 1036000
1723161651248 0.0 1040000
1723161663601 0.0 1044000
1723161675778 0.0 1048000
1723161687861 0.0 1052000
1723161699601 0.0 1056000
1723161711901 0.0 1060000
1723161723765 0.0 1064000
1723161735779 0.0 1068000
1723161748003 0.0 1072000
1723161760392 0.0 1076000
1723161773112 0.0 1080000
1723161785834 0.0 1084000
1723161798216 0.0 1088000
1723161810683 0.0 1092000
1723161823123 0.0 1096000
1723161835602 0.0 1100000
1723161847356 0.0 1104000
1723161859633 0.0 1108000
1723161871990 0.0 1112000
1723161884005 0.0 1116000
1723161896098 0.0 1120000
1723161908180 0.0 1124000
1723161920475 0.0 1128000
1723161932769 0.0 1132000
1723161945234 0.0 1136000
1723161957400 0.0 1140000
1723161969665 0.0 1144000
1723161982419 0.0 1148000
1723161994772 0.0 1152000
1723162007146 0.0 1156000
1723162019586 0.0 1160000
1723162032153 0.0 1164000
1723162044621 0.0 1168000
1723162057288 0.0 1172000
1723162069683 0.0 1176000
1723162082705 0.0 1180000
1723162095100 0.0 1184000
1723162108176 0.0 1188000
1723162120794 0.0 1192000
1723162133462 0.0 1196000
1723162146093 0.0 1200000
