1723157948714 0.0 4000
1723157966439 0.0 8000
1723157984348 0.0 12000
1723157998296 0.0 16000
1723158011277 0.0 20000
1723158024095 0.0 24000
1723158037037 0.0 28000
1723158050921 0.0 32000
1723158065135 0.0 36000
1723158079145 0.0 40000
1723158093235 0.0 44000
1723158107377 0.0 48000
1723158121445 0.0 52000
1723158135484 0.0 56000
1723158149241 0.0 60000
1723158163286 0.0 64000
1723158177288 0.0 68000
1723158191696 0.0 72000
1723158205839 0.0 76000
1723158220119 0.0 80000
1723158234118 0.0 84000
1723158248249 0.0 88000
1723158262267 0.0 92000
1723158276261 0.0 96000
1723158290133 0.0 100000
1723158304302 0.0 104000
1723158319189 0.0 108000
1723158333660 0.0 112000
1723158348225 0.0 116000
1723158362648 0.0 120000
1723158377121 0.0 124000
1723158392857 0.0 128000
1723158414790 0.0 132000
1723158430082 0.0 136000
1723158444667 0.0 140000
1723158458992 0.0 144000
1723158473386 0.0 148000
1723158487795 0.0 152000
1723158501913 0.0 156000
1723158516158 0.0 160000
1723158530536 0.0 164000
1723158545578 0.0 168000
1723158560306 0.0 172000
1723158575030 0.0 176000
1723158589540 0.0 180000
1723158603493 0.0 184000
1723158617280 0.0 188000
1723158631387 0.0 192000
1723158645192 0.0 196000
1723158658746 0.0 200000
1723158672875 0.0 204000
1723158687422 0.0 208000
1723158701649 0.0 212000
1723158715816 0.0 216000
1723158730279 0.0 220000
1723158744604 0.0 224000
1723158758502 0.0 228000
1723158772790 0.0 232000
1723158786669 0.0 236000
1723158800658 0.0 240000
1723158814616 0.0 244000
1723158829056 0.0 248000
1723158842549 0.0 252000
1723158856405 0.0 256000
1723158870681 0.0 260000
1723158885414 0.0 264000
1723158899353 0.0 268000
1723158913955 0.0 272000
1723158928326 0.0 276000
1723158942292 0.0 280000
1723158955929 0.0 284000
1723158969815 0.0 288000
1723158983837 0.0 292000
1723158997345 0.0 296000
1723159010910 0.0 300000
1723159024484 0.0 304000
1723159041401 0.0 308000
1723159061431 0.0 312000
1723159081130 0.0 316000
1723159096104 0.0 320000
1723159109855 0.0 324000
1723159123387 0.0 328000
1723159137157 0.0 332000
1723159151085 0.0 336000
1723159164702 0.0 340000
1723159178372 0.0 344000
1723159192396 0.0 348000
1723159205696 0.0 352000
1723159218893 0.0 356000
1723159232520 0.0 360000
1723159246777 0.0 364000
1723159260172 0.0 368000
1723159273467 0.0 372000
1723159287069 0.0 376000
1723159301110 0.0 380000
1723159315237 0.0 384000
1723159329046 0.0 388000
1723159343060 0.0 392000
1723159356731 0.0 396000
1723159370508 0.0 400000
1723159384789 0.0 404000
1723159399013 0.0 408000
1723159412472 0.0 412000
1723159431063 0.0 416000
1723159446400 0.0 420000
1723159460588 0.0 424000
1723159474871 0.0 428000
1723159488978 0.0 432000
1723159502430 0.0 436000
1723159515664 0.0 440000
1723159528961 0.0 444000
1723159542642 0.0 448000
1723159556260 0.0 452000
1723159583035 0.0 456000
1723159601090 0.0 460000
1723159618333 0.0 464000
1723159636519 0.0 468000
1723159654274 0.0 472000
1723159674029 0.0 476000
1723159692932 0.0 480000
1723159710322 0.0 484000
1723159724965 0.0 488000
1723159738640 0.0 492000
1723159751929 0.0 496000
1723159765646 0.0 500000
1723159779334 0.0 504000
1723159793066 0.0 508000
1723159806566 0.0 512000
1723159819920 0.0 516000
1723159834687 0.0 520000
1723159848633 0.0 524000
1723159863090 0.0 528000
1723159877372 0.0 532000
1723159891404 0.0 536000
1723159905585 0.0 540000
1723159919839 0.0 544000
1723159934190 0.0 548000
1723159948062 0.0 552000
1723159962178 0.0 556000
1723159976445 0.0 560000
1723159989949 0.0 564000
1723160003564 0.0 568000
1723160017380 0.0 572000
1723160031086 0.0 576000
1723160044796 0.0 580000
1723160063090 0.0 584000
1723160081300 0.0 588000
1723160099159 0.0 592000
1723160117068 0.0 596000
1723160130380 0.0 600000
1723160142901 0.0 604000
1723160155499 0.0 608000
1723160168038 0.0 612000
1723160180799 0.0 616000
1723160194123 0.0 620000
1723160206861 0.0 624000
1723160219799 0.0 628000
1723160232679 0.0 632000
1723160245045 0.0 636000
1723160257905 0.0 640000
1723160274858 0.0 644000
1723160292084 0.0 648000
1723160309420 0.0 652000
1723160326970 0.0 656000
1723160345126 0.0 660000
1723160362681 0.0 664000
1723160376980 0.0 668000
1723160390027 0.0 672000
1723160403512 0.0 676000
1723160424878 0.0 680000
1723160442746 0.0 684000
1723160461007 0.0 688000
1723160479381 0.0 692000
1723160493592 0.0 696000
1723160506765 0.0 700000
1723160523372 0.0 704000
1723160541339 0.0 708000
1723160560171 0.0 712000
1723160578860 0.0 716000
1723160596242 0.0 720000
1723160614248 0.0 724000
1723160634997 0.0 728000
1723160653679 0.0 732000
1723160672990 0.0 736000
1723160687877 0.0 740000
1723160702102 0.0 744000
1723160715691 0.0 748000
1723160729203 0.0 752000
1723160743715 0.0 756000
1723160756867 0.0 760000
1723160770756 0.0 764000
1723160783625 0.0 768000
1723160796240 0.0 772000
1723160808861 0.0 776000
1723160822463 0.0 780000
1723160835268 0.0 784000
1723160848186 0.0 788000
1723160861063 0.0 792000
1723160873929 0.0 796000
1723160887744 0.0 800000
1723160900957 0.0 804000
1723160913974 0.0 808000
1723160926642 0.0 812000
1723160939227 0.0 816000
1723160953165 0.0 820000
1723160970959 0.0 824000
1723160991099 0.0 828000
1723161004967 0.0 832000
1723161018181 0.0 836000
1723161031879 0.0 840000
1723161044398 0.0 844000
1723161057106 0.0 848000
1723161069901 0.0 852000
1723161082609 0.0 856000
1723161094997 0.0 860000
1723161107806 0.0 864000
1723161119822 0.0 868000
1723161132239 0.0 872000
1723161144802 0.0 876000
1723161156955 0.0 880000
1723161169378 0.0 884000
1723161181907 0.0 888000
1723161194380 0.0 892000
1723161206529 0.0 896000
1723161218514 0.0 900000
1723161231047 0.0 904000
1723161243444 0.0 908000
1723161255382 0.0 912000
1723161267619 0.0 916000
1723161279732 0.0 920000
1723161292048 0.0 924000
1723161304023 0.0 928000
1723161316134 0.0 932000
1723161328499 0.0 936000
1723161340649 0.0 940000
1723161353128 0.0 944000
1723161365642 0.0 948000
1723161378402 0.0 952000
1723161391188 0.0 956000
1723161403143 0.0 960000
1723161415508 0.0 964000
1723161428066 0.0 968000
1723161439980 0.0 972000
1723161452548 0.0 976000
1723161464796 0.0 980000
1723161477294 0.0 984000
1723161490022 0.0 988000
1723161502737 0.0 992000
1723161515156 0.0 996000
1723161527498 0.0 1000000
1723161540435 0.0 1004000
1723161552955 0.0 1008000
1723161565549 0.0 1012000
1723161577919 0.0 1016000
1723161590295 0.0 1020000
1723161602228 0.0 1024000
1723161614610 0.0 1028000
1723161626832 0.0 1032000
1723161639083 0.0 1036000
1723161651243 0.0 1040000
1723161663595 0.0 1044000
1723161675772 0.0 1048000
1723161687856 0.0 1052000
1723161699595 0.0 1056000
1723161711895 0.0 1060000
1723161723760 0.0 1064000
1723161735774 0.0 1068000
1723161747997 0.0 1072000
1723161760387 0.0 1076000
1723161773106 0.0 1080000
1723161785828 0.0 1084000
1723161798211 0.0 1088000
1723161810677 0.0 1092000
1723161823118 0.0 1096000
1723161835596 0.0 1100000
1723161847351 0.0 1104000
1723161859628 0.0 1108000
1723161871985 0.0 1112000
1723161884000 0.0 1116000
1723161896092 0.0 1120000
1723161908175 0.0 1124000
1723161920468 0.0 1128000
1723161932764 0.0 1132000
1723161945229 0.0 1136000
1723161957395 0.0 1140000
1723161969659 0.0 1144000
1723161982414 0.0 1148000
1723161994767 0.0 1152000
1723162007141 0.0 1156000
1723162019581 0.0 1160000
1723162032148 0.0 1164000
1723162044615 0.0 1168000
1723162057282 0.0 1172000
1723162069678 0.0 1176000
1723162082700 0.0 1180000
1723162095095 0.0 1184000
1723162108171 0.0 1188000
1723162120789 0.0 1192000
1723162133457 0.0 1196000
1723162146087 0.0 1200000
