1723157948711 20.0 4000
1723157966437 20.0 8000
1723157984347 20.0 12000
1723157998295 20.0 16000
1723158011276 20.0 20000
1723158024094 20.0 24000
1723158037036 20.0 28000
1723158050920 20.0 32000
1723158065134 20.0 36000
1723158079144 20.0 40000
1723158093234 20.0 44000
1723158107376 20.0 48000
1723158121444 20.0 52000
1723158135483 20.0 56000
1723158149240 20.0 60000
1723158163284 20.0 64000
1723158177287 20.0 68000
1723158191695 20.0 72000
1723158205838 20.0 76000
1723158220118 20.0 80000
1723158234117 20.0 84000
1723158248248 20.0 88000
1723158262266 20.0 92000
1723158276260 20.0 96000
1723158290132 20.0 100000
1723158304301 20.0 104000
1723158319188 20.0 108000
1723158333659 20.0 112000
1723158348223 20.0 116000
1723158362647 20.0 120000
1723158377120 20.0 124000
1723158392854 20.0 128000
1723158414788 20.0 132000
1723158430081 20.0 136000
1723158444666 20.0 140000
1723158458991 20.0 144000
1723158473385 20.0 148000
1723158487794 20.0 152000
1723158501912 20.0 156000
1723158516156 20.0 160000
1723158530535 20.0 164000
1723158545576 20.0 168000
1723158560305 20.0 172000
1723158575028 20.0 176000
1723158589539 20.0 180000
1723158603492 20.0 184000
1723158617279 20.0 188000
1723158631386 20.0 192000
1723158645191 20.0 196000
1723158658745 20.0 200000
1723158672874 20.0 204000
1723158687421 20.0 208000
1723158701648 20.0 212000
1723158715815 20.0 216000
1723158730278 20.0 220000
1723158744603 20.0 224000
1723158758501 20.0 228000
1723158772788 20.0 232000
1723158786668 20.0 236000
1723158800657 20.0 240000
1723158814615 20.0 244000
1723158829055 20.0 248000
1723158842547 20.0 252000
1723158856404 20.0 256000
1723158870679 20.0 260000
1723158885413 20.0 264000
1723158899352 20.0 268000
1723158913954 20.0 272000
1723158928325 20.0 276000
1723158942291 20.0 280000
1723158955928 20.0 284000
1723158969814 20.0 288000
1723158983836 20.0 292000
1723158997344 20.0 296000
1723159010909 20.0 300000
1723159024483 20.0 304000
1723159041398 20.0 308000
1723159061430 20.0 312000
1723159081129 20.0 316000
1723159096103 20.0 320000
1723159109854 20.0 324000
1723159123386 20.0 328000
1723159137156 20.0 332000
1723159151084 20.0 336000
1723159164701 20.0 340000
1723159178371 20.0 344000
1723159192395 20.0 348000
1723159205695 20.0 352000
1723159218892 20.0 356000
1723159232519 20.0 360000
1723159246776 20.0 364000
1723159260171 20.0 368000
1723159273466 20.0 372000
1723159287068 20.0 376000
1723159301109 20.0 380000
1723159315236 20.0 384000
1723159329045 20.0 388000
1723159343058 20.0 392000
1723159356730 20.0 396000
1723159370507 20.0 400000
1723159384788 20.0 404000
1723159399012 20.0 408000
1723159412471 20.0 412000
1723159431062 20.0 416000
1723159446399 20.0 420000
1723159460587 20.0 424000
1723159474870 20.0 428000
1723159488977 20.0 432000
1723159502429 20.0 436000
1723159515663 20.0 440000
1723159528960 20.0 444000
1723159542641 20.0 448000
1723159556259 20.0 452000
1723159583034 20.0 456000
1723159601089 20.0 460000
1723159618332 20.0 464000
1723159636518 20.0 468000
1723159654273 20.0 472000
1723159674027 20.0 476000
1723159692931 20.0 480000
1723159710321 20.0 484000
1723159724964 20.0 488000
1723159738639 20.0 492000
1723159751928 20.0 496000
1723159765645 20.0 500000
1723159779333 20.0 504000
1723159793065 20.0 508000
1723159806565 20.0 512000
1723159819919 20.0 516000
1723159834686 20.0 520000
1723159848632 20.0 524000
1723159863089 20.0 528000
1723159877371 20.0 532000
1723159891402 20.0 536000
1723159905584 20.0 540000
1723159919838 20.0 544000
1723159934189 20.0 548000
1723159948061 20.0 552000
1723159962177 20.0 556000
1723159976444 20.0 560000
1723159989948 20.0 564000
1723160003562 20.0 568000
1723160017379 20.0 572000
1723160031085 20.0 576000
1723160044795 20.0 580000
1723160063089 20.0 584000
1723160081299 20.0 588000
1723160099158 20.0 592000
1723160117067 20.0 596000
1723160130379 20.0 600000
1723160142899 20.0 604000
1723160155498 20.0 608000
1723160168037 20.0 612000
1723160180798 20.0 616000
1723160194121 20.0 620000
1723160206859 20.0 624000
1723160219798 20.0 628000
1723160232678 20.0 632000
1723160245043 20.0 636000
1723160257903 20.0 640000
1723160274856 20.0 644000
1723160292083 20.0 648000
1723160309419 20.0 652000
1723160326968 20.0 656000
1723160345124 20.0 660000
1723160362680 20.0 664000
1723160376979 20.0 668000
1723160390026 20.0 672000
1723160403511 20.0 676000
1723160424877 20.0 680000
1723160442745 20.0 684000
1723160461006 20.0 688000
1723160479380 20.0 692000
1723160493591 20.0 696000
1723160506764 20.0 700000
1723160523371 20.0 704000
1723160541338 20.0 708000
1723160560170 20.0 712000
1723160578858 20.0 716000
1723160596241 20.0 720000
1723160614247 20.0 724000
1723160634996 20.0 728000
1723160653677 20.0 732000
1723160672989 20.0 736000
1723160687875 20.0 740000
1723160702100 20.0 744000
1723160715689 20.0 748000
1723160729202 20.0 752000
1723160743714 20.0 756000
1723160756865 20.0 760000
1723160770755 20.0 764000
1723160783624 20.0 768000
1723160796239 20.0 772000
1723160808860 20.0 776000
1723160822462 20.0 780000
1723160835267 20.0 784000
1723160848185 20.0 788000
1723160861062 20.0 792000
1723160873928 20.0 796000
1723160887743 20.0 800000
1723160900956 20.0 804000
1723160913973 20.0 808000
1723160926641 20.0 812000
1723160939226 20.0 816000
1723160953163 20.0 820000
1723160970958 20.0 824000
1723160991098 20.0 828000
1723161004966 20.0 832000
1723161018179 20.0 836000
1723161031878 20.0 840000
1723161044397 20.0 844000
1723161057105 20.0 848000
1723161069900 20.0 852000
1723161082608 20.0 856000
1723161094996 20.0 860000
1723161107805 20.0 864000
1723161119820 20.0 868000
1723161132238 20.0 872000
1723161144801 20.0 876000
1723161156954 20.0 880000
1723161169377 20.0 884000
1723161181906 20.0 888000
1723161194379 20.0 892000
1723161206528 20.0 896000
1723161218513 20.0 900000
1723161231046 20.0 904000
1723161243442 20.0 908000
1723161255381 20.0 912000
1723161267618 20.0 916000
1723161279731 20.0 920000
1723161292047 20.0 924000
1723161304022 20.0 928000
1723161316133 20.0 932000
1723161328498 20.0 936000
1723161340648 20.0 940000
1723161353127 20.0 944000
1723161365641 20.0 948000
1723161378401 20.0 952000
1723161391187 20.0 956000
1723161403142 20.0 960000
1723161415507 20.0 964000
1723161428064 20.0 968000
1723161439979 20.0 972000
1723161452547 20.0 976000
1723161464794 20.0 980000
1723161477293 20.0 984000
1723161490020 20.0 988000
1723161502736 20.0 992000
1723161515155 20.0 996000
1723161527497 20.0 1000000
1723161540434 20.0 1004000
1723161552954 20.0 1008000
1723161565548 20.0 1012000
1723161577918 20.0 1016000
1723161590294 20.0 1020000
1723161602226 20.0 1024000
1723161614609 20.0 1028000
1723161626831 20.0 1032000
1723161639081 20.0 1036000
1723161651242 20.0 1040000
1723161663594 20.0 1044000
1723161675771 20.0 1048000
1723161687854 20.0 1052000
1723161699594 20.0 1056000
1723161711894 20.0 1060000
1723161723759 20.0 1064000
1723161735773 20.0 1068000
1723161747996 20.0 1072000
1723161760386 20.0 1076000
1723161773105 20.0 1080000
1723161785827 20.0 1084000
1723161798210 20.0 1088000
1723161810676 20.0 1092000
1723161823117 20.0 1096000
1723161835595 20.0 1100000
1723161847350 20.0 1104000
1723161859627 20.0 1108000
1723161871984 20.0 1112000
1723161883999 20.0 1116000
1723161896091 20.0 1120000
1723161908174 20.0 1124000
1723161920467 20.0 1128000
1723161932763 20.0 1132000
1723161945228 20.0 1136000
1723161957394 20.0 1140000
1723161969658 20.0 1144000
1723161982413 20.0 1148000
1723161994766 20.0 1152000
1723162007140 20.0 1156000
1723162019580 20.0 1160000
1723162032147 20.0 1164000
1723162044614 20.0 1168000
1723162057281 20.0 1172000
1723162069676 20.0 1176000
1723162082699 20.0 1180000
1723162095094 20.0 1184000
1723162108170 20.0 1188000
1723162120788 20.0 1192000
1723162133456 20.0 1196000
1723162146086 20.0 1200000
