1723157948709 0.0 4000
1723157966436 0.0 8000
1723157984347 0.0 12000
1723157998295 0.0 16000
1723158011275 0.0 20000
1723158024093 0.0 24000
1723158037035 0.0 28000
1723158050919 0.0 32000
1723158065133 0.0 36000
1723158079144 0.0 40000
1723158093233 0.0 44000
1723158107375 0.0 48000
1723158121443 0.0 52000
1723158135482 0.0 56000
1723158149239 0.0 60000
1723158163284 0.0 64000
1723158177287 0.0 68000
1723158191694 0.0 72000
1723158205838 0.0 76000
1723158220117 0.0 80000
1723158234116 0.0 84000
1723158248248 0.0 88000
1723158262265 0.0 92000
1723158276259 0.0 96000
1723158290131 0.0 100000
1723158304301 0.0 104000
1723158319187 0.0 108000
1723158333659 0.0 112000
1723158348222 0.0 116000
1723158362646 0.0 120000
1723158377119 0.0 124000
1723158392852 0.0 128000
1723158414788 0.0 132000
1723158430080 0.0 136000
1723158444665 0.0 140000
1723158458990 0.0 144000
1723158473384 0.0 148000
1723158487793 0.0 152000
1723158501911 0.0 156000
1723158516156 0.0 160000
1723158530534 0.0 164000
1723158545576 0.0 168000
1723158560304 0.0 172000
1723158575028 0.0 176000
1723158589538 0.0 180000
1723158603491 0.0 184000
1723158617278 0.0 188000
1723158631385 0.0 192000
1723158645190 0.0 196000
1723158658744 0.0 200000
1723158672873 0.0 204000
1723158687421 0.0 208000
1723158701647 0.0 212000
1723158715815 0.0 216000
1723158730277 0.0 220000
1723158744603 0.0 224000
1723158758500 0.0 228000
1723158772788 0.0 232000
1723158786668 0.0 236000
1723158800656 0.0 240000
1723158814614 0.0 244000
1723158829054 0.0 248000
1723158842547 0.0 252000
1723158856403 0.0 256000
1723158870678 0.0 260000
1723158885413 0.0 264000
1723158899352 0.0 268000
1723158913954 0.0 272000
1723158928324 0.0 276000
1723158942290 0.0 280000
1723158955927 0.0 284000
1723158969813 0.0 288000
1723158983835 0.0 292000
1723158997343 0.0 296000
1723159010908 0.0 300000
1723159024483 0.0 304000
1723159041397 0.0 308000
1723159061430 0.0 312000
1723159081129 0.0 316000
1723159096103 0.0 320000
1723159109853 0.0 324000
1723159123385 0.0 328000
1723159137156 0.0 332000
1723159151083 0.0 336000
1723159164700 0.0 340000
1723159178371 0.0 344000
1723159192395 0.0 348000
1723159205695 0.0 352000
1723159218891 0.0 356000
1723159232518 0.0 360000
1723159246775 0.0 364000
1723159260170 0.0 368000
1723159273466 0.0 372000
1723159287067 0.0 376000
1723159301108 0.0 380000
1723159315235 0.0 384000
1723159329044 0.0 388000
1723159343058 0.0 392000
1723159356729 0.0 396000
1723159370506 0.0 400000
1723159384787 0.0 404000
1723159399011 0.0 408000
1723159412470 0.0 412000
1723159431062 0.0 416000
1723159446398 0.0 420000
1723159460586 0.0 424000
1723159474870 0.0 428000
1723159488976 0.0 432000
1723159502428 0.0 436000
1723159515662 0.0 440000
1723159528959 0.0 444000
1723159542640 0.0 448000
1723159556258 0.0 452000
1723159583033 0.0 456000
1723159601088 0.0 460000
1723159618331 0.0 464000
1723159636517 0.0 468000
1723159654272 0.0 472000
1723159674027 0.0 476000
1723159692930 0.0 480000
1723159710320 0.0 484000
1723159724963 0.0 488000
1723159738639 0.0 492000
1723159751927 0.0 496000
1723159765644 0.0 500000
1723159779333 0.0 504000
1723159793064 0.0 508000
1723159806564 0.0 512000
1723159819919 0.0 516000
1723159834685 0.0 520000
1723159848631 0.0 524000
1723159863088 0.0 528000
1723159877370 0.0 532000
1723159891402 0.0 536000
1723159905583 0.0 540000
1723159919838 0.0 544000
1723159934189 0.0 548000
1723159948061 0.0 552000
1723159962177 0.0 556000
1723159976444 0.0 560000
1723159989947 0.0 564000
1723160003562 0.0 568000
1723160017378 0.0 572000
1723160031084 0.0 576000
1723160044794 0.0 580000
1723160063088 0.0 584000
1723160081298 0.0 588000
1723160099158 0.0 592000
1723160117066 0.0 596000
1723160130378 0.0 600000
1723160142899 0.0 604000
1723160155497 0.0 608000
1723160168036 0.0 612000
1723160180797 0.0 616000
1723160194120 0.0 620000
1723160206858 0.0 624000
1723160219797 0.0 628000
1723160232677 0.0 632000
1723160245043 0.0 636000
1723160257903 0.0 640000
1723160274854 0.0 644000
1723160292082 0.0 648000
1723160309418 0.0 652000
1723160326967 0.0 656000
1723160345124 0.0 660000
1723160362679 0.0 664000
1723160376978 0.0 668000
1723160390025 0.0 672000
1723160403510 0.0 676000
1723160424876 0.0 680000
1723160442744 0.0 684000
1723160461004 0.0 688000
1723160479379 0.0 692000
1723160493590 0.0 696000
1723160506763 0.0 700000
1723160523370 0.0 704000
1723160541337 0.0 708000
1723160560169 0.0 712000
1723160578857 0.0 716000
1723160596240 0.0 720000
1723160614246 0.0 724000
1723160634995 0.0 728000
1723160653677 0.0 732000
1723160672988 0.0 736000
1723160687874 0.0 740000
1723160702100 0.0 744000
1723160715688 0.0 748000
1723160729202 0.0 752000
1723160743714 0.0 756000
1723160756865 0.0 760000
1723160770754 0.0 764000
1723160783623 0.0 768000
1723160796238 0.0 772000
1723160808859 0.0 776000
1723160822461 0.0 780000
1723160835266 0.0 784000
1723160848184 0.0 788000
1723160861061 0.0 792000
1723160873927 0.0 796000
1723160887742 0.0 800000
1723160900955 0.0 804000
1723160913973 0.0 808000
1723160926640 0.0 812000
1723160939225 0.0 816000
1723160953162 0.0 820000
1723160970957 0.0 824000
1723160991097 0.0 828000
1723161004965 0.0 832000
1723161018179 0.0 836000
1723161031878 0.0 840000
1723161044397 0.0 844000
1723161057104 0.0 848000
1723161069899 0.0 852000
1723161082608 0.0 856000
1723161094995 0.0 860000
1723161107804 0.0 864000
1723161119820 0.0 868000
1723161132237 0.0 872000
1723161144801 0.0 876000
1723161156953 0.0 880000
1723161169376 0.0 884000
1723161181905 0.0 888000
1723161194378 0.0 892000
1723161206528 0.0 896000
1723161218513 0.0 900000
1723161231045 0.0 904000
1723161243442 0.0 908000
1723161255380 0.0 912000
1723161267617 0.0 916000
1723161279730 0.0 920000
1723161292047 0.0 924000
1723161304021 0.0 928000
1723161316132 0.0 932000
1723161328498 0.0 936000
1723161340647 0.0 940000
1723161353126 0.0 944000
1723161365641 0.0 948000
1723161378400 0.0 952000
1723161391186 0.0 956000
1723161403142 0.0 960000
1723161415506 0.0 964000
1723161428064 0.0 968000
1723161439978 0.0 972000
1723161452546 0.0 976000
1723161464794 0.0 980000
1723161477292 0.0 984000
1723161490019 0.0 988000
1723161502736 0.0 992000
1723161515154 0.0 996000
1723161527496 0.0 1000000
1723161540432 0.0 1004000
1723161552953 0.0 1008000
1723161565547 0.0 1012000
1723161577918 0.0 1016000
1723161590293 0.0 1020000
1723161602226 0.0 1024000
1723161614608 0.0 1028000
1723161626830 0.0 1032000
1723161639081 0.0 1036000
1723161651241 0.0 1040000
1723161663594 0.0 1044000
1723161675771 0.0 1048000
1723161687854 0.0 1052000
1723161699593 0.0 1056000
1723161711894 0.0 1060000
1723161723758 0.0 1064000
1723161735772 0.0 1068000
1723161747996 0.0 1072000
1723161760385 0.0 1076000
1723161773105 0.0 1080000
1723161785826 0.0 1084000
1723161798209 0.0 1088000
1723161810675 0.0 1092000
1723161823116 0.0 1096000
1723161835594 0.0 1100000
1723161847349 0.0 1104000
1723161859626 0.0 1108000
1723161871983 0.0 1112000
1723161883998 0.0 1116000
1723161896091 0.0 1120000
1723161908173 0.0 1124000
1723161920466 0.0 1128000
1723161932762 0.0 1132000
1723161945227 0.0 1136000
1723161957393 0.0 1140000
1723161969657 0.0 1144000
1723161982412 0.0 1148000
1723161994766 0.0 1152000
1723162007139 0.0 1156000
1723162019579 0.0 1160000
1723162032146 0.0 1164000
1723162044614 0.0 1168000
1723162057281 0.0 1172000
1723162069676 0.0 1176000
1723162082698 0.0 1180000
1723162095093 0.0 1184000
1723162108169 0.0 1188000
1723162120787 0.0 1192000
1723162133455 0.0 1196000
1723162146085 0.0 1200000
