1723157948724 1.0 4000
1723157966445 1.0 8000
1723157984355 1.0 12000
1723157998302 1.0 16000
1723158011282 1.0 20000
1723158024101 1.0 24000
1723158037043 1.0 28000
1723158050927 1.0 32000
1723158065141 1.0 36000
1723158079151 1.0 40000
1723158093241 1.0 44000
1723158107382 1.0 48000
1723158121450 1.0 52000
1723158135490 1.0 56000
1723158149247 1.0 60000
1723158163291 1.0 64000
1723158177294 1.0 68000
1723158191702 1.0 72000
1723158205845 1.0 76000
1723158220125 1.0 80000
1723158234123 1.0 84000
1723158248255 1.0 88000
1723158262274 1.0 92000
1723158276267 1.0 96000
1723158290138 1.0 100000
1723158304308 1.0 104000
1723158319194 1.0 108000
1723158333666 1.0 112000
1723158348230 1.0 116000
1723158362654 1.0 120000
1723158377127 1.0 124000
1723158392864 1.0 128000
1723158414796 1.0 132000
1723158430088 1.0 136000
1723158444674 1.0 140000
1723158458998 1.0 144000
1723158473391 1.0 148000
1723158487801 1.0 152000
1723158501919 1.0 156000
1723158516163 1.0 160000
1723158530542 1.0 164000
1723158545583 1.0 168000
1723158560312 1.0 172000
1723158575036 1.0 176000
1723158589545 1.0 180000
1723158603498 1.0 184000
1723158617287 1.0 188000
1723158631393 1.0 192000
1723158645198 1.0 196000
1723158658752 1.0 200000
1723158672881 1.0 204000
1723158687428 1.0 208000
1723158701654 1.0 212000
1723158715822 1.0 216000
1723158730285 1.0 220000
1723158744610 1.0 224000
1723158758507 1.0 228000
1723158772796 1.0 232000
1723158786675 1.0 236000
1723158800664 1.0 240000
1723158814622 1.0 244000
1723158829062 1.0 248000
1723158842554 1.0 252000
1723158856411 1.0 256000
1723158870691 1.0 260000
1723158885420 1.0 264000
1723158899359 1.0 268000
1723158913961 1.0 272000
1723158928332 1.0 276000
1723158942297 1.0 280000
1723158955934 1.0 284000
1723158969824 1.0 288000
1723158983844 1.0 292000
1723158997351 1.0 296000
1723159010916 1.0 300000
1723159024490 1.0 304000
1723159041409 1.0 308000
1723159061437 1.0 312000
1723159081137 1.0 316000
1723159096110 1.0 320000
1723159109862 1.0 324000
1723159123393 1.0 328000
1723159137163 1.0 332000
1723159151091 1.0 336000
1723159164708 1.0 340000
1723159178378 1.0 344000
1723159192403 1.0 348000
1723159205702 1.0 352000
1723159218899 1.0 356000
1723159232526 1.0 360000
1723159246782 1.0 364000
1723159260177 1.0 368000
1723159273473 1.0 372000
1723159287074 1.0 376000
1723159301116 1.0 380000
1723159315242 1.0 384000
1723159329052 1.0 388000
1723159343065 1.0 392000
1723159356736 1.0 396000
1723159370514 1.0 400000
1723159384795 1.0 404000
1723159399019 1.0 408000
1723159412478 1.0 412000
1723159431070 1.0 416000
1723159446406 1.0 420000
1723159460593 1.0 424000
1723159474877 1.0 428000
1723159488983 1.0 432000
1723159502435 1.0 436000
1723159515669 1.0 440000
1723159528966 1.0 444000
1723159542647 1.0 448000
1723159556265 1.0 452000
1723159583042 1.0 456000
1723159601096 1.0 460000
1723159618339 1.0 464000
1723159636525 1.0 468000
1723159654281 1.0 472000
1723159674035 1.0 476000
1723159692938 1.0 480000
1723159710328 1.0 484000
1723159724971 1.0 488000
1723159738646 1.0 492000
1723159751935 1.0 496000
1723159765652 1.0 500000
1723159779340 1.0 504000
1723159793072 1.0 508000
1723159806571 1.0 512000
1723159819926 1.0 516000
1723159834692 1.0 520000
1723159848639 1.0 524000
1723159863096 1.0 528000
1723159877377 1.0 532000
1723159891410 1.0 536000
1723159905590 1.0 540000
1723159919845 1.0 544000
1723159934196 1.0 548000
1723159948068 1.0 552000
1723159962184 1.0 556000
1723159976451 1.0 560000
1723159989955 1.0 564000
1723160003570 1.0 568000
1723160017386 1.0 572000
1723160031091 1.0 576000
1723160044802 1.0 580000
1723160063096 1.0 584000
1723160081306 1.0 588000
1723160099165 1.0 592000
1723160117075 1.0 596000
1723160130386 1.0 600000
1723160142906 1.0 604000
1723160155504 1.0 608000
1723160168043 1.0 612000
1723160180805 1.0 616000
1723160194129 1.0 620000
1723160206866 1.0 624000
1723160219805 1.0 628000
1723160232685 1.0 632000
1723160245050 1.0 636000
1723160257910 1.0 640000
1723160274865 1.0 644000
1723160292090 1.0 648000
1723160309426 1.0 652000
1723160326976 1.0 656000
1723160345133 1.0 660000
1723160362687 1.0 664000
1723160376985 1.0 668000
1723160390032 1.0 672000
1723160403517 1.0 676000
1723160424886 1.0 680000
1723160442754 1.0 684000
1723160461013 1.0 688000
1723160479387 1.0 692000
1723160493598 1.0 696000
1723160506770 1.0 700000
1723160523378 1.0 704000
1723160541345 1.0 708000
1723160560177 1.0 712000
1723160578867 1.0 716000
1723160596249 1.0 720000
1723160614254 1.0 724000
1723160635004 1.0 728000
1723160653685 1.0 732000
1723160672997 1.0 736000
1723160687883 1.0 740000
1723160702108 1.0 744000
1723160715699 1.0 748000
1723160729209 1.0 752000
1723160743721 1.0 756000
1723160756872 1.0 760000
1723160770762 1.0 764000
1723160783631 1.0 768000
1723160796246 1.0 772000
1723160808866 1.0 776000
1723160822469 1.0 780000
1723160835273 1.0 784000
1723160848192 1.0 788000
1723160861069 1.0 792000
1723160873935 1.0 796000
1723160887750 1.0 800000
1723160900963 1.0 804000
1723160913981 1.0 808000
1723160926647 1.0 812000
1723160939236 1.0 816000
1723160953171 1.0 820000
1723160970965 1.0 824000
1723160991106 1.0 828000
1723161004973 1.0 832000
1723161018187 1.0 836000
1723161031885 1.0 840000
1723161044404 1.0 844000
1723161057112 1.0 848000
1723161069907 1.0 852000
1723161082615 1.0 856000
1723161095002 1.0 860000
1723161107812 1.0 864000
1723161119828 1.0 868000
1723161132245 1.0 872000
1723161144808 1.0 876000
1723161156960 1.0 880000
1723161169384 1.0 884000
1723161181913 1.0 888000
1723161194386 1.0 892000
1723161206535 1.0 896000
1723161218520 1.0 900000
1723161231053 1.0 904000
1723161243449 1.0 908000
1723161255388 1.0 912000
1723161267625 1.0 916000
1723161279738 1.0 920000
1723161292054 1.0 924000
1723161304029 1.0 928000
1723161316139 1.0 932000
1723161328505 1.0 936000
1723161340655 1.0 940000
1723161353133 1.0 944000
1723161365649 1.0 948000
1723161378407 1.0 952000
1723161391194 1.0 956000
1723161403149 1.0 960000
1723161415513 1.0 964000
1723161428071 1.0 968000
1723161439986 1.0 972000
1723161452553 1.0 976000
1723161464801 1.0 980000
1723161477300 1.0 984000
1723161490027 1.0 988000
1723161502743 1.0 992000
1723161515162 1.0 996000
1723161527504 1.0 1000000
1723161540441 1.0 1004000
1723161552961 1.0 1008000
1723161565554 1.0 1012000
1723161577925 1.0 1016000
1723161590302 1.0 1020000
1723161602233 1.0 1024000
1723161614616 1.0 1028000
1723161626838 1.0 1032000
1723161639088 1.0 1036000
1723161651248 1.0 1040000
1723161663601 1.0 1044000
1723161675778 1.0 1048000
1723161687861 1.0 1052000
1723161699601 1.0 1056000
1723161711901 1.0 1060000
1723161723766 1.0 1064000
1723161735780 1.0 1068000
1723161748003 1.0 1072000
1723161760392 1.0 1076000
1723161773112 1.0 1080000
1723161785834 1.0 1084000
1723161798217 1.0 1088000
1723161810683 1.0 1092000
1723161823124 1.0 1096000
1723161835602 1.0 1100000
1723161847356 1.0 1104000
1723161859633 1.0 1108000
1723161871991 1.0 1112000
1723161884005 1.0 1116000
1723161896098 1.0 1120000
1723161908181 1.0 1124000
1723161920475 1.0 1128000
1723161932770 1.0 1132000
1723161945234 1.0 1136000
1723161957401 1.0 1140000
1723161969665 1.0 1144000
1723161982420 1.0 1148000
1723161994773 1.0 1152000
1723162007147 1.0 1156000
1723162019586 1.0 1160000
1723162032154 1.0 1164000
1723162044621 1.0 1168000
1723162057288 1.0 1172000
1723162069683 1.0 1176000
1723162082706 1.0 1180000
1723162095100 1.0 1184000
1723162108176 1.0 1188000
1723162120794 1.0 1192000
1723162133463 1.0 1196000
1723162146093 1.0 1200000
