1723235371625 0.0 4000
1723235378904 0.0 8000
1723235386235 0.0 12000
1723235393480 0.0 16000
1723235401564 0.0 20000
1723235409695 0.0 24000
1723235417424 0.0 28000
1723235425093 0.0 32000
1723235432789 0.0 36000
1723235440388 0.0 40000
1723235447945 0.0 44000
1723235455356 0.0 48000
1723235463655 0.0 52000
1723235472455 0.0 56000
1723235480486 0.0 60000
1723235488344 0.0 64000
1723235496373 0.0 68000
1723235504159 0.0 72000
1723235511830 0.0 76000
1723235519475 0.0 80000
1723235527123 0.0 84000
1723235535226 0.0 88000
1723235543138 0.0 92000
1723235550853 0.0 96000
1723235558541 0.0 100000
1723235566487 0.0 104000
1723235574115 0.0 108000
1723235581740 0.0 112000
1723235589232 0.0 116000
1723235597006 0.0 120000
1723235604790 0.0 124000
1723235612422 0.0 128000
1723235620001 0.0 132000
1723235627469 0.0 136000
1723235635021 0.0 140000
1723235642580 0.0 144000
1723235649973 0.0 148000
1723235658136 0.0 152000
1723235665635 0.0 156000
1723235673092 0.0 160000
1723235680570 0.0 164000
1723235688305 0.0 168000
1723235696246 0.0 172000
1723235704153 0.0 176000
1723235712307 0.0 180000
1723235720673 0.0 184000
1723235728495 0.0 188000
1723235736301 0.0 192000
1723235745082 0.0 196000
1723235753651 0.0 200000
1723235761893 0.0 204000
1723235770788 0.0 208000
1723235779595 0.0 212000
1723235787704 0.0 216000
1723235795524 0.0 220000
1723235803385 0.0 224000
1723235811855 0.0 228000
1723235819851 0.0 232000
1723235828077 0.0 236000
1723235837169 0.0 240000
1723235846417 0.0 244000
1723235854647 0.0 248000
1723235862662 0.0 252000
1723235871585 0.0 256000
1723235879785 0.0 260000
1723235887654 0.0 264000
1723235895427 0.0 268000
1723235903222 0.0 272000
1723235910853 0.0 276000
1723235918368 0.0 280000
1723235925800 0.0 284000
1723235933325 0.0 288000
1723235940780 0.0 292000
1723235948472 0.0 296000
1723235956679 0.0 300000
1723235964310 0.0 304000
1723235971868 0.0 308000
1723235979245 0.0 312000
1723235986628 0.0 316000
1723235994127 0.0 320000
1723236001675 0.0 324000
1723236009507 0.0 328000
1723236017756 0.0 332000
1723236025199 0.0 336000
1723236032657 0.0 340000
1723236039825 0.0 344000
1723236047264 0.0 348000
1723236054614 0.0 352000
1723236062011 0.0 356000
1723236069554 0.0 360000
1723236077486 0.0 364000
1723236085017 0.0 368000
1723236092448 0.0 372000
1723236099631 0.0 376000
1723236107152 0.0 380000
1723236114595 0.0 384000
1723236121988 0.0 388000
1723236129374 0.0 392000
1723236137521 0.0 396000
1723236145293 0.0 400000
1723236153291 0.0 404000
1723236160675 0.0 408000
1723236168446 0.0 412000
1723236175870 0.0 416000
1723236183199 0.0 420000
1723236190696 0.0 424000
1723236199036 0.0 428000
1723236206992 0.0 432000
1723236214498 0.0 436000
1723236221905 0.0 440000
1723236229315 0.0 444000
1723236237214 0.0 448000
1723236244762 0.0 452000
1723236252137 0.0 456000
1723236259957 0.0 460000
1723236267686 0.0 464000
1723236275105 0.0 468000
1723236282666 0.0 472000
1723236290622 0.0 476000
1723236298094 0.0 480000
1723236305531 0.0 484000
1723236313007 0.0 488000
1723236320538 0.0 492000
1723236328041 0.0 496000
1723236335512 0.0 500000
1723236342842 0.0 504000
1723236350185 0.0 508000
1723236357606 0.0 512000
1723236365094 0.0 516000
1723236372277 0.0 520000
1723236380382 0.0 524000
1723236387810 0.0 528000
1723236395147 0.0 532000
1723236402639 0.0 536000
1723236409872 0.0 540000
1723236417367 0.0 544000
1723236424753 0.0 548000
1723236432146 0.0 552000
1723236440440 0.0 556000
1723236448111 0.0 560000
1723236455512 0.0 564000
1723236462878 0.0 568000
1723236470386 0.0 572000
1723236477742 0.0 576000
1723236485170 0.0 580000
1723236492676 0.0 584000
1723236501138 0.0 588000
1723236509192 0.0 592000
1723236516772 0.0 596000
1723236524783 0.0 600000
1723236532688 0.0 604000
1723236540349 0.0 608000
1723236547982 0.0 612000
1723236555530 0.0 616000
1723236563357 0.0 620000
1723236571065 0.0 624000
1723236579054 0.0 628000
1723236587221 0.0 632000
1723236595863 0.0 636000
1723236606198 0.0 640000
1723236614496 0.0 644000
1723236622824 0.0 648000
1723236631032 0.0 652000
1723236639422 0.0 656000
1723236647292 0.0 660000
1723236654937 0.0 664000
1723236662530 0.0 668000
1723236670096 0.0 672000
1723236677654 0.0 676000
1723236685319 0.0 680000
1723236692984 0.0 684000
1723236700907 0.0 688000
1723236708848 0.0 692000
1723236716385 0.0 696000
1723236724198 0.0 700000
1723236731956 0.0 704000
1723236739994 0.0 708000
1723236748366 0.0 712000
1723236756272 0.0 716000
1723236764543 0.0 720000
1723236773306 0.0 724000
1723236781605 0.0 728000
1723236789977 0.0 732000
1723236798042 0.0 736000
1723236806054 0.0 740000
1723236813725 0.0 744000
1723236821763 0.0 748000
1723236829338 0.0 752000
1723236836734 0.0 756000
1723236844303 0.0 760000
1723236851832 0.0 764000
1723236860121 0.0 768000
1723236867624 0.0 772000
1723236875087 0.0 776000
1723236882482 0.0 780000
1723236890070 0.0 784000
1723236897553 0.0 788000
1723236905114 0.0 792000
1723236912715 0.0 796000
1723236920321 0.0 800000
