1723235371590 0.0 4000
1723235378876 0.0 8000
1723235386207 0.0 12000
1723235393450 0.0 16000
1723235401530 0.0 20000
1723235409667 0.0 24000
1723235417397 0.0 28000
1723235425067 0.0 32000
1723235432761 0.0 36000
1723235440361 0.0 40000
1723235447917 0.0 44000
1723235455329 0.0 48000
1723235463627 0.0 52000
1723235472392 0.0 56000
1723235480459 0.0 60000
1723235488316 0.0 64000
1723235496347 0.0 68000
1723235504131 0.0 72000
1723235511802 0.0 76000
1723235519447 0.0 80000
1723235527095 0.0 84000
1723235535200 0.0 88000
1723235543110 0.0 92000
1723235550826 0.0 96000
1723235558515 0.0 100000
1723235566459 0.0 104000
1723235574087 0.0 108000
1723235581713 0.0 112000
1723235589205 0.0 116000
1723235596971 0.0 120000
1723235604762 0.0 124000
1723235612396 0.0 128000
1723235619974 0.0 132000
1723235627441 0.0 136000
1723235634994 0.0 140000
1723235642552 0.0 144000
1723235649945 0.0 148000
1723235658108 0.0 152000
1723235665603 0.0 156000
1723235673065 0.0 160000
1723235680544 0.0 164000
1723235688278 0.0 168000
1723235696219 0.0 172000
1723235704125 0.0 176000
1723235712280 0.0 180000
1723235720646 0.0 184000
1723235728468 0.0 188000
1723235736272 0.0 192000
1723235745053 0.0 196000
1723235753624 0.0 200000
1723235761865 0.0 204000
1723235770760 0.0 208000
1723235779568 0.0 212000
1723235787677 0.0 216000
1723235795497 0.0 220000
1723235803358 0.0 224000
1723235811827 0.0 228000
1723235819825 0.0 232000
1723235828049 0.0 236000
1723235837142 0.0 240000
1723235846389 0.0 244000
1723235854619 0.0 248000
1723235862634 0.0 252000
1723235871557 0.0 256000
1723235879758 0.0 260000
1723235887627 0.0 264000
1723235895399 0.0 268000
1723235903196 0.0 272000
1723235910826 0.0 276000
1723235918341 0.0 280000
1723235925773 0.0 284000
1723235933296 0.0 288000
1723235940753 0.0 292000
1723235948445 0.0 296000
1723235956652 0.0 300000
1723235964283 0.0 304000
1723235971842 0.0 308000
1723235979218 0.0 312000
1723235986601 0.0 316000
1723235994099 0.0 320000
1723236001648 0.0 324000
1723236009480 0.0 328000
1723236017729 0.0 332000
1723236025171 0.0 336000
1723236032630 0.0 340000
1723236039798 0.0 344000
1723236047236 0.0 348000
1723236054587 0.0 352000
1723236061982 0.0 356000
1723236069528 0.0 360000
1723236077459 0.0 364000
1723236084988 0.0 368000
1723236092420 0.0 372000
1723236099604 0.0 376000
1723236107125 0.0 380000
1723236114568 0.0 384000
1723236121962 0.0 388000
1723236129347 0.0 392000
1723236137494 0.0 396000
1723236145266 0.0 400000
1723236153263 0.0 404000
1723236160648 0.0 408000
1723236168419 0.0 412000
1723236175843 0.0 416000
1723236183172 0.0 420000
1723236190665 0.0 424000
1723236199008 0.0 428000
1723236206966 0.0 432000
1723236214470 0.0 436000
1723236221877 0.0 440000
1723236229288 0.0 444000
1723236237187 0.0 448000
1723236244735 0.0 452000
1723236252111 0.0 456000
1723236259930 0.0 460000
1723236267660 0.0 464000
1723236275078 0.0 468000
1723236282636 0.0 472000
1723236290595 0.0 476000
1723236298067 0.0 480000
1723236305504 0.0 484000
1723236312980 0.0 488000
1723236320512 0.0 492000
1723236328014 0.0 496000
1723236335485 0.0 500000
1723236342815 0.0 504000
1723236350158 0.0 508000
1723236357580 0.0 512000
1723236365067 0.0 516000
1723236372248 0.0 520000
1723236380354 0.0 524000
1723236387783 0.0 528000
1723236395119 0.0 532000
1723236402610 0.0 536000
1723236409844 0.0 540000
1723236417341 0.0 544000
1723236424725 0.0 548000
1723236432118 0.0 552000
1723236440413 0.0 556000
1723236448083 0.0 560000
1723236455485 0.0 564000
1723236462851 0.0 568000
1723236470358 0.0 572000
1723236477716 0.0 576000
1723236485142 0.0 580000
1723236492640 0.0 584000
1723236501111 0.0 588000
1723236509163 0.0 592000
1723236516743 0.0 596000
1723236524755 0.0 600000
1723236532661 0.0 604000
1723236540322 0.0 608000
1723236547954 0.0 612000
1723236555504 0.0 616000
1723236563330 0.0 620000
1723236571038 0.0 624000
1723236579027 0.0 628000
1723236587193 0.0 632000
1723236595827 0.0 636000
1723236606166 0.0 640000
1723236614467 0.0 644000
1723236622794 0.0 648000
1723236630998 0.0 652000
1723236639394 0.0 656000
1723236647262 0.0 660000
1723236654908 0.0 664000
1723236662497 0.0 668000
1723236670069 0.0 672000
1723236677626 0.0 676000
1723236685292 0.0 680000
1723236692955 0.0 684000
1723236700881 0.0 688000
1723236708821 0.0 692000
1723236716357 0.0 696000
1723236724170 0.0 700000
1723236731929 0.0 704000
1723236739967 0.0 708000
1723236748339 0.0 712000
1723236756240 0.0 716000
1723236764516 0.0 720000
1723236773277 0.0 724000
1723236781576 0.0 728000
1723236789949 0.0 732000
1723236798004 0.0 736000
1723236806026 0.0 740000
1723236813697 0.0 744000
1723236821735 0.0 748000
1723236829309 0.0 752000
1723236836707 0.0 756000
1723236844276 0.0 760000
1723236851804 0.0 764000
1723236860093 0.0 768000
1723236867597 0.0 772000
1723236875060 0.0 776000
1723236882454 0.0 780000
1723236890041 0.0 784000
1723236897526 0.0 788000
1723236905087 0.0 792000
1723236912686 0.0 796000
1723236920294 0.0 800000
