1723235371597 1.0 4000
1723235378881 1.0 8000
1723235386213 1.0 12000
1723235393456 1.0 16000
1723235401539 1.0 20000
1723235409673 1.0 24000
1723235417403 1.0 28000
1723235425072 1.0 32000
1723235432767 1.0 36000
1723235440367 1.0 40000
1723235447923 1.0 44000
1723235455334 1.0 48000
1723235463633 1.0 52000
1723235472399 1.0 56000
1723235480464 1.0 60000
1723235488322 1.0 64000
1723235496352 1.0 68000
1723235504137 1.0 72000
1723235511808 1.0 76000
1723235519452 1.0 80000
1723235527100 1.0 84000
1723235535205 1.0 88000
1723235543115 1.0 92000
1723235550832 1.0 96000
1723235558520 1.0 100000
1723235566465 1.0 104000
1723235574092 1.0 108000
1723235581718 1.0 112000
1723235589211 1.0 116000
1723235596977 1.0 120000
1723235604767 1.0 124000
1723235612401 1.0 128000
1723235619979 1.0 132000
1723235627447 1.0 136000
1723235635000 1.0 140000
1723235642558 1.0 144000
1723235649951 1.0 148000
1723235658113 1.0 152000
1723235665611 1.0 156000
1723235673071 1.0 160000
1723235680549 1.0 164000
1723235688283 1.0 168000
1723235696225 1.0 172000
1723235704130 1.0 176000
1723235712285 1.0 180000
1723235720651 1.0 184000
1723235728473 1.0 188000
1723235736278 1.0 192000
1723235745059 1.0 196000
1723235753630 1.0 200000
1723235761871 1.0 204000
1723235770766 1.0 208000
1723235779574 1.0 212000
1723235787683 1.0 216000
1723235795503 1.0 220000
1723235803363 1.0 224000
1723235811832 1.0 228000
1723235819830 1.0 232000
1723235828055 1.0 236000
1723235837148 1.0 240000
1723235846394 1.0 244000
1723235854625 1.0 248000
1723235862640 1.0 252000
1723235871563 1.0 256000
1723235879764 1.0 260000
1723235887632 1.0 264000
1723235895405 1.0 268000
1723235903201 1.0 272000
1723235910832 1.0 276000
1723235918346 1.0 280000
1723235925779 1.0 284000
1723235933301 1.0 288000
1723235940758 1.0 292000
1723235948450 1.0 296000
1723235956658 1.0 300000
1723235964288 1.0 304000
1723235971847 1.0 308000
1723235979223 1.0 312000
1723235986607 1.0 316000
1723235994105 1.0 320000
1723236001654 1.0 324000
1723236009486 1.0 328000
1723236017735 1.0 332000
1723236025177 1.0 336000
1723236032635 1.0 340000
1723236039804 1.0 344000
1723236047242 1.0 348000
1723236054592 1.0 352000
1723236061988 1.0 356000
1723236069533 1.0 360000
1723236077465 1.0 364000
1723236084994 1.0 368000
1723236092426 1.0 372000
1723236099609 1.0 376000
1723236107130 1.0 380000
1723236114574 1.0 384000
1723236121967 1.0 388000
1723236129352 1.0 392000
1723236137499 1.0 396000
1723236145272 1.0 400000
1723236153269 1.0 404000
1723236160654 1.0 408000
1723236168425 1.0 412000
1723236175848 1.0 416000
1723236183177 1.0 420000
1723236190671 1.0 424000
1723236199014 1.0 428000
1723236206972 1.0 432000
1723236214476 1.0 436000
1723236221883 1.0 440000
1723236229293 1.0 444000
1723236237192 1.0 448000
1723236244740 1.0 452000
1723236252116 1.0 456000
1723236259936 1.0 460000
1723236267665 1.0 464000
1723236275084 1.0 468000
1723236282642 1.0 472000
1723236290601 1.0 476000
1723236298073 1.0 480000
1723236305509 1.0 484000
1723236312985 1.0 488000
1723236320517 1.0 492000
1723236328020 1.0 496000
1723236335490 1.0 500000
1723236342821 1.0 504000
1723236350163 1.0 508000
1723236357585 1.0 512000
1723236365073 1.0 516000
1723236372254 1.0 520000
1723236380359 1.0 524000
1723236387788 1.0 528000
1723236395125 1.0 532000
1723236402616 1.0 536000
1723236409850 1.0 540000
1723236417346 1.0 544000
1723236424731 1.0 548000
1723236432124 1.0 552000
1723236440419 1.0 556000
1723236448089 1.0 560000
1723236455491 1.0 564000
1723236462856 1.0 568000
1723236470364 1.0 572000
1723236477721 1.0 576000
1723236485148 1.0 580000
1723236492645 1.0 584000
1723236501116 1.0 588000
1723236509169 1.0 592000
1723236516749 1.0 596000
1723236524761 1.0 600000
1723236532667 1.0 604000
1723236540327 1.0 608000
1723236547960 1.0 612000
1723236555509 1.0 616000
1723236563335 1.0 620000
1723236571044 1.0 624000
1723236579032 1.0 628000
1723236587198 1.0 632000
1723236595833 1.0 636000
1723236606173 1.0 640000
1723236614473 1.0 644000
1723236622800 1.0 648000
1723236631005 1.0 652000
1723236639400 1.0 656000
1723236647268 1.0 660000
1723236654914 1.0 664000
1723236662505 1.0 668000
1723236670074 1.0 672000
1723236677632 1.0 676000
1723236685297 1.0 680000
1723236692961 1.0 684000
1723236700886 1.0 688000
1723236708827 1.0 692000
1723236716363 1.0 696000
1723236724176 1.0 700000
1723236731935 1.0 704000
1723236739972 1.0 708000
1723236748345 1.0 712000
1723236756249 1.0 716000
1723236764522 1.0 720000
1723236773282 1.0 724000
1723236781582 1.0 728000
1723236789955 1.0 732000
1723236798011 1.0 736000
1723236806032 1.0 740000
1723236813702 1.0 744000
1723236821741 1.0 748000
1723236829315 1.0 752000
1723236836713 1.0 756000
1723236844282 1.0 760000
1723236851810 1.0 764000
1723236860099 1.0 768000
1723236867602 1.0 772000
1723236875065 1.0 776000
1723236882460 1.0 780000
1723236890047 1.0 784000
1723236897532 1.0 788000
1723236905092 1.0 792000
1723236912692 1.0 796000
1723236920299 1.0 800000
