1723235371590 1.0 4000
1723235378876 1.0 8000
1723235386208 1.0 12000
1723235393451 1.0 16000
1723235401530 1.0 20000
1723235409668 1.0 24000
1723235417397 1.0 28000
1723235425067 1.0 32000
1723235432762 1.0 36000
1723235440362 1.0 40000
1723235447918 1.0 44000
1723235455329 1.0 48000
1723235463628 1.0 52000
1723235472393 1.0 56000
1723235480459 1.0 60000
1723235488317 1.0 64000
1723235496347 1.0 68000
1723235504131 1.0 72000
1723235511803 1.0 76000
1723235519447 1.0 80000
1723235527095 1.0 84000
1723235535200 1.0 88000
1723235543110 1.0 92000
1723235550826 1.0 96000
1723235558515 1.0 100000
1723235566459 1.0 104000
1723235574087 1.0 108000
1723235581713 1.0 112000
1723235589206 1.0 116000
1723235596971 1.0 120000
1723235604762 1.0 124000
1723235612396 1.0 128000
1723235619974 1.0 132000
1723235627442 1.0 136000
1723235634995 1.0 140000
1723235642552 1.0 144000
1723235649945 1.0 148000
1723235658108 1.0 152000
1723235665604 1.0 156000
1723235673066 1.0 160000
1723235680544 1.0 164000
1723235688278 1.0 168000
1723235696220 1.0 172000
1723235704125 1.0 176000
1723235712280 1.0 180000
1723235720646 1.0 184000
1723235728468 1.0 188000
1723235736273 1.0 192000
1723235745054 1.0 196000
1723235753625 1.0 200000
1723235761865 1.0 204000
1723235770760 1.0 208000
1723235779569 1.0 212000
1723235787678 1.0 216000
1723235795497 1.0 220000
1723235803358 1.0 224000
1723235811828 1.0 228000
1723235819825 1.0 232000
1723235828049 1.0 236000
1723235837142 1.0 240000
1723235846389 1.0 244000
1723235854620 1.0 248000
1723235862635 1.0 252000
1723235871557 1.0 256000
1723235879758 1.0 260000
1723235887627 1.0 264000
1723235895400 1.0 268000
1723235903196 1.0 272000
1723235910826 1.0 276000
1723235918341 1.0 280000
1723235925774 1.0 284000
1723235933296 1.0 288000
1723235940753 1.0 292000
1723235948445 1.0 296000
1723235956652 1.0 300000
1723235964283 1.0 304000
1723235971842 1.0 308000
1723235979218 1.0 312000
1723235986602 1.0 316000
1723235994099 1.0 320000
1723236001648 1.0 324000
1723236009481 1.0 328000
1723236017730 1.0 332000
1723236025172 1.0 336000
1723236032630 1.0 340000
1723236039799 1.0 344000
1723236047237 1.0 348000
1723236054587 1.0 352000
1723236061983 1.0 356000
1723236069528 1.0 360000
1723236077459 1.0 364000
1723236084988 1.0 368000
1723236092420 1.0 372000
1723236099604 1.0 376000
1723236107125 1.0 380000
1723236114568 1.0 384000
1723236121962 1.0 388000
1723236129347 1.0 392000
1723236137494 1.0 396000
1723236145267 1.0 400000
1723236153264 1.0 404000
1723236160649 1.0 408000
1723236168420 1.0 412000
1723236175843 1.0 416000
1723236183172 1.0 420000
1723236190665 1.0 424000
1723236199009 1.0 428000
1723236206966 1.0 432000
1723236214471 1.0 436000
1723236221877 1.0 440000
1723236229288 1.0 444000
1723236237187 1.0 448000
1723236244735 1.0 452000
1723236252111 1.0 456000
1723236259930 1.0 460000
1723236267660 1.0 464000
1723236275079 1.0 468000
1723236282637 1.0 472000
1723236290596 1.0 476000
1723236298068 1.0 480000
1723236305504 1.0 484000
1723236312980 1.0 488000
1723236320512 1.0 492000
1723236328015 1.0 496000
1723236335485 1.0 500000
1723236342816 1.0 504000
1723236350158 1.0 508000
1723236357580 1.0 512000
1723236365067 1.0 516000
1723236372248 1.0 520000
1723236380354 1.0 524000
1723236387783 1.0 528000
1723236395120 1.0 532000
1723236402610 1.0 536000
1723236409844 1.0 540000
1723236417341 1.0 544000
1723236424726 1.0 548000
1723236432118 1.0 552000
1723236440413 1.0 556000
1723236448083 1.0 560000
1723236455485 1.0 564000
1723236462851 1.0 568000
1723236470358 1.0 572000
1723236477716 1.0 576000
1723236485143 1.0 580000
1723236492640 1.0 584000
1723236501111 1.0 588000
1723236509164 1.0 592000
1723236516744 1.0 596000
1723236524756 1.0 600000
1723236532661 1.0 604000
1723236540322 1.0 608000
1723236547954 1.0 612000
1723236555504 1.0 616000
1723236563330 1.0 620000
1723236571038 1.0 624000
1723236579027 1.0 628000
1723236587193 1.0 632000
1723236595827 1.0 636000
1723236606167 1.0 640000
1723236614468 1.0 644000
1723236622795 1.0 648000
1723236630999 1.0 652000
1723236639395 1.0 656000
1723236647263 1.0 660000
1723236654908 1.0 664000
1723236662498 1.0 668000
1723236670069 1.0 672000
1723236677627 1.0 676000
1723236685292 1.0 680000
1723236692956 1.0 684000
1723236700881 1.0 688000
1723236708822 1.0 692000
1723236716357 1.0 696000
1723236724171 1.0 700000
1723236731930 1.0 704000
1723236739967 1.0 708000
1723236748339 1.0 712000
1723236756242 1.0 716000
1723236764516 1.0 720000
1723236773277 1.0 724000
1723236781576 1.0 728000
1723236789949 1.0 732000
1723236798004 1.0 736000
1723236806026 1.0 740000
1723236813697 1.0 744000
1723236821735 1.0 748000
1723236829310 1.0 752000
1723236836708 1.0 756000
1723236844276 1.0 760000
1723236851805 1.0 764000
1723236860093 1.0 768000
1723236867597 1.0 772000
1723236875060 1.0 776000
1723236882454 1.0 780000
1723236890042 1.0 784000
1723236897527 1.0 788000
1723236905087 1.0 792000
1723236912687 1.0 796000
1723236920294 1.0 800000
