1723235371600 0.0 4000
1723235378884 0.0 8000
1723235386215 0.0 12000
1723235393458 0.0 16000
1723235401543 0.0 20000
1723235409675 0.0 24000
1723235417405 0.0 28000
1723235425074 0.0 32000
1723235432769 0.0 36000
1723235440369 0.0 40000
1723235447925 0.0 44000
1723235455336 0.0 48000
1723235463635 0.0 52000
1723235472401 0.0 56000
1723235480466 0.0 60000
1723235488324 0.0 64000
1723235496354 0.0 68000
1723235504138 0.0 72000
1723235511810 0.0 76000
1723235519454 0.0 80000
1723235527102 0.0 84000
1723235535207 0.0 88000
1723235543117 0.0 92000
1723235550833 0.0 96000
1723235558522 0.0 100000
1723235566467 0.0 104000
1723235574094 0.0 108000
1723235581720 0.0 112000
1723235589213 0.0 116000
1723235596979 0.0 120000
1723235604769 0.0 124000
1723235612403 0.0 128000
1723235619981 0.0 132000
1723235627449 0.0 136000
1723235635002 0.0 140000
1723235642560 0.0 144000
1723235649953 0.0 148000
1723235658115 0.0 152000
1723235665614 0.0 156000
1723235673073 0.0 160000
1723235680551 0.0 164000
1723235688285 0.0 168000
1723235696227 0.0 172000
1723235704133 0.0 176000
1723235712287 0.0 180000
1723235720653 0.0 184000
1723235728475 0.0 188000
1723235736280 0.0 192000
1723235745061 0.0 196000
1723235753632 0.0 200000
1723235761873 0.0 204000
1723235770768 0.0 208000
1723235779575 0.0 212000
1723235787685 0.0 216000
1723235795504 0.0 220000
1723235803365 0.0 224000
1723235811834 0.0 228000
1723235819832 0.0 232000
1723235828057 0.0 236000
1723235837150 0.0 240000
1723235846396 0.0 244000
1723235854627 0.0 248000
1723235862642 0.0 252000
1723235871565 0.0 256000
1723235879766 0.0 260000
1723235887634 0.0 264000
1723235895407 0.0 268000
1723235903203 0.0 272000
1723235910833 0.0 276000
1723235918348 0.0 280000
1723235925781 0.0 284000
1723235933303 0.0 288000
1723235940760 0.0 292000
1723235948452 0.0 296000
1723235956660 0.0 300000
1723235964291 0.0 304000
1723235971849 0.0 308000
1723235979225 0.0 312000
1723235986609 0.0 316000
1723235994107 0.0 320000
1723236001656 0.0 324000
1723236009488 0.0 328000
1723236017737 0.0 332000
1723236025179 0.0 336000
1723236032637 0.0 340000
1723236039806 0.0 344000
1723236047244 0.0 348000
1723236054594 0.0 352000
1723236061990 0.0 356000
1723236069535 0.0 360000
1723236077466 0.0 364000
1723236084996 0.0 368000
1723236092428 0.0 372000
1723236099611 0.0 376000
1723236107132 0.0 380000
1723236114576 0.0 384000
1723236121969 0.0 388000
1723236129354 0.0 392000
1723236137501 0.0 396000
1723236145274 0.0 400000
1723236153271 0.0 404000
1723236160656 0.0 408000
1723236168427 0.0 412000
1723236175850 0.0 416000
1723236183179 0.0 420000
1723236190674 0.0 424000
1723236199016 0.0 428000
1723236206973 0.0 432000
1723236214478 0.0 436000
1723236221884 0.0 440000
1723236229295 0.0 444000
1723236237194 0.0 448000
1723236244742 0.0 452000
1723236252118 0.0 456000
1723236259938 0.0 460000
1723236267667 0.0 464000
1723236275086 0.0 468000
1723236282644 0.0 472000
1723236290603 0.0 476000
1723236298075 0.0 480000
1723236305511 0.0 484000
1723236312987 0.0 488000
1723236320519 0.0 492000
1723236328022 0.0 496000
1723236335492 0.0 500000
1723236342823 0.0 504000
1723236350165 0.0 508000
1723236357587 0.0 512000
1723236365075 0.0 516000
1723236372256 0.0 520000
1723236380362 0.0 524000
1723236387790 0.0 528000
1723236395127 0.0 532000
1723236402617 0.0 536000
1723236409852 0.0 540000
1723236417348 0.0 544000
1723236424733 0.0 548000
1723236432126 0.0 552000
1723236440421 0.0 556000
1723236448091 0.0 560000
1723236455493 0.0 564000
1723236462858 0.0 568000
1723236470366 0.0 572000
1723236477723 0.0 576000
1723236485150 0.0 580000
1723236492647 0.0 584000
1723236501118 0.0 588000
1723236509171 0.0 592000
1723236516751 0.0 596000
1723236524763 0.0 600000
1723236532669 0.0 604000
1723236540329 0.0 608000
1723236547962 0.0 612000
1723236555511 0.0 616000
1723236563337 0.0 620000
1723236571045 0.0 624000
1723236579034 0.0 628000
1723236587200 0.0 632000
1723236595835 0.0 636000
1723236606175 0.0 640000
1723236614475 0.0 644000
1723236622803 0.0 648000
1723236631007 0.0 652000
1723236639402 0.0 656000
1723236647271 0.0 660000
1723236654916 0.0 664000
1723236662509 0.0 668000
1723236670076 0.0 672000
1723236677634 0.0 676000
1723236685299 0.0 680000
1723236692963 0.0 684000
1723236700888 0.0 688000
1723236708829 0.0 692000
1723236716365 0.0 696000
1723236724178 0.0 700000
1723236731937 0.0 704000
1723236739974 0.0 708000
1723236748346 0.0 712000
1723236756251 0.0 716000
1723236764524 0.0 720000
1723236773285 0.0 724000
1723236781584 0.0 728000
1723236789957 0.0 732000
1723236798015 0.0 736000
1723236806034 0.0 740000
1723236813704 0.0 744000
1723236821743 0.0 748000
1723236829317 0.0 752000
1723236836715 0.0 756000
1723236844283 0.0 760000
1723236851812 0.0 764000
1723236860101 0.0 768000
1723236867604 0.0 772000
1723236875067 0.0 776000
1723236882461 0.0 780000
1723236890049 0.0 784000
1723236897534 0.0 788000
1723236905094 0.0 792000
1723236912694 0.0 796000
1723236920301 0.0 800000
