1723235371634 0.0 4000
1723235378912 0.0 8000
1723235386243 0.0 12000
1723235393487 0.0 16000
1723235401573 0.0 20000
1723235409704 0.0 24000
1723235417432 0.0 28000
1723235425101 0.0 32000
1723235432797 0.0 36000
1723235440396 0.0 40000
1723235447954 0.0 44000
1723235455364 0.0 48000
1723235463664 0.0 52000
1723235472466 0.0 56000
1723235480494 0.0 60000
1723235488352 0.0 64000
1723235496381 0.0 68000
1723235504167 0.0 72000
1723235511838 0.0 76000
1723235519484 0.0 80000
1723235527132 0.0 84000
1723235535234 0.0 88000
1723235543146 0.0 92000
1723235550862 0.0 96000
1723235558549 0.0 100000
1723235566495 0.0 104000
1723235574123 0.0 108000
1723235581748 0.0 112000
1723235589239 0.0 116000
1723235597014 0.0 120000
1723235604798 0.0 124000
1723235612430 0.0 128000
1723235620009 0.0 132000
1723235627478 0.0 136000
1723235635030 0.0 140000
1723235642588 0.0 144000
1723235649981 0.0 148000
1723235658144 0.0 152000
1723235665643 0.0 156000
1723235673099 0.0 160000
1723235680578 0.0 164000
1723235688314 0.0 168000
1723235696254 0.0 172000
1723235704162 0.0 176000
1723235712314 0.0 180000
1723235720681 0.0 184000
1723235728503 0.0 188000
1723235736309 0.0 192000
1723235745090 0.0 196000
1723235753659 0.0 200000
1723235761901 0.0 204000
1723235770796 0.0 208000
1723235779604 0.0 212000
1723235787712 0.0 216000
1723235795532 0.0 220000
1723235803393 0.0 224000
1723235811864 0.0 228000
1723235819859 0.0 232000
1723235828085 0.0 236000
1723235837177 0.0 240000
1723235846426 0.0 244000
1723235854656 0.0 248000
1723235862671 0.0 252000
1723235871593 0.0 256000
1723235879793 0.0 260000
1723235887662 0.0 264000
1723235895435 0.0 268000
1723235903231 0.0 272000
1723235910860 0.0 276000
1723235918377 0.0 280000
1723235925808 0.0 284000
1723235933333 0.0 288000
1723235940787 0.0 292000
1723235948479 0.0 296000
1723235956687 0.0 300000
1723235964318 0.0 304000
1723235971877 0.0 308000
1723235979252 0.0 312000
1723235986636 0.0 316000
1723235994135 0.0 320000
1723236001683 0.0 324000
1723236009514 0.0 328000
1723236017765 0.0 332000
1723236025208 0.0 336000
1723236032664 0.0 340000
1723236039833 0.0 344000
1723236047272 0.0 348000
1723236054621 0.0 352000
1723236062019 0.0 356000
1723236069562 0.0 360000
1723236077494 0.0 364000
1723236085025 0.0 368000
1723236092456 0.0 372000
1723236099638 0.0 376000
1723236107160 0.0 380000
1723236114603 0.0 384000
1723236121996 0.0 388000
1723236129382 0.0 392000
1723236137530 0.0 396000
1723236145301 0.0 400000
1723236153299 0.0 404000
1723236160682 0.0 408000
1723236168454 0.0 412000
1723236175878 0.0 416000
1723236183206 0.0 420000
1723236190704 0.0 424000
1723236199044 0.0 428000
1723236207000 0.0 432000
1723236214506 0.0 436000
1723236221913 0.0 440000
1723236229323 0.0 444000
1723236237221 0.0 448000
1723236244770 0.0 452000
1723236252146 0.0 456000
1723236259964 0.0 460000
1723236267694 0.0 464000
1723236275113 0.0 468000
1723236282675 0.0 472000
1723236290630 0.0 476000
1723236298102 0.0 480000
1723236305538 0.0 484000
1723236313015 0.0 488000
1723236320547 0.0 492000
1723236328050 0.0 496000
1723236335520 0.0 500000
1723236342850 0.0 504000
1723236350193 0.0 508000
1723236357614 0.0 512000
1723236365102 0.0 516000
1723236372286 0.0 520000
1723236380390 0.0 524000
1723236387819 0.0 528000
1723236395155 0.0 532000
1723236402647 0.0 536000
1723236409879 0.0 540000
1723236417375 0.0 544000
1723236424761 0.0 548000
1723236432154 0.0 552000
1723236440448 0.0 556000
1723236448118 0.0 560000
1723236455520 0.0 564000
1723236462889 0.0 568000
1723236470393 0.0 572000
1723236477750 0.0 576000
1723236485178 0.0 580000
1723236492685 0.0 584000
1723236501146 0.0 588000
1723236509202 0.0 592000
1723236516779 0.0 596000
1723236524790 0.0 600000
1723236532696 0.0 604000
1723236540357 0.0 608000
1723236547990 0.0 612000
1723236555538 0.0 616000
1723236563365 0.0 620000
1723236571073 0.0 624000
1723236579062 0.0 628000
1723236587230 0.0 632000
1723236595875 0.0 636000
1723236606208 0.0 640000
1723236614504 0.0 644000
1723236622833 0.0 648000
1723236631042 0.0 652000
1723236639430 0.0 656000
1723236647302 0.0 660000
1723236654945 0.0 664000
1723236662539 0.0 668000
1723236670104 0.0 672000
1723236677662 0.0 676000
1723236685328 0.0 680000
1723236692991 0.0 684000
1723236700916 0.0 688000
1723236708856 0.0 692000
1723236716393 0.0 696000
1723236724206 0.0 700000
1723236731964 0.0 704000
1723236740003 0.0 708000
1723236748374 0.0 712000
1723236756281 0.0 716000
1723236764551 0.0 720000
1723236773314 0.0 724000
1723236781615 0.0 728000
1723236789985 0.0 732000
1723236798050 0.0 736000
1723236806062 0.0 740000
1723236813733 0.0 744000
1723236821771 0.0 748000
1723236829347 0.0 752000
1723236836742 0.0 756000
1723236844311 0.0 760000
1723236851841 0.0 764000
1723236860129 0.0 768000
1723236867632 0.0 772000
1723236875096 0.0 776000
1723236882490 0.0 780000
1723236890078 0.0 784000
1723236897562 0.0 788000
1723236905122 0.0 792000
1723236912723 0.0 796000
1723236920329 0.0 800000
