1723235371623 1800.0 4000
1723235378902 1800.0 8000
1723235386233 1800.0 12000
1723235393477 1800.0 16000
1723235401563 1800.0 20000
1723235409694 1800.0 24000
1723235417423 1800.0 28000
1723235425092 1800.0 32000
1723235432787 1800.0 36000
1723235440387 1800.0 40000
1723235447943 1800.0 44000
1723235455355 1800.0 48000
1723235463653 1800.0 52000
1723235472454 1800.0 56000
1723235480485 1800.0 60000
1723235488342 1800.0 64000
1723235496371 1800.0 68000
1723235504158 1800.0 72000
1723235511829 1800.0 76000
1723235519474 1800.0 80000
1723235527121 1800.0 84000
1723235535224 1800.0 88000
1723235543136 1800.0 92000
1723235550851 1800.0 96000
1723235558539 1800.0 100000
1723235566485 1800.0 104000
1723235574114 1800.0 108000
1723235581739 1800.0 112000
1723235589230 1800.0 116000
1723235597004 1800.0 120000
1723235604788 1800.0 124000
1723235612421 1800.0 128000
1723235619999 1800.0 132000
1723235627467 1800.0 136000
1723235635020 1800.0 140000
1723235642578 1800.0 144000
1723235649972 1800.0 148000
1723235658134 1800.0 152000
1723235665633 1800.0 156000
1723235673090 1800.0 160000
1723235680569 1800.0 164000
1723235688304 1800.0 168000
1723235696245 1800.0 172000
1723235704152 1800.0 176000
1723235712305 1800.0 180000
1723235720671 1800.0 184000
1723235728493 1800.0 188000
1723235736299 1800.0 192000
1723235745080 1800.0 196000
1723235753650 1800.0 200000
1723235761891 1800.0 204000
1723235770786 1800.0 208000
1723235779594 1800.0 212000
1723235787702 1800.0 216000
1723235795522 1800.0 220000
1723235803383 1800.0 224000
1723235811853 1800.0 228000
1723235819850 1800.0 232000
1723235828075 1800.0 236000
1723235837167 1800.0 240000
1723235846415 1800.0 244000
1723235854645 1800.0 248000
1723235862660 1800.0 252000
1723235871583 1800.0 256000
1723235879783 1800.0 260000
1723235887652 1800.0 264000
1723235895425 1800.0 268000
1723235903221 1800.0 272000
1723235910851 1800.0 276000
1723235918367 1800.0 280000
1723235925799 1800.0 284000
1723235933323 1800.0 288000
1723235940778 1800.0 292000
1723235948470 1800.0 296000
1723235956677 1800.0 300000
1723235964308 1800.0 304000
1723235971867 1800.0 308000
1723235979243 1800.0 312000
1723235986626 1800.0 316000
1723235994125 1800.0 320000
1723236001673 1800.0 324000
1723236009505 1800.0 328000
1723236017755 1800.0 332000
1723236025198 1800.0 336000
1723236032655 1800.0 340000
1723236039824 1800.0 344000
1723236047262 1800.0 348000
1723236054612 1800.0 352000
1723236062010 1800.0 356000
1723236069553 1800.0 360000
1723236077485 1800.0 364000
1723236085015 1800.0 368000
1723236092447 1800.0 372000
1723236099629 1800.0 376000
1723236107150 1800.0 380000
1723236114594 1800.0 384000
1723236121987 1800.0 388000
1723236129372 1800.0 392000
1723236137520 1800.0 396000
1723236145291 1800.0 400000
1723236153289 1800.0 404000
1723236160673 1800.0 408000
1723236168445 1800.0 412000
1723236175868 1800.0 416000
1723236183197 1800.0 420000
1723236190694 1800.0 424000
1723236199034 1800.0 428000
1723236206991 1800.0 432000
1723236214496 1800.0 436000
1723236221903 1800.0 440000
1723236229313 1800.0 444000
1723236237212 1800.0 448000
1723236244760 1800.0 452000
1723236252136 1800.0 456000
1723236259955 1800.0 460000
1723236267685 1800.0 464000
1723236275104 1800.0 468000
1723236282665 1800.0 472000
1723236290620 1800.0 476000
1723236298092 1800.0 480000
1723236305529 1800.0 484000
1723236313005 1800.0 488000
1723236320537 1800.0 492000
1723236328039 1800.0 496000
1723236335510 1800.0 500000
1723236342841 1800.0 504000
1723236350183 1800.0 508000
1723236357605 1800.0 512000
1723236365092 1800.0 516000
1723236372275 1800.0 520000
1723236380380 1800.0 524000
1723236387809 1800.0 528000
1723236395145 1800.0 532000
1723236402637 1800.0 536000
1723236409870 1800.0 540000
1723236417366 1800.0 544000
1723236424751 1800.0 548000
1723236432144 1800.0 552000
1723236440439 1800.0 556000
1723236448109 1800.0 560000
1723236455510 1800.0 564000
1723236462876 1800.0 568000
1723236470384 1800.0 572000
1723236477741 1800.0 576000
1723236485168 1800.0 580000
1723236492674 1800.0 584000
1723236501136 1800.0 588000
1723236509190 1800.0 592000
1723236516769 1800.0 596000
1723236524781 1800.0 600000
1723236532687 1800.0 604000
1723236540347 1800.0 608000
1723236547980 1800.0 612000
1723236555529 1800.0 616000
1723236563355 1800.0 620000
1723236571063 1800.0 624000
1723236579052 1800.0 628000
1723236587219 1800.0 632000
1723236595861 1800.0 636000
1723236606196 1800.0 640000
1723236614494 1800.0 644000
1723236622823 1800.0 648000
1723236631030 1800.0 652000
1723236639421 1800.0 656000
1723236647291 1800.0 660000
1723236654935 1800.0 664000
1723236662529 1800.0 668000
1723236670094 1800.0 672000
1723236677652 1800.0 676000
1723236685318 1800.0 680000
1723236692982 1800.0 684000
1723236700906 1800.0 688000
1723236708846 1800.0 692000
1723236716383 1800.0 696000
1723236724197 1800.0 700000
1723236731955 1800.0 704000
1723236739993 1800.0 708000
1723236748365 1800.0 712000
1723236756271 1800.0 716000
1723236764542 1800.0 720000
1723236773304 1800.0 724000
1723236781603 1800.0 728000
1723236789975 1800.0 732000
1723236798039 1800.0 736000
1723236806053 1800.0 740000
1723236813724 1800.0 744000
1723236821762 1800.0 748000
1723236829337 1800.0 752000
1723236836732 1800.0 756000
1723236844301 1800.0 760000
1723236851831 1800.0 764000
1723236860119 1800.0 768000
1723236867622 1800.0 772000
1723236875086 1800.0 776000
1723236882480 1800.0 780000
1723236890068 1800.0 784000
1723236897552 1800.0 788000
1723236905113 1800.0 792000
1723236912713 1800.0 796000
1723236920319 1800.0 800000
