1723235371618 0.0 4000
1723235378898 0.0 8000
1723235386229 0.0 12000
1723235393473 0.0 16000
1723235401559 0.0 20000
1723235409689 0.0 24000
1723235417419 0.0 28000
1723235425088 0.0 32000
1723235432783 0.0 36000
1723235440383 0.0 40000
1723235447939 0.0 44000
1723235455350 0.0 48000
1723235463649 0.0 52000
1723235472449 0.0 56000
1723235480481 0.0 60000
1723235488338 0.0 64000
1723235496367 0.0 68000
1723235504153 0.0 72000
1723235511825 0.0 76000
1723235519469 0.0 80000
1723235527117 0.0 84000
1723235535221 0.0 88000
1723235543132 0.0 92000
1723235550847 0.0 96000
1723235558536 0.0 100000
1723235566481 0.0 104000
1723235574110 0.0 108000
1723235581734 0.0 112000
1723235589226 0.0 116000
1723235597000 0.0 120000
1723235604784 0.0 124000
1723235612417 0.0 128000
1723235619995 0.0 132000
1723235627463 0.0 136000
1723235635016 0.0 140000
1723235642574 0.0 144000
1723235649967 0.0 148000
1723235658130 0.0 152000
1723235665629 0.0 156000
1723235673086 0.0 160000
1723235680565 0.0 164000
1723235688299 0.0 168000
1723235696241 0.0 172000
1723235704147 0.0 176000
1723235712301 0.0 180000
1723235720667 0.0 184000
1723235728489 0.0 188000
1723235736294 0.0 192000
1723235745076 0.0 196000
1723235753646 0.0 200000
1723235761887 0.0 204000
1723235770782 0.0 208000
1723235779590 0.0 212000
1723235787698 0.0 216000
1723235795518 0.0 220000
1723235803379 0.0 224000
1723235811849 0.0 228000
1723235819846 0.0 232000
1723235828071 0.0 236000
1723235837163 0.0 240000
1723235846411 0.0 244000
1723235854641 0.0 248000
1723235862656 0.0 252000
1723235871579 0.0 256000
1723235879779 0.0 260000
1723235887648 0.0 264000
1723235895422 0.0 268000
1723235903217 0.0 272000
1723235910847 0.0 276000
1723235918363 0.0 280000
1723235925794 0.0 284000
1723235933318 0.0 288000
1723235940774 0.0 292000
1723235948466 0.0 296000
1723235956673 0.0 300000
1723235964304 0.0 304000
1723235971863 0.0 308000
1723235979239 0.0 312000
1723235986623 0.0 316000
1723235994121 0.0 320000
1723236001669 0.0 324000
1723236009501 0.0 328000
1723236017751 0.0 332000
1723236025194 0.0 336000
1723236032651 0.0 340000
1723236039820 0.0 344000
1723236047258 0.0 348000
1723236054608 0.0 352000
1723236062005 0.0 356000
1723236069549 0.0 360000
1723236077480 0.0 364000
1723236085011 0.0 368000
1723236092442 0.0 372000
1723236099625 0.0 376000
1723236107146 0.0 380000
1723236114590 0.0 384000
1723236121983 0.0 388000
1723236129368 0.0 392000
1723236137516 0.0 396000
1723236145287 0.0 400000
1723236153285 0.0 404000
1723236160669 0.0 408000
1723236168441 0.0 412000
1723236175864 0.0 416000
1723236183193 0.0 420000
1723236190690 0.0 424000
1723236199030 0.0 428000
1723236206987 0.0 432000
1723236214492 0.0 436000
1723236221899 0.0 440000
1723236229309 0.0 444000
1723236237208 0.0 448000
1723236244756 0.0 452000
1723236252132 0.0 456000
1723236259951 0.0 460000
1723236267681 0.0 464000
1723236275100 0.0 468000
1723236282660 0.0 472000
1723236290616 0.0 476000
1723236298088 0.0 480000
1723236305525 0.0 484000
1723236313001 0.0 488000
1723236320533 0.0 492000
1723236328036 0.0 496000
1723236335506 0.0 500000
1723236342837 0.0 504000
1723236350179 0.0 508000
1723236357601 0.0 512000
1723236365088 0.0 516000
1723236372271 0.0 520000
1723236380375 0.0 524000
1723236387805 0.0 528000
1723236395141 0.0 532000
1723236402633 0.0 536000
1723236409866 0.0 540000
1723236417362 0.0 544000
1723236424747 0.0 548000
1723236432140 0.0 552000
1723236440434 0.0 556000
1723236448105 0.0 560000
1723236455506 0.0 564000
1723236462872 0.0 568000
1723236470380 0.0 572000
1723236477737 0.0 576000
1723236485164 0.0 580000
1723236492670 0.0 584000
1723236501132 0.0 588000
1723236509185 0.0 592000
1723236516765 0.0 596000
1723236524777 0.0 600000
1723236532683 0.0 604000
1723236540343 0.0 608000
1723236547976 0.0 612000
1723236555525 0.0 616000
1723236563351 0.0 620000
1723236571059 0.0 624000
1723236579048 0.0 628000
1723236587215 0.0 632000
1723236595854 0.0 636000
1723236606192 0.0 640000
1723236614490 0.0 644000
1723236622818 0.0 648000
1723236631025 0.0 652000
1723236639416 0.0 656000
1723236647287 0.0 660000
1723236654931 0.0 664000
1723236662524 0.0 668000
1723236670090 0.0 672000
1723236677648 0.0 676000
1723236685313 0.0 680000
1723236692978 0.0 684000
1723236700902 0.0 688000
1723236708843 0.0 692000
1723236716378 0.0 696000
1723236724192 0.0 700000
1723236731951 0.0 704000
1723236739989 0.0 708000
1723236748361 0.0 712000
1723236756266 0.0 716000
1723236764538 0.0 720000
1723236773300 0.0 724000
1723236781599 0.0 728000
1723236789971 0.0 732000
1723236798035 0.0 736000
1723236806049 0.0 740000
1723236813720 0.0 744000
1723236821757 0.0 748000
1723236829333 0.0 752000
1723236836729 0.0 756000
1723236844297 0.0 760000
1723236851827 0.0 764000
1723236860115 0.0 768000
1723236867618 0.0 772000
1723236875082 0.0 776000
1723236882476 0.0 780000
1723236890064 0.0 784000
1723236897548 0.0 788000
1723236905108 0.0 792000
1723236912709 0.0 796000
1723236920315 0.0 800000
