1723235371603 0.99 4000
1723235378886 0.99 8000
1723235386217 0.99 12000
1723235393460 0.99 16000
1723235401546 0.99 20000
1723235409677 0.99 24000
1723235417407 0.99 28000
1723235425076 0.99 32000
1723235432771 0.99 36000
1723235440371 0.99 40000
1723235447927 0.99 44000
1723235455338 0.99 48000
1723235463637 0.99 52000
1723235472411 0.99 56000
1723235480469 0.99 60000
1723235488326 0.99 64000
1723235496356 0.99 68000
1723235504140 0.99 72000
1723235511812 0.99 76000
1723235519456 0.99 80000
1723235527105 0.99 84000
1723235535209 0.99 88000
1723235543120 0.99 92000
1723235550835 0.99 96000
1723235558524 0.99 100000
1723235566469 0.99 104000
1723235574098 0.99 108000
1723235581722 0.99 112000
1723235589215 0.99 116000
1723235596984 0.99 120000
1723235604771 0.99 124000
1723235612405 0.99 128000
1723235619983 0.99 132000
1723235627451 0.99 136000
1723235635004 0.99 140000
1723235642562 0.99 144000
1723235649955 0.99 148000
1723235658117 0.99 152000
1723235665617 0.99 156000
1723235673075 0.99 160000
1723235680553 0.99 164000
1723235688287 0.99 168000
1723235696229 0.99 172000
1723235704135 0.99 176000
1723235712289 0.99 180000
1723235720655 0.99 184000
1723235728477 0.99 188000
1723235736282 0.99 192000
1723235745064 0.99 196000
1723235753634 0.99 200000
1723235761875 0.99 204000
1723235770770 0.99 208000
1723235779577 0.99 212000
1723235787686 0.99 216000
1723235795506 0.99 220000
1723235803367 0.99 224000
1723235811837 0.99 228000
1723235819834 0.99 232000
1723235828059 0.99 236000
1723235837151 0.99 240000
1723235846398 0.99 244000
1723235854629 0.99 248000
1723235862644 0.99 252000
1723235871566 0.99 256000
1723235879768 0.99 260000
1723235887636 0.99 264000
1723235895410 0.99 268000
1723235903205 0.99 272000
1723235910835 0.99 276000
1723235918350 0.99 280000
1723235925782 0.99 284000
1723235933305 0.99 288000
1723235940762 0.99 292000
1723235948454 0.99 296000
1723235956662 0.99 300000
1723235964293 0.99 304000
1723235971851 0.99 308000
1723235979227 0.99 312000
1723235986611 0.99 316000
1723235994109 0.99 320000
1723236001657 0.99 324000
1723236009489 0.99 328000
1723236017738 0.99 332000
1723236025182 0.99 336000
1723236032639 0.99 340000
1723236039808 0.99 344000
1723236047246 0.99 348000
1723236054596 0.99 352000
1723236061992 0.99 356000
1723236069537 0.99 360000
1723236077468 0.99 364000
1723236084998 0.99 368000
1723236092430 0.99 372000
1723236099613 0.99 376000
1723236107134 0.99 380000
1723236114578 0.99 384000
1723236121971 0.99 388000
1723236129356 0.99 392000
1723236137504 0.99 396000
1723236145276 0.99 400000
1723236153273 0.99 404000
1723236160658 0.99 408000
1723236168428 0.99 412000
1723236175852 0.99 416000
1723236183181 0.99 420000
1723236190676 0.99 424000
1723236199018 0.99 428000
1723236206975 0.99 432000
1723236214480 0.99 436000
1723236221887 0.99 440000
1723236229297 0.99 444000
1723236237196 0.99 448000
1723236244744 0.99 452000
1723236252120 0.99 456000
1723236259939 0.99 460000
1723236267669 0.99 464000
1723236275088 0.99 468000
1723236282645 0.99 472000
1723236290605 0.99 476000
1723236298076 0.99 480000
1723236305513 0.99 484000
1723236312989 0.99 488000
1723236320521 0.99 492000
1723236328024 0.99 496000
1723236335494 0.99 500000
1723236342825 0.99 504000
1723236350167 0.99 508000
1723236357589 0.99 512000
1723236365076 0.99 516000
1723236372257 0.99 520000
1723236380363 0.99 524000
1723236387792 0.99 528000
1723236395129 0.99 532000
1723236402620 0.99 536000
1723236409854 0.99 540000
1723236417350 0.99 544000
1723236424735 0.99 548000
1723236432128 0.99 552000
1723236440423 0.99 556000
1723236448093 0.99 560000
1723236455494 0.99 564000
1723236462860 0.99 568000
1723236470368 0.99 572000
1723236477725 0.99 576000
1723236485152 0.99 580000
1723236492650 0.99 584000
1723236501120 0.99 588000
1723236509173 0.99 592000
1723236516752 0.99 596000
1723236524765 0.99 600000
1723236532671 0.99 604000
1723236540332 0.99 608000
1723236547964 0.99 612000
1723236555513 0.99 616000
1723236563339 0.99 620000
1723236571047 0.99 624000
1723236579036 0.99 628000
1723236587203 0.99 632000
1723236595838 0.99 636000
1723236606178 0.99 640000
1723236614477 0.99 644000
1723236622805 0.99 648000
1723236631010 0.99 652000
1723236639404 0.99 656000
1723236647273 0.99 660000
1723236654918 0.99 664000
1723236662511 0.99 668000
1723236670078 0.99 672000
1723236677636 0.99 676000
1723236685301 0.99 680000
1723236692965 0.99 684000
1723236700890 0.99 688000
1723236708831 0.99 692000
1723236716366 0.99 696000
1723236724180 0.99 700000
1723236731939 0.99 704000
1723236739976 0.99 708000
1723236748348 0.99 712000
1723236756253 0.99 716000
1723236764526 0.99 720000
1723236773287 0.99 724000
1723236781586 0.99 728000
1723236789959 0.99 732000
1723236798019 0.99 736000
1723236806036 0.99 740000
1723236813707 0.99 744000
1723236821745 0.99 748000
1723236829319 0.99 752000
1723236836717 0.99 756000
1723236844285 0.99 760000
1723236851814 0.99 764000
1723236860103 0.99 768000
1723236867606 0.99 772000
1723236875069 0.99 776000
1723236882464 0.99 780000
1723236890051 0.99 784000
1723236897536 0.99 788000
1723236905096 0.99 792000
1723236912696 0.99 796000
1723236920303 0.99 800000
