1723235371619 0.0 4000
1723235378899 0.0 8000
1723235386231 0.0 12000
1723235393474 0.0 16000
1723235401560 0.0 20000
1723235409691 0.0 24000
1723235417420 0.0 28000
1723235425089 0.0 32000
1723235432784 0.0 36000
1723235440384 0.0 40000
1723235447940 0.0 44000
1723235455352 0.0 48000
1723235463651 0.0 52000
1723235472451 0.0 56000
1723235480482 0.0 60000
1723235488339 0.0 64000
1723235496369 0.0 68000
1723235504154 0.0 72000
1723235511826 0.0 76000
1723235519471 0.0 80000
1723235527118 0.0 84000
1723235535222 0.0 88000
1723235543133 0.0 92000
1723235550849 0.0 96000
1723235558537 0.0 100000
1723235566482 0.0 104000
1723235574111 0.0 108000
1723235581736 0.0 112000
1723235589227 0.0 116000
1723235597001 0.0 120000
1723235604785 0.0 124000
1723235612418 0.0 128000
1723235619996 0.0 132000
1723235627464 0.0 136000
1723235635017 0.0 140000
1723235642576 0.0 144000
1723235649969 0.0 148000
1723235658131 0.0 152000
1723235665631 0.0 156000
1723235673088 0.0 160000
1723235680566 0.0 164000
1723235688300 0.0 168000
1723235696242 0.0 172000
1723235704149 0.0 176000
1723235712302 0.0 180000
1723235720668 0.0 184000
1723235728491 0.0 188000
1723235736296 0.0 192000
1723235745077 0.0 196000
1723235753647 0.0 200000
1723235761889 0.0 204000
1723235770783 0.0 208000
1723235779591 0.0 212000
1723235787700 0.0 216000
1723235795519 0.0 220000
1723235803380 0.0 224000
1723235811851 0.0 228000
1723235819847 0.0 232000
1723235828072 0.0 236000
1723235837164 0.0 240000
1723235846412 0.0 244000
1723235854643 0.0 248000
1723235862657 0.0 252000
1723235871581 0.0 256000
1723235879780 0.0 260000
1723235887649 0.0 264000
1723235895423 0.0 268000
1723235903218 0.0 272000
1723235910848 0.0 276000
1723235918364 0.0 280000
1723235925796 0.0 284000
1723235933320 0.0 288000
1723235940775 0.0 292000
1723235948467 0.0 296000
1723235956675 0.0 300000
1723235964306 0.0 304000
1723235971864 0.0 308000
1723235979240 0.0 312000
1723235986624 0.0 316000
1723235994122 0.0 320000
1723236001670 0.0 324000
1723236009502 0.0 328000
1723236017752 0.0 332000
1723236025195 0.0 336000
1723236032652 0.0 340000
1723236039821 0.0 344000
1723236047259 0.0 348000
1723236054609 0.0 352000
1723236062007 0.0 356000
1723236069550 0.0 360000
1723236077482 0.0 364000
1723236085012 0.0 368000
1723236092444 0.0 372000
1723236099626 0.0 376000
1723236107147 0.0 380000
1723236114591 0.0 384000
1723236121984 0.0 388000
1723236129370 0.0 392000
1723236137517 0.0 396000
1723236145289 0.0 400000
1723236153287 0.0 404000
1723236160670 0.0 408000
1723236168442 0.0 412000
1723236175865 0.0 416000
1723236183194 0.0 420000
1723236190691 0.0 424000
1723236199031 0.0 428000
1723236206988 0.0 432000
1723236214493 0.0 436000
1723236221900 0.0 440000
1723236229310 0.0 444000
1723236237209 0.0 448000
1723236244757 0.0 452000
1723236252133 0.0 456000
1723236259952 0.0 460000
1723236267682 0.0 464000
1723236275101 0.0 468000
1723236282661 0.0 472000
1723236290618 0.0 476000
1723236298089 0.0 480000
1723236305526 0.0 484000
1723236313003 0.0 488000
1723236320534 0.0 492000
1723236328037 0.0 496000
1723236335508 0.0 500000
1723236342838 0.0 504000
1723236350181 0.0 508000
1723236357602 0.0 512000
1723236365089 0.0 516000
1723236372272 0.0 520000
1723236380377 0.0 524000
1723236387806 0.0 528000
1723236395143 0.0 532000
1723236402634 0.0 536000
1723236409867 0.0 540000
1723236417363 0.0 544000
1723236424748 0.0 548000
1723236432142 0.0 552000
1723236440436 0.0 556000
1723236448106 0.0 560000
1723236455507 0.0 564000
1723236462873 0.0 568000
1723236470381 0.0 572000
1723236477738 0.0 576000
1723236485166 0.0 580000
1723236492671 0.0 584000
1723236501133 0.0 588000
1723236509186 0.0 592000
1723236516766 0.0 596000
1723236524778 0.0 600000
1723236532684 0.0 604000
1723236540345 0.0 608000
1723236547977 0.0 612000
1723236555526 0.0 616000
1723236563352 0.0 620000
1723236571060 0.0 624000
1723236579049 0.0 628000
1723236587216 0.0 632000
1723236595856 0.0 636000
1723236606193 0.0 640000
1723236614491 0.0 644000
1723236622819 0.0 648000
1723236631027 0.0 652000
1723236639418 0.0 656000
1723236647288 0.0 660000
1723236654933 0.0 664000
1723236662526 0.0 668000
1723236670092 0.0 672000
1723236677649 0.0 676000
1723236685315 0.0 680000
1723236692979 0.0 684000
1723236700903 0.0 688000
1723236708844 0.0 692000
1723236716380 0.0 696000
1723236724194 0.0 700000
1723236731952 0.0 704000
1723236739990 0.0 708000
1723236748362 0.0 712000
1723236756267 0.0 716000
1723236764539 0.0 720000
1723236773301 0.0 724000
1723236781600 0.0 728000
1723236789973 0.0 732000
1723236798037 0.0 736000
1723236806050 0.0 740000
1723236813721 0.0 744000
1723236821758 0.0 748000
1723236829334 0.0 752000
1723236836730 0.0 756000
1723236844299 0.0 760000
1723236851828 0.0 764000
1723236860116 0.0 768000
1723236867620 0.0 772000
1723236875083 0.0 776000
1723236882477 0.0 780000
1723236890065 0.0 784000
1723236897549 0.0 788000
1723236905110 0.0 792000
1723236912710 0.0 796000
1723236920316 0.0 800000
