1723235371636 1.0 4000
1723235378914 1.0 8000
1723235386245 1.0 12000
1723235393489 1.0 16000
1723235401574 1.0 20000
1723235409705 1.0 24000
1723235417434 1.0 28000
1723235425102 1.0 32000
1723235432798 1.0 36000
1723235440398 1.0 40000
1723235447956 1.0 44000
1723235455366 1.0 48000
1723235463665 1.0 52000
1723235472468 1.0 56000
1723235480496 1.0 60000
1723235488354 1.0 64000
1723235496383 1.0 68000
1723235504169 1.0 72000
1723235511840 1.0 76000
1723235519486 1.0 80000
1723235527134 1.0 84000
1723235535235 1.0 88000
1723235543148 1.0 92000
1723235550863 1.0 96000
1723235558550 1.0 100000
1723235566497 1.0 104000
1723235574125 1.0 108000
1723235581750 1.0 112000
1723235589241 1.0 116000
1723235597016 1.0 120000
1723235604799 1.0 124000
1723235612431 1.0 128000
1723235620010 1.0 132000
1723235627479 1.0 136000
1723235635031 1.0 140000
1723235642590 1.0 144000
1723235649983 1.0 148000
1723235658146 1.0 152000
1723235665645 1.0 156000
1723235673101 1.0 160000
1723235680580 1.0 164000
1723235688316 1.0 168000
1723235696256 1.0 172000
1723235704163 1.0 176000
1723235712316 1.0 180000
1723235720682 1.0 184000
1723235728505 1.0 188000
1723235736311 1.0 192000
1723235745092 1.0 196000
1723235753661 1.0 200000
1723235761903 1.0 204000
1723235770798 1.0 208000
1723235779606 1.0 212000
1723235787713 1.0 216000
1723235795533 1.0 220000
1723235803395 1.0 224000
1723235811865 1.0 228000
1723235819861 1.0 232000
1723235828087 1.0 236000
1723235837178 1.0 240000
1723235846428 1.0 244000
1723235854658 1.0 248000
1723235862673 1.0 252000
1723235871594 1.0 256000
1723235879794 1.0 260000
1723235887663 1.0 264000
1723235895436 1.0 268000
1723235903232 1.0 272000
1723235910862 1.0 276000
1723235918379 1.0 280000
1723235925810 1.0 284000
1723235933335 1.0 288000
1723235940789 1.0 292000
1723235948481 1.0 296000
1723235956688 1.0 300000
1723235964320 1.0 304000
1723235971878 1.0 308000
1723235979254 1.0 312000
1723235986637 1.0 316000
1723235994137 1.0 320000
1723236001684 1.0 324000
1723236009516 1.0 328000
1723236017767 1.0 332000
1723236025210 1.0 336000
1723236032666 1.0 340000
1723236039835 1.0 344000
1723236047273 1.0 348000
1723236054623 1.0 352000
1723236062021 1.0 356000
1723236069564 1.0 360000
1723236077496 1.0 364000
1723236085027 1.0 368000
1723236092458 1.0 372000
1723236099640 1.0 376000
1723236107162 1.0 380000
1723236114605 1.0 384000
1723236121998 1.0 388000
1723236129384 1.0 392000
1723236137532 1.0 396000
1723236145302 1.0 400000
1723236153300 1.0 404000
1723236160684 1.0 408000
1723236168455 1.0 412000
1723236175880 1.0 416000
1723236183208 1.0 420000
1723236190706 1.0 424000
1723236199045 1.0 428000
1723236207002 1.0 432000
1723236214507 1.0 436000
1723236221914 1.0 440000
1723236229324 1.0 444000
1723236237223 1.0 448000
1723236244771 1.0 452000
1723236252147 1.0 456000
1723236259966 1.0 460000
1723236267695 1.0 464000
1723236275115 1.0 468000
1723236282677 1.0 472000
1723236290631 1.0 476000
1723236298103 1.0 480000
1723236305540 1.0 484000
1723236313016 1.0 488000
1723236320548 1.0 492000
1723236328052 1.0 496000
1723236335521 1.0 500000
1723236342852 1.0 504000
1723236350195 1.0 508000
1723236357615 1.0 512000
1723236365103 1.0 516000
1723236372288 1.0 520000
1723236380392 1.0 524000
1723236387820 1.0 528000
1723236395157 1.0 532000
1723236402649 1.0 536000
1723236409881 1.0 540000
1723236417377 1.0 544000
1723236424762 1.0 548000
1723236432155 1.0 552000
1723236440450 1.0 556000
1723236448120 1.0 560000
1723236455522 1.0 564000
1723236462891 1.0 568000
1723236470395 1.0 572000
1723236477752 1.0 576000
1723236485180 1.0 580000
1723236492687 1.0 584000
1723236501147 1.0 588000
1723236509203 1.0 592000
1723236516781 1.0 596000
1723236524792 1.0 600000
1723236532698 1.0 604000
1723236540358 1.0 608000
1723236547992 1.0 612000
1723236555539 1.0 616000
1723236563366 1.0 620000
1723236571075 1.0 624000
1723236579064 1.0 628000
1723236587232 1.0 632000
1723236595877 1.0 636000
1723236606210 1.0 640000
1723236614506 1.0 644000
1723236622835 1.0 648000
1723236631044 1.0 652000
1723236639432 1.0 656000
1723236647303 1.0 660000
1723236654947 1.0 664000
1723236662541 1.0 668000
1723236670106 1.0 672000
1723236677663 1.0 676000
1723236685330 1.0 680000
1723236692994 1.0 684000
1723236700918 1.0 688000
1723236708857 1.0 692000
1723236716394 1.0 696000
1723236724208 1.0 700000
1723236731966 1.0 704000
1723236740005 1.0 708000
1723236748376 1.0 712000
1723236756283 1.0 716000
1723236764553 1.0 720000
1723236773316 1.0 724000
1723236781616 1.0 728000
1723236789987 1.0 732000
1723236798052 1.0 736000
1723236806064 1.0 740000
1723236813735 1.0 744000
1723236821773 1.0 748000
1723236829349 1.0 752000
1723236836743 1.0 756000
1723236844312 1.0 760000
1723236851843 1.0 764000
1723236860131 1.0 768000
1723236867633 1.0 772000
1723236875097 1.0 776000
1723236882492 1.0 780000
1723236890080 1.0 784000
1723236897563 1.0 788000
1723236905124 1.0 792000
1723236912725 1.0 796000
1723236920331 1.0 800000
