1723235371602 0.0 4000
1723235378885 0.0 8000
1723235386217 0.0 12000
1723235393460 0.0 16000
1723235401545 0.0 20000
1723235409677 0.0 24000
1723235417407 0.0 28000
1723235425076 0.0 32000
1723235432770 0.0 36000
1723235440370 0.0 40000
1723235447927 0.0 44000
1723235455338 0.0 48000
1723235463637 0.0 52000
1723235472402 0.0 56000
1723235480468 0.0 60000
1723235488326 0.0 64000
1723235496356 0.0 68000
1723235504140 0.0 72000
1723235511812 0.0 76000
1723235519456 0.0 80000
1723235527104 0.0 84000
1723235535208 0.0 88000
1723235543119 0.0 92000
1723235550835 0.0 96000
1723235558524 0.0 100000
1723235566469 0.0 104000
1723235574097 0.0 108000
1723235581722 0.0 112000
1723235589214 0.0 116000
1723235596983 0.0 120000
1723235604771 0.0 124000
1723235612404 0.0 128000
1723235619982 0.0 132000
1723235627450 0.0 136000
1723235635003 0.0 140000
1723235642562 0.0 144000
1723235649954 0.0 148000
1723235658117 0.0 152000
1723235665616 0.0 156000
1723235673074 0.0 160000
1723235680552 0.0 164000
1723235688287 0.0 168000
1723235696229 0.0 172000
1723235704134 0.0 176000
1723235712289 0.0 180000
1723235720655 0.0 184000
1723235728477 0.0 188000
1723235736282 0.0 192000
1723235745063 0.0 196000
1723235753633 0.0 200000
1723235761874 0.0 204000
1723235770769 0.0 208000
1723235779577 0.0 212000
1723235787686 0.0 216000
1723235795506 0.0 220000
1723235803367 0.0 224000
1723235811836 0.0 228000
1723235819834 0.0 232000
1723235828058 0.0 236000
1723235837151 0.0 240000
1723235846398 0.0 244000
1723235854628 0.0 248000
1723235862643 0.0 252000
1723235871566 0.0 256000
1723235879767 0.0 260000
1723235887636 0.0 264000
1723235895409 0.0 268000
1723235903205 0.0 272000
1723235910835 0.0 276000
1723235918350 0.0 280000
1723235925782 0.0 284000
1723235933305 0.0 288000
1723235940762 0.0 292000
1723235948454 0.0 296000
1723235956661 0.0 300000
1723235964292 0.0 304000
1723235971851 0.0 308000
1723235979227 0.0 312000
1723235986610 0.0 316000
1723235994108 0.0 320000
1723236001657 0.0 324000
1723236009489 0.0 328000
1723236017738 0.0 332000
1723236025181 0.0 336000
1723236032638 0.0 340000
1723236039807 0.0 344000
1723236047245 0.0 348000
1723236054596 0.0 352000
1723236061992 0.0 356000
1723236069537 0.0 360000
1723236077468 0.0 364000
1723236084998 0.0 368000
1723236092429 0.0 372000
1723236099612 0.0 376000
1723236107134 0.0 380000
1723236114578 0.0 384000
1723236121971 0.0 388000
1723236129356 0.0 392000
1723236137503 0.0 396000
1723236145275 0.0 400000
1723236153272 0.0 404000
1723236160657 0.0 408000
1723236168428 0.0 412000
1723236175852 0.0 416000
1723236183181 0.0 420000
1723236190676 0.0 424000
1723236199018 0.0 428000
1723236206975 0.0 432000
1723236214479 0.0 436000
1723236221886 0.0 440000
1723236229297 0.0 444000
1723236237196 0.0 448000
1723236244744 0.0 452000
1723236252119 0.0 456000
1723236259939 0.0 460000
1723236267668 0.0 464000
1723236275087 0.0 468000
1723236282645 0.0 472000
1723236290604 0.0 476000
1723236298076 0.0 480000
1723236305512 0.0 484000
1723236312989 0.0 488000
1723236320521 0.0 492000
1723236328023 0.0 496000
1723236335494 0.0 500000
1723236342824 0.0 504000
1723236350167 0.0 508000
1723236357589 0.0 512000
1723236365076 0.0 516000
1723236372257 0.0 520000
1723236380363 0.0 524000
1723236387792 0.0 528000
1723236395129 0.0 532000
1723236402620 0.0 536000
1723236409853 0.0 540000
1723236417350 0.0 544000
1723236424734 0.0 548000
1723236432127 0.0 552000
1723236440422 0.0 556000
1723236448093 0.0 560000
1723236455494 0.0 564000
1723236462860 0.0 568000
1723236470368 0.0 572000
1723236477724 0.0 576000
1723236485151 0.0 580000
1723236492649 0.0 584000
1723236501120 0.0 588000
1723236509172 0.0 592000
1723236516752 0.0 596000
1723236524765 0.0 600000
1723236532671 0.0 604000
1723236540331 0.0 608000
1723236547963 0.0 612000
1723236555513 0.0 616000
1723236563339 0.0 620000
1723236571047 0.0 624000
1723236579036 0.0 628000
1723236587202 0.0 632000
1723236595837 0.0 636000
1723236606177 0.0 640000
1723236614477 0.0 644000
1723236622804 0.0 648000
1723236631009 0.0 652000
1723236639404 0.0 656000
1723236647273 0.0 660000
1723236654918 0.0 664000
1723236662511 0.0 668000
1723236670078 0.0 672000
1723236677635 0.0 676000
1723236685301 0.0 680000
1723236692964 0.0 684000
1723236700890 0.0 688000
1723236708830 0.0 692000
1723236716366 0.0 696000
1723236724180 0.0 700000
1723236731938 0.0 704000
1723236739976 0.0 708000
1723236748348 0.0 712000
1723236756253 0.0 716000
1723236764525 0.0 720000
1723236773286 0.0 724000
1723236781585 0.0 728000
1723236789958 0.0 732000
1723236798018 0.0 736000
1723236806036 0.0 740000
1723236813706 0.0 744000
1723236821744 0.0 748000
1723236829319 0.0 752000
1723236836716 0.0 756000
1723236844285 0.0 760000
1723236851814 0.0 764000
1723236860102 0.0 768000
1723236867606 0.0 772000
1723236875069 0.0 776000
1723236882463 0.0 780000
1723236890051 0.0 784000
1723236897535 0.0 788000
1723236905096 0.0 792000
1723236912696 0.0 796000
1723236920303 0.0 800000
