1723235371604 5e-05 4000
1723235378886 5e-05 8000
1723235386218 5e-05 12000
1723235393461 5e-05 16000
1723235401546 5e-05 20000
1723235409678 5e-05 24000
1723235417407 5e-05 28000
1723235425076 5e-05 32000
1723235432771 5e-05 36000
1723235440371 5e-05 40000
1723235447928 5e-05 44000
1723235455339 5e-05 48000
1723235463638 5e-05 52000
1723235472413 5e-05 56000
1723235480469 5e-05 60000
1723235488327 5e-05 64000
1723235496356 5e-05 68000
1723235504141 5e-05 72000
1723235511812 5e-05 76000
1723235519457 5e-05 80000
1723235527105 5e-05 84000
1723235535209 5e-05 88000
1723235543120 5e-05 92000
1723235550836 5e-05 96000
1723235558524 5e-05 100000
1723235566469 5e-05 104000
1723235574098 5e-05 108000
1723235581723 5e-05 112000
1723235589215 5e-05 116000
1723235596987 5e-05 120000
1723235604771 5e-05 124000
1723235612405 5e-05 128000
1723235619983 5e-05 132000
1723235627451 5e-05 136000
1723235635004 5e-05 140000
1723235642562 5e-05 144000
1723235649955 5e-05 148000
1723235658118 5e-05 152000
1723235665617 5e-05 156000
1723235673075 5e-05 160000
1723235680553 5e-05 164000
1723235688288 5e-05 168000
1723235696230 5e-05 172000
1723235704135 5e-05 176000
1723235712290 5e-05 180000
1723235720656 5e-05 184000
1723235728478 5e-05 188000
1723235736283 5e-05 192000
1723235745064 5e-05 196000
1723235753634 5e-05 200000
1723235761875 5e-05 204000
1723235770770 5e-05 208000
1723235779578 5e-05 212000
1723235787687 5e-05 216000
1723235795507 5e-05 220000
1723235803367 5e-05 224000
1723235811837 5e-05 228000
1723235819835 5e-05 232000
1723235828059 5e-05 236000
1723235837152 5e-05 240000
1723235846399 5e-05 244000
1723235854629 5e-05 248000
1723235862644 5e-05 252000
1723235871567 5e-05 256000
1723235879768 5e-05 260000
1723235887637 5e-05 264000
1723235895410 5e-05 268000
1723235903205 5e-05 272000
1723235910836 5e-05 276000
1723235918351 5e-05 280000
1723235925783 5e-05 284000
1723235933306 5e-05 288000
1723235940763 5e-05 292000
1723235948454 5e-05 296000
1723235956662 5e-05 300000
1723235964293 5e-05 304000
1723235971851 5e-05 308000
1723235979227 5e-05 312000
1723235986611 5e-05 316000
1723235994109 5e-05 320000
1723236001658 5e-05 324000
1723236009490 5e-05 328000
1723236017739 5e-05 332000
1723236025182 5e-05 336000
1723236032639 5e-05 340000
1723236039808 5e-05 344000
1723236047246 5e-05 348000
1723236054597 5e-05 352000
1723236061993 5e-05 356000
1723236069538 5e-05 360000
1723236077469 5e-05 364000
1723236084999 5e-05 368000
1723236092430 5e-05 372000
1723236099613 5e-05 376000
1723236107135 5e-05 380000
1723236114578 5e-05 384000
1723236121972 5e-05 388000
1723236129357 5e-05 392000
1723236137504 5e-05 396000
1723236145276 5e-05 400000
1723236153273 5e-05 404000
1723236160658 5e-05 408000
1723236168429 5e-05 412000
1723236175852 5e-05 416000
1723236183182 5e-05 420000
1723236190677 5e-05 424000
1723236199018 5e-05 428000
1723236206976 5e-05 432000
1723236214480 5e-05 436000
1723236221887 5e-05 440000
1723236229298 5e-05 444000
1723236237197 5e-05 448000
1723236244744 5e-05 452000
1723236252120 5e-05 456000
1723236259940 5e-05 460000
1723236267669 5e-05 464000
1723236275088 5e-05 468000
1723236282646 5e-05 472000
1723236290605 5e-05 476000
1723236298077 5e-05 480000
1723236305513 5e-05 484000
1723236312990 5e-05 488000
1723236320521 5e-05 492000
1723236328024 5e-05 496000
1723236335494 5e-05 500000
1723236342825 5e-05 504000
1723236350168 5e-05 508000
1723236357589 5e-05 512000
1723236365077 5e-05 516000
1723236372258 5e-05 520000
1723236380364 5e-05 524000
1723236387793 5e-05 528000
1723236395130 5e-05 532000
1723236402620 5e-05 536000
1723236409854 5e-05 540000
1723236417350 5e-05 544000
1723236424735 5e-05 548000
1723236432128 5e-05 552000
1723236440423 5e-05 556000
1723236448093 5e-05 560000
1723236455495 5e-05 564000
1723236462861 5e-05 568000
1723236470369 5e-05 572000
1723236477725 5e-05 576000
1723236485152 5e-05 580000
1723236492650 5e-05 584000
1723236501121 5e-05 588000
1723236509173 5e-05 592000
1723236516753 5e-05 596000
1723236524765 5e-05 600000
1723236532671 5e-05 604000
1723236540332 5e-05 608000
1723236547964 5e-05 612000
1723236555513 5e-05 616000
1723236563340 5e-05 620000
1723236571048 5e-05 624000
1723236579036 5e-05 628000
1723236587203 5e-05 632000
1723236595838 5e-05 636000
1723236606178 5e-05 640000
1723236614478 5e-05 644000
1723236622805 5e-05 648000
1723236631010 5e-05 652000
1723236639405 5e-05 656000
1723236647274 5e-05 660000
1723236654919 5e-05 664000
1723236662512 5e-05 668000
1723236670079 5e-05 672000
1723236677636 5e-05 676000
1723236685302 5e-05 680000
1723236692965 5e-05 684000
1723236700890 5e-05 688000
1723236708831 5e-05 692000
1723236716367 5e-05 696000
1723236724181 5e-05 700000
1723236731939 5e-05 704000
1723236739977 5e-05 708000
1723236748349 5e-05 712000
1723236756254 5e-05 716000
1723236764526 5e-05 720000
1723236773288 5e-05 724000
1723236781586 5e-05 728000
1723236789959 5e-05 732000
1723236798019 5e-05 736000
1723236806037 5e-05 740000
1723236813707 5e-05 744000
1723236821745 5e-05 748000
1723236829320 5e-05 752000
1723236836717 5e-05 756000
1723236844286 5e-05 760000
1723236851815 5e-05 764000
1723236860103 5e-05 768000
1723236867607 5e-05 772000
1723236875069 5e-05 776000
1723236882464 5e-05 780000
1723236890052 5e-05 784000
1723236897536 5e-05 788000
1723236905097 5e-05 792000
1723236912697 5e-05 796000
1723236920303 5e-05 800000
