1723235371605 2.0 4000
1723235378887 2.0 8000
1723235386219 2.0 12000
1723235393462 2.0 16000
1723235401548 2.0 20000
1723235409679 2.0 24000
1723235417409 2.0 28000
1723235425078 2.0 32000
1723235432772 2.0 36000
1723235440373 2.0 40000
1723235447929 2.0 44000
1723235455340 2.0 48000
1723235463639 2.0 52000
1723235472433 2.0 56000
1723235480470 2.0 60000
1723235488328 2.0 64000
1723235496357 2.0 68000
1723235504142 2.0 72000
1723235511814 2.0 76000
1723235519458 2.0 80000
1723235527106 2.0 84000
1723235535210 2.0 88000
1723235543122 2.0 92000
1723235550837 2.0 96000
1723235558526 2.0 100000
1723235566471 2.0 104000
1723235574099 2.0 108000
1723235581724 2.0 112000
1723235589216 2.0 116000
1723235596989 2.0 120000
1723235604773 2.0 124000
1723235612406 2.0 128000
1723235619985 2.0 132000
1723235627453 2.0 136000
1723235635006 2.0 140000
1723235642563 2.0 144000
1723235649956 2.0 148000
1723235658119 2.0 152000
1723235665619 2.0 156000
1723235673076 2.0 160000
1723235680554 2.0 164000
1723235688289 2.0 168000
1723235696231 2.0 172000
1723235704136 2.0 176000
1723235712291 2.0 180000
1723235720657 2.0 184000
1723235728479 2.0 188000
1723235736284 2.0 192000
1723235745065 2.0 196000
1723235753635 2.0 200000
1723235761877 2.0 204000
1723235770771 2.0 208000
1723235779579 2.0 212000
1723235787688 2.0 216000
1723235795508 2.0 220000
1723235803369 2.0 224000
1723235811838 2.0 228000
1723235819836 2.0 232000
1723235828060 2.0 236000
1723235837153 2.0 240000
1723235846400 2.0 244000
1723235854631 2.0 248000
1723235862645 2.0 252000
1723235871568 2.0 256000
1723235879769 2.0 260000
1723235887638 2.0 264000
1723235895411 2.0 268000
1723235903207 2.0 272000
1723235910837 2.0 276000
1723235918352 2.0 280000
1723235925784 2.0 284000
1723235933307 2.0 288000
1723235940764 2.0 292000
1723235948456 2.0 296000
1723235956663 2.0 300000
1723235964294 2.0 304000
1723235971853 2.0 308000
1723235979229 2.0 312000
1723235986612 2.0 316000
1723235994110 2.0 320000
1723236001659 2.0 324000
1723236009491 2.0 328000
1723236017740 2.0 332000
1723236025183 2.0 336000
1723236032640 2.0 340000
1723236039809 2.0 344000
1723236047248 2.0 348000
1723236054598 2.0 352000
1723236061994 2.0 356000
1723236069539 2.0 360000
1723236077470 2.0 364000
1723236085000 2.0 368000
1723236092431 2.0 372000
1723236099614 2.0 376000
1723236107136 2.0 380000
1723236114580 2.0 384000
1723236121973 2.0 388000
1723236129358 2.0 392000
1723236137505 2.0 396000
1723236145277 2.0 400000
1723236153275 2.0 404000
1723236160659 2.0 408000
1723236168430 2.0 412000
1723236175854 2.0 416000
1723236183183 2.0 420000
1723236190678 2.0 424000
1723236199020 2.0 428000
1723236206977 2.0 432000
1723236214481 2.0 436000
1723236221888 2.0 440000
1723236229299 2.0 444000
1723236237198 2.0 448000
1723236244746 2.0 452000
1723236252121 2.0 456000
1723236259941 2.0 460000
1723236267670 2.0 464000
1723236275089 2.0 468000
1723236282647 2.0 472000
1723236290606 2.0 476000
1723236298078 2.0 480000
1723236305515 2.0 484000
1723236312991 2.0 488000
1723236320523 2.0 492000
1723236328025 2.0 496000
1723236335496 2.0 500000
1723236342826 2.0 504000
1723236350169 2.0 508000
1723236357591 2.0 512000
1723236365078 2.0 516000
1723236372259 2.0 520000
1723236380365 2.0 524000
1723236387794 2.0 528000
1723236395131 2.0 532000
1723236402622 2.0 536000
1723236409855 2.0 540000
1723236417352 2.0 544000
1723236424736 2.0 548000
1723236432130 2.0 552000
1723236440424 2.0 556000
1723236448095 2.0 560000
1723236455496 2.0 564000
1723236462862 2.0 568000
1723236470370 2.0 572000
1723236477727 2.0 576000
1723236485153 2.0 580000
1723236492652 2.0 584000
1723236501122 2.0 588000
1723236509174 2.0 592000
1723236516754 2.0 596000
1723236524767 2.0 600000
1723236532673 2.0 604000
1723236540333 2.0 608000
1723236547965 2.0 612000
1723236555515 2.0 616000
1723236563341 2.0 620000
1723236571049 2.0 624000
1723236579038 2.0 628000
1723236587204 2.0 632000
1723236595840 2.0 636000
1723236606180 2.0 640000
1723236614479 2.0 644000
1723236622807 2.0 648000
1723236631011 2.0 652000
1723236639406 2.0 656000
1723236647275 2.0 660000
1723236654920 2.0 664000
1723236662513 2.0 668000
1723236670080 2.0 672000
1723236677637 2.0 676000
1723236685303 2.0 680000
1723236692966 2.0 684000
1723236700891 2.0 688000
1723236708832 2.0 692000
1723236716368 2.0 696000
1723236724182 2.0 700000
1723236731940 2.0 704000
1723236739978 2.0 708000
1723236748350 2.0 712000
1723236756255 2.0 716000
1723236764527 2.0 720000
1723236773289 2.0 724000
1723236781587 2.0 728000
1723236789960 2.0 732000
1723236798021 2.0 736000
1723236806038 2.0 740000
1723236813709 2.0 744000
1723236821746 2.0 748000
1723236829321 2.0 752000
1723236836718 2.0 756000
1723236844287 2.0 760000
1723236851816 2.0 764000
1723236860104 2.0 768000
1723236867608 2.0 772000
1723236875071 2.0 776000
1723236882465 2.0 780000
1723236890053 2.0 784000
1723236897537 2.0 788000
1723236905098 2.0 792000
1723236912698 2.0 796000
1723236920305 2.0 800000
