1723235371595 1.0 4000
1723235378880 1.0 8000
1723235386211 1.0 12000
1723235393455 1.0 16000
1723235401536 1.0 20000
1723235409671 1.0 24000
1723235417401 1.0 28000
1723235425071 1.0 32000
1723235432765 1.0 36000
1723235440365 1.0 40000
1723235447922 1.0 44000
1723235455333 1.0 48000
1723235463631 1.0 52000
1723235472397 1.0 56000
1723235480463 1.0 60000
1723235488321 1.0 64000
1723235496351 1.0 68000
1723235504135 1.0 72000
1723235511807 1.0 76000
1723235519450 1.0 80000
1723235527099 1.0 84000
1723235535203 1.0 88000
1723235543114 1.0 92000
1723235550830 1.0 96000
1723235558519 1.0 100000
1723235566463 1.0 104000
1723235574091 1.0 108000
1723235581717 1.0 112000
1723235589209 1.0 116000
1723235596975 1.0 120000
1723235604766 1.0 124000
1723235612400 1.0 128000
1723235619978 1.0 132000
1723235627445 1.0 136000
1723235634998 1.0 140000
1723235642556 1.0 144000
1723235649949 1.0 148000
1723235658112 1.0 152000
1723235665609 1.0 156000
1723235673069 1.0 160000
1723235680548 1.0 164000
1723235688282 1.0 168000
1723235696224 1.0 172000
1723235704129 1.0 176000
1723235712284 1.0 180000
1723235720650 1.0 184000
1723235728472 1.0 188000
1723235736277 1.0 192000
1723235745058 1.0 196000
1723235753628 1.0 200000
1723235761869 1.0 204000
1723235770764 1.0 208000
1723235779572 1.0 212000
1723235787681 1.0 216000
1723235795501 1.0 220000
1723235803362 1.0 224000
1723235811831 1.0 228000
1723235819829 1.0 232000
1723235828053 1.0 236000
1723235837146 1.0 240000
1723235846393 1.0 244000
1723235854623 1.0 248000
1723235862638 1.0 252000
1723235871561 1.0 256000
1723235879762 1.0 260000
1723235887631 1.0 264000
1723235895403 1.0 268000
1723235903200 1.0 272000
1723235910830 1.0 276000
1723235918345 1.0 280000
1723235925777 1.0 284000
1723235933300 1.0 288000
1723235940757 1.0 292000
1723235948449 1.0 296000
1723235956656 1.0 300000
1723235964287 1.0 304000
1723235971846 1.0 308000
1723235979222 1.0 312000
1723235986605 1.0 316000
1723235994103 1.0 320000
1723236001652 1.0 324000
1723236009484 1.0 328000
1723236017733 1.0 332000
1723236025176 1.0 336000
1723236032634 1.0 340000
1723236039802 1.0 344000
1723236047240 1.0 348000
1723236054591 1.0 352000
1723236061987 1.0 356000
1723236069532 1.0 360000
1723236077463 1.0 364000
1723236084992 1.0 368000
1723236092424 1.0 372000
1723236099607 1.0 376000
1723236107129 1.0 380000
1723236114572 1.0 384000
1723236121966 1.0 388000
1723236129351 1.0 392000
1723236137498 1.0 396000
1723236145270 1.0 400000
1723236153267 1.0 404000
1723236160652 1.0 408000
1723236168423 1.0 412000
1723236175847 1.0 416000
1723236183176 1.0 420000
1723236190669 1.0 424000
1723236199013 1.0 428000
1723236206970 1.0 432000
1723236214474 1.0 436000
1723236221881 1.0 440000
1723236229292 1.0 444000
1723236237191 1.0 448000
1723236244738 1.0 452000
1723236252115 1.0 456000
1723236259934 1.0 460000
1723236267664 1.0 464000
1723236275082 1.0 468000
1723236282640 1.0 472000
1723236290599 1.0 476000
1723236298071 1.0 480000
1723236305508 1.0 484000
1723236312984 1.0 488000
1723236320516 1.0 492000
1723236328018 1.0 496000
1723236335489 1.0 500000
1723236342820 1.0 504000
1723236350162 1.0 508000
1723236357584 1.0 512000
1723236365071 1.0 516000
1723236372252 1.0 520000
1723236380358 1.0 524000
1723236387787 1.0 528000
1723236395124 1.0 532000
1723236402614 1.0 536000
1723236409848 1.0 540000
1723236417344 1.0 544000
1723236424729 1.0 548000
1723236432122 1.0 552000
1723236440417 1.0 556000
1723236448087 1.0 560000
1723236455489 1.0 564000
1723236462855 1.0 568000
1723236470363 1.0 572000
1723236477719 1.0 576000
1723236485146 1.0 580000
1723236492644 1.0 584000
1723236501115 1.0 588000
1723236509167 1.0 592000
1723236516747 1.0 596000
1723236524759 1.0 600000
1723236532665 1.0 604000
1723236540326 1.0 608000
1723236547958 1.0 612000
1723236555508 1.0 616000
1723236563334 1.0 620000
1723236571042 1.0 624000
1723236579031 1.0 628000
1723236587197 1.0 632000
1723236595831 1.0 636000
1723236606171 1.0 640000
1723236614471 1.0 644000
1723236622799 1.0 648000
1723236631003 1.0 652000
1723236639399 1.0 656000
1723236647266 1.0 660000
1723236654913 1.0 664000
1723236662503 1.0 668000
1723236670073 1.0 672000
1723236677630 1.0 676000
1723236685296 1.0 680000
1723236692959 1.0 684000
1723236700885 1.0 688000
1723236708825 1.0 692000
1723236716361 1.0 696000
1723236724175 1.0 700000
1723236731933 1.0 704000
1723236739971 1.0 708000
1723236748343 1.0 712000
1723236756247 1.0 716000
1723236764520 1.0 720000
1723236773281 1.0 724000
1723236781580 1.0 728000
1723236789953 1.0 732000
1723236798009 1.0 736000
1723236806030 1.0 740000
1723236813701 1.0 744000
1723236821739 1.0 748000
1723236829313 1.0 752000
1723236836711 1.0 756000
1723236844280 1.0 760000
1723236851808 1.0 764000
1723236860097 1.0 768000
1723236867601 1.0 772000
1723236875064 1.0 776000
1723236882458 1.0 780000
1723236890046 1.0 784000
1723236897530 1.0 788000
1723236905091 1.0 792000
1723236912691 1.0 796000
1723236920297 1.0 800000
