1723235371639 0.0 4000
1723235378917 0.0 8000
1723235386247 0.0 12000
1723235393491 0.0 16000
1723235401576 0.0 20000
1723235409707 0.0 24000
1723235417436 0.0 28000
1723235425104 0.0 32000
1723235432801 0.0 36000
1723235440400 0.0 40000
1723235447958 0.0 44000
1723235455368 0.0 48000
1723235463668 0.0 52000
1723235472470 0.0 56000
1723235480499 0.0 60000
1723235488356 0.0 64000
1723235496385 0.0 68000
1723235504171 0.0 72000
1723235511842 0.0 76000
1723235519487 0.0 80000
1723235527136 0.0 84000
1723235535238 0.0 88000
1723235543150 0.0 92000
1723235550865 0.0 96000
1723235558553 0.0 100000
1723235566499 0.0 104000
1723235574128 0.0 108000
1723235581752 0.0 112000
1723235589243 0.0 116000
1723235597018 0.0 120000
1723235604801 0.0 124000
1723235612433 0.0 128000
1723235620012 0.0 132000
1723235627482 0.0 136000
1723235635034 0.0 140000
1723235642592 0.0 144000
1723235649985 0.0 148000
1723235658148 0.0 152000
1723235665647 0.0 156000
1723235673103 0.0 160000
1723235680582 0.0 164000
1723235688318 0.0 168000
1723235696258 0.0 172000
1723235704166 0.0 176000
1723235712318 0.0 180000
1723235720685 0.0 184000
1723235728507 0.0 188000
1723235736313 0.0 192000
1723235745094 0.0 196000
1723235753663 0.0 200000
1723235761906 0.0 204000
1723235770800 0.0 208000
1723235779608 0.0 212000
1723235787715 0.0 216000
1723235795535 0.0 220000
1723235803397 0.0 224000
1723235811867 0.0 228000
1723235819863 0.0 232000
1723235828089 0.0 236000
1723235837180 0.0 240000
1723235846430 0.0 244000
1723235854659 0.0 248000
1723235862675 0.0 252000
1723235871597 0.0 256000
1723235879797 0.0 260000
1723235887666 0.0 264000
1723235895439 0.0 268000
1723235903235 0.0 272000
1723235910865 0.0 276000
1723235918381 0.0 280000
1723235925812 0.0 284000
1723235933337 0.0 288000
1723235940791 0.0 292000
1723235948483 0.0 296000
1723235956691 0.0 300000
1723235964322 0.0 304000
1723235971881 0.0 308000
1723235979256 0.0 312000
1723235986639 0.0 316000
1723235994140 0.0 320000
1723236001687 0.0 324000
1723236009518 0.0 328000
1723236017769 0.0 332000
1723236025212 0.0 336000
1723236032668 0.0 340000
1723236039837 0.0 344000
1723236047276 0.0 348000
1723236054625 0.0 352000
1723236062023 0.0 356000
1723236069566 0.0 360000
1723236077498 0.0 364000
1723236085029 0.0 368000
1723236092461 0.0 372000
1723236099642 0.0 376000
1723236107164 0.0 380000
1723236114607 0.0 384000
1723236122000 0.0 388000
1723236129386 0.0 392000
1723236137534 0.0 396000
1723236145304 0.0 400000
1723236153302 0.0 404000
1723236160686 0.0 408000
1723236168458 0.0 412000
1723236175882 0.0 416000
1723236183210 0.0 420000
1723236190708 0.0 424000
1723236199047 0.0 428000
1723236207004 0.0 432000
1723236214510 0.0 436000
1723236221917 0.0 440000
1723236229327 0.0 444000
1723236237225 0.0 448000
1723236244773 0.0 452000
1723236252150 0.0 456000
1723236259968 0.0 460000
1723236267697 0.0 464000
1723236275117 0.0 468000
1723236282679 0.0 472000
1723236290633 0.0 476000
1723236298105 0.0 480000
1723236305542 0.0 484000
1723236313019 0.0 488000
1723236320550 0.0 492000
1723236328054 0.0 496000
1723236335523 0.0 500000
1723236342854 0.0 504000
1723236350197 0.0 508000
1723236357618 0.0 512000
1723236365105 0.0 516000
1723236372290 0.0 520000
1723236380395 0.0 524000
1723236387823 0.0 528000
1723236395159 0.0 532000
1723236402651 0.0 536000
1723236409884 0.0 540000
1723236417379 0.0 544000
1723236424765 0.0 548000
1723236432158 0.0 552000
1723236440452 0.0 556000
1723236448122 0.0 560000
1723236455524 0.0 564000
1723236462894 0.0 568000
1723236470397 0.0 572000
1723236477754 0.0 576000
1723236485182 0.0 580000
1723236492689 0.0 584000
1723236501150 0.0 588000
1723236509205 0.0 592000
1723236516784 0.0 596000
1723236524794 0.0 600000
1723236532700 0.0 604000
1723236540360 0.0 608000
1723236547994 0.0 612000
1723236555541 0.0 616000
1723236563368 0.0 620000
1723236571077 0.0 624000
1723236579066 0.0 628000
1723236587234 0.0 632000
1723236595879 0.0 636000
1723236606212 0.0 640000
1723236614508 0.0 644000
1723236622837 0.0 648000
1723236631046 0.0 652000
1723236639434 0.0 656000
1723236647306 0.0 660000
1723236654949 0.0 664000
1723236662543 0.0 668000
1723236670108 0.0 672000
1723236677666 0.0 676000
1723236685332 0.0 680000
1723236692996 0.0 684000
1723236700920 0.0 688000
1723236708859 0.0 692000
1723236716397 0.0 696000
1723236724210 0.0 700000
1723236731968 0.0 704000
1723236740008 0.0 708000
1723236748378 0.0 712000
1723236756285 0.0 716000
1723236764555 0.0 720000
1723236773318 0.0 724000
1723236781618 0.0 728000
1723236789989 0.0 732000
1723236798054 0.0 736000
1723236806066 0.0 740000
1723236813738 0.0 744000
1723236821775 0.0 748000
1723236829351 0.0 752000
1723236836745 0.0 756000
1723236844314 0.0 760000
1723236851845 0.0 764000
1723236860133 0.0 768000
1723236867636 0.0 772000
1723236875099 0.0 776000
1723236882494 0.0 780000
1723236890082 0.0 784000
1723236897565 0.0 788000
1723236905127 0.0 792000
1723236912727 0.0 796000
1723236920333 0.0 800000
