1723235371633 30.0 4000
1723235378911 30.0 8000
1723235386242 30.0 12000
1723235393486 30.0 16000
1723235401572 30.0 20000
1723235409702 30.0 24000
1723235417431 30.0 28000
1723235425100 30.0 32000
1723235432795 30.0 36000
1723235440395 30.0 40000
1723235447953 30.0 44000
1723235455363 30.0 48000
1723235463663 30.0 52000
1723235472465 30.0 56000
1723235480493 30.0 60000
1723235488351 30.0 64000
1723235496379 30.0 68000
1723235504166 30.0 72000
1723235511837 30.0 76000
1723235519482 30.0 80000
1723235527130 30.0 84000
1723235535233 30.0 88000
1723235543145 30.0 92000
1723235550860 30.0 96000
1723235558548 30.0 100000
1723235566493 30.0 104000
1723235574122 30.0 108000
1723235581747 30.0 112000
1723235589238 30.0 116000
1723235597013 30.0 120000
1723235604796 30.0 124000
1723235612429 30.0 128000
1723235620007 30.0 132000
1723235627476 30.0 136000
1723235635028 30.0 140000
1723235642587 30.0 144000
1723235649980 30.0 148000
1723235658142 30.0 152000
1723235665642 30.0 156000
1723235673098 30.0 160000
1723235680577 30.0 164000
1723235688313 30.0 168000
1723235696253 30.0 172000
1723235704160 30.0 176000
1723235712313 30.0 180000
1723235720679 30.0 184000
1723235728502 30.0 188000
1723235736308 30.0 192000
1723235745089 30.0 196000
1723235753658 30.0 200000
1723235761900 30.0 204000
1723235770794 30.0 208000
1723235779602 30.0 212000
1723235787711 30.0 216000
1723235795530 30.0 220000
1723235803392 30.0 224000
1723235811863 30.0 228000
1723235819858 30.0 232000
1723235828084 30.0 236000
1723235837176 30.0 240000
1723235846424 30.0 244000
1723235854654 30.0 248000
1723235862669 30.0 252000
1723235871592 30.0 256000
1723235879792 30.0 260000
1723235887661 30.0 264000
1723235895434 30.0 268000
1723235903230 30.0 272000
1723235910859 30.0 276000
1723235918375 30.0 280000
1723235925807 30.0 284000
1723235933331 30.0 288000
1723235940786 30.0 292000
1723235948478 30.0 296000
1723235956686 30.0 300000
1723235964317 30.0 304000
1723235971876 30.0 308000
1723235979251 30.0 312000
1723235986635 30.0 316000
1723235994134 30.0 320000
1723236001682 30.0 324000
1723236009513 30.0 328000
1723236017764 30.0 332000
1723236025207 30.0 336000
1723236032663 30.0 340000
1723236039832 30.0 344000
1723236047271 30.0 348000
1723236054620 30.0 352000
1723236062018 30.0 356000
1723236069561 30.0 360000
1723236077493 30.0 364000
1723236085023 30.0 368000
1723236092455 30.0 372000
1723236099637 30.0 376000
1723236107159 30.0 380000
1723236114602 30.0 384000
1723236121995 30.0 388000
1723236129381 30.0 392000
1723236137529 30.0 396000
1723236145299 30.0 400000
1723236153297 30.0 404000
1723236160681 30.0 408000
1723236168453 30.0 412000
1723236175877 30.0 416000
1723236183205 30.0 420000
1723236190703 30.0 424000
1723236199042 30.0 428000
1723236206999 30.0 432000
1723236214505 30.0 436000
1723236221912 30.0 440000
1723236229321 30.0 444000
1723236237220 30.0 448000
1723236244768 30.0 452000
1723236252144 30.0 456000
1723236259963 30.0 460000
1723236267693 30.0 464000
1723236275112 30.0 468000
1723236282674 30.0 472000
1723236290628 30.0 476000
1723236298101 30.0 480000
1723236305537 30.0 484000
1723236313014 30.0 488000
1723236320546 30.0 492000
1723236328048 30.0 496000
1723236335519 30.0 500000
1723236342849 30.0 504000
1723236350192 30.0 508000
1723236357613 30.0 512000
1723236365100 30.0 516000
1723236372284 30.0 520000
1723236380388 30.0 524000
1723236387817 30.0 528000
1723236395154 30.0 532000
1723236402646 30.0 536000
1723236409878 30.0 540000
1723236417374 30.0 544000
1723236424759 30.0 548000
1723236432153 30.0 552000
1723236440447 30.0 556000
1723236448117 30.0 560000
1723236455519 30.0 564000
1723236462888 30.0 568000
1723236470392 30.0 572000
1723236477749 30.0 576000
1723236485177 30.0 580000
1723236492684 30.0 584000
1723236501144 30.0 588000
1723236509200 30.0 592000
1723236516778 30.0 596000
1723236524789 30.0 600000
1723236532695 30.0 604000
1723236540356 30.0 608000
1723236547989 30.0 612000
1723236555537 30.0 616000
1723236563363 30.0 620000
1723236571072 30.0 624000
1723236579061 30.0 628000
1723236587229 30.0 632000
1723236595874 30.0 636000
1723236606206 30.0 640000
1723236614503 30.0 644000
1723236622832 30.0 648000
1723236631041 30.0 652000
1723236639429 30.0 656000
1723236647300 30.0 660000
1723236654944 30.0 664000
1723236662538 30.0 668000
1723236670103 30.0 672000
1723236677661 30.0 676000
1723236685327 30.0 680000
1723236692990 30.0 684000
1723236700915 30.0 688000
1723236708855 30.0 692000
1723236716391 30.0 696000
1723236724205 30.0 700000
1723236731963 30.0 704000
1723236740002 30.0 708000
1723236748373 30.0 712000
1723236756280 30.0 716000
1723236764550 30.0 720000
1723236773313 30.0 724000
1723236781613 30.0 728000
1723236789984 30.0 732000
1723236798049 30.0 736000
1723236806061 30.0 740000
1723236813732 30.0 744000
1723236821770 30.0 748000
1723236829345 30.0 752000
1723236836741 30.0 756000
1723236844310 30.0 760000
1723236851840 30.0 764000
1723236860128 30.0 768000
1723236867630 30.0 772000
1723236875094 30.0 776000
1723236882489 30.0 780000
1723236890077 30.0 784000
1723236897560 30.0 788000
1723236905121 30.0 792000
1723236912722 30.0 796000
1723236920328 30.0 800000
