1723235371638 1.0 4000
1723235378917 1.0 8000
1723235386247 1.0 12000
1723235393491 1.0 16000
1723235401576 1.0 20000
1723235409707 1.0 24000
1723235417435 1.0 28000
1723235425104 1.0 32000
1723235432800 1.0 36000
1723235440400 1.0 40000
1723235447957 1.0 44000
1723235455368 1.0 48000
1723235463668 1.0 52000
1723235472470 1.0 56000
1723235480498 1.0 60000
1723235488356 1.0 64000
1723235496385 1.0 68000
1723235504171 1.0 72000
1723235511842 1.0 76000
1723235519487 1.0 80000
1723235527135 1.0 84000
1723235535237 1.0 88000
1723235543150 1.0 92000
1723235550865 1.0 96000
1723235558552 1.0 100000
1723235566498 1.0 104000
1723235574127 1.0 108000
1723235581752 1.0 112000
1723235589243 1.0 116000
1723235597017 1.0 120000
1723235604801 1.0 124000
1723235612433 1.0 128000
1723235620012 1.0 132000
1723235627481 1.0 136000
1723235635033 1.0 140000
1723235642592 1.0 144000
1723235649985 1.0 148000
1723235658148 1.0 152000
1723235665646 1.0 156000
1723235673103 1.0 160000
1723235680581 1.0 164000
1723235688318 1.0 168000
1723235696258 1.0 172000
1723235704165 1.0 176000
1723235712318 1.0 180000
1723235720684 1.0 184000
1723235728507 1.0 188000
1723235736313 1.0 192000
1723235745094 1.0 196000
1723235753662 1.0 200000
1723235761905 1.0 204000
1723235770799 1.0 208000
1723235779608 1.0 212000
1723235787715 1.0 216000
1723235795535 1.0 220000
1723235803397 1.0 224000
1723235811867 1.0 228000
1723235819863 1.0 232000
1723235828088 1.0 236000
1723235837180 1.0 240000
1723235846429 1.0 244000
1723235854659 1.0 248000
1723235862675 1.0 252000
1723235871596 1.0 256000
1723235879796 1.0 260000
1723235887665 1.0 264000
1723235895438 1.0 268000
1723235903234 1.0 272000
1723235910864 1.0 276000
1723235918380 1.0 280000
1723235925811 1.0 284000
1723235933336 1.0 288000
1723235940791 1.0 292000
1723235948482 1.0 296000
1723235956690 1.0 300000
1723235964322 1.0 304000
1723235971881 1.0 308000
1723235979256 1.0 312000
1723235986639 1.0 316000
1723235994139 1.0 320000
1723236001686 1.0 324000
1723236009518 1.0 328000
1723236017769 1.0 332000
1723236025211 1.0 336000
1723236032668 1.0 340000
1723236039837 1.0 344000
1723236047275 1.0 348000
1723236054624 1.0 352000
1723236062023 1.0 356000
1723236069566 1.0 360000
1723236077498 1.0 364000
1723236085028 1.0 368000
1723236092460 1.0 372000
1723236099641 1.0 376000
1723236107163 1.0 380000
1723236114606 1.0 384000
1723236121999 1.0 388000
1723236129385 1.0 392000
1723236137533 1.0 396000
1723236145304 1.0 400000
1723236153302 1.0 404000
1723236160686 1.0 408000
1723236168457 1.0 412000
1723236175882 1.0 416000
1723236183210 1.0 420000
1723236190707 1.0 424000
1723236199047 1.0 428000
1723236207003 1.0 432000
1723236214509 1.0 436000
1723236221916 1.0 440000
1723236229326 1.0 444000
1723236237224 1.0 448000
1723236244773 1.0 452000
1723236252149 1.0 456000
1723236259968 1.0 460000
1723236267697 1.0 464000
1723236275116 1.0 468000
1723236282678 1.0 472000
1723236290633 1.0 476000
1723236298105 1.0 480000
1723236305542 1.0 484000
1723236313018 1.0 488000
1723236320550 1.0 492000
1723236328053 1.0 496000
1723236335523 1.0 500000
1723236342854 1.0 504000
1723236350196 1.0 508000
1723236357617 1.0 512000
1723236365105 1.0 516000
1723236372290 1.0 520000
1723236380394 1.0 524000
1723236387822 1.0 528000
1723236395158 1.0 532000
1723236402650 1.0 536000
1723236409883 1.0 540000
1723236417378 1.0 544000
1723236424764 1.0 548000
1723236432157 1.0 552000
1723236440452 1.0 556000
1723236448122 1.0 560000
1723236455524 1.0 564000
1723236462893 1.0 568000
1723236470397 1.0 572000
1723236477753 1.0 576000
1723236485182 1.0 580000
1723236492689 1.0 584000
1723236501149 1.0 588000
1723236509205 1.0 592000
1723236516784 1.0 596000
1723236524794 1.0 600000
1723236532700 1.0 604000
1723236540360 1.0 608000
1723236547994 1.0 612000
1723236555541 1.0 616000
1723236563368 1.0 620000
1723236571076 1.0 624000
1723236579066 1.0 628000
1723236587233 1.0 632000
1723236595878 1.0 636000
1723236606211 1.0 640000
1723236614508 1.0 644000
1723236622837 1.0 648000
1723236631045 1.0 652000
1723236639434 1.0 656000
1723236647305 1.0 660000
1723236654949 1.0 664000
1723236662543 1.0 668000
1723236670108 1.0 672000
1723236677665 1.0 676000
1723236685331 1.0 680000
1723236692996 1.0 684000
1723236700920 1.0 688000
1723236708859 1.0 692000
1723236716396 1.0 696000
1723236724210 1.0 700000
1723236731968 1.0 704000
1723236740007 1.0 708000
1723236748378 1.0 712000
1723236756284 1.0 716000
1723236764554 1.0 720000
1723236773317 1.0 724000
1723236781618 1.0 728000
1723236789989 1.0 732000
1723236798054 1.0 736000
1723236806066 1.0 740000
1723236813737 1.0 744000
1723236821775 1.0 748000
1723236829350 1.0 752000
1723236836745 1.0 756000
1723236844314 1.0 760000
1723236851844 1.0 764000
1723236860133 1.0 768000
1723236867636 1.0 772000
1723236875099 1.0 776000
1723236882494 1.0 780000
1723236890082 1.0 784000
1723236897565 1.0 788000
1723236905126 1.0 792000
1723236912727 1.0 796000
1723236920332 1.0 800000
