1723235371622 100.0 4000
1723235378902 100.0 8000
1723235386233 100.0 12000
1723235393476 100.0 16000
1723235401562 100.0 20000
1723235409693 100.0 24000
1723235417422 100.0 28000
1723235425091 100.0 32000
1723235432786 100.0 36000
1723235440386 100.0 40000
1723235447943 100.0 44000
1723235455354 100.0 48000
1723235463652 100.0 52000
1723235472453 100.0 56000
1723235480484 100.0 60000
1723235488342 100.0 64000
1723235496370 100.0 68000
1723235504157 100.0 72000
1723235511828 100.0 76000
1723235519473 100.0 80000
1723235527120 100.0 84000
1723235535224 100.0 88000
1723235543135 100.0 92000
1723235550850 100.0 96000
1723235558539 100.0 100000
1723235566484 100.0 104000
1723235574113 100.0 108000
1723235581738 100.0 112000
1723235589229 100.0 116000
1723235597004 100.0 120000
1723235604787 100.0 124000
1723235612420 100.0 128000
1723235619998 100.0 132000
1723235627466 100.0 136000
1723235635019 100.0 140000
1723235642578 100.0 144000
1723235649971 100.0 148000
1723235658133 100.0 152000
1723235665633 100.0 156000
1723235673089 100.0 160000
1723235680568 100.0 164000
1723235688303 100.0 168000
1723235696244 100.0 172000
1723235704151 100.0 176000
1723235712304 100.0 180000
1723235720670 100.0 184000
1723235728493 100.0 188000
1723235736298 100.0 192000
1723235745080 100.0 196000
1723235753649 100.0 200000
1723235761891 100.0 204000
1723235770786 100.0 208000
1723235779593 100.0 212000
1723235787701 100.0 216000
1723235795521 100.0 220000
1723235803382 100.0 224000
1723235811853 100.0 228000
1723235819849 100.0 232000
1723235828074 100.0 236000
1723235837166 100.0 240000
1723235846414 100.0 244000
1723235854645 100.0 248000
1723235862659 100.0 252000
1723235871582 100.0 256000
1723235879783 100.0 260000
1723235887651 100.0 264000
1723235895425 100.0 268000
1723235903220 100.0 272000
1723235910850 100.0 276000
1723235918366 100.0 280000
1723235925798 100.0 284000
1723235933322 100.0 288000
1723235940777 100.0 292000
1723235948469 100.0 296000
1723235956677 100.0 300000
1723235964308 100.0 304000
1723235971866 100.0 308000
1723235979242 100.0 312000
1723235986626 100.0 316000
1723235994125 100.0 320000
1723236001672 100.0 324000
1723236009504 100.0 328000
1723236017754 100.0 332000
1723236025197 100.0 336000
1723236032654 100.0 340000
1723236039823 100.0 344000
1723236047261 100.0 348000
1723236054611 100.0 352000
1723236062009 100.0 356000
1723236069552 100.0 360000
1723236077484 100.0 364000
1723236085014 100.0 368000
1723236092446 100.0 372000
1723236099628 100.0 376000
1723236107149 100.0 380000
1723236114593 100.0 384000
1723236121986 100.0 388000
1723236129372 100.0 392000
1723236137519 100.0 396000
1723236145291 100.0 400000
1723236153289 100.0 404000
1723236160672 100.0 408000
1723236168444 100.0 412000
1723236175867 100.0 416000
1723236183196 100.0 420000
1723236190693 100.0 424000
1723236199033 100.0 428000
1723236206990 100.0 432000
1723236214495 100.0 436000
1723236221902 100.0 440000
1723236229312 100.0 444000
1723236237211 100.0 448000
1723236244759 100.0 452000
1723236252135 100.0 456000
1723236259954 100.0 460000
1723236267684 100.0 464000
1723236275103 100.0 468000
1723236282664 100.0 472000
1723236290620 100.0 476000
1723236298091 100.0 480000
1723236305528 100.0 484000
1723236313005 100.0 488000
1723236320536 100.0 492000
1723236328039 100.0 496000
1723236335509 100.0 500000
1723236342840 100.0 504000
1723236350183 100.0 508000
1723236357604 100.0 512000
1723236365091 100.0 516000
1723236372275 100.0 520000
1723236380379 100.0 524000
1723236387808 100.0 528000
1723236395145 100.0 532000
1723236402636 100.0 536000
1723236409869 100.0 540000
1723236417365 100.0 544000
1723236424750 100.0 548000
1723236432144 100.0 552000
1723236440438 100.0 556000
1723236448108 100.0 560000
1723236455509 100.0 564000
1723236462875 100.0 568000
1723236470383 100.0 572000
1723236477740 100.0 576000
1723236485168 100.0 580000
1723236492673 100.0 584000
1723236501135 100.0 588000
1723236509189 100.0 592000
1723236516768 100.0 596000
1723236524780 100.0 600000
1723236532686 100.0 604000
1723236540347 100.0 608000
1723236547979 100.0 612000
1723236555528 100.0 616000
1723236563354 100.0 620000
1723236571062 100.0 624000
1723236579052 100.0 628000
1723236587218 100.0 632000
1723236595859 100.0 636000
1723236606195 100.0 640000
1723236614493 100.0 644000
1723236622822 100.0 648000
1723236631029 100.0 652000
1723236639420 100.0 656000
1723236647290 100.0 660000
1723236654935 100.0 664000
1723236662528 100.0 668000
1723236670094 100.0 672000
1723236677651 100.0 676000
1723236685317 100.0 680000
1723236692981 100.0 684000
1723236700905 100.0 688000
1723236708846 100.0 692000
1723236716382 100.0 696000
1723236724196 100.0 700000
1723236731954 100.0 704000
1723236739992 100.0 708000
1723236748364 100.0 712000
1723236756270 100.0 716000
1723236764541 100.0 720000
1723236773303 100.0 724000
1723236781602 100.0 728000
1723236789975 100.0 732000
1723236798039 100.0 736000
1723236806052 100.0 740000
1723236813723 100.0 744000
1723236821761 100.0 748000
1723236829336 100.0 752000
1723236836732 100.0 756000
1723236844301 100.0 760000
1723236851830 100.0 764000
1723236860118 100.0 768000
1723236867622 100.0 772000
1723236875085 100.0 776000
1723236882479 100.0 780000
1723236890067 100.0 784000
1723236897551 100.0 788000
1723236905112 100.0 792000
1723236912712 100.0 796000
1723236920318 100.0 800000
