1723235371626 -1.0 4000
1723235378905 -1.0 8000
1723235386236 -1.0 12000
1723235393481 -1.0 16000
1723235401565 -1.0 20000
1723235409696 -1.0 24000
1723235417425 -1.0 28000
1723235425094 -1.0 32000
1723235432789 -1.0 36000
1723235440389 -1.0 40000
1723235447946 -1.0 44000
1723235455357 -1.0 48000
1723235463656 -1.0 52000
1723235472456 -1.0 56000
1723235480487 -1.0 60000
1723235488345 -1.0 64000
1723235496374 -1.0 68000
1723235504160 -1.0 72000
1723235511831 -1.0 76000
1723235519476 -1.0 80000
1723235527124 -1.0 84000
1723235535227 -1.0 88000
1723235543139 -1.0 92000
1723235550854 -1.0 96000
1723235558542 -1.0 100000
1723235566487 -1.0 104000
1723235574116 -1.0 108000
1723235581741 -1.0 112000
1723235589232 -1.0 116000
1723235597007 -1.0 120000
1723235604790 -1.0 124000
1723235612423 -1.0 128000
1723235620002 -1.0 132000
1723235627470 -1.0 136000
1723235635022 -1.0 140000
1723235642581 -1.0 144000
1723235649974 -1.0 148000
1723235658136 -1.0 152000
1723235665636 -1.0 156000
1723235673092 -1.0 160000
1723235680571 -1.0 164000
1723235688306 -1.0 168000
1723235696247 -1.0 172000
1723235704154 -1.0 176000
1723235712307 -1.0 180000
1723235720673 -1.0 184000
1723235728496 -1.0 188000
1723235736302 -1.0 192000
1723235745083 -1.0 196000
1723235753652 -1.0 200000
1723235761894 -1.0 204000
1723235770789 -1.0 208000
1723235779596 -1.0 212000
1723235787705 -1.0 216000
1723235795524 -1.0 220000
1723235803385 -1.0 224000
1723235811856 -1.0 228000
1723235819852 -1.0 232000
1723235828077 -1.0 236000
1723235837169 -1.0 240000
1723235846418 -1.0 244000
1723235854648 -1.0 248000
1723235862663 -1.0 252000
1723235871585 -1.0 256000
1723235879786 -1.0 260000
1723235887654 -1.0 264000
1723235895428 -1.0 268000
1723235903223 -1.0 272000
1723235910853 -1.0 276000
1723235918369 -1.0 280000
1723235925801 -1.0 284000
1723235933325 -1.0 288000
1723235940780 -1.0 292000
1723235948472 -1.0 296000
1723235956680 -1.0 300000
1723235964311 -1.0 304000
1723235971869 -1.0 308000
1723235979245 -1.0 312000
1723235986629 -1.0 316000
1723235994128 -1.0 320000
1723236001676 -1.0 324000
1723236009507 -1.0 328000
1723236017757 -1.0 332000
1723236025200 -1.0 336000
1723236032657 -1.0 340000
1723236039826 -1.0 344000
1723236047264 -1.0 348000
1723236054614 -1.0 352000
1723236062012 -1.0 356000
1723236069555 -1.0 360000
1723236077487 -1.0 364000
1723236085017 -1.0 368000
1723236092449 -1.0 372000
1723236099631 -1.0 376000
1723236107153 -1.0 380000
1723236114596 -1.0 384000
1723236121989 -1.0 388000
1723236129375 -1.0 392000
1723236137522 -1.0 396000
1723236145294 -1.0 400000
1723236153291 -1.0 404000
1723236160675 -1.0 408000
1723236168447 -1.0 412000
1723236175870 -1.0 416000
1723236183199 -1.0 420000
1723236190697 -1.0 424000
1723236199036 -1.0 428000
1723236206993 -1.0 432000
1723236214499 -1.0 436000
1723236221906 -1.0 440000
1723236229315 -1.0 444000
1723236237214 -1.0 448000
1723236244762 -1.0 452000
1723236252138 -1.0 456000
1723236259957 -1.0 460000
1723236267687 -1.0 464000
1723236275106 -1.0 468000
1723236282667 -1.0 472000
1723236290623 -1.0 476000
1723236298095 -1.0 480000
1723236305531 -1.0 484000
1723236313008 -1.0 488000
1723236320539 -1.0 492000
1723236328042 -1.0 496000
1723236335513 -1.0 500000
1723236342843 -1.0 504000
1723236350186 -1.0 508000
1723236357607 -1.0 512000
1723236365095 -1.0 516000
1723236372278 -1.0 520000
1723236380383 -1.0 524000
1723236387811 -1.0 528000
1723236395148 -1.0 532000
1723236402639 -1.0 536000
1723236409873 -1.0 540000
1723236417368 -1.0 544000
1723236424754 -1.0 548000
1723236432147 -1.0 552000
1723236440441 -1.0 556000
1723236448111 -1.0 560000
1723236455513 -1.0 564000
1723236462878 -1.0 568000
1723236470386 -1.0 572000
1723236477743 -1.0 576000
1723236485171 -1.0 580000
1723236492677 -1.0 584000
1723236501138 -1.0 588000
1723236509193 -1.0 592000
1723236516772 -1.0 596000
1723236524783 -1.0 600000
1723236532689 -1.0 604000
1723236540350 -1.0 608000
1723236547982 -1.0 612000
1723236555531 -1.0 616000
1723236563357 -1.0 620000
1723236571065 -1.0 624000
1723236579055 -1.0 628000
1723236587222 -1.0 632000
1723236595864 -1.0 636000
1723236606199 -1.0 640000
1723236614497 -1.0 644000
1723236622825 -1.0 648000
1723236631033 -1.0 652000
1723236639423 -1.0 656000
1723236647293 -1.0 660000
1723236654938 -1.0 664000
1723236662531 -1.0 668000
1723236670097 -1.0 672000
1723236677655 -1.0 676000
1723236685320 -1.0 680000
1723236692984 -1.0 684000
1723236700908 -1.0 688000
1723236708849 -1.0 692000
1723236716386 -1.0 696000
1723236724199 -1.0 700000
1723236731957 -1.0 704000
1723236739995 -1.0 708000
1723236748367 -1.0 712000
1723236756273 -1.0 716000
1723236764544 -1.0 720000
1723236773307 -1.0 724000
1723236781606 -1.0 728000
1723236789978 -1.0 732000
1723236798043 -1.0 736000
1723236806055 -1.0 740000
1723236813726 -1.0 744000
1723236821764 -1.0 748000
1723236829339 -1.0 752000
1723236836735 -1.0 756000
1723236844304 -1.0 760000
1723236851833 -1.0 764000
1723236860122 -1.0 768000
1723236867625 -1.0 772000
1723236875088 -1.0 776000
1723236882483 -1.0 780000
1723236890071 -1.0 784000
1723236897554 -1.0 788000
1723236905115 -1.0 792000
1723236912715 -1.0 796000
1723236920321 -1.0 800000
