1723235371594 0.0 4000
1723235378879 0.0 8000
1723235386211 0.0 12000
1723235393454 0.0 16000
1723235401536 0.0 20000
1723235409671 0.0 24000
1723235417401 0.0 28000
1723235425070 0.0 32000
1723235432765 0.0 36000
1723235440365 0.0 40000
1723235447921 0.0 44000
1723235455333 0.0 48000
1723235463631 0.0 52000
1723235472396 0.0 56000
1723235480462 0.0 60000
1723235488320 0.0 64000
1723235496350 0.0 68000
1723235504135 0.0 72000
1723235511806 0.0 76000
1723235519450 0.0 80000
1723235527098 0.0 84000
1723235535203 0.0 88000
1723235543113 0.0 92000
1723235550830 0.0 96000
1723235558518 0.0 100000
1723235566463 0.0 104000
1723235574090 0.0 108000
1723235581717 0.0 112000
1723235589209 0.0 116000
1723235596975 0.0 120000
1723235604765 0.0 124000
1723235612399 0.0 128000
1723235619977 0.0 132000
1723235627445 0.0 136000
1723235634998 0.0 140000
1723235642555 0.0 144000
1723235649949 0.0 148000
1723235658111 0.0 152000
1723235665608 0.0 156000
1723235673069 0.0 160000
1723235680547 0.0 164000
1723235688281 0.0 168000
1723235696223 0.0 172000
1723235704128 0.0 176000
1723235712283 0.0 180000
1723235720649 0.0 184000
1723235728471 0.0 188000
1723235736276 0.0 192000
1723235745057 0.0 196000
1723235753628 0.0 200000
1723235761869 0.0 204000
1723235770763 0.0 208000
1723235779572 0.0 212000
1723235787681 0.0 216000
1723235795500 0.0 220000
1723235803361 0.0 224000
1723235811831 0.0 228000
1723235819828 0.0 232000
1723235828053 0.0 236000
1723235837146 0.0 240000
1723235846392 0.0 244000
1723235854623 0.0 248000
1723235862638 0.0 252000
1723235871561 0.0 256000
1723235879762 0.0 260000
1723235887631 0.0 264000
1723235895403 0.0 268000
1723235903199 0.0 272000
1723235910829 0.0 276000
1723235918344 0.0 280000
1723235925777 0.0 284000
1723235933299 0.0 288000
1723235940756 0.0 292000
1723235948448 0.0 296000
1723235956656 0.0 300000
1723235964286 0.0 304000
1723235971845 0.0 308000
1723235979221 0.0 312000
1723235986605 0.0 316000
1723235994103 0.0 320000
1723236001651 0.0 324000
1723236009484 0.0 328000
1723236017733 0.0 332000
1723236025175 0.0 336000
1723236032633 0.0 340000
1723236039802 0.0 344000
1723236047240 0.0 348000
1723236054591 0.0 352000
1723236061986 0.0 356000
1723236069532 0.0 360000
1723236077462 0.0 364000
1723236084992 0.0 368000
1723236092423 0.0 372000
1723236099607 0.0 376000
1723236107128 0.0 380000
1723236114572 0.0 384000
1723236121965 0.0 388000
1723236129350 0.0 392000
1723236137497 0.0 396000
1723236145270 0.0 400000
1723236153267 0.0 404000
1723236160652 0.0 408000
1723236168423 0.0 412000
1723236175846 0.0 416000
1723236183175 0.0 420000
1723236190669 0.0 424000
1723236199012 0.0 428000
1723236206970 0.0 432000
1723236214474 0.0 436000
1723236221881 0.0 440000
1723236229291 0.0 444000
1723236237191 0.0 448000
1723236244738 0.0 452000
1723236252114 0.0 456000
1723236259934 0.0 460000
1723236267663 0.0 464000
1723236275082 0.0 468000
1723236282640 0.0 472000
1723236290599 0.0 476000
1723236298071 0.0 480000
1723236305507 0.0 484000
1723236312983 0.0 488000
1723236320515 0.0 492000
1723236328018 0.0 496000
1723236335488 0.0 500000
1723236342819 0.0 504000
1723236350162 0.0 508000
1723236357583 0.0 512000
1723236365071 0.0 516000
1723236372252 0.0 520000
1723236380358 0.0 524000
1723236387786 0.0 528000
1723236395123 0.0 532000
1723236402614 0.0 536000
1723236409848 0.0 540000
1723236417344 0.0 544000
1723236424729 0.0 548000
1723236432122 0.0 552000
1723236440417 0.0 556000
1723236448087 0.0 560000
1723236455489 0.0 564000
1723236462854 0.0 568000
1723236470362 0.0 572000
1723236477719 0.0 576000
1723236485146 0.0 580000
1723236492644 0.0 584000
1723236501115 0.0 588000
1723236509167 0.0 592000
1723236516747 0.0 596000
1723236524759 0.0 600000
1723236532665 0.0 604000
1723236540325 0.0 608000
1723236547958 0.0 612000
1723236555507 0.0 616000
1723236563333 0.0 620000
1723236571041 0.0 624000
1723236579030 0.0 628000
1723236587196 0.0 632000
1723236595831 0.0 636000
1723236606170 0.0 640000
1723236614471 0.0 644000
1723236622798 0.0 648000
1723236631002 0.0 652000
1723236639398 0.0 656000
1723236647266 0.0 660000
1723236654912 0.0 664000
1723236662502 0.0 668000
1723236670073 0.0 672000
1723236677630 0.0 676000
1723236685295 0.0 680000
1723236692959 0.0 684000
1723236700884 0.0 688000
1723236708825 0.0 692000
1723236716361 0.0 696000
1723236724174 0.0 700000
1723236731933 0.0 704000
1723236739970 0.0 708000
1723236748343 0.0 712000
1723236756246 0.0 716000
1723236764520 0.0 720000
1723236773280 0.0 724000
1723236781580 0.0 728000
1723236789953 0.0 732000
1723236798008 0.0 736000
1723236806030 0.0 740000
1723236813701 0.0 744000
1723236821738 0.0 748000
1723236829313 0.0 752000
1723236836711 0.0 756000
1723236844280 0.0 760000
1723236851808 0.0 764000
1723236860096 0.0 768000
1723236867600 0.0 772000
1723236875063 0.0 776000
1723236882457 0.0 780000
1723236890045 0.0 784000
1723236897530 0.0 788000
1723236905090 0.0 792000
1723236912690 0.0 796000
1723236920297 0.0 800000
