1723235371621 0.0 4000
1723235378901 0.0 8000
1723235386232 0.0 12000
1723235393476 0.0 16000
1723235401561 0.0 20000
1723235409692 0.0 24000
1723235417422 0.0 28000
1723235425090 0.0 32000
1723235432785 0.0 36000
1723235440385 0.0 40000
1723235447942 0.0 44000
1723235455353 0.0 48000
1723235463652 0.0 52000
1723235472453 0.0 56000
1723235480483 0.0 60000
1723235488341 0.0 64000
1723235496370 0.0 68000
1723235504156 0.0 72000
1723235511827 0.0 76000
1723235519472 0.0 80000
1723235527120 0.0 84000
1723235535223 0.0 88000
1723235543135 0.0 92000
1723235550850 0.0 96000
1723235558538 0.0 100000
1723235566484 0.0 104000
1723235574113 0.0 108000
1723235581737 0.0 112000
1723235589229 0.0 116000
1723235597003 0.0 120000
1723235604787 0.0 124000
1723235612419 0.0 128000
1723235619998 0.0 132000
1723235627466 0.0 136000
1723235635019 0.0 140000
1723235642577 0.0 144000
1723235649971 0.0 148000
1723235658133 0.0 152000
1723235665632 0.0 156000
1723235673089 0.0 160000
1723235680567 0.0 164000
1723235688302 0.0 168000
1723235696244 0.0 172000
1723235704150 0.0 176000
1723235712304 0.0 180000
1723235720670 0.0 184000
1723235728492 0.0 188000
1723235736298 0.0 192000
1723235745079 0.0 196000
1723235753649 0.0 200000
1723235761890 0.0 204000
1723235770785 0.0 208000
1723235779592 0.0 212000
1723235787701 0.0 216000
1723235795521 0.0 220000
1723235803382 0.0 224000
1723235811852 0.0 228000
1723235819849 0.0 232000
1723235828074 0.0 236000
1723235837166 0.0 240000
1723235846414 0.0 244000
1723235854644 0.0 248000
1723235862659 0.0 252000
1723235871582 0.0 256000
1723235879782 0.0 260000
1723235887651 0.0 264000
1723235895424 0.0 268000
1723235903220 0.0 272000
1723235910850 0.0 276000
1723235918365 0.0 280000
1723235925797 0.0 284000
1723235933322 0.0 288000
1723235940777 0.0 292000
1723235948469 0.0 296000
1723235956676 0.0 300000
1723235964307 0.0 304000
1723235971866 0.0 308000
1723235979242 0.0 312000
1723235986625 0.0 316000
1723235994124 0.0 320000
1723236001672 0.0 324000
1723236009504 0.0 328000
1723236017753 0.0 332000
1723236025197 0.0 336000
1723236032654 0.0 340000
1723236039823 0.0 344000
1723236047261 0.0 348000
1723236054611 0.0 352000
1723236062008 0.0 356000
1723236069552 0.0 360000
1723236077484 0.0 364000
1723236085014 0.0 368000
1723236092445 0.0 372000
1723236099628 0.0 376000
1723236107149 0.0 380000
1723236114593 0.0 384000
1723236121986 0.0 388000
1723236129371 0.0 392000
1723236137519 0.0 396000
1723236145290 0.0 400000
1723236153288 0.0 404000
1723236160672 0.0 408000
1723236168443 0.0 412000
1723236175867 0.0 416000
1723236183196 0.0 420000
1723236190693 0.0 424000
1723236199033 0.0 428000
1723236206990 0.0 432000
1723236214495 0.0 436000
1723236221902 0.0 440000
1723236229312 0.0 444000
1723236237211 0.0 448000
1723236244759 0.0 452000
1723236252134 0.0 456000
1723236259954 0.0 460000
1723236267683 0.0 464000
1723236275102 0.0 468000
1723236282663 0.0 472000
1723236290619 0.0 476000
1723236298091 0.0 480000
1723236305528 0.0 484000
1723236313004 0.0 488000
1723236320535 0.0 492000
1723236328038 0.0 496000
1723236335509 0.0 500000
1723236342839 0.0 504000
1723236350182 0.0 508000
1723236357603 0.0 512000
1723236365091 0.0 516000
1723236372274 0.0 520000
1723236380379 0.0 524000
1723236387807 0.0 528000
1723236395144 0.0 532000
1723236402636 0.0 536000
1723236409869 0.0 540000
1723236417364 0.0 544000
1723236424750 0.0 548000
1723236432143 0.0 552000
1723236440437 0.0 556000
1723236448108 0.0 560000
1723236455509 0.0 564000
1723236462875 0.0 568000
1723236470383 0.0 572000
1723236477740 0.0 576000
1723236485167 0.0 580000
1723236492673 0.0 584000
1723236501135 0.0 588000
1723236509188 0.0 592000
1723236516768 0.0 596000
1723236524780 0.0 600000
1723236532686 0.0 604000
1723236540346 0.0 608000
1723236547979 0.0 612000
1723236555527 0.0 616000
1723236563354 0.0 620000
1723236571062 0.0 624000
1723236579051 0.0 628000
1723236587218 0.0 632000
1723236595858 0.0 636000
1723236606195 0.0 640000
1723236614493 0.0 644000
1723236622821 0.0 648000
1723236631029 0.0 652000
1723236639419 0.0 656000
1723236647289 0.0 660000
1723236654934 0.0 664000
1723236662527 0.0 668000
1723236670093 0.0 672000
1723236677651 0.0 676000
1723236685316 0.0 680000
1723236692980 0.0 684000
1723236700905 0.0 688000
1723236708845 0.0 692000
1723236716382 0.0 696000
1723236724195 0.0 700000
1723236731953 0.0 704000
1723236739991 0.0 708000
1723236748364 0.0 712000
1723236756269 0.0 716000
1723236764541 0.0 720000
1723236773303 0.0 724000
1723236781602 0.0 728000
1723236789974 0.0 732000
1723236798038 0.0 736000
1723236806051 0.0 740000
1723236813722 0.0 744000
1723236821760 0.0 748000
1723236829336 0.0 752000
1723236836731 0.0 756000
1723236844300 0.0 760000
1723236851829 0.0 764000
1723236860118 0.0 768000
1723236867621 0.0 772000
1723236875085 0.0 776000
1723236882479 0.0 780000
1723236890067 0.0 784000
1723236897551 0.0 788000
1723236905111 0.0 792000
1723236912712 0.0 796000
1723236920318 0.0 800000
