1723235371596 60.0 4000
1723235378881 60.0 8000
1723235386212 60.0 12000
1723235393455 60.0 16000
1723235401537 60.0 20000
1723235409672 60.0 24000
1723235417402 60.0 28000
1723235425071 60.0 32000
1723235432766 60.0 36000
1723235440366 60.0 40000
1723235447922 60.0 44000
1723235455334 60.0 48000
1723235463632 60.0 52000
1723235472398 60.0 56000
1723235480464 60.0 60000
1723235488321 60.0 64000
1723235496351 60.0 68000
1723235504136 60.0 72000
1723235511807 60.0 76000
1723235519451 60.0 80000
1723235527100 60.0 84000
1723235535204 60.0 88000
1723235543115 60.0 92000
1723235550831 60.0 96000
1723235558520 60.0 100000
1723235566464 60.0 104000
1723235574092 60.0 108000
1723235581718 60.0 112000
1723235589210 60.0 116000
1723235596976 60.0 120000
1723235604766 60.0 124000
1723235612400 60.0 128000
1723235619978 60.0 132000
1723235627446 60.0 136000
1723235634999 60.0 140000
1723235642557 60.0 144000
1723235649950 60.0 148000
1723235658113 60.0 152000
1723235665610 60.0 156000
1723235673070 60.0 160000
1723235680548 60.0 164000
1723235688283 60.0 168000
1723235696224 60.0 172000
1723235704129 60.0 176000
1723235712285 60.0 180000
1723235720650 60.0 184000
1723235728473 60.0 188000
1723235736278 60.0 192000
1723235745058 60.0 196000
1723235753629 60.0 200000
1723235761870 60.0 204000
1723235770765 60.0 208000
1723235779573 60.0 212000
1723235787682 60.0 216000
1723235795502 60.0 220000
1723235803362 60.0 224000
1723235811832 60.0 228000
1723235819829 60.0 232000
1723235828054 60.0 236000
1723235837147 60.0 240000
1723235846393 60.0 244000
1723235854624 60.0 248000
1723235862639 60.0 252000
1723235871562 60.0 256000
1723235879763 60.0 260000
1723235887632 60.0 264000
1723235895404 60.0 268000
1723235903200 60.0 272000
1723235910831 60.0 276000
1723235918346 60.0 280000
1723235925778 60.0 284000
1723235933301 60.0 288000
1723235940758 60.0 292000
1723235948449 60.0 296000
1723235956657 60.0 300000
1723235964288 60.0 304000
1723235971846 60.0 308000
1723235979223 60.0 312000
1723235986606 60.0 316000
1723235994104 60.0 320000
1723236001653 60.0 324000
1723236009485 60.0 328000
1723236017734 60.0 332000
1723236025177 60.0 336000
1723236032634 60.0 340000
1723236039803 60.0 344000
1723236047241 60.0 348000
1723236054592 60.0 352000
1723236061988 60.0 356000
1723236069533 60.0 360000
1723236077464 60.0 364000
1723236084993 60.0 368000
1723236092425 60.0 372000
1723236099608 60.0 376000
1723236107130 60.0 380000
1723236114573 60.0 384000
1723236121967 60.0 388000
1723236129352 60.0 392000
1723236137498 60.0 396000
1723236145271 60.0 400000
1723236153268 60.0 404000
1723236160653 60.0 408000
1723236168424 60.0 412000
1723236175847 60.0 416000
1723236183176 60.0 420000
1723236190670 60.0 424000
1723236199013 60.0 428000
1723236206971 60.0 432000
1723236214475 60.0 436000
1723236221882 60.0 440000
1723236229293 60.0 444000
1723236237192 60.0 448000
1723236244739 60.0 452000
1723236252115 60.0 456000
1723236259935 60.0 460000
1723236267664 60.0 464000
1723236275083 60.0 468000
1723236282641 60.0 472000
1723236290600 60.0 476000
1723236298072 60.0 480000
1723236305508 60.0 484000
1723236312984 60.0 488000
1723236320517 60.0 492000
1723236328019 60.0 496000
1723236335490 60.0 500000
1723236342820 60.0 504000
1723236350163 60.0 508000
1723236357584 60.0 512000
1723236365072 60.0 516000
1723236372253 60.0 520000
1723236380359 60.0 524000
1723236387787 60.0 528000
1723236395125 60.0 532000
1723236402615 60.0 536000
1723236409849 60.0 540000
1723236417345 60.0 544000
1723236424730 60.0 548000
1723236432123 60.0 552000
1723236440418 60.0 556000
1723236448088 60.0 560000
1723236455490 60.0 564000
1723236462856 60.0 568000
1723236470364 60.0 572000
1723236477720 60.0 576000
1723236485147 60.0 580000
1723236492645 60.0 584000
1723236501116 60.0 588000
1723236509168 60.0 592000
1723236516748 60.0 596000
1723236524761 60.0 600000
1723236532666 60.0 604000
1723236540327 60.0 608000
1723236547959 60.0 612000
1723236555508 60.0 616000
1723236563335 60.0 620000
1723236571043 60.0 624000
1723236579031 60.0 628000
1723236587198 60.0 632000
1723236595832 60.0 636000
1723236606172 60.0 640000
1723236614472 60.0 644000
1723236622800 60.0 648000
1723236631004 60.0 652000
1723236639399 60.0 656000
1723236647267 60.0 660000
1723236654913 60.0 664000
1723236662504 60.0 668000
1723236670074 60.0 672000
1723236677631 60.0 676000
1723236685297 60.0 680000
1723236692960 60.0 684000
1723236700885 60.0 688000
1723236708826 60.0 692000
1723236716362 60.0 696000
1723236724176 60.0 700000
1723236731934 60.0 704000
1723236739971 60.0 708000
1723236748344 60.0 712000
1723236756248 60.0 716000
1723236764521 60.0 720000
1723236773282 60.0 724000
1723236781581 60.0 728000
1723236789954 60.0 732000
1723236798010 60.0 736000
1723236806031 60.0 740000
1723236813702 60.0 744000
1723236821740 60.0 748000
1723236829314 60.0 752000
1723236836712 60.0 756000
1723236844281 60.0 760000
1723236851809 60.0 764000
1723236860098 60.0 768000
1723236867602 60.0 772000
1723236875064 60.0 776000
1723236882459 60.0 780000
1723236890046 60.0 784000
1723236897531 60.0 788000
1723236905092 60.0 792000
1723236912691 60.0 796000
1723236920298 60.0 800000
