1723235371633 128.0 4000
1723235378910 128.0 8000
1723235386242 128.0 12000
1723235393486 128.0 16000
1723235401571 128.0 20000
1723235409702 128.0 24000
1723235417431 128.0 28000
1723235425099 128.0 32000
1723235432795 128.0 36000
1723235440394 128.0 40000
1723235447952 128.0 44000
1723235455362 128.0 48000
1723235463662 128.0 52000
1723235472464 128.0 56000
1723235480493 128.0 60000
1723235488351 128.0 64000
1723235496379 128.0 68000
1723235504165 128.0 72000
1723235511837 128.0 76000
1723235519482 128.0 80000
1723235527130 128.0 84000
1723235535232 128.0 88000
1723235543145 128.0 92000
1723235550860 128.0 96000
1723235558547 128.0 100000
1723235566493 128.0 104000
1723235574122 128.0 108000
1723235581747 128.0 112000
1723235589238 128.0 116000
1723235597012 128.0 120000
1723235604796 128.0 124000
1723235612428 128.0 128000
1723235620007 128.0 132000
1723235627476 128.0 136000
1723235635028 128.0 140000
1723235642586 128.0 144000
1723235649980 128.0 148000
1723235658142 128.0 152000
1723235665642 128.0 156000
1723235673098 128.0 160000
1723235680577 128.0 164000
1723235688312 128.0 168000
1723235696253 128.0 172000
1723235704160 128.0 176000
1723235712313 128.0 180000
1723235720679 128.0 184000
1723235728502 128.0 188000
1723235736307 128.0 192000
1723235745089 128.0 196000
1723235753658 128.0 200000
1723235761900 128.0 204000
1723235770794 128.0 208000
1723235779602 128.0 212000
1723235787710 128.0 216000
1723235795530 128.0 220000
1723235803391 128.0 224000
1723235811862 128.0 228000
1723235819858 128.0 232000
1723235828083 128.0 236000
1723235837175 128.0 240000
1723235846424 128.0 244000
1723235854654 128.0 248000
1723235862669 128.0 252000
1723235871591 128.0 256000
1723235879791 128.0 260000
1723235887660 128.0 264000
1723235895433 128.0 268000
1723235903229 128.0 272000
1723235910859 128.0 276000
1723235918375 128.0 280000
1723235925806 128.0 284000
1723235933331 128.0 288000
1723235940786 128.0 292000
1723235948478 128.0 296000
1723235956685 128.0 300000
1723235964316 128.0 304000
1723235971875 128.0 308000
1723235979251 128.0 312000
1723235986634 128.0 316000
1723235994133 128.0 320000
1723236001681 128.0 324000
1723236009513 128.0 328000
1723236017763 128.0 332000
1723236025206 128.0 336000
1723236032663 128.0 340000
1723236039832 128.0 344000
1723236047270 128.0 348000
1723236054620 128.0 352000
1723236062018 128.0 356000
1723236069561 128.0 360000
1723236077493 128.0 364000
1723236085023 128.0 368000
1723236092454 128.0 372000
1723236099637 128.0 376000
1723236107158 128.0 380000
1723236114602 128.0 384000
1723236121995 128.0 388000
1723236129380 128.0 392000
1723236137528 128.0 396000
1723236145299 128.0 400000
1723236153297 128.0 404000
1723236160681 128.0 408000
1723236168452 128.0 412000
1723236175877 128.0 416000
1723236183205 128.0 420000
1723236190703 128.0 424000
1723236199042 128.0 428000
1723236206999 128.0 432000
1723236214504 128.0 436000
1723236221911 128.0 440000
1723236229321 128.0 444000
1723236237220 128.0 448000
1723236244768 128.0 452000
1723236252144 128.0 456000
1723236259963 128.0 460000
1723236267692 128.0 464000
1723236275112 128.0 468000
1723236282673 128.0 472000
1723236290628 128.0 476000
1723236298100 128.0 480000
1723236305537 128.0 484000
1723236313013 128.0 488000
1723236320545 128.0 492000
1723236328048 128.0 496000
1723236335518 128.0 500000
1723236342848 128.0 504000
1723236350191 128.0 508000
1723236357612 128.0 512000
1723236365100 128.0 516000
1723236372284 128.0 520000
1723236380388 128.0 524000
1723236387817 128.0 528000
1723236395153 128.0 532000
1723236402645 128.0 536000
1723236409878 128.0 540000
1723236417374 128.0 544000
1723236424759 128.0 548000
1723236432152 128.0 552000
1723236440447 128.0 556000
1723236448117 128.0 560000
1723236455518 128.0 564000
1723236462887 128.0 568000
1723236470392 128.0 572000
1723236477749 128.0 576000
1723236485177 128.0 580000
1723236492683 128.0 584000
1723236501144 128.0 588000
1723236509200 128.0 592000
1723236516778 128.0 596000
1723236524789 128.0 600000
1723236532695 128.0 604000
1723236540355 128.0 608000
1723236547988 128.0 612000
1723236555536 128.0 616000
1723236563363 128.0 620000
1723236571072 128.0 624000
1723236579060 128.0 628000
1723236587228 128.0 632000
1723236595873 128.0 636000
1723236606206 128.0 640000
1723236614503 128.0 644000
1723236622831 128.0 648000
1723236631040 128.0 652000
1723236639429 128.0 656000
1723236647300 128.0 660000
1723236654943 128.0 664000
1723236662538 128.0 668000
1723236670103 128.0 672000
1723236677660 128.0 676000
1723236685326 128.0 680000
1723236692990 128.0 684000
1723236700914 128.0 688000
1723236708854 128.0 692000
1723236716391 128.0 696000
1723236724204 128.0 700000
1723236731963 128.0 704000
1723236740001 128.0 708000
1723236748373 128.0 712000
1723236756279 128.0 716000
1723236764550 128.0 720000
1723236773312 128.0 724000
1723236781613 128.0 728000
1723236789983 128.0 732000
1723236798049 128.0 736000
1723236806061 128.0 740000
1723236813732 128.0 744000
1723236821770 128.0 748000
1723236829345 128.0 752000
1723236836740 128.0 756000
1723236844309 128.0 760000
1723236851839 128.0 764000
1723236860127 128.0 768000
1723236867630 128.0 772000
1723236875094 128.0 776000
1723236882489 128.0 780000
1723236890077 128.0 784000
1723236897560 128.0 788000
1723236905120 128.0 792000
1723236912721 128.0 796000
1723236920327 128.0 800000
