1723235371608 0.0 4000
1723235378890 0.0 8000
1723235386221 0.0 12000
1723235393464 0.0 16000
1723235401550 0.0 20000
1723235409681 0.0 24000
1723235417411 0.0 28000
1723235425080 0.0 32000
1723235432775 0.0 36000
1723235440375 0.0 40000
1723235447931 0.0 44000
1723235455343 0.0 48000
1723235463641 0.0 52000
1723235472438 0.0 56000
1723235480473 0.0 60000
1723235488330 0.0 64000
1723235496360 0.0 68000
1723235504145 0.0 72000
1723235511816 0.0 76000
1723235519461 0.0 80000
1723235527109 0.0 84000
1723235535213 0.0 88000
1723235543124 0.0 92000
1723235550839 0.0 96000
1723235558528 0.0 100000
1723235566473 0.0 104000
1723235574102 0.0 108000
1723235581726 0.0 112000
1723235589218 0.0 116000
1723235596992 0.0 120000
1723235604775 0.0 124000
1723235612409 0.0 128000
1723235619987 0.0 132000
1723235627455 0.0 136000
1723235635008 0.0 140000
1723235642566 0.0 144000
1723235649959 0.0 148000
1723235658121 0.0 152000
1723235665621 0.0 156000
1723235673079 0.0 160000
1723235680557 0.0 164000
1723235688291 0.0 168000
1723235696233 0.0 172000
1723235704139 0.0 176000
1723235712293 0.0 180000
1723235720659 0.0 184000
1723235728481 0.0 188000
1723235736286 0.0 192000
1723235745068 0.0 196000
1723235753638 0.0 200000
1723235761879 0.0 204000
1723235770774 0.0 208000
1723235779582 0.0 212000
1723235787690 0.0 216000
1723235795510 0.0 220000
1723235803371 0.0 224000
1723235811841 0.0 228000
1723235819838 0.0 232000
1723235828063 0.0 236000
1723235837155 0.0 240000
1723235846403 0.0 244000
1723235854634 0.0 248000
1723235862648 0.0 252000
1723235871571 0.0 256000
1723235879772 0.0 260000
1723235887640 0.0 264000
1723235895413 0.0 268000
1723235903209 0.0 272000
1723235910839 0.0 276000
1723235918355 0.0 280000
1723235925787 0.0 284000
1723235933309 0.0 288000
1723235940766 0.0 292000
1723235948458 0.0 296000
1723235956666 0.0 300000
1723235964297 0.0 304000
1723235971855 0.0 308000
1723235979231 0.0 312000
1723235986615 0.0 316000
1723235994113 0.0 320000
1723236001661 0.0 324000
1723236009493 0.0 328000
1723236017743 0.0 332000
1723236025186 0.0 336000
1723236032643 0.0 340000
1723236039812 0.0 344000
1723236047250 0.0 348000
1723236054600 0.0 352000
1723236061997 0.0 356000
1723236069541 0.0 360000
1723236077472 0.0 364000
1723236085002 0.0 368000
1723236092434 0.0 372000
1723236099617 0.0 376000
1723236107138 0.0 380000
1723236114582 0.0 384000
1723236121975 0.0 388000
1723236129360 0.0 392000
1723236137508 0.0 396000
1723236145280 0.0 400000
1723236153277 0.0 404000
1723236160661 0.0 408000
1723236168433 0.0 412000
1723236175856 0.0 416000
1723236183185 0.0 420000
1723236190681 0.0 424000
1723236199022 0.0 428000
1723236206979 0.0 432000
1723236214484 0.0 436000
1723236221891 0.0 440000
1723236229301 0.0 444000
1723236237201 0.0 448000
1723236244748 0.0 452000
1723236252124 0.0 456000
1723236259943 0.0 460000
1723236267673 0.0 464000
1723236275092 0.0 468000
1723236282649 0.0 472000
1723236290609 0.0 476000
1723236298080 0.0 480000
1723236305517 0.0 484000
1723236312993 0.0 488000
1723236320525 0.0 492000
1723236328028 0.0 496000
1723236335498 0.0 500000
1723236342829 0.0 504000
1723236350172 0.0 508000
1723236357593 0.0 512000
1723236365080 0.0 516000
1723236372261 0.0 520000
1723236380367 0.0 524000
1723236387796 0.0 528000
1723236395133 0.0 532000
1723236402624 0.0 536000
1723236409858 0.0 540000
1723236417354 0.0 544000
1723236424739 0.0 548000
1723236432132 0.0 552000
1723236440427 0.0 556000
1723236448097 0.0 560000
1723236455499 0.0 564000
1723236462864 0.0 568000
1723236470372 0.0 572000
1723236477729 0.0 576000
1723236485156 0.0 580000
1723236492654 0.0 584000
1723236501124 0.0 588000
1723236509177 0.0 592000
1723236516756 0.0 596000
1723236524769 0.0 600000
1723236532675 0.0 604000
1723236540336 0.0 608000
1723236547968 0.0 612000
1723236555517 0.0 616000
1723236563343 0.0 620000
1723236571051 0.0 624000
1723236579040 0.0 628000
1723236587207 0.0 632000
1723236595843 0.0 636000
1723236606182 0.0 640000
1723236614481 0.0 644000
1723236622809 0.0 648000
1723236631014 0.0 652000
1723236639408 0.0 656000
1723236647278 0.0 660000
1723236654923 0.0 664000
1723236662516 0.0 668000
1723236670082 0.0 672000
1723236677640 0.0 676000
1723236685305 0.0 680000
1723236692969 0.0 684000
1723236700894 0.0 688000
1723236708835 0.0 692000
1723236716371 0.0 696000
1723236724185 0.0 700000
1723236731943 0.0 704000
1723236739980 0.0 708000
1723236748352 0.0 712000
1723236756257 0.0 716000
1723236764529 0.0 720000
1723236773292 0.0 724000
1723236781590 0.0 728000
1723236789963 0.0 732000
1723236798025 0.0 736000
1723236806041 0.0 740000
1723236813711 0.0 744000
1723236821749 0.0 748000
1723236829324 0.0 752000
1723236836721 0.0 756000
1723236844289 0.0 760000
1723236851818 0.0 764000
1723236860106 0.0 768000
1723236867611 0.0 772000
1723236875073 0.0 776000
1723236882468 0.0 780000
1723236890055 0.0 784000
1723236897540 0.0 788000
1723236905100 0.0 792000
1723236912700 0.0 796000
1723236920307 0.0 800000
