1723235371591 0.0 4000
1723235378877 0.0 8000
1723235386208 0.0 12000
1723235393451 0.0 16000
1723235401531 0.0 20000
1723235409668 0.0 24000
1723235417398 0.0 28000
1723235425068 0.0 32000
1723235432763 0.0 36000
1723235440362 0.0 40000
1723235447919 0.0 44000
1723235455330 0.0 48000
1723235463629 0.0 52000
1723235472393 0.0 56000
1723235480460 0.0 60000
1723235488318 0.0 64000
1723235496348 0.0 68000
1723235504132 0.0 72000
1723235511804 0.0 76000
1723235519448 0.0 80000
1723235527096 0.0 84000
1723235535201 0.0 88000
1723235543111 0.0 92000
1723235550827 0.0 96000
1723235558516 0.0 100000
1723235566460 0.0 104000
1723235574088 0.0 108000
1723235581714 0.0 112000
1723235589206 0.0 116000
1723235596972 0.0 120000
1723235604763 0.0 124000
1723235612397 0.0 128000
1723235619975 0.0 132000
1723235627442 0.0 136000
1723235634996 0.0 140000
1723235642553 0.0 144000
1723235649946 0.0 148000
1723235658109 0.0 152000
1723235665605 0.0 156000
1723235673067 0.0 160000
1723235680545 0.0 164000
1723235688279 0.0 168000
1723235696221 0.0 172000
1723235704126 0.0 176000
1723235712281 0.0 180000
1723235720647 0.0 184000
1723235728469 0.0 188000
1723235736274 0.0 192000
1723235745055 0.0 196000
1723235753626 0.0 200000
1723235761866 0.0 204000
1723235770761 0.0 208000
1723235779569 0.0 212000
1723235787678 0.0 216000
1723235795498 0.0 220000
1723235803359 0.0 224000
1723235811828 0.0 228000
1723235819826 0.0 232000
1723235828050 0.0 236000
1723235837143 0.0 240000
1723235846390 0.0 244000
1723235854621 0.0 248000
1723235862635 0.0 252000
1723235871558 0.0 256000
1723235879759 0.0 260000
1723235887628 0.0 264000
1723235895401 0.0 268000
1723235903197 0.0 272000
1723235910827 0.0 276000
1723235918342 0.0 280000
1723235925774 0.0 284000
1723235933297 0.0 288000
1723235940754 0.0 292000
1723235948446 0.0 296000
1723235956653 0.0 300000
1723235964284 0.0 304000
1723235971843 0.0 308000
1723235979219 0.0 312000
1723235986602 0.0 316000
1723235994100 0.0 320000
1723236001649 0.0 324000
1723236009481 0.0 328000
1723236017730 0.0 332000
1723236025173 0.0 336000
1723236032631 0.0 340000
1723236039800 0.0 344000
1723236047237 0.0 348000
1723236054588 0.0 352000
1723236061984 0.0 356000
1723236069529 0.0 360000
1723236077460 0.0 364000
1723236084989 0.0 368000
1723236092421 0.0 372000
1723236099605 0.0 376000
1723236107126 0.0 380000
1723236114569 0.0 384000
1723236121963 0.0 388000
1723236129348 0.0 392000
1723236137495 0.0 396000
1723236145267 0.0 400000
1723236153265 0.0 404000
1723236160650 0.0 408000
1723236168420 0.0 412000
1723236175844 0.0 416000
1723236183173 0.0 420000
1723236190666 0.0 424000
1723236199010 0.0 428000
1723236206967 0.0 432000
1723236214472 0.0 436000
1723236221878 0.0 440000
1723236229289 0.0 444000
1723236237188 0.0 448000
1723236244736 0.0 452000
1723236252112 0.0 456000
1723236259931 0.0 460000
1723236267661 0.0 464000
1723236275079 0.0 468000
1723236282637 0.0 472000
1723236290597 0.0 476000
1723236298068 0.0 480000
1723236305505 0.0 484000
1723236312981 0.0 488000
1723236320513 0.0 492000
1723236328015 0.0 496000
1723236335486 0.0 500000
1723236342817 0.0 504000
1723236350159 0.0 508000
1723236357581 0.0 512000
1723236365068 0.0 516000
1723236372249 0.0 520000
1723236380355 0.0 524000
1723236387784 0.0 528000
1723236395120 0.0 532000
1723236402611 0.0 536000
1723236409845 0.0 540000
1723236417342 0.0 544000
1723236424726 0.0 548000
1723236432119 0.0 552000
1723236440414 0.0 556000
1723236448084 0.0 560000
1723236455486 0.0 564000
1723236462852 0.0 568000
1723236470359 0.0 572000
1723236477717 0.0 576000
1723236485143 0.0 580000
1723236492641 0.0 584000
1723236501112 0.0 588000
1723236509165 0.0 592000
1723236516744 0.0 596000
1723236524756 0.0 600000
1723236532662 0.0 604000
1723236540323 0.0 608000
1723236547955 0.0 612000
1723236555505 0.0 616000
1723236563331 0.0 620000
1723236571039 0.0 624000
1723236579028 0.0 628000
1723236587194 0.0 632000
1723236595828 0.0 636000
1723236606168 0.0 640000
1723236614468 0.0 644000
1723236622796 0.0 648000
1723236631000 0.0 652000
1723236639396 0.0 656000
1723236647264 0.0 660000
1723236654909 0.0 664000
1723236662499 0.0 668000
1723236670070 0.0 672000
1723236677628 0.0 676000
1723236685293 0.0 680000
1723236692956 0.0 684000
1723236700882 0.0 688000
1723236708823 0.0 692000
1723236716358 0.0 696000
1723236724171 0.0 700000
1723236731931 0.0 704000
1723236739968 0.0 708000
1723236748340 0.0 712000
1723236756243 0.0 716000
1723236764517 0.0 720000
1723236773278 0.0 724000
1723236781577 0.0 728000
1723236789950 0.0 732000
1723236798005 0.0 736000
1723236806027 0.0 740000
1723236813698 0.0 744000
1723236821736 0.0 748000
1723236829310 0.0 752000
1723236836708 0.0 756000
1723236844277 0.0 760000
1723236851806 0.0 764000
1723236860094 0.0 768000
1723236867598 0.0 772000
1723236875061 0.0 776000
1723236882455 0.0 780000
1723236890043 0.0 784000
1723236897527 0.0 788000
1723236905088 0.0 792000
1723236912687 0.0 796000
1723236920295 0.0 800000
