1723235371604 4000.0 4000
1723235378887 4000.0 8000
1723235386218 4000.0 12000
1723235393461 4000.0 16000
1723235401547 4000.0 20000
1723235409678 4000.0 24000
1723235417408 4000.0 28000
1723235425077 4000.0 32000
1723235432771 4000.0 36000
1723235440372 4000.0 40000
1723235447928 4000.0 44000
1723235455339 4000.0 48000
1723235463638 4000.0 52000
1723235472414 4000.0 56000
1723235480469 4000.0 60000
1723235488327 4000.0 64000
1723235496357 4000.0 68000
1723235504141 4000.0 72000
1723235511813 4000.0 76000
1723235519457 4000.0 80000
1723235527105 4000.0 84000
1723235535210 4000.0 88000
1723235543121 4000.0 92000
1723235550836 4000.0 96000
1723235558525 4000.0 100000
1723235566470 4000.0 104000
1723235574099 4000.0 108000
1723235581723 4000.0 112000
1723235589215 4000.0 116000
1723235596988 4000.0 120000
1723235604772 4000.0 124000
1723235612406 4000.0 128000
1723235619984 4000.0 132000
1723235627452 4000.0 136000
1723235635005 4000.0 140000
1723235642563 4000.0 144000
1723235649955 4000.0 148000
1723235658118 4000.0 152000
1723235665618 4000.0 156000
1723235673075 4000.0 160000
1723235680554 4000.0 164000
1723235688288 4000.0 168000
1723235696230 4000.0 172000
1723235704136 4000.0 176000
1723235712290 4000.0 180000
1723235720656 4000.0 184000
1723235728478 4000.0 188000
1723235736283 4000.0 192000
1723235745064 4000.0 196000
1723235753634 4000.0 200000
1723235761876 4000.0 204000
1723235770771 4000.0 208000
1723235779578 4000.0 212000
1723235787687 4000.0 216000
1723235795507 4000.0 220000
1723235803368 4000.0 224000
1723235811838 4000.0 228000
1723235819835 4000.0 232000
1723235828060 4000.0 236000
1723235837152 4000.0 240000
1723235846399 4000.0 244000
1723235854630 4000.0 248000
1723235862644 4000.0 252000
1723235871567 4000.0 256000
1723235879768 4000.0 260000
1723235887637 4000.0 264000
1723235895410 4000.0 268000
1723235903206 4000.0 272000
1723235910836 4000.0 276000
1723235918351 4000.0 280000
1723235925783 4000.0 284000
1723235933306 4000.0 288000
1723235940763 4000.0 292000
1723235948455 4000.0 296000
1723235956662 4000.0 300000
1723235964293 4000.0 304000
1723235971852 4000.0 308000
1723235979228 4000.0 312000
1723235986611 4000.0 316000
1723235994110 4000.0 320000
1723236001658 4000.0 324000
1723236009490 4000.0 328000
1723236017739 4000.0 332000
1723236025182 4000.0 336000
1723236032640 4000.0 340000
1723236039809 4000.0 344000
1723236047247 4000.0 348000
1723236054597 4000.0 352000
1723236061993 4000.0 356000
1723236069538 4000.0 360000
1723236077469 4000.0 364000
1723236084999 4000.0 368000
1723236092431 4000.0 372000
1723236099614 4000.0 376000
1723236107135 4000.0 380000
1723236114579 4000.0 384000
1723236121972 4000.0 388000
1723236129357 4000.0 392000
1723236137505 4000.0 396000
1723236145277 4000.0 400000
1723236153274 4000.0 404000
1723236160658 4000.0 408000
1723236168429 4000.0 412000
1723236175853 4000.0 416000
1723236183182 4000.0 420000
1723236190677 4000.0 424000
1723236199019 4000.0 428000
1723236206976 4000.0 432000
1723236214481 4000.0 436000
1723236221888 4000.0 440000
1723236229298 4000.0 444000
1723236237197 4000.0 448000
1723236244745 4000.0 452000
1723236252121 4000.0 456000
1723236259940 4000.0 460000
1723236267670 4000.0 464000
1723236275089 4000.0 468000
1723236282646 4000.0 472000
1723236290605 4000.0 476000
1723236298077 4000.0 480000
1723236305514 4000.0 484000
1723236312990 4000.0 488000
1723236320522 4000.0 492000
1723236328025 4000.0 496000
1723236335495 4000.0 500000
1723236342826 4000.0 504000
1723236350168 4000.0 508000
1723236357590 4000.0 512000
1723236365077 4000.0 516000
1723236372258 4000.0 520000
1723236380364 4000.0 524000
1723236387793 4000.0 528000
1723236395130 4000.0 532000
1723236402621 4000.0 536000
1723236409855 4000.0 540000
1723236417351 4000.0 544000
1723236424736 4000.0 548000
1723236432129 4000.0 552000
1723236440423 4000.0 556000
1723236448094 4000.0 560000
1723236455495 4000.0 564000
1723236462861 4000.0 568000
1723236470369 4000.0 572000
1723236477726 4000.0 576000
1723236485152 4000.0 580000
1723236492651 4000.0 584000
1723236501121 4000.0 588000
1723236509174 4000.0 592000
1723236516753 4000.0 596000
1723236524766 4000.0 600000
1723236532672 4000.0 604000
1723236540332 4000.0 608000
1723236547965 4000.0 612000
1723236555514 4000.0 616000
1723236563340 4000.0 620000
1723236571048 4000.0 624000
1723236579037 4000.0 628000
1723236587203 4000.0 632000
1723236595839 4000.0 636000
1723236606179 4000.0 640000
1723236614478 4000.0 644000
1723236622806 4000.0 648000
1723236631011 4000.0 652000
1723236639405 4000.0 656000
1723236647274 4000.0 660000
1723236654919 4000.0 664000
1723236662512 4000.0 668000
1723236670079 4000.0 672000
1723236677637 4000.0 676000
1723236685302 4000.0 680000
1723236692965 4000.0 684000
1723236700891 4000.0 688000
1723236708832 4000.0 692000
1723236716367 4000.0 696000
1723236724181 4000.0 700000
1723236731940 4000.0 704000
1723236739977 4000.0 708000
1723236748349 4000.0 712000
1723236756254 4000.0 716000
1723236764526 4000.0 720000
1723236773288 4000.0 724000
1723236781587 4000.0 728000
1723236789960 4000.0 732000
1723236798020 4000.0 736000
1723236806037 4000.0 740000
1723236813708 4000.0 744000
1723236821745 4000.0 748000
1723236829320 4000.0 752000
1723236836718 4000.0 756000
1723236844286 4000.0 760000
1723236851815 4000.0 764000
1723236860104 4000.0 768000
1723236867607 4000.0 772000
1723236875070 4000.0 776000
1723236882465 4000.0 780000
1723236890052 4000.0 784000
1723236897537 4000.0 788000
1723236905097 4000.0 792000
1723236912697 4000.0 796000
1723236920304 4000.0 800000
