1723235371601 1.0 4000
1723235378884 1.0 8000
1723235386216 1.0 12000
1723235393459 1.0 16000
1723235401544 1.0 20000
1723235409676 1.0 24000
1723235417406 1.0 28000
1723235425075 1.0 32000
1723235432770 1.0 36000
1723235440370 1.0 40000
1723235447926 1.0 44000
1723235455337 1.0 48000
1723235463636 1.0 52000
1723235472401 1.0 56000
1723235480467 1.0 60000
1723235488325 1.0 64000
1723235496355 1.0 68000
1723235504139 1.0 72000
1723235511811 1.0 76000
1723235519455 1.0 80000
1723235527103 1.0 84000
1723235535208 1.0 88000
1723235543118 1.0 92000
1723235550834 1.0 96000
1723235558523 1.0 100000
1723235566468 1.0 104000
1723235574095 1.0 108000
1723235581721 1.0 112000
1723235589213 1.0 116000
1723235596982 1.0 120000
1723235604770 1.0 124000
1723235612404 1.0 128000
1723235619982 1.0 132000
1723235627449 1.0 136000
1723235635002 1.0 140000
1723235642561 1.0 144000
1723235649953 1.0 148000
1723235658116 1.0 152000
1723235665615 1.0 156000
1723235673074 1.0 160000
1723235680552 1.0 164000
1723235688286 1.0 168000
1723235696228 1.0 172000
1723235704133 1.0 176000
1723235712288 1.0 180000
1723235720654 1.0 184000
1723235728476 1.0 188000
1723235736281 1.0 192000
1723235745062 1.0 196000
1723235753632 1.0 200000
1723235761873 1.0 204000
1723235770768 1.0 208000
1723235779576 1.0 212000
1723235787685 1.0 216000
1723235795505 1.0 220000
1723235803366 1.0 224000
1723235811835 1.0 228000
1723235819833 1.0 232000
1723235828057 1.0 236000
1723235837150 1.0 240000
1723235846397 1.0 244000
1723235854628 1.0 248000
1723235862642 1.0 252000
1723235871565 1.0 256000
1723235879766 1.0 260000
1723235887635 1.0 264000
1723235895408 1.0 268000
1723235903204 1.0 272000
1723235910834 1.0 276000
1723235918349 1.0 280000
1723235925781 1.0 284000
1723235933304 1.0 288000
1723235940761 1.0 292000
1723235948453 1.0 296000
1723235956661 1.0 300000
1723235964291 1.0 304000
1723235971850 1.0 308000
1723235979226 1.0 312000
1723235986609 1.0 316000
1723235994108 1.0 320000
1723236001656 1.0 324000
1723236009488 1.0 328000
1723236017737 1.0 332000
1723236025180 1.0 336000
1723236032638 1.0 340000
1723236039807 1.0 344000
1723236047245 1.0 348000
1723236054595 1.0 352000
1723236061991 1.0 356000
1723236069536 1.0 360000
1723236077467 1.0 364000
1723236084997 1.0 368000
1723236092429 1.0 372000
1723236099612 1.0 376000
1723236107133 1.0 380000
1723236114577 1.0 384000
1723236121970 1.0 388000
1723236129355 1.0 392000
1723236137502 1.0 396000
1723236145274 1.0 400000
1723236153271 1.0 404000
1723236160656 1.0 408000
1723236168427 1.0 412000
1723236175851 1.0 416000
1723236183180 1.0 420000
1723236190675 1.0 424000
1723236199017 1.0 428000
1723236206974 1.0 432000
1723236214479 1.0 436000
1723236221885 1.0 440000
1723236229296 1.0 444000
1723236237195 1.0 448000
1723236244743 1.0 452000
1723236252119 1.0 456000
1723236259938 1.0 460000
1723236267668 1.0 464000
1723236275086 1.0 468000
1723236282644 1.0 472000
1723236290603 1.0 476000
1723236298075 1.0 480000
1723236305512 1.0 484000
1723236312988 1.0 488000
1723236320520 1.0 492000
1723236328023 1.0 496000
1723236335493 1.0 500000
1723236342824 1.0 504000
1723236350166 1.0 508000
1723236357588 1.0 512000
1723236365075 1.0 516000
1723236372256 1.0 520000
1723236380362 1.0 524000
1723236387791 1.0 528000
1723236395128 1.0 532000
1723236402618 1.0 536000
1723236409853 1.0 540000
1723236417349 1.0 544000
1723236424734 1.0 548000
1723236432127 1.0 552000
1723236440421 1.0 556000
1723236448092 1.0 560000
1723236455493 1.0 564000
1723236462859 1.0 568000
1723236470367 1.0 572000
1723236477724 1.0 576000
1723236485150 1.0 580000
1723236492648 1.0 584000
1723236501119 1.0 588000
1723236509172 1.0 592000
1723236516751 1.0 596000
1723236524764 1.0 600000
1723236532670 1.0 604000
1723236540330 1.0 608000
1723236547962 1.0 612000
1723236555512 1.0 616000
1723236563338 1.0 620000
1723236571046 1.0 624000
1723236579035 1.0 628000
1723236587201 1.0 632000
1723236595836 1.0 636000
1723236606176 1.0 640000
1723236614476 1.0 644000
1723236622803 1.0 648000
1723236631008 1.0 652000
1723236639403 1.0 656000
1723236647272 1.0 660000
1723236654917 1.0 664000
1723236662510 1.0 668000
1723236670077 1.0 672000
1723236677635 1.0 676000
1723236685300 1.0 680000
1723236692963 1.0 684000
1723236700889 1.0 688000
1723236708830 1.0 692000
1723236716365 1.0 696000
1723236724179 1.0 700000
1723236731938 1.0 704000
1723236739975 1.0 708000
1723236748347 1.0 712000
1723236756252 1.0 716000
1723236764524 1.0 720000
1723236773286 1.0 724000
1723236781585 1.0 728000
1723236789958 1.0 732000
1723236798017 1.0 736000
1723236806035 1.0 740000
1723236813705 1.0 744000
1723236821744 1.0 748000
1723236829318 1.0 752000
1723236836715 1.0 756000
1723236844284 1.0 760000
1723236851813 1.0 764000
1723236860102 1.0 768000
1723236867605 1.0 772000
1723236875068 1.0 776000
1723236882462 1.0 780000
1723236890050 1.0 784000
1723236897535 1.0 788000
1723236905095 1.0 792000
1723236912695 1.0 796000
1723236920302 1.0 800000
