1723235371631 1.0 4000
1723235378909 1.0 8000
1723235386240 1.0 12000
1723235393484 1.0 16000
1723235401569 1.0 20000
1723235409700 1.0 24000
1723235417429 1.0 28000
1723235425098 1.0 32000
1723235432794 1.0 36000
1723235440393 1.0 40000
1723235447950 1.0 44000
1723235455361 1.0 48000
1723235463660 1.0 52000
1723235472462 1.0 56000
1723235480491 1.0 60000
1723235488349 1.0 64000
1723235496377 1.0 68000
1723235504163 1.0 72000
1723235511835 1.0 76000
1723235519480 1.0 80000
1723235527128 1.0 84000
1723235535231 1.0 88000
1723235543143 1.0 92000
1723235550858 1.0 96000
1723235558546 1.0 100000
1723235566491 1.0 104000
1723235574120 1.0 108000
1723235581745 1.0 112000
1723235589236 1.0 116000
1723235597011 1.0 120000
1723235604794 1.0 124000
1723235612427 1.0 128000
1723235620005 1.0 132000
1723235627474 1.0 136000
1723235635027 1.0 140000
1723235642585 1.0 144000
1723235649978 1.0 148000
1723235658140 1.0 152000
1723235665640 1.0 156000
1723235673096 1.0 160000
1723235680575 1.0 164000
1723235688310 1.0 168000
1723235696251 1.0 172000
1723235704158 1.0 176000
1723235712311 1.0 180000
1723235720677 1.0 184000
1723235728500 1.0 188000
1723235736306 1.0 192000
1723235745087 1.0 196000
1723235753656 1.0 200000
1723235761898 1.0 204000
1723235770793 1.0 208000
1723235779600 1.0 212000
1723235787709 1.0 216000
1723235795528 1.0 220000
1723235803389 1.0 224000
1723235811861 1.0 228000
1723235819856 1.0 232000
1723235828082 1.0 236000
1723235837173 1.0 240000
1723235846422 1.0 244000
1723235854652 1.0 248000
1723235862667 1.0 252000
1723235871590 1.0 256000
1723235879789 1.0 260000
1723235887658 1.0 264000
1723235895432 1.0 268000
1723235903227 1.0 272000
1723235910857 1.0 276000
1723235918373 1.0 280000
1723235925805 1.0 284000
1723235933329 1.0 288000
1723235940784 1.0 292000
1723235948476 1.0 296000
1723235956684 1.0 300000
1723235964314 1.0 304000
1723235971873 1.0 308000
1723235979249 1.0 312000
1723235986633 1.0 316000
1723235994132 1.0 320000
1723236001679 1.0 324000
1723236009511 1.0 328000
1723236017762 1.0 332000
1723236025204 1.0 336000
1723236032661 1.0 340000
1723236039830 1.0 344000
1723236047269 1.0 348000
1723236054618 1.0 352000
1723236062016 1.0 356000
1723236069559 1.0 360000
1723236077491 1.0 364000
1723236085021 1.0 368000
1723236092453 1.0 372000
1723236099635 1.0 376000
1723236107157 1.0 380000
1723236114600 1.0 384000
1723236121993 1.0 388000
1723236129379 1.0 392000
1723236137527 1.0 396000
1723236145297 1.0 400000
1723236153295 1.0 404000
1723236160679 1.0 408000
1723236168451 1.0 412000
1723236175875 1.0 416000
1723236183203 1.0 420000
1723236190701 1.0 424000
1723236199040 1.0 428000
1723236206997 1.0 432000
1723236214502 1.0 436000
1723236221910 1.0 440000
1723236229319 1.0 444000
1723236237218 1.0 448000
1723236244766 1.0 452000
1723236252142 1.0 456000
1723236259961 1.0 460000
1723236267691 1.0 464000
1723236275110 1.0 468000
1723236282671 1.0 472000
1723236290626 1.0 476000
1723236298099 1.0 480000
1723236305535 1.0 484000
1723236313011 1.0 488000
1723236320543 1.0 492000
1723236328046 1.0 496000
1723236335516 1.0 500000
1723236342847 1.0 504000
1723236350190 1.0 508000
1723236357611 1.0 512000
1723236365098 1.0 516000
1723236372282 1.0 520000
1723236380387 1.0 524000
1723236387815 1.0 528000
1723236395152 1.0 532000
1723236402644 1.0 536000
1723236409876 1.0 540000
1723236417372 1.0 544000
1723236424757 1.0 548000
1723236432151 1.0 552000
1723236440445 1.0 556000
1723236448115 1.0 560000
1723236455516 1.0 564000
1723236462886 1.0 568000
1723236470390 1.0 572000
1723236477747 1.0 576000
1723236485175 1.0 580000
1723236492681 1.0 584000
1723236501143 1.0 588000
1723236509198 1.0 592000
1723236516776 1.0 596000
1723236524787 1.0 600000
1723236532693 1.0 604000
1723236540354 1.0 608000
1723236547986 1.0 612000
1723236555535 1.0 616000
1723236563361 1.0 620000
1723236571069 1.0 624000
1723236579059 1.0 628000
1723236587226 1.0 632000
1723236595871 1.0 636000
1723236606204 1.0 640000
1723236614501 1.0 644000
1723236622829 1.0 648000
1723236631038 1.0 652000
1723236639427 1.0 656000
1723236647298 1.0 660000
1723236654941 1.0 664000
1723236662536 1.0 668000
1723236670101 1.0 672000
1723236677659 1.0 676000
1723236685324 1.0 680000
1723236692988 1.0 684000
1723236700912 1.0 688000
1723236708853 1.0 692000
1723236716389 1.0 696000
1723236724203 1.0 700000
1723236731961 1.0 704000
1723236740000 1.0 708000
1723236748371 1.0 712000
1723236756277 1.0 716000
1723236764548 1.0 720000
1723236773311 1.0 724000
1723236781611 1.0 728000
1723236789982 1.0 732000
1723236798047 1.0 736000
1723236806059 1.0 740000
1723236813730 1.0 744000
1723236821768 1.0 748000
1723236829343 1.0 752000
1723236836739 1.0 756000
1723236844308 1.0 760000
1723236851838 1.0 764000
1723236860126 1.0 768000
1723236867629 1.0 772000
1723236875092 1.0 776000
1723236882487 1.0 780000
1723236890075 1.0 784000
1723236897558 1.0 788000
1723236905119 1.0 792000
1723236912720 1.0 796000
1723236920326 1.0 800000
