1723235371635 10.0 4000
1723235378913 10.0 8000
1723235386244 10.0 12000
1723235393489 10.0 16000
1723235401574 10.0 20000
1723235409704 10.0 24000
1723235417433 10.0 28000
1723235425102 10.0 32000
1723235432797 10.0 36000
1723235440397 10.0 40000
1723235447955 10.0 44000
1723235455365 10.0 48000
1723235463665 10.0 52000
1723235472467 10.0 56000
1723235480495 10.0 60000
1723235488353 10.0 64000
1723235496382 10.0 68000
1723235504168 10.0 72000
1723235511839 10.0 76000
1723235519485 10.0 80000
1723235527133 10.0 84000
1723235535235 10.0 88000
1723235543147 10.0 92000
1723235550862 10.0 96000
1723235558550 10.0 100000
1723235566496 10.0 104000
1723235574124 10.0 108000
1723235581749 10.0 112000
1723235589240 10.0 116000
1723235597015 10.0 120000
1723235604798 10.0 124000
1723235612431 10.0 128000
1723235620009 10.0 132000
1723235627478 10.0 136000
1723235635031 10.0 140000
1723235642589 10.0 144000
1723235649982 10.0 148000
1723235658145 10.0 152000
1723235665644 10.0 156000
1723235673100 10.0 160000
1723235680579 10.0 164000
1723235688315 10.0 168000
1723235696255 10.0 172000
1723235704163 10.0 176000
1723235712315 10.0 180000
1723235720681 10.0 184000
1723235728504 10.0 188000
1723235736310 10.0 192000
1723235745091 10.0 196000
1723235753660 10.0 200000
1723235761902 10.0 204000
1723235770797 10.0 208000
1723235779605 10.0 212000
1723235787713 10.0 216000
1723235795532 10.0 220000
1723235803394 10.0 224000
1723235811865 10.0 228000
1723235819860 10.0 232000
1723235828086 10.0 236000
1723235837178 10.0 240000
1723235846427 10.0 244000
1723235854657 10.0 248000
1723235862672 10.0 252000
1723235871594 10.0 256000
1723235879793 10.0 260000
1723235887663 10.0 264000
1723235895436 10.0 268000
1723235903232 10.0 272000
1723235910861 10.0 276000
1723235918378 10.0 280000
1723235925809 10.0 284000
1723235933334 10.0 288000
1723235940788 10.0 292000
1723235948480 10.0 296000
1723235956688 10.0 300000
1723235964319 10.0 304000
1723235971878 10.0 308000
1723235979253 10.0 312000
1723235986637 10.0 316000
1723235994136 10.0 320000
1723236001683 10.0 324000
1723236009515 10.0 328000
1723236017766 10.0 332000
1723236025209 10.0 336000
1723236032665 10.0 340000
1723236039834 10.0 344000
1723236047273 10.0 348000
1723236054622 10.0 352000
1723236062020 10.0 356000
1723236069563 10.0 360000
1723236077495 10.0 364000
1723236085026 10.0 368000
1723236092457 10.0 372000
1723236099639 10.0 376000
1723236107161 10.0 380000
1723236114604 10.0 384000
1723236121997 10.0 388000
1723236129383 10.0 392000
1723236137531 10.0 396000
1723236145301 10.0 400000
1723236153299 10.0 404000
1723236160683 10.0 408000
1723236168455 10.0 412000
1723236175879 10.0 416000
1723236183207 10.0 420000
1723236190705 10.0 424000
1723236199044 10.0 428000
1723236207001 10.0 432000
1723236214507 10.0 436000
1723236221914 10.0 440000
1723236229324 10.0 444000
1723236237222 10.0 448000
1723236244770 10.0 452000
1723236252147 10.0 456000
1723236259965 10.0 460000
1723236267695 10.0 464000
1723236275114 10.0 468000
1723236282676 10.0 472000
1723236290630 10.0 476000
1723236298103 10.0 480000
1723236305539 10.0 484000
1723236313015 10.0 488000
1723236320548 10.0 492000
1723236328051 10.0 496000
1723236335520 10.0 500000
1723236342851 10.0 504000
1723236350194 10.0 508000
1723236357615 10.0 512000
1723236365102 10.0 516000
1723236372287 10.0 520000
1723236380391 10.0 524000
1723236387819 10.0 528000
1723236395156 10.0 532000
1723236402648 10.0 536000
1723236409880 10.0 540000
1723236417376 10.0 544000
1723236424762 10.0 548000
1723236432155 10.0 552000
1723236440449 10.0 556000
1723236448119 10.0 560000
1723236455521 10.0 564000
1723236462890 10.0 568000
1723236470394 10.0 572000
1723236477751 10.0 576000
1723236485179 10.0 580000
1723236492686 10.0 584000
1723236501146 10.0 588000
1723236509202 10.0 592000
1723236516781 10.0 596000
1723236524791 10.0 600000
1723236532697 10.0 604000
1723236540357 10.0 608000
1723236547991 10.0 612000
1723236555538 10.0 616000
1723236563365 10.0 620000
1723236571074 10.0 624000
1723236579063 10.0 628000
1723236587231 10.0 632000
1723236595876 10.0 636000
1723236606209 10.0 640000
1723236614505 10.0 644000
1723236622834 10.0 648000
1723236631043 10.0 652000
1723236639431 10.0 656000
1723236647302 10.0 660000
1723236654946 10.0 664000
1723236662540 10.0 668000
1723236670105 10.0 672000
1723236677663 10.0 676000
1723236685329 10.0 680000
1723236692992 10.0 684000
1723236700917 10.0 688000
1723236708856 10.0 692000
1723236716393 10.0 696000
1723236724207 10.0 700000
1723236731965 10.0 704000
1723236740004 10.0 708000
1723236748375 10.0 712000
1723236756282 10.0 716000
1723236764552 10.0 720000
1723236773315 10.0 724000
1723236781615 10.0 728000
1723236789986 10.0 732000
1723236798051 10.0 736000
1723236806063 10.0 740000
1723236813734 10.0 744000
1723236821772 10.0 748000
1723236829348 10.0 752000
1723236836743 10.0 756000
1723236844312 10.0 760000
1723236851842 10.0 764000
1723236860130 10.0 768000
1723236867632 10.0 772000
1723236875096 10.0 776000
1723236882491 10.0 780000
1723236890079 10.0 784000
1723236897562 10.0 788000
1723236905123 10.0 792000
1723236912724 10.0 796000
1723236920330 10.0 800000
