1723235371634 1.0 4000
1723235378912 1.0 8000
1723235386243 1.0 12000
1723235393487 1.0 16000
1723235401572 1.0 20000
1723235409703 1.0 24000
1723235417432 1.0 28000
1723235425100 1.0 32000
1723235432796 1.0 36000
1723235440396 1.0 40000
1723235447954 1.0 44000
1723235455363 1.0 48000
1723235463663 1.0 52000
1723235472466 1.0 56000
1723235480494 1.0 60000
1723235488352 1.0 64000
1723235496380 1.0 68000
1723235504167 1.0 72000
1723235511838 1.0 76000
1723235519483 1.0 80000
1723235527131 1.0 84000
1723235535234 1.0 88000
1723235543146 1.0 92000
1723235550861 1.0 96000
1723235558548 1.0 100000
1723235566494 1.0 104000
1723235574123 1.0 108000
1723235581748 1.0 112000
1723235589239 1.0 116000
1723235597014 1.0 120000
1723235604797 1.0 124000
1723235612429 1.0 128000
1723235620008 1.0 132000
1723235627477 1.0 136000
1723235635029 1.0 140000
1723235642588 1.0 144000
1723235649981 1.0 148000
1723235658143 1.0 152000
1723235665643 1.0 156000
1723235673099 1.0 160000
1723235680578 1.0 164000
1723235688314 1.0 168000
1723235696254 1.0 172000
1723235704161 1.0 176000
1723235712314 1.0 180000
1723235720680 1.0 184000
1723235728503 1.0 188000
1723235736309 1.0 192000
1723235745090 1.0 196000
1723235753659 1.0 200000
1723235761901 1.0 204000
1723235770796 1.0 208000
1723235779604 1.0 212000
1723235787711 1.0 216000
1723235795531 1.0 220000
1723235803392 1.0 224000
1723235811863 1.0 228000
1723235819859 1.0 232000
1723235828084 1.0 236000
1723235837176 1.0 240000
1723235846425 1.0 244000
1723235854655 1.0 248000
1723235862671 1.0 252000
1723235871592 1.0 256000
1723235879792 1.0 260000
1723235887661 1.0 264000
1723235895434 1.0 268000
1723235903230 1.0 272000
1723235910860 1.0 276000
1723235918376 1.0 280000
1723235925808 1.0 284000
1723235933332 1.0 288000
1723235940787 1.0 292000
1723235948479 1.0 296000
1723235956686 1.0 300000
1723235964318 1.0 304000
1723235971876 1.0 308000
1723235979252 1.0 312000
1723235986635 1.0 316000
1723235994135 1.0 320000
1723236001682 1.0 324000
1723236009514 1.0 328000
1723236017765 1.0 332000
1723236025207 1.0 336000
1723236032664 1.0 340000
1723236039833 1.0 344000
1723236047272 1.0 348000
1723236054621 1.0 352000
1723236062019 1.0 356000
1723236069562 1.0 360000
1723236077494 1.0 364000
1723236085024 1.0 368000
1723236092456 1.0 372000
1723236099638 1.0 376000
1723236107159 1.0 380000
1723236114603 1.0 384000
1723236121996 1.0 388000
1723236129382 1.0 392000
1723236137529 1.0 396000
1723236145300 1.0 400000
1723236153298 1.0 404000
1723236160682 1.0 408000
1723236168453 1.0 412000
1723236175878 1.0 416000
1723236183206 1.0 420000
1723236190704 1.0 424000
1723236199043 1.0 428000
1723236207000 1.0 432000
1723236214505 1.0 436000
1723236221912 1.0 440000
1723236229322 1.0 444000
1723236237221 1.0 448000
1723236244769 1.0 452000
1723236252145 1.0 456000
1723236259964 1.0 460000
1723236267693 1.0 464000
1723236275113 1.0 468000
1723236282675 1.0 472000
1723236290629 1.0 476000
1723236298101 1.0 480000
1723236305538 1.0 484000
1723236313014 1.0 488000
1723236320546 1.0 492000
1723236328049 1.0 496000
1723236335519 1.0 500000
1723236342850 1.0 504000
1723236350193 1.0 508000
1723236357614 1.0 512000
1723236365101 1.0 516000
1723236372285 1.0 520000
1723236380389 1.0 524000
1723236387818 1.0 528000
1723236395154 1.0 532000
1723236402646 1.0 536000
1723236409879 1.0 540000
1723236417375 1.0 544000
1723236424760 1.0 548000
1723236432153 1.0 552000
1723236440448 1.0 556000
1723236448118 1.0 560000
1723236455520 1.0 564000
1723236462889 1.0 568000
1723236470393 1.0 572000
1723236477750 1.0 576000
1723236485178 1.0 580000
1723236492685 1.0 584000
1723236501145 1.0 588000
1723236509201 1.0 592000
1723236516779 1.0 596000
1723236524790 1.0 600000
1723236532696 1.0 604000
1723236540356 1.0 608000
1723236547989 1.0 612000
1723236555537 1.0 616000
1723236563364 1.0 620000
1723236571073 1.0 624000
1723236579061 1.0 628000
1723236587230 1.0 632000
1723236595875 1.0 636000
1723236606207 1.0 640000
1723236614504 1.0 644000
1723236622832 1.0 648000
1723236631042 1.0 652000
1723236639430 1.0 656000
1723236647301 1.0 660000
1723236654945 1.0 664000
1723236662539 1.0 668000
1723236670104 1.0 672000
1723236677662 1.0 676000
1723236685327 1.0 680000
1723236692991 1.0 684000
1723236700915 1.0 688000
1723236708855 1.0 692000
1723236716392 1.0 696000
1723236724206 1.0 700000
1723236731964 1.0 704000
1723236740003 1.0 708000
1723236748374 1.0 712000
1723236756281 1.0 716000
1723236764551 1.0 720000
1723236773313 1.0 724000
1723236781614 1.0 728000
1723236789984 1.0 732000
1723236798050 1.0 736000
1723236806062 1.0 740000
1723236813733 1.0 744000
1723236821771 1.0 748000
1723236829346 1.0 752000
1723236836741 1.0 756000
1723236844310 1.0 760000
1723236851840 1.0 764000
1723236860129 1.0 768000
1723236867631 1.0 772000
1723236875095 1.0 776000
1723236882490 1.0 780000
1723236890078 1.0 784000
1723236897561 1.0 788000
1723236905122 1.0 792000
1723236912723 1.0 796000
1723236920329 1.0 800000
