1723230210615 592.427 4000
1723230217736 618.748 8000
1723230225081 618.029 12000
1723230232382 618.987 16000
1723230239422 623.588 20000
1723230246269 630.08 24000
1723230253288 632.205 28000
1723230260637 632.046 32000
1723230267850 633.472 36000
1723230275060 633.801 40000
1723230282137 639.265 44000
1723230289796 633.801 48000
1723230296895 636.951 52000
1723230304544 634.143 56000
1723230313757 616.103 60000
1723230322257 603.415 64000
1723230330391 594.406 68000
1723230338469 586.779 72000
1723230346949 575.374 76000
1723230355004 568.564 80000
