1723230210612 0.016 4000
1723230217735 0.014 8000
1723230225079 0.021 12000
1723230232381 0.019 16000
1723230239420 0.018 20000
1723230246267 0.017 24000
1723230253287 0.016 28000
1723230260635 0.016 32000
1723230267849 0.016 36000
1723230275058 0.015 40000
1723230282136 0.015 44000
1723230289792 0.015 48000
1723230296893 0.013 52000
1723230304542 0.013 56000
1723230313755 0.012 60000
1723230322256 0.012 64000
1723230330389 0.012 68000
1723230338467 0.012 72000
1723230346947 0.012 76000
1723230355003 0.012 80000
