1723230210611 7568.684 4000
1723230217734 7273.271 8000
1723230225079 7257.533 12000
1723230232380 7238.97 16000
1723230239420 7175.876 20000
1723230246267 7101.657 24000
1723230253286 7072.843 28000
1723230260635 7088.054 32000
1723230267849 7088.512 36000
1723230275058 7088.553 40000
1723230282136 7027.099 44000
1723230289792 7078.547 48000
1723230296893 7049.809 52000
1723230304542 7080.571 56000
1723230313755 7292.393 60000
1723230322256 7456.731 64000
1723230330389 7566.436 68000
1723230338467 7641.59 72000
1723230346947 7765.99 76000
1723230355003 7849.541 80000
