1723231574354 0.4096433053436973 4000
1723231581541 0.4211325063059186 8000
1723231588701 0.41941185218309235 12000
1723231596110 0.4245343127549774 16000
1723231603466 0.42518777369134186 20000
1723231610570 0.4262869801620993 24000
1723231617989 0.42235088098338863 28000
1723231625250 0.41923039188416256 32000
1723231632648 0.41274059397142693 36000
1723231640349 0.41369903669209684 40000
1723231647648 0.4154564546792837 44000
1723231654935 0.41763784705989876 48000
1723231662288 0.42051905226759806 52000
1723231669597 0.42146371502133706 56000
1723231678827 0.4192306365359287 60000
1723231687474 0.41901047026488286 64000
1723231695482 0.41873819562527287 68000
1723231704114 0.41971518043947315 72000
1723231712970 0.42221089101650167 76000
1723231721627 0.42510832973350815 80000
1723231729998 0.42686083933403085 84000
1723231738088 0.4295761509854688 88000
1723231745872 0.4312080849225541 92000
1723231755155 0.43176947062743465 96000
1723231764867 0.4352900533983096 100000
1723231772539 0.4378797476943533 104000
1723231780162 0.4398537700310933 108000
1723231788083 0.44149028924243483 112000
1723231796919 0.44151652719151857 116000
1723231804848 0.43980624590409917 120000
1723231812590 0.437921424935216 124000
1723231820160 0.4363716480121706 128000
1723231827910 0.43500297124172815 132000
1723231835543 0.43358897859080087 136000
1723231843217 0.431691515539483 140000
1723231850814 0.4299228923946222 144000
1723231858615 0.42810711714374444 148000
1723231866360 0.4265010720259679 152000
1723231874008 0.4254385641882908 156000
1723231881562 0.42438773195575485 160000
1723231889459 0.4228705752617513 164000
1723231897653 0.42201981780766107 168000
1723231905412 0.4206119415298118 172000
1723231912944 0.41949000596739844 176000
1723231920599 0.4186107650697125 180000
1723231928476 0.41735613720754927 184000
1723231936408 0.41662384332922486 188000
1723231944055 0.4161243410160224 192000
1723231951822 0.4155759927543949 196000
1723231959201 0.4153917893001332 200000
1723231966852 0.41490865073170335 204000
1723231974205 0.4142264879784148 208000
1723231981754 0.4138077167275017 212000
1723231989133 0.41308507423031143 216000
1723231997084 0.4120143226558288 220000
1723232004762 0.4114184611072884 224000
1723232012310 0.4108394518926521 228000
1723232019752 0.4106291958221177 232000
1723232027242 0.41033888586628636 236000
1723232034790 0.4100498702811822 240000
1723232042365 0.4098081708474017 244000
1723232050018 0.40931646201212035 248000
1723232057788 0.40903054277237316 252000
1723232065975 0.4089836324543096 256000
1723232073709 0.4087621061131199 260000
1723232080968 0.40875450069647035 264000
1723232088531 0.40877815214902696 268000
1723232096009 0.4086404370730563 272000
1723232103520 0.40813209775349685 276000
1723232111111 0.40778437551543134 280000
1723232118679 0.40745204359413295 284000
1723232126226 0.40711991868033387 288000
1723232133828 0.4070908244773199 292000
1723232141138 0.4067740081592822 296000
1723232148567 0.40661906661320274 300000
1723232156029 0.40622755318486237 304000
1723232163439 0.40586622058747596 308000
1723232171376 0.4055409344857486 312000
1723232178778 0.4052664078394787 316000
1723232186235 0.40499886096082277 320000
1723232193496 0.40472295483194626 324000
1723232201016 0.4045213876559881 328000
1723232208576 0.4042219348674786 332000
1723232216032 0.4039888297759599 336000
1723232223652 0.40364264032938507 340000
1723232231043 0.4033856953508269 344000
1723232238943 0.40310834365315473 348000
1723232246593 0.4029151018479855 352000
1723232253854 0.40259778962379866 356000
1723232260998 0.40240871500557884 360000
1723232268845 0.4022151901535787 364000
1723232276498 0.4020892018025188 368000
1723232283942 0.4018281484087904 372000
1723232291316 0.4016532082796139 376000
1723232298938 0.4014723451836315 380000
1723232306440 0.40127715646663087 384000
1723232313928 0.4010935749972095 388000
1723232321255 0.4010981907029333 392000
1723232328649 0.40108357118379984 396000
1723232335865 0.401047188477863 400000
1723232343390 0.400974966636156 404000
1723232350706 0.40091357622357393 408000
1723232358186 0.4008130468478579 412000
1723232365466 0.4006734808350748 416000
1723232372702 0.40056152995722694 420000
1723232379910 0.40036505426915986 424000
1723232387324 0.40020152124278213 428000
1723232394688 0.4000194991177597 432000
1723232402067 0.3998495940887766 436000
1723232409219 0.3996000943870179 440000
1723232416523 0.39937916312561067 444000
1723232423840 0.39915283742360574 448000
1723232431207 0.3988658790241786 452000
1723232438463 0.3987405555122522 456000
1723232445624 0.3986155475413813 460000
1723232453287 0.3984734910904812 464000
1723232460524 0.3983577863108084 468000
1723232467695 0.39820574433238093 472000
1723232475082 0.39796259979916004 476000
1723232482414 0.39779416011420016 480000
1723232489664 0.3975598927024305 484000
1723232496992 0.39743140529072113 488000
1723232504568 0.3972335826010698 492000
1723232511977 0.39705041655300677 496000
1723232519498 0.39686046770092176 500000
1723232526822 0.39680748845618247 504000
1723232534267 0.3966356462076128 508000
1723232541771 0.39653685134043215 512000
1723232549475 0.3965483226012706 516000
1723232556865 0.3964335132347923 520000
1723232564305 0.3963995294301844 524000
1723232571734 0.3963778215089367 528000
1723232579075 0.39626840435620336 532000
1723232586584 0.3961477437874932 536000
1723232594136 0.39603936099910014 540000
1723232602290 0.3959318565904672 544000
1723232609985 0.3959876340803228 548000
1723232617414 0.3960629935704536 552000
1723232625049 0.396007196408834 556000
1723232632544 0.3960680609152793 560000
1723232640044 0.3960522507708907 564000
1723232647510 0.3959096853121189 568000
1723232655041 0.3958454681875454 572000
1723232662562 0.39579075783639367 576000
1723232669955 0.39562937469991416 580000
1723232677381 0.39566689173225783 584000
1723232684889 0.39548127808130823 588000
1723232692307 0.39528531141073797 592000
1723232700422 0.39537722599460084 596000
1723232708257 0.3959592489990695 600000
1723232716491 0.39646695135555954 604000
1723232723843 0.3969963315312146 608000
1723232731334 0.39738044965032776 612000
1723232738649 0.3973871653376475 616000
1723232746195 0.3973340050406124 620000
1723232753634 0.39720359255422794 624000
1723232761286 0.39715690194630116 628000
1723232768711 0.3970520904400643 632000
1723232776255 0.39692187056348954 636000
1723232784195 0.39680601144747757 640000
1723232791880 0.3968245391107583 644000
1723232799229 0.39686129835251405 648000
1723232806788 0.3969659869139439 652000
1723232814699 0.3970055250974822 656000
1723232822499 0.39696032766152667 660000
1723232829672 0.3970627662603617 664000
1723232837323 0.39687876559853535 668000
1723232844767 0.3967171198029107 672000
1723232852898 0.3965932215489572 676000
1723232860398 0.39664366388403477 680000
1723232867724 0.39665472787183903 684000
1723232875192 0.396726114386515 688000
1723232883055 0.396659667699659 692000
1723232890290 0.39659425085796235 696000
1723232897586 0.39651364098770403 700000
1723232904906 0.39629574680988966 704000
1723232912174 0.3962144729306487 708000
1723232919494 0.39602476636652606 712000
1723232926725 0.3960332082033184 716000
1723232934071 0.3957288498198404 720000
1723232942095 0.3957184035184367 724000
1723232949869 0.39568045257760276 728000
1723232957432 0.39565103143560804 732000
1723232964890 0.39543577316532563 736000
1723232972428 0.3955234473476094 740000
1723232980160 0.395517955695948 744000
1723232987746 0.39561121388904724 748000
1723232995260 0.3955607870075355 752000
1723233002980 0.39585325676854516 756000
1723233010614 0.39588532839185286 760000
1723233018218 0.3957663572846604 764000
1723233025850 0.3956920153930449 768000
1723233033550 0.3956952228354986 772000
1723233040899 0.3957574053669192 776000
1723233048110 0.3957408192801941 780000
1723233055473 0.39561906576080397 784000
1723233062700 0.39552827061727625 788000
1723233069940 0.3956326590327584 792000
1723233077249 0.39551614232159066 796000
1723233084599 0.3953292059639129 800000
