1723231574355 0.17339785462771626 4000
1723231581542 0.17896095194020173 8000
1723231588702 0.1786419084433831 12000
1723231596111 0.17998456945784896 16000
1723231603467 0.17979640830885985 20000
1723231610571 0.1798473750071561 24000
1723231617990 0.17758861352089148 28000
1723231625250 0.1762251832582483 32000
1723231632649 0.17361436927741067 36000
1723231640350 0.1736154738548668 40000
1723231647649 0.17382931149966085 44000
1723231654936 0.1746356750245184 48000
1723231662289 0.17546449277557152 52000
1723231669598 0.17584104737240844 56000
1723231678828 0.17554137555557284 60000
1723231687475 0.17547423252478103 64000
1723231695483 0.17546443105219253 68000
1723231704114 0.17588287320380286 72000
1723231712971 0.1771106814828161 76000
1723231721627 0.17852327012583138 80000
1723231729999 0.17923489035210405 84000
1723231738089 0.18060873605993608 88000
1723231745873 0.1812017387937331 92000
1723231755156 0.18134391639733624 96000
1723231764867 0.1826943882306313 100000
1723231772540 0.18355918330923576 104000
1723231780163 0.18422929682238134 108000
1723231788084 0.18489738751035728 112000
1723231796919 0.18454578482274842 116000
1723231804848 0.183771780894403 120000
1723231812590 0.18300867412702237 124000
1723231820161 0.1822287260518829 128000
1723231827910 0.18155625261792085 132000
1723231835544 0.18095798653752973 136000
1723231843218 0.1800904116897673 140000
1723231850815 0.1793266628225328 144000
1723231858616 0.17885416177884006 148000
1723231866361 0.17816198034242578 152000
1723231874009 0.17780702410618404 156000
1723231881562 0.17756393927183045 160000
1723231889460 0.17679421352083893 164000
1723231897654 0.17652328600544473 168000
1723231905413 0.1758862580488893 172000
1723231912945 0.17526929358173182 176000
1723231920600 0.17488903390601146 180000
1723231928477 0.17436718182627298 184000
1723231936409 0.17410268174253812 188000
1723231944056 0.17400667489745633 192000
1723231951823 0.17385191320495338 196000
1723231959201 0.17377479098944526 200000
1723231966852 0.17356032805232968 204000
1723231974206 0.17334756402442927 208000
1723231981755 0.17326173786047164 212000
1723231989133 0.1731709709397249 216000
1723231997085 0.17261295737536636 220000
1723232004762 0.17244236966578289 224000
1723232012311 0.17223316659474613 228000
1723232019752 0.1720801754812719 232000
1723232027243 0.17195909664758957 236000
1723232034790 0.17188837263212597 240000
1723232042365 0.17177061443699887 244000
1723232050019 0.17167845818896882 248000
1723232057789 0.17165723899544014 252000
1723232065976 0.17162085637602073 256000
1723232073710 0.1714933334091104 260000
1723232080969 0.1714920310179676 264000
1723232088532 0.17127014902709523 268000
1723232096010 0.17112678685701632 272000
1723232103521 0.17096767654333078 276000
1723232111113 0.1707805859920655 280000
1723232118680 0.17068003494087264 284000
1723232126227 0.17064234366805828 288000
1723232133829 0.17048736436498335 292000
1723232141139 0.17033817670708346 296000
1723232148568 0.17015539421738665 300000
1723232156030 0.17012316302836833 304000
1723232163440 0.16995300804296062 308000
1723232171376 0.1697842117386431 312000
1723232178779 0.16965221782917028 316000
1723232186236 0.1696008417161067 320000
1723232193497 0.16941393974231056 324000
1723232201017 0.16929890029859826 328000
1723232208577 0.16914100445638355 332000
1723232216033 0.16913652735111825 336000
1723232223653 0.1689694629945838 340000
1723232231044 0.16904999887291317 344000
1723232238944 0.16881466140611695 348000
1723232246594 0.16869190049215937 352000
1723232253855 0.16867597330359074 356000
1723232260998 0.168559724376408 360000
1723232268846 0.16844477239156558 364000
1723232276499 0.16837810460999406 368000
1723232283943 0.1683878318939731 372000
1723232291317 0.16814256282161288 376000
1723232298939 0.16806023992628868 380000
1723232306440 0.16792919137885523 384000
1723232313929 0.16794183182705433 388000
1723232321256 0.16788639660168214 392000
1723232328650 0.16789693824060892 396000
1723232335866 0.1678614470028944 400000
1723232343391 0.1678782718056045 404000
1723232350707 0.1677629955608755 408000
1723232358187 0.16770397034412216 412000
1723232365467 0.1676552140102494 416000
1723232372703 0.16766495680917815 420000
1723232379910 0.16764493002513295 424000
1723232387325 0.16759683487277274 428000
1723232394688 0.1674770629061868 432000
1723232402068 0.16737384218245047 436000
1723232409220 0.16732760322160395 440000
1723232416523 0.16738488080512964 444000
1723232423841 0.1672865060978485 448000
1723232431207 0.16721424642628768 452000
1723232438464 0.16713685498852698 456000
1723232445625 0.16707924130186458 460000
1723232453288 0.1671459026239134 464000
1723232460525 0.1670520626972084 468000
1723232467696 0.16711138572867057 472000
1723232475082 0.16708442750810132 476000
1723232482415 0.1670027929545827 480000
1723232489665 0.16697131175000302 484000
1723232496993 0.16678566268072714 488000
1723232504568 0.16672486364315295 492000
1723232511978 0.16661259032476405 496000
1723232519499 0.16656119621934262 500000
1723232526823 0.16650323242312104 504000
1723232534268 0.16646801168136488 508000
1723232541771 0.16642826895640186 512000
1723232549476 0.16648648340491357 516000
1723232556866 0.16657013042655852 520000
1723232564306 0.1664859724135125 524000
1723232571735 0.1664469574286134 528000
1723232579076 0.16633907009908358 532000
1723232586585 0.1662846528880701 536000
1723232594137 0.16627922773997383 540000
1723232602291 0.16627152532984707 544000
1723232609986 0.16621109524513575 548000
1723232617414 0.16622491985774043 552000
1723232625049 0.16624643547096585 556000
1723232632544 0.16619665704541375 560000
1723232640045 0.1662562733077277 564000
1723232647510 0.16624749169830202 568000
1723232655042 0.1661717001722321 572000
1723232662563 0.16616833106737605 576000
1723232669956 0.16606188284948573 580000
1723232677382 0.16591913301720898 584000
1723232684890 0.165997188137957 588000
1723232692308 0.1660155928235941 592000
1723232700423 0.1660112041151448 596000
1723232708258 0.16609078760721105 600000
1723232716491 0.16628021674954177 604000
1723232723844 0.16649729105437777 608000
1723232731335 0.16671829842351585 612000
1723232738650 0.16667488491080407 616000
1723232746196 0.16659329980319512 620000
1723232753635 0.16654691204675331 624000
1723232761287 0.16650626607041472 628000
1723232768712 0.16643942842021445 632000
1723232776256 0.16652053563643288 636000
1723232784195 0.16650544029056552 640000
1723232791881 0.1665861059743604 644000
1723232799230 0.16661681173673892 648000
1723232806789 0.1666176624371208 652000
1723232814700 0.16669015494124764 656000
1723232822500 0.16674839213801979 660000
1723232829673 0.16662049119178987 664000
1723232837323 0.1666324824719235 668000
1723232844768 0.16664255261348562 672000
1723232852899 0.16657456781993488 676000
1723232860399 0.16654860826037654 680000
1723232867725 0.16656076525919208 684000
1723232875193 0.16649686471804348 688000
1723232883056 0.16648161158508756 692000
1723232890291 0.16651027129821108 696000
1723232897587 0.16648577535217204 700000
1723232904907 0.16647789224682977 704000
1723232912175 0.16642797685057256 708000
1723232919495 0.16640046568703798 712000
1723232926726 0.16631161022497495 716000
1723232934072 0.16621439335584598 720000
1723232942096 0.16617915499498964 724000
1723232949869 0.1661515423297085 728000
1723232957433 0.16616239374151648 732000
1723232964891 0.16610614003520793 736000
1723232972429 0.16616390922235427 740000
1723232980160 0.1661966300863816 744000
1723232987746 0.16624229897618695 748000
1723232995261 0.16618862903142925 752000
1723233002981 0.16628906593626858 756000
1723233010614 0.1663415767611165 760000
1723233018219 0.16638286195089833 764000
1723233025851 0.166315728197225 768000
1723233033551 0.16632422266772842 772000
1723233040899 0.16625002850186724 776000
1723233048111 0.16630982401057726 780000
1723233055474 0.16621307166272473 784000
1723233062701 0.1662415595491894 788000
1723233069941 0.1661943379958588 792000
1723233077250 0.1661541185193775 796000
1723233084600 0.16602054271885558 800000
