1723217322612 -1.0 4000
1723217337909 -1.0 8000
1723217353033 -1.0 12000
1723217368194 -1.0 16000
1723217383135 -1.0 20000
1723217398323 -1.0 24000
1723217413475 -1.0 28000
1723217428529 -1.0 32000
1723217443827 -1.0 36000
1723217459083 -1.0 40000
1723217474669 -1.0 44000
1723217489925 -1.0 48000
1723217505210 -1.0 52000
1723217520504 -1.0 56000
1723217535607 -1.0 60000
1723217550871 -1.0 64000
1723217566139 -1.0 68000
1723217581425 -1.0 72000
1723217596871 -1.0 76000
1723217612339 -1.0 80000
1723217629712 -1.0 84000
1723217646558 -1.0 88000
1723217663318 -1.0 92000
1723217680414 -1.0 96000
1723217697094 -1.0 100000
1723217713436 -1.0 104000
1723217730178 -1.0 108000
1723217747525 -1.0 112000
1723217764288 -1.0 116000
1723217780022 -1.0 120000
1723217796378 -1.0 124000
1723217812991 -1.0 128000
1723217829972 -1.0 132000
1723217846720 -1.0 136000
1723217864117 -1.0 140000
1723217881196 -1.0 144000
1723217898203 -1.0 148000
1723217915513 -1.0 152000
1723217932681 -1.0 156000
1723217949221 -1.0 160000
1723217966038 -1.0 164000
1723217983094 -1.0 168000
1723217999667 -1.0 172000
1723218015894 -1.0 176000
1723218032524 -1.0 180000
1723218048962 -1.0 184000
1723218065439 -1.0 188000
1723218082288 -1.0 192000
1723218098860 -1.0 196000
1723218115771 -1.0 200000
1723218132646 -1.0 204000
1723218149605 -1.0 208000
1723218166192 -1.0 212000
1723218182853 -1.0 216000
1723218197937 -1.0 220000
1723218214826 -1.0 224000
1723218231359 -1.0 228000
1723218247640 -1.0 232000
1723218263798 -1.0 236000
1723218279816 -1.0 240000
1723218296731 -1.0 244000
1723218313476 -1.0 248000
1723218330099 -1.0 252000
1723218346450 -1.0 256000
1723218362756 -1.0 260000
1723218378682 -1.0 264000
1723218394161 -1.0 268000
1723218410031 -1.0 272000
1723218426129 -1.0 276000
1723218442136 -1.0 280000
1723218457808 -1.0 284000
1723218472709 -1.0 288000
1723218488765 -1.0 292000
1723218504439 -1.0 296000
1723218520112 -1.0 300000
1723218535996 -1.0 304000
1723218551493 -1.0 308000
1723218567926 -1.0 312000
1723218585226 -1.0 316000
1723218601537 -1.0 320000
1723218617810 -1.0 324000
1723218634174 -1.0 328000
1723218650370 -1.0 332000
1723218666984 -1.0 336000
1723218683264 -1.0 340000
1723218699653 -1.0 344000
1723218824368 -1.0 348000
1723218841051 -1.0 352000
1723218857179 -1.0 356000
1723218872441 -1.0 360000
1723218889770 -1.0 364000
1723218904878 -1.0 368000
1723218920306 -1.0 372000
1723218935518 -1.0 376000
1723218951047 -1.0 380000
1723218966501 -1.0 384000
1723218984920 -1.0 388000
1723219006475 -1.0 392000
1723219023289 -1.0 396000
1723219038411 -1.0 400000
1723219052685 -1.0 404000
1723219068903 -1.0 408000
1723219084833 -1.0 412000
1723219100560 -1.0 416000
1723219116560 -1.0 420000
1723219132585 -1.0 424000
1723219149044 -1.0 428000
1723219166408 -1.0 432000
1723219182955 -1.0 436000
1723219199679 -1.0 440000
1723219215701 -1.0 444000
1723219232220 -1.0 448000
1723219248191 -1.0 452000
1723219264433 -1.0 456000
1723219280454 -1.0 460000
1723219296373 -1.0 464000
1723219312545 -1.0 468000
1723219328168 -1.0 472000
1723219345869 -1.0 476000
1723219362390 -1.0 480000
1723219378710 -1.0 484000
1723219394368 -1.0 488000
1723219410536 -1.0 492000
1723219425375 -1.0 496000
1723219440741 -1.0 500000
1723219456553 -1.0 504000
1723219472410 -1.0 508000
1723219487478 -1.0 512000
1723219502853 -1.0 516000
1723219518721 -1.0 520000
1723219534878 -1.0 524000
1723219550512 -1.0 528000
1723219566227 -1.0 532000
1723219582207 -1.0 536000
1723219598414 -1.0 540000
1723219613828 -1.0 544000
1723219631226 -1.0 548000
1723219647046 -1.0 552000
1723219662511 -1.0 556000
1723219678959 -1.0 560000
1723219694574 -1.0 564000
1723219710167 -1.0 568000
1723219725957 -1.0 572000
1723219741511 -1.0 576000
1723219755703 -1.0 580000
1723219771257 -1.0 584000
1723219787787 -1.0 588000
1723219803380 -1.0 592000
1723219818970 -1.0 596000
1723219834634 -1.0 600000
1723219850304 -1.0 604000
1723219867241 -1.0 608000
1723219883519 -1.0 612000
1723219899033 -1.0 616000
1723219914458 -1.0 620000
1723219929594 -1.0 624000
1723219945408 -1.0 628000
1723219961067 -1.0 632000
1723219976573 -1.0 636000
1723219992032 -1.0 640000
1723220007705 -1.0 644000
1723220023076 -1.0 648000
1723220037558 -1.0 652000
1723220052768 -1.0 656000
1723220068414 -1.0 660000
1723220084199 -1.0 664000
1723220099957 -1.0 668000
1723220115401 -1.0 672000
1723220131558 -1.0 676000
1723220147207 -1.0 680000
1723220162713 -1.0 684000
1723220178634 -1.0 688000
1723220194698 -1.0 692000
1723220210371 -1.0 696000
1723220225763 -1.0 700000
1723220240854 -1.0 704000
1723220256975 -1.0 708000
1723220272379 -1.0 712000
1723220288429 -1.0 716000
1723220304232 -1.0 720000
1723220318927 -1.0 724000
1723220334079 -1.0 728000
1723220349574 -1.0 732000
1723220365487 -1.0 736000
1723220381156 -1.0 740000
1723220396844 -1.0 744000
1723220412369 -1.0 748000
1723220428433 -1.0 752000
1723220444476 -1.0 756000
1723220459755 -1.0 760000
1723220475850 -1.0 764000
1723220492468 -1.0 768000
1723220508414 -1.0 772000
1723220524326 -1.0 776000
1723220540110 -1.0 780000
1723220556336 -1.0 784000
1723220571984 -1.0 788000
1723220588317 -1.0 792000
1723220604388 -1.0 796000
1723220619917 -1.0 800000
