1723217322611 0.0 4000
1723217337908 0.0 8000
1723217353032 0.0 12000
1723217368193 0.0 16000
1723217383135 0.0 20000
1723217398322 0.0 24000
1723217413475 0.0 28000
1723217428528 0.0 32000
1723217443826 0.0 36000
1723217459082 0.0 40000
1723217474668 0.0 44000
1723217489924 0.0 48000
1723217505209 0.0 52000
1723217520503 0.0 56000
1723217535607 0.0 60000
1723217550871 0.0 64000
1723217566138 0.0 68000
1723217581423 0.0 72000
1723217596869 0.0 76000
1723217612338 0.0 80000
1723217629711 0.0 84000
1723217646557 0.0 88000
1723217663317 0.0 92000
1723217680413 0.0 96000
1723217697093 0.0 100000
1723217713436 0.0 104000
1723217730177 0.0 108000
1723217747525 0.0 112000
1723217764287 0.0 116000
1723217780022 0.0 120000
1723217796377 0.0 124000
1723217812991 0.0 128000
1723217829971 0.0 132000
1723217846719 0.0 136000
1723217864116 0.0 140000
1723217881196 0.0 144000
1723217898203 0.0 148000
1723217915511 0.0 152000
1723217932680 0.0 156000
1723217949221 0.0 160000
1723217966037 0.0 164000
1723217983093 0.0 168000
1723217999666 0.0 172000
1723218015893 0.0 176000
1723218032523 0.0 180000
1723218048961 0.0 184000
1723218065439 0.0 188000
1723218082287 0.0 192000
1723218098859 0.0 196000
1723218115770 0.0 200000
1723218132645 0.0 204000
1723218149604 0.0 208000
1723218166191 0.0 212000
1723218182853 0.0 216000
1723218197936 0.0 220000
1723218214825 0.0 224000
1723218231358 0.0 228000
1723218247639 0.0 232000
1723218263797 0.0 236000
1723218279815 0.0 240000
1723218296730 0.0 244000
1723218313475 0.0 248000
1723218330098 0.0 252000
1723218346449 0.0 256000
1723218362755 0.0 260000
1723218378681 0.0 264000
1723218394160 0.0 268000
1723218410030 0.0 272000
1723218426129 0.0 276000
1723218442136 0.0 280000
1723218457808 0.0 284000
1723218472708 0.0 288000
1723218488764 0.0 292000
1723218504438 0.0 296000
1723218520111 0.0 300000
1723218535995 0.0 304000
1723218551492 0.0 308000
1723218567925 0.0 312000
1723218585225 0.0 316000
1723218601537 0.0 320000
1723218617810 0.0 324000
1723218634174 0.0 328000
1723218650369 0.0 332000
1723218666983 0.0 336000
1723218683263 0.0 340000
1723218699653 0.0 344000
1723218824367 0.0 348000
1723218841050 0.0 352000
1723218857179 0.0 356000
1723218872440 0.0 360000
1723218889770 0.0 364000
1723218904878 0.0 368000
1723218920306 0.0 372000
1723218935517 0.0 376000
1723218951047 0.0 380000
1723218966500 0.0 384000
1723218984919 0.0 388000
1723219006475 0.0 392000
1723219023289 0.0 396000
1723219038410 0.0 400000
1723219052684 0.0 404000
1723219068902 0.0 408000
1723219084833 0.0 412000
1723219100559 0.0 416000
1723219116559 0.0 420000
1723219132584 0.0 424000
1723219149044 0.0 428000
1723219166408 0.0 432000
1723219182954 0.0 436000
1723219199679 0.0 440000
1723219215700 0.0 444000
1723219232219 0.0 448000
1723219248190 0.0 452000
1723219264432 0.0 456000
1723219280453 0.0 460000
1723219296372 0.0 464000
1723219312544 0.0 468000
1723219328168 0.0 472000
1723219345868 0.0 476000
1723219362389 0.0 480000
1723219378709 0.0 484000
1723219394367 0.0 488000
1723219410535 0.0 492000
1723219425374 0.0 496000
1723219440740 0.0 500000
1723219456552 0.0 504000
1723219472409 0.0 508000
1723219487477 0.0 512000
1723219502852 0.0 516000
1723219518720 0.0 520000
1723219534878 0.0 524000
1723219550512 0.0 528000
1723219566226 0.0 532000
1723219582206 0.0 536000
1723219598413 0.0 540000
1723219613827 0.0 544000
1723219631225 0.0 548000
1723219647045 0.0 552000
1723219662510 0.0 556000
1723219678958 0.0 560000
1723219694573 0.0 564000
1723219710166 0.0 568000
1723219725956 0.0 572000
1723219741511 0.0 576000
1723219755703 0.0 580000
1723219771256 0.0 584000
1723219787787 0.0 588000
1723219803380 0.0 592000
1723219818969 0.0 596000
1723219834633 0.0 600000
1723219850304 0.0 604000
1723219867240 0.0 608000
1723219883518 0.0 612000
1723219899032 0.0 616000
1723219914458 0.0 620000
1723219929593 0.0 624000
1723219945407 0.0 628000
1723219961066 0.0 632000
1723219976572 0.0 636000
1723219992031 0.0 640000
1723220007704 0.0 644000
1723220023075 0.0 648000
1723220037557 0.0 652000
1723220052767 0.0 656000
1723220068413 0.0 660000
1723220084199 0.0 664000
1723220099956 0.0 668000
1723220115401 0.0 672000
1723220131557 0.0 676000
1723220147206 0.0 680000
1723220162713 0.0 684000
1723220178633 0.0 688000
1723220194697 0.0 692000
1723220210370 0.0 696000
1723220225762 0.0 700000
1723220240853 0.0 704000
1723220256974 0.0 708000
1723220272379 0.0 712000
1723220288428 0.0 716000
1723220304232 0.0 720000
1723220318926 0.0 724000
1723220334078 0.0 728000
1723220349574 0.0 732000
1723220365486 0.0 736000
1723220381155 0.0 740000
1723220396843 0.0 744000
1723220412369 0.0 748000
1723220428432 0.0 752000
1723220444475 0.0 756000
1723220459754 0.0 760000
1723220475850 0.0 764000
1723220492468 0.0 768000
1723220508413 0.0 772000
1723220524325 0.0 776000
1723220540109 0.0 780000
1723220556335 0.0 784000
1723220571983 0.0 788000
1723220588316 0.0 792000
1723220604387 0.0 796000
1723220619916 0.0 800000
