1723217322606 64.0 4000
1723217337903 64.0 8000
1723217353025 64.0 12000
1723217368188 64.0 16000
1723217383130 64.0 20000
1723217398317 64.0 24000
1723217413470 64.0 28000
1723217428523 64.0 32000
1723217443821 64.0 36000
1723217459078 64.0 40000
1723217474663 64.0 44000
1723217489919 64.0 48000
1723217505204 64.0 52000
1723217520498 64.0 56000
1723217535602 64.0 60000
1723217550866 64.0 64000
1723217566134 64.0 68000
1723217581419 64.0 72000
1723217596865 64.0 76000
1723217612331 64.0 80000
1723217629706 64.0 84000
1723217646551 64.0 88000
1723217663312 64.0 92000
1723217680407 64.0 96000
1723217697088 64.0 100000
1723217713430 64.0 104000
1723217730172 64.0 108000
1723217747520 64.0 112000
1723217764281 64.0 116000
1723217780017 64.0 120000
1723217796371 64.0 124000
1723217812985 64.0 128000
1723217829966 64.0 132000
1723217846714 64.0 136000
1723217864111 64.0 140000
1723217881187 64.0 144000
1723217898196 64.0 148000
1723217915504 64.0 152000
1723217932675 64.0 156000
1723217949215 64.0 160000
1723217966032 64.0 164000
1723217983088 64.0 168000
1723217999661 64.0 172000
1723218015888 64.0 176000
1723218032518 64.0 180000
1723218048956 64.0 184000
1723218065434 64.0 188000
1723218082282 64.0 192000
1723218098854 64.0 196000
1723218115766 64.0 200000
1723218132640 64.0 204000
1723218149599 64.0 208000
1723218166186 64.0 212000
1723218182848 64.0 216000
1723218197931 64.0 220000
1723218214820 64.0 224000
1723218231353 64.0 228000
1723218247634 64.0 232000
1723218263793 64.0 236000
1723218279810 64.0 240000
1723218296725 64.0 244000
1723218313470 64.0 248000
1723218330093 64.0 252000
1723218346443 64.0 256000
1723218362750 64.0 260000
1723218378676 64.0 264000
1723218394155 64.0 268000
1723218410024 64.0 272000
1723218426124 64.0 276000
1723218442131 64.0 280000
1723218457802 64.0 284000
1723218472703 64.0 288000
1723218488757 64.0 292000
1723218504433 64.0 296000
1723218520106 64.0 300000
1723218535991 64.0 304000
1723218551488 64.0 308000
1723218567921 64.0 312000
1723218585220 64.0 316000
1723218601532 64.0 320000
1723218617805 64.0 324000
1723218634169 64.0 328000
1723218650364 64.0 332000
1723218666977 64.0 336000
1723218683259 64.0 340000
1723218699648 64.0 344000
1723218824363 64.0 348000
1723218841046 64.0 352000
1723218857174 64.0 356000
1723218872435 64.0 360000
1723218889765 64.0 364000
1723218904872 64.0 368000
1723218920301 64.0 372000
1723218935512 64.0 376000
1723218951042 64.0 380000
1723218966495 64.0 384000
1723218984911 64.0 388000
1723219006463 64.0 392000
1723219023284 64.0 396000
1723219038405 64.0 400000
1723219052677 64.0 404000
1723219068896 64.0 408000
1723219084828 64.0 412000
1723219100554 64.0 416000
1723219116554 64.0 420000
1723219132579 64.0 424000
1723219149039 64.0 428000
1723219166403 64.0 432000
1723219182950 64.0 436000
1723219199672 64.0 440000
1723219215695 64.0 444000
1723219232213 64.0 448000
1723219248186 64.0 452000
1723219264427 64.0 456000
1723219280448 64.0 460000
1723219296367 64.0 464000
1723219312539 64.0 468000
1723219328163 64.0 472000
1723219345862 64.0 476000
1723219362384 64.0 480000
1723219378704 64.0 484000
1723219394363 64.0 488000
1723219410530 64.0 492000
1723219425369 64.0 496000
1723219440735 64.0 500000
1723219456547 64.0 504000
1723219472405 64.0 508000
1723219487472 64.0 512000
1723219502847 64.0 516000
1723219518716 64.0 520000
1723219534872 64.0 524000
1723219550507 64.0 528000
1723219566221 64.0 532000
1723219582202 64.0 536000
1723219598408 64.0 540000
1723219613822 64.0 544000
1723219631221 64.0 548000
1723219647041 64.0 552000
1723219662505 64.0 556000
1723219678953 64.0 560000
1723219694569 64.0 564000
1723219710161 64.0 568000
1723219725951 64.0 572000
1723219741506 64.0 576000
1723219755698 64.0 580000
1723219771251 64.0 584000
1723219787782 64.0 588000
1723219803375 64.0 592000
1723219818964 64.0 596000
1723219834628 64.0 600000
1723219850298 64.0 604000
1723219867236 64.0 608000
1723219883513 64.0 612000
1723219899028 64.0 616000
1723219914453 64.0 620000
1723219929588 64.0 624000
1723219945402 64.0 628000
1723219961061 64.0 632000
1723219976567 64.0 636000
1723219992027 64.0 640000
1723220007697 64.0 644000
1723220023070 64.0 648000
1723220037551 64.0 652000
1723220052762 64.0 656000
1723220068406 64.0 660000
1723220084194 64.0 664000
1723220099951 64.0 668000
1723220115395 64.0 672000
1723220131552 64.0 676000
1723220147201 64.0 680000
1723220162708 64.0 684000
1723220178628 64.0 688000
1723220194693 64.0 692000
1723220210360 64.0 696000
1723220225758 64.0 700000
1723220240849 64.0 704000
1723220256967 64.0 708000
1723220272374 64.0 712000
1723220288424 64.0 716000
1723220304227 64.0 720000
1723220318918 64.0 724000
1723220334071 64.0 728000
1723220349569 64.0 732000
1723220365482 64.0 736000
1723220381150 64.0 740000
1723220396838 64.0 744000
1723220412364 64.0 748000
1723220428427 64.0 752000
1723220444470 64.0 756000
1723220459749 64.0 760000
1723220475845 64.0 764000
1723220492463 64.0 768000
1723220508408 64.0 772000
1723220524319 64.0 776000
1723220540104 64.0 780000
1723220556330 64.0 784000
1723220571978 64.0 788000
1723220588311 64.0 792000
1723220604380 64.0 796000
1723220619912 64.0 800000
