1723217322610 84.0 4000
1723217337907 84.0 8000
1723217353030 84.0 12000
1723217368192 84.0 16000
1723217383134 84.0 20000
1723217398321 84.0 24000
1723217413473 84.0 28000
1723217428527 84.0 32000
1723217443825 84.0 36000
1723217459081 84.0 40000
1723217474667 84.0 44000
1723217489923 84.0 48000
1723217505208 84.0 52000
1723217520502 84.0 56000
1723217535606 84.0 60000
1723217550869 84.0 64000
1723217566137 84.0 68000
1723217581422 84.0 72000
1723217596868 84.0 76000
1723217612335 84.0 80000
1723217629710 84.0 84000
1723217646556 84.0 88000
1723217663316 84.0 92000
1723217680412 84.0 96000
1723217697092 84.0 100000
1723217713434 84.0 104000
1723217730176 84.0 108000
1723217747524 84.0 112000
1723217764285 84.0 116000
1723217780021 84.0 120000
1723217796375 84.0 124000
1723217812989 84.0 128000
1723217829970 84.0 132000
1723217846718 84.0 136000
1723217864115 84.0 140000
1723217881195 84.0 144000
1723217898202 84.0 148000
1723217915509 84.0 152000
1723217932679 84.0 156000
1723217949219 84.0 160000
1723217966036 84.0 164000
1723217983092 84.0 168000
1723217999665 84.0 172000
1723218015892 84.0 176000
1723218032522 84.0 180000
1723218048960 84.0 184000
1723218065438 84.0 188000
1723218082286 84.0 192000
1723218098858 84.0 196000
1723218115769 84.0 200000
1723218132644 84.0 204000
1723218149603 84.0 208000
1723218166190 84.0 212000
1723218182852 84.0 216000
1723218197935 84.0 220000
1723218214824 84.0 224000
1723218231357 84.0 228000
1723218247637 84.0 232000
1723218263796 84.0 236000
1723218279814 84.0 240000
1723218296729 84.0 244000
1723218313474 84.0 248000
1723218330097 84.0 252000
1723218346447 84.0 256000
1723218362754 84.0 260000
1723218378680 84.0 264000
1723218394159 84.0 268000
1723218410029 84.0 272000
1723218426128 84.0 276000
1723218442135 84.0 280000
1723218457806 84.0 284000
1723218472707 84.0 288000
1723218488762 84.0 292000
1723218504437 84.0 296000
1723218520110 84.0 300000
1723218535994 84.0 304000
1723218551491 84.0 308000
1723218567924 84.0 312000
1723218585224 84.0 316000
1723218601536 84.0 320000
1723218617809 84.0 324000
1723218634173 84.0 328000
1723218650368 84.0 332000
1723218666982 84.0 336000
1723218683262 84.0 340000
1723218699652 84.0 344000
1723218824366 84.0 348000
1723218841049 84.0 352000
1723218857178 84.0 356000
1723218872439 84.0 360000
1723218889768 84.0 364000
1723218904877 84.0 368000
1723218920305 84.0 372000
1723218935516 84.0 376000
1723218951046 84.0 380000
1723218966499 84.0 384000
1723218984917 84.0 388000
1723219006470 84.0 392000
1723219023288 84.0 396000
1723219038409 84.0 400000
1723219052682 84.0 404000
1723219068901 84.0 408000
1723219084832 84.0 412000
1723219100558 84.0 416000
1723219116558 84.0 420000
1723219132583 84.0 424000
1723219149043 84.0 428000
1723219166407 84.0 432000
1723219182953 84.0 436000
1723219199677 84.0 440000
1723219215699 84.0 444000
1723219232217 84.0 448000
1723219248189 84.0 452000
1723219264430 84.0 456000
1723219280452 84.0 460000
1723219296371 84.0 464000
1723219312543 84.0 468000
1723219328167 84.0 472000
1723219345866 84.0 476000
1723219362388 84.0 480000
1723219378708 84.0 484000
1723219394366 84.0 488000
1723219410534 84.0 492000
1723219425373 84.0 496000
1723219440739 84.0 500000
1723219456551 84.0 504000
1723219472408 84.0 508000
1723219487476 84.0 512000
1723219502851 84.0 516000
1723219518719 84.0 520000
1723219534877 84.0 524000
1723219550510 84.0 528000
1723219566225 84.0 532000
1723219582205 84.0 536000
1723219598412 84.0 540000
1723219613826 84.0 544000
1723219631224 84.0 548000
1723219647044 84.0 552000
1723219662509 84.0 556000
1723219678957 84.0 560000
1723219694572 84.0 564000
1723219710165 84.0 568000
1723219725955 84.0 572000
1723219741510 84.0 576000
1723219755701 84.0 580000
1723219771255 84.0 584000
1723219787785 84.0 588000
1723219803379 84.0 592000
1723219818968 84.0 596000
1723219834632 84.0 600000
1723219850303 84.0 604000
1723219867239 84.0 608000
1723219883517 84.0 612000
1723219899031 84.0 616000
1723219914456 84.0 620000
1723219929592 84.0 624000
1723219945406 84.0 628000
1723219961065 84.0 632000
1723219976571 84.0 636000
1723219992030 84.0 640000
1723220007703 84.0 644000
1723220023074 84.0 648000
1723220037556 84.0 652000
1723220052766 84.0 656000
1723220068411 84.0 660000
1723220084198 84.0 664000
1723220099955 84.0 668000
1723220115399 84.0 672000
1723220131556 84.0 676000
1723220147205 84.0 680000
1723220162712 84.0 684000
1723220178632 84.0 688000
1723220194696 84.0 692000
1723220210368 84.0 696000
1723220225761 84.0 700000
1723220240852 84.0 704000
1723220256973 84.0 708000
1723220272378 84.0 712000
1723220288427 84.0 716000
1723220304231 84.0 720000
1723220318924 84.0 724000
1723220334077 84.0 728000
1723220349573 84.0 732000
1723220365485 84.0 736000
1723220381154 84.0 740000
1723220396842 84.0 744000
1723220412368 84.0 748000
1723220428431 84.0 752000
1723220444474 84.0 756000
1723220459753 84.0 760000
1723220475849 84.0 764000
1723220492467 84.0 768000
1723220508412 84.0 772000
1723220524323 84.0 776000
1723220540108 84.0 780000
1723220556334 84.0 784000
1723220571982 84.0 788000
1723220588315 84.0 792000
1723220604385 84.0 796000
1723220619915 84.0 800000
