1723217322610 1.0 4000
1723217337907 1.0 8000
1723217353029 1.0 12000
1723217368191 1.0 16000
1723217383133 1.0 20000
1723217398320 1.0 24000
1723217413473 1.0 28000
1723217428526 1.0 32000
1723217443825 1.0 36000
1723217459081 1.0 40000
1723217474667 1.0 44000
1723217489923 1.0 48000
1723217505208 1.0 52000
1723217520502 1.0 56000
1723217535605 1.0 60000
1723217550869 1.0 64000
1723217566137 1.0 68000
1723217581422 1.0 72000
1723217596868 1.0 76000
1723217612335 1.0 80000
1723217629709 1.0 84000
1723217646556 1.0 88000
1723217663316 1.0 92000
1723217680412 1.0 96000
1723217697092 1.0 100000
1723217713434 1.0 104000
1723217730176 1.0 108000
1723217747523 1.0 112000
1723217764285 1.0 116000
1723217780020 1.0 120000
1723217796375 1.0 124000
1723217812989 1.0 128000
1723217829970 1.0 132000
1723217846717 1.0 136000
1723217864115 1.0 140000
1723217881194 1.0 144000
1723217898201 1.0 148000
1723217915509 1.0 152000
1723217932679 1.0 156000
1723217949219 1.0 160000
1723217966036 1.0 164000
1723217983092 1.0 168000
1723217999665 1.0 172000
1723218015892 1.0 176000
1723218032522 1.0 180000
1723218048960 1.0 184000
1723218065437 1.0 188000
1723218082285 1.0 192000
1723218098857 1.0 196000
1723218115769 1.0 200000
1723218132643 1.0 204000
1723218149603 1.0 208000
1723218166190 1.0 212000
1723218182851 1.0 216000
1723218197935 1.0 220000
1723218214823 1.0 224000
1723218231356 1.0 228000
1723218247637 1.0 232000
1723218263796 1.0 236000
1723218279813 1.0 240000
1723218296729 1.0 244000
1723218313474 1.0 248000
1723218330097 1.0 252000
1723218346447 1.0 256000
1723218362754 1.0 260000
1723218378680 1.0 264000
1723218394158 1.0 268000
1723218410029 1.0 272000
1723218426127 1.0 276000
1723218442134 1.0 280000
1723218457806 1.0 284000
1723218472707 1.0 288000
1723218488762 1.0 292000
1723218504437 1.0 296000
1723218520110 1.0 300000
1723218535994 1.0 304000
1723218551491 1.0 308000
1723218567924 1.0 312000
1723218585223 1.0 316000
1723218601535 1.0 320000
1723218617808 1.0 324000
1723218634172 1.0 328000
1723218650368 1.0 332000
1723218666981 1.0 336000
1723218683262 1.0 340000
1723218699651 1.0 344000
1723218824366 1.0 348000
1723218841049 1.0 352000
1723218857177 1.0 356000
1723218872438 1.0 360000
1723218889768 1.0 364000
1723218904876 1.0 368000
1723218920304 1.0 372000
1723218935516 1.0 376000
1723218951045 1.0 380000
1723218966499 1.0 384000
1723218984916 1.0 388000
1723219006470 1.0 392000
1723219023287 1.0 396000
1723219038409 1.0 400000
1723219052681 1.0 404000
1723219068900 1.0 408000
1723219084831 1.0 412000
1723219100557 1.0 416000
1723219116558 1.0 420000
1723219132583 1.0 424000
1723219149042 1.0 428000
1723219166406 1.0 432000
1723219182953 1.0 436000
1723219199677 1.0 440000
1723219215699 1.0 444000
1723219232217 1.0 448000
1723219248189 1.0 452000
1723219264430 1.0 456000
1723219280451 1.0 460000
1723219296371 1.0 464000
1723219312543 1.0 468000
1723219328166 1.0 472000
1723219345866 1.0 476000
1723219362387 1.0 480000
1723219378707 1.0 484000
1723219394366 1.0 488000
1723219410534 1.0 492000
1723219425372 1.0 496000
1723219440738 1.0 500000
1723219456551 1.0 504000
1723219472408 1.0 508000
1723219487476 1.0 512000
1723219502850 1.0 516000
1723219518719 1.0 520000
1723219534876 1.0 524000
1723219550510 1.0 528000
1723219566224 1.0 532000
1723219582205 1.0 536000
1723219598412 1.0 540000
1723219613826 1.0 544000
1723219631224 1.0 548000
1723219647044 1.0 552000
1723219662509 1.0 556000
1723219678957 1.0 560000
1723219694572 1.0 564000
1723219710164 1.0 568000
1723219725954 1.0 572000
1723219741509 1.0 576000
1723219755701 1.0 580000
1723219771255 1.0 584000
1723219787785 1.0 588000
1723219803378 1.0 592000
1723219818968 1.0 596000
1723219834631 1.0 600000
1723219850302 1.0 604000
1723219867239 1.0 608000
1723219883516 1.0 612000
1723219899031 1.0 616000
1723219914456 1.0 620000
1723219929591 1.0 624000
1723219945406 1.0 628000
1723219961064 1.0 632000
1723219976570 1.0 636000
1723219992030 1.0 640000
1723220007703 1.0 644000
1723220023074 1.0 648000
1723220037555 1.0 652000
1723220052766 1.0 656000
1723220068411 1.0 660000
1723220084197 1.0 664000
1723220099955 1.0 668000
1723220115399 1.0 672000
1723220131555 1.0 676000
1723220147204 1.0 680000
1723220162711 1.0 684000
1723220178632 1.0 688000
1723220194696 1.0 692000
1723220210367 1.0 696000
1723220225761 1.0 700000
1723220240852 1.0 704000
1723220256972 1.0 708000
1723220272377 1.0 712000
1723220288427 1.0 716000
1723220304230 1.0 720000
1723220318923 1.0 724000
1723220334076 1.0 728000
1723220349572 1.0 732000
1723220365485 1.0 736000
1723220381154 1.0 740000
1723220396842 1.0 744000
1723220412367 1.0 748000
1723220428431 1.0 752000
1723220444474 1.0 756000
1723220459753 1.0 760000
1723220475848 1.0 764000
1723220492466 1.0 768000
1723220508411 1.0 772000
1723220524323 1.0 776000
1723220540107 1.0 780000
1723220556334 1.0 784000
1723220571981 1.0 788000
1723220588314 1.0 792000
1723220604385 1.0 796000
1723220619915 1.0 800000
