1723217322601 0.0 4000
1723217337899 0.0 8000
1723217353019 0.0 12000
1723217368183 0.0 16000
1723217383126 0.0 20000
1723217398313 0.0 24000
1723217413466 0.0 28000
1723217428517 0.0 32000
1723217443814 0.0 36000
1723217459073 0.0 40000
1723217474660 0.0 44000
1723217489915 0.0 48000
1723217505199 0.0 52000
1723217520494 0.0 56000
1723217535598 0.0 60000
1723217550862 0.0 64000
1723217566130 0.0 68000
1723217581415 0.0 72000
1723217596860 0.0 76000
1723217612323 0.0 80000
1723217629702 0.0 84000
1723217646546 0.0 88000
1723217663308 0.0 92000
1723217680402 0.0 96000
1723217697084 0.0 100000
1723217713425 0.0 104000
1723217730168 0.0 108000
1723217747516 0.0 112000
1723217764277 0.0 116000
1723217780013 0.0 120000
1723217796366 0.0 124000
1723217812981 0.0 128000
1723217829962 0.0 132000
1723217846710 0.0 136000
1723217864105 0.0 140000
1723217881182 0.0 144000
1723217898191 0.0 148000
1723217915499 0.0 152000
1723217932671 0.0 156000
1723217949210 0.0 160000
1723217966028 0.0 164000
1723217983084 0.0 168000
1723217999657 0.0 172000
1723218015884 0.0 176000
1723218032514 0.0 180000
1723218048952 0.0 184000
1723218065430 0.0 188000
1723218082278 0.0 192000
1723218098850 0.0 196000
1723218115760 0.0 200000
1723218132636 0.0 204000
1723218149595 0.0 208000
1723218166182 0.0 212000
1723218182844 0.0 216000
1723218197927 0.0 220000
1723218214816 0.0 224000
1723218231348 0.0 228000
1723218247630 0.0 232000
1723218263788 0.0 236000
1723218279805 0.0 240000
1723218296721 0.0 244000
1723218313466 0.0 248000
1723218330089 0.0 252000
1723218346439 0.0 256000
1723218362746 0.0 260000
1723218378672 0.0 264000
1723218394151 0.0 268000
1723218410018 0.0 272000
1723218426120 0.0 276000
1723218442127 0.0 280000
1723218457798 0.0 284000
1723218472699 0.0 288000
1723218488752 0.0 292000
1723218504429 0.0 296000
1723218520102 0.0 300000
1723218535986 0.0 304000
1723218551484 0.0 308000
1723218567916 0.0 312000
1723218585215 0.0 316000
1723218601528 0.0 320000
1723218617801 0.0 324000
1723218634165 0.0 328000
1723218650360 0.0 332000
1723218666973 0.0 336000
1723218683255 0.0 340000
1723218699644 0.0 344000
1723218824359 0.0 348000
1723218841042 0.0 352000
1723218857170 0.0 356000
1723218872431 0.0 360000
1723218889761 0.0 364000
1723218904868 0.0 368000
1723218920297 0.0 372000
1723218935508 0.0 376000
1723218951038 0.0 380000
1723218966491 0.0 384000
1723218984906 0.0 388000
1723219006456 0.0 392000
1723219023280 0.0 396000
1723219038401 0.0 400000
1723219052671 0.0 404000
1723219068892 0.0 408000
1723219084824 0.0 412000
1723219100550 0.0 416000
1723219116550 0.0 420000
1723219132574 0.0 424000
1723219149035 0.0 428000
1723219166399 0.0 432000
1723219182946 0.0 436000
1723219199668 0.0 440000
1723219215691 0.0 444000
1723219232206 0.0 448000
1723219248182 0.0 452000
1723219264423 0.0 456000
1723219280444 0.0 460000
1723219296363 0.0 464000
1723219312535 0.0 468000
1723219328159 0.0 472000
1723219345858 0.0 476000
1723219362380 0.0 480000
1723219378700 0.0 484000
1723219394359 0.0 488000
1723219410527 0.0 492000
1723219425365 0.0 496000
1723219440731 0.0 500000
1723219456543 0.0 504000
1723219472401 0.0 508000
1723219487468 0.0 512000
1723219502843 0.0 516000
1723219518712 0.0 520000
1723219534867 0.0 524000
1723219550503 0.0 528000
1723219566217 0.0 532000
1723219582198 0.0 536000
1723219598404 0.0 540000
1723219613818 0.0 544000
1723219631217 0.0 548000
1723219647036 0.0 552000
1723219662501 0.0 556000
1723219678949 0.0 560000
1723219694565 0.0 564000
1723219710157 0.0 568000
1723219725947 0.0 572000
1723219741502 0.0 576000
1723219755694 0.0 580000
1723219771248 0.0 584000
1723219787778 0.0 588000
1723219803371 0.0 592000
1723219818960 0.0 596000
1723219834624 0.0 600000
1723219850294 0.0 604000
1723219867232 0.0 608000
1723219883509 0.0 612000
1723219899024 0.0 616000
1723219914448 0.0 620000
1723219929584 0.0 624000
1723219945398 0.0 628000
1723219961057 0.0 632000
1723219976563 0.0 636000
1723219992022 0.0 640000
1723220007690 0.0 644000
1723220023066 0.0 648000
1723220037546 0.0 652000
1723220052759 0.0 656000
1723220068401 0.0 660000
1723220084190 0.0 664000
1723220099948 0.0 668000
1723220115391 0.0 672000
1723220131548 0.0 676000
1723220147197 0.0 680000
1723220162704 0.0 684000
1723220178624 0.0 688000
1723220194689 0.0 692000
1723220210352 0.0 696000
1723220225754 0.0 700000
1723220240844 0.0 704000
1723220256963 0.0 708000
1723220272370 0.0 712000
1723220288420 0.0 716000
1723220304223 0.0 720000
1723220318913 0.0 724000
1723220334067 0.0 728000
1723220349565 0.0 732000
1723220365478 0.0 736000
1723220381145 0.0 740000
1723220396834 0.0 744000
1723220412359 0.0 748000
1723220428423 0.0 752000
1723220444466 0.0 756000
1723220459745 0.0 760000
1723220475841 0.0 764000
1723220492459 0.0 768000
1723220508404 0.0 772000
1723220524316 0.0 776000
1723220540100 0.0 780000
1723220556325 0.0 784000
1723220571974 0.0 788000
1723220588306 0.0 792000
1723220604373 0.0 796000
1723220619908 0.0 800000
