1723217322611 0.0 4000
1723217337907 0.0 8000
1723217353031 0.0 12000
1723217368192 0.0 16000
1723217383134 0.0 20000
1723217398321 0.0 24000
1723217413474 0.0 28000
1723217428527 0.0 32000
1723217443825 0.0 36000
1723217459081 0.0 40000
1723217474667 0.0 44000
1723217489923 0.0 48000
1723217505209 0.0 52000
1723217520502 0.0 56000
1723217535606 0.0 60000
1723217550870 0.0 64000
1723217566137 0.0 68000
1723217581423 0.0 72000
1723217596868 0.0 76000
1723217612336 0.0 80000
1723217629710 0.0 84000
1723217646556 0.0 88000
1723217663316 0.0 92000
1723217680413 0.0 96000
1723217697092 0.0 100000
1723217713435 0.0 104000
1723217730176 0.0 108000
1723217747524 0.0 112000
1723217764286 0.0 116000
1723217780021 0.0 120000
1723217796376 0.0 124000
1723217812990 0.0 128000
1723217829970 0.0 132000
1723217846718 0.0 136000
1723217864115 0.0 140000
1723217881195 0.0 144000
1723217898202 0.0 148000
1723217915510 0.0 152000
1723217932680 0.0 156000
1723217949220 0.0 160000
1723217966037 0.0 164000
1723217983093 0.0 168000
1723217999665 0.0 172000
1723218015892 0.0 176000
1723218032522 0.0 180000
1723218048960 0.0 184000
1723218065438 0.0 188000
1723218082286 0.0 192000
1723218098858 0.0 196000
1723218115770 0.0 200000
1723218132644 0.0 204000
1723218149603 0.0 208000
1723218166190 0.0 212000
1723218182852 0.0 216000
1723218197936 0.0 220000
1723218214825 0.0 224000
1723218231357 0.0 228000
1723218247638 0.0 232000
1723218263797 0.0 236000
1723218279814 0.0 240000
1723218296730 0.0 244000
1723218313474 0.0 248000
1723218330097 0.0 252000
1723218346448 0.0 256000
1723218362755 0.0 260000
1723218378680 0.0 264000
1723218394159 0.0 268000
1723218410029 0.0 272000
1723218426128 0.0 276000
1723218442135 0.0 280000
1723218457807 0.0 284000
1723218472708 0.0 288000
1723218488763 0.0 292000
1723218504438 0.0 296000
1723218520110 0.0 300000
1723218535995 0.0 304000
1723218551492 0.0 308000
1723218567925 0.0 312000
1723218585224 0.0 316000
1723218601536 0.0 320000
1723218617809 0.0 324000
1723218634173 0.0 328000
1723218650369 0.0 332000
1723218666982 0.0 336000
1723218683263 0.0 340000
1723218699652 0.0 344000
1723218824367 0.0 348000
1723218841049 0.0 352000
1723218857178 0.0 356000
1723218872439 0.0 360000
1723218889769 0.0 364000
1723218904877 0.0 368000
1723218920305 0.0 372000
1723218935516 0.0 376000
1723218951046 0.0 380000
1723218966499 0.0 384000
1723218984918 0.0 388000
1723219006473 0.0 392000
1723219023288 0.0 396000
1723219038409 0.0 400000
1723219052682 0.0 404000
1723219068901 0.0 408000
1723219084832 0.0 412000
1723219100558 0.0 416000
1723219116558 0.0 420000
1723219132584 0.0 424000
1723219149043 0.0 428000
1723219166407 0.0 432000
1723219182953 0.0 436000
1723219199678 0.0 440000
1723219215699 0.0 444000
1723219232217 0.0 448000
1723219248190 0.0 452000
1723219264431 0.0 456000
1723219280452 0.0 460000
1723219296371 0.0 464000
1723219312543 0.0 468000
1723219328167 0.0 472000
1723219345867 0.0 476000
1723219362388 0.0 480000
1723219378708 0.0 484000
1723219394367 0.0 488000
1723219410534 0.0 492000
1723219425373 0.0 496000
1723219440739 0.0 500000
1723219456551 0.0 504000
1723219472409 0.0 508000
1723219487477 0.0 512000
1723219502851 0.0 516000
1723219518719 0.0 520000
1723219534877 0.0 524000
1723219550511 0.0 528000
1723219566225 0.0 532000
1723219582205 0.0 536000
1723219598412 0.0 540000
1723219613826 0.0 544000
1723219631224 0.0 548000
1723219647045 0.0 552000
1723219662509 0.0 556000
1723219678957 0.0 560000
1723219694573 0.0 564000
1723219710165 0.0 568000
1723219725955 0.0 572000
1723219741510 0.0 576000
1723219755702 0.0 580000
1723219771255 0.0 584000
1723219787786 0.0 588000
1723219803379 0.0 592000
1723219818968 0.0 596000
1723219834632 0.0 600000
1723219850303 0.0 604000
1723219867240 0.0 608000
1723219883517 0.0 612000
1723219899031 0.0 616000
1723219914457 0.0 620000
1723219929592 0.0 624000
1723219945407 0.0 628000
1723219961065 0.0 632000
1723219976571 0.0 636000
1723219992030 0.0 640000
1723220007703 0.0 644000
1723220023074 0.0 648000
1723220037556 0.0 652000
1723220052766 0.0 656000
1723220068412 0.0 660000
1723220084198 0.0 664000
1723220099955 0.0 668000
1723220115400 0.0 672000
1723220131556 0.0 676000
1723220147205 0.0 680000
1723220162712 0.0 684000
1723220178633 0.0 688000
1723220194697 0.0 692000
1723220210369 0.0 696000
1723220225762 0.0 700000
1723220240853 0.0 704000
1723220256973 0.0 708000
1723220272378 0.0 712000
1723220288427 0.0 716000
1723220304231 0.0 720000
1723220318925 0.0 724000
1723220334078 0.0 728000
1723220349573 0.0 732000
1723220365486 0.0 736000
1723220381154 0.0 740000
1723220396842 0.0 744000
1723220412368 0.0 748000
1723220428431 0.0 752000
1723220444475 0.0 756000
1723220459753 0.0 760000
1723220475849 0.0 764000
1723220492467 0.0 768000
1723220508412 0.0 772000
1723220524324 0.0 776000
1723220540108 0.0 780000
1723220556334 0.0 784000
1723220571982 0.0 788000
1723220588315 0.0 792000
1723220604386 0.0 796000
1723220619916 0.0 800000
