1723217322604 0.0 4000
1723217337902 0.0 8000
1723217353024 0.0 12000
1723217368186 0.0 16000
1723217383129 0.0 20000
1723217398315 0.0 24000
1723217413468 0.0 28000
1723217428521 0.0 32000
1723217443818 0.0 36000
1723217459076 0.0 40000
1723217474662 0.0 44000
1723217489918 0.0 48000
1723217505203 0.0 52000
1723217520497 0.0 56000
1723217535600 0.0 60000
1723217550864 0.0 64000
1723217566132 0.0 68000
1723217581417 0.0 72000
1723217596863 0.0 76000
1723217612328 0.0 80000
1723217629705 0.0 84000
1723217646549 0.0 88000
1723217663310 0.0 92000
1723217680406 0.0 96000
1723217697087 0.0 100000
1723217713428 0.0 104000
1723217730171 0.0 108000
1723217747518 0.0 112000
1723217764280 0.0 116000
1723217780016 0.0 120000
1723217796368 0.0 124000
1723217812984 0.0 128000
1723217829965 0.0 132000
1723217846713 0.0 136000
1723217864108 0.0 140000
1723217881185 0.0 144000
1723217898194 0.0 148000
1723217915503 0.0 152000
1723217932674 0.0 156000
1723217949213 0.0 160000
1723217966031 0.0 164000
1723217983087 0.0 168000
1723217999660 0.0 172000
1723218015887 0.0 176000
1723218032517 0.0 180000
1723218048954 0.0 184000
1723218065433 0.0 188000
1723218082281 0.0 192000
1723218098852 0.0 196000
1723218115764 0.0 200000
1723218132639 0.0 204000
1723218149598 0.0 208000
1723218166185 0.0 212000
1723218182847 0.0 216000
1723218197930 0.0 220000
1723218214819 0.0 224000
1723218231351 0.0 228000
1723218247632 0.0 232000
1723218263791 0.0 236000
1723218279808 0.0 240000
1723218296723 0.0 244000
1723218313468 0.0 248000
1723218330092 0.0 252000
1723218346441 0.0 256000
1723218362748 0.0 260000
1723218378675 0.0 264000
1723218394154 0.0 268000
1723218410022 0.0 272000
1723218426122 0.0 276000
1723218442130 0.0 280000
1723218457801 0.0 284000
1723218472702 0.0 288000
1723218488755 0.0 292000
1723218504432 0.0 296000
1723218520105 0.0 300000
1723218535989 0.0 304000
1723218551486 0.0 308000
1723218567919 0.0 312000
1723218585218 0.0 316000
1723218601530 0.0 320000
1723218617804 0.0 324000
1723218634167 0.0 328000
1723218650363 0.0 332000
1723218666976 0.0 336000
1723218683257 0.0 340000
1723218699646 0.0 344000
1723218824361 0.0 348000
1723218841044 0.0 352000
1723218857172 0.0 356000
1723218872433 0.0 360000
1723218889763 0.0 364000
1723218904871 0.0 368000
1723218920300 0.0 372000
1723218935511 0.0 376000
1723218951040 0.0 380000
1723218966494 0.0 384000
1723218984909 0.0 388000
1723219006460 0.0 392000
1723219023282 0.0 396000
1723219038404 0.0 400000
1723219052675 0.0 404000
1723219068895 0.0 408000
1723219084827 0.0 412000
1723219100553 0.0 416000
1723219116553 0.0 420000
1723219132578 0.0 424000
1723219149037 0.0 428000
1723219166402 0.0 432000
1723219182948 0.0 436000
1723219199671 0.0 440000
1723219215693 0.0 444000
1723219232211 0.0 448000
1723219248184 0.0 452000
1723219264425 0.0 456000
1723219280447 0.0 460000
1723219296366 0.0 464000
1723219312538 0.0 468000
1723219328162 0.0 472000
1723219345861 0.0 476000
1723219362383 0.0 480000
1723219378703 0.0 484000
1723219394361 0.0 488000
1723219410529 0.0 492000
1723219425367 0.0 496000
1723219440734 0.0 500000
1723219456546 0.0 504000
1723219472403 0.0 508000
1723219487471 0.0 512000
1723219502846 0.0 516000
1723219518714 0.0 520000
1723219534870 0.0 524000
1723219550506 0.0 528000
1723219566220 0.0 532000
1723219582200 0.0 536000
1723219598407 0.0 540000
1723219613821 0.0 544000
1723219631219 0.0 548000
1723219647039 0.0 552000
1723219662504 0.0 556000
1723219678952 0.0 560000
1723219694567 0.0 564000
1723219710159 0.0 568000
1723219725949 0.0 572000
1723219741504 0.0 576000
1723219755697 0.0 580000
1723219771250 0.0 584000
1723219787780 0.0 588000
1723219803374 0.0 592000
1723219818962 0.0 596000
1723219834627 0.0 600000
1723219850297 0.0 604000
1723219867235 0.0 608000
1723219883511 0.0 612000
1723219899026 0.0 616000
1723219914451 0.0 620000
1723219929587 0.0 624000
1723219945401 0.0 628000
1723219961060 0.0 632000
1723219976566 0.0 636000
1723219992025 0.0 640000
1723220007695 0.0 644000
1723220023069 0.0 648000
1723220037550 0.0 652000
1723220052761 0.0 656000
1723220068404 0.0 660000
1723220084193 0.0 664000
1723220099950 0.0 668000
1723220115394 0.0 672000
1723220131550 0.0 676000
1723220147200 0.0 680000
1723220162707 0.0 684000
1723220178627 0.0 688000
1723220194691 0.0 692000
1723220210357 0.0 696000
1723220225756 0.0 700000
1723220240847 0.0 704000
1723220256966 0.0 708000
1723220272372 0.0 712000
1723220288422 0.0 716000
1723220304226 0.0 720000
1723220318916 0.0 724000
1723220334069 0.0 728000
1723220349568 0.0 732000
1723220365480 0.0 736000
1723220381148 0.0 740000
1723220396836 0.0 744000
1723220412362 0.0 748000
1723220428426 0.0 752000
1723220444469 0.0 756000
1723220459748 0.0 760000
1723220475844 0.0 764000
1723220492461 0.0 768000
1723220508407 0.0 772000
1723220524318 0.0 776000
1723220540103 0.0 780000
1723220556328 0.0 784000
1723220571976 0.0 788000
1723220588309 0.0 792000
1723220604377 0.0 796000
1723220619911 0.0 800000
