1723157948612 4000.0 4000
1723157966376 8000.0 8000
1723157984282 12000.0 12000
1723157998238 16000.0 16000
1723158011220 20000.0 20000
1723158024039 24000.0 24000
1723158036980 28000.0 28000
1723158050864 32000.0 32000
1723158065077 36000.0 36000
1723158079088 40000.0 40000
1723158093178 44000.0 44000
1723158107322 48000.0 48000
1723158121385 52000.0 52000
1723158135428 56000.0 56000
1723158149184 60000.0 60000
1723158163227 64000.0 64000
1723158177231 68000.0 68000
1723158191640 72000.0 72000
1723158205782 76000.0 76000
1723158220063 80000.0 80000
1723158234061 84000.0 84000
1723158248194 88000.0 88000
1723158262207 92000.0 92000
1723158276204 96000.0 96000
1723158290076 100000.0 100000
1723158304245 104000.0 104000
1723158319131 108000.0 108000
1723158333604 112000.0 112000
1723158348166 116000.0 116000
1723158362590 120000.0 120000
1723158377062 124000.0 124000
1723158392789 128000.0 128000
1723158414709 132000.0 132000
1723158430025 136000.0 136000
1723158444602 140000.0 140000
1723158458936 144000.0 144000
1723158473327 148000.0 148000
1723158487739 152000.0 152000
1723158501857 156000.0 156000
1723158516099 160000.0 160000
1723158530480 164000.0 164000
1723158545520 168000.0 168000
1723158560247 172000.0 172000
1723158574970 176000.0 176000
1723158589483 180000.0 180000
1723158603438 184000.0 184000
1723158617224 188000.0 188000
1723158631329 192000.0 192000
1723158645135 196000.0 196000
1723158658691 200000.0 200000
1723158672820 204000.0 204000
1723158687363 208000.0 208000
1723158701593 212000.0 212000
1723158715759 216000.0 216000
1723158730223 220000.0 220000
1723158744548 224000.0 224000
1723158758445 228000.0 228000
1723158772734 232000.0 232000
1723158786610 236000.0 236000
1723158800602 240000.0 240000
1723158814561 244000.0 244000
1723158829000 248000.0 248000
1723158842493 252000.0 252000
1723158856344 256000.0 256000
1723158870621 260000.0 260000
1723158885356 264000.0 264000
1723158899294 268000.0 268000
1723158913897 272000.0 272000
1723158928268 276000.0 276000
1723158942236 280000.0 280000
1723158955872 284000.0 284000
1723158969726 288000.0 288000
1723158983781 292000.0 292000
1723158997290 296000.0 296000
1723159010854 300000.0 300000
1723159024429 304000.0 304000
1723159041332 308000.0 308000
1723159061372 312000.0 312000
1723159081059 316000.0 316000
1723159096048 320000.0 320000
1723159109798 324000.0 324000
1723159123330 328000.0 328000
1723159137100 332000.0 332000
1723159151028 336000.0 336000
1723159164646 340000.0 340000
1723159178314 344000.0 344000
1723159192336 348000.0 348000
1723159205641 352000.0 352000
1723159218836 356000.0 356000
1723159232462 360000.0 360000
1723159246720 364000.0 364000
1723159260116 368000.0 368000
1723159273410 372000.0 372000
1723159287013 376000.0 376000
1723159301053 380000.0 380000
1723159315178 384000.0 384000
1723159328989 388000.0 388000
1723159343002 392000.0 392000
1723159356675 396000.0 396000
1723159370449 400000.0 400000
1723159384731 404000.0 404000
1723159398946 408000.0 408000
1723159412414 412000.0 412000
1723159431003 416000.0 416000
1723159446342 420000.0 420000
1723159460532 424000.0 424000
1723159474814 428000.0 428000
1723159488922 432000.0 432000
1723159502372 436000.0 436000
1723159515607 440000.0 440000
1723159528905 444000.0 444000
1723159542585 448000.0 448000
1723159556204 452000.0 452000
1723159582973 456000.0 456000
1723159601026 460000.0 460000
1723159618274 464000.0 464000
1723159636453 468000.0 468000
1723159654214 472000.0 472000
1723159673970 476000.0 476000
1723159692865 480000.0 480000
1723159710263 484000.0 484000
1723159724909 488000.0 488000
1723159738583 492000.0 492000
1723159751872 496000.0 496000
1723159765590 500000.0 500000
1723159779278 504000.0 504000
1723159793009 508000.0 508000
1723159806510 512000.0 512000
1723159819863 516000.0 516000
1723159834629 520000.0 520000
1723159848576 524000.0 524000
1723159863032 528000.0 528000
1723159877314 532000.0 532000
1723159891345 536000.0 536000
1723159905527 540000.0 540000
1723159919783 544000.0 544000
1723159934133 548000.0 548000
1723159948006 552000.0 552000
1723159962122 556000.0 556000
1723159976389 560000.0 560000
1723159989893 564000.0 564000
1723160003509 568000.0 568000
1723160017322 572000.0 572000
1723160031029 576000.0 576000
1723160044738 580000.0 580000
1723160063025 584000.0 584000
1723160081237 588000.0 588000
1723160099089 592000.0 592000
1723160117002 596000.0 596000
1723160130323 600000.0 600000
1723160142845 604000.0 604000
1723160155442 608000.0 608000
1723160167978 612000.0 612000
1723160180738 616000.0 616000
1723160194061 620000.0 620000
1723160206803 624000.0 624000
1723160219739 628000.0 628000
1723160232623 632000.0 632000
1723160244987 636000.0 636000
1723160257848 640000.0 640000
1723160274780 644000.0 644000
1723160292021 648000.0 648000
1723160309361 652000.0 652000
1723160326907 656000.0 656000
1723160345058 660000.0 660000
1723160362618 664000.0 664000
1723160376921 668000.0 668000
1723160389969 672000.0 672000
1723160403454 676000.0 676000
1723160424814 680000.0 680000
1723160442679 684000.0 684000
1723160460940 688000.0 688000
1723160479319 692000.0 692000
1723160493531 696000.0 696000
1723160506708 700000.0 700000
1723160523311 704000.0 704000
1723160541281 708000.0 708000
1723160560110 712000.0 712000
1723160578796 716000.0 716000
1723160596180 720000.0 720000
1723160614190 724000.0 724000
1723160634934 728000.0 728000
1723160653617 732000.0 732000
1723160672926 736000.0 736000
1723160687819 740000.0 740000
1723160702046 744000.0 744000
1723160715628 748000.0 748000
1723160729147 752000.0 752000
1723160743658 756000.0 756000
1723160756809 760000.0 760000
1723160770698 764000.0 764000
1723160783569 768000.0 768000
1723160796184 772000.0 772000
1723160808803 776000.0 776000
1723160822404 780000.0 780000
1723160835210 784000.0 784000
1723160848128 788000.0 788000
1723160861006 792000.0 792000
1723160873872 796000.0 796000
1723160887686 800000.0 800000
1723160900900 804000.0 804000
1723160913918 808000.0 808000
1723160926584 812000.0 812000
1723160939163 816000.0 816000
1723160953107 820000.0 820000
1723160970899 824000.0 824000
1723160991031 828000.0 828000
1723161004904 832000.0 832000
1723161018123 836000.0 836000
1723161031823 840000.0 840000
1723161044339 844000.0 844000
1723161057050 848000.0 848000
1723161069845 852000.0 852000
1723161082551 856000.0 856000
1723161094939 860000.0 860000
1723161107746 864000.0 864000
1723161119765 868000.0 868000
1723161132182 872000.0 872000
1723161144745 876000.0 876000
1723161156896 880000.0 880000
1723161169321 884000.0 884000
1723161181844 888000.0 888000
1723161194317 892000.0 892000
1723161206472 896000.0 896000
1723161218456 900000.0 900000
1723161230990 904000.0 904000
1723161243387 908000.0 908000
1723161255325 912000.0 912000
1723161267562 916000.0 916000
1723161279675 920000.0 920000
1723161291988 924000.0 924000
1723161303966 928000.0 928000
1723161316077 932000.0 932000
1723161328440 936000.0 936000
1723161340593 940000.0 940000
1723161353071 944000.0 944000
1723161365585 948000.0 948000
1723161378344 952000.0 952000
1723161391131 956000.0 956000
1723161403087 960000.0 960000
1723161415451 964000.0 964000
1723161428008 968000.0 968000
1723161439924 972000.0 972000
1723161452491 976000.0 976000
1723161464739 980000.0 980000
1723161477237 984000.0 984000
1723161489964 988000.0 988000
1723161502680 992000.0 992000
1723161515097 996000.0 996000
1723161527435 1000000.0 1000000
1723161540367 1004000.0 1004000
1723161552895 1008000.0 1008000
1723161565491 1012000.0 1012000
1723161577861 1016000.0 1016000
1723161590238 1020000.0 1020000
1723161602171 1024000.0 1024000
1723161614553 1028000.0 1028000
1723161626776 1032000.0 1032000
1723161639026 1036000.0 1036000
1723161651185 1040000.0 1040000
1723161663538 1044000.0 1044000
1723161675715 1048000.0 1048000
1723161687797 1052000.0 1052000
1723161699538 1056000.0 1056000
1723161711833 1060000.0 1060000
1723161723703 1064000.0 1064000
1723161735718 1068000.0 1068000
1723161747940 1072000.0 1072000
1723161760330 1076000.0 1076000
1723161773050 1080000.0 1080000
1723161785771 1084000.0 1084000
1723161798141 1088000.0 1088000
1723161810620 1092000.0 1092000
1723161823061 1096000.0 1096000
1723161835538 1100000.0 1100000
1723161847294 1104000.0 1104000
1723161859571 1108000.0 1108000
1723161871929 1112000.0 1112000
1723161883943 1116000.0 1116000
1723161896034 1120000.0 1120000
1723161908115 1124000.0 1124000
1723161920411 1128000.0 1128000
1723161932706 1132000.0 1132000
1723161945171 1136000.0 1136000
1723161957338 1140000.0 1140000
1723161969598 1144000.0 1144000
1723161982353 1148000.0 1148000
1723161994710 1152000.0 1152000
1723162007085 1156000.0 1156000
1723162019524 1160000.0 1160000
1723162032091 1164000.0 1164000
1723162044554 1168000.0 1168000
1723162057223 1172000.0 1172000
1723162069621 1176000.0 1176000
1723162082642 1180000.0 1180000
1723162095038 1184000.0 1184000
1723162108113 1188000.0 1188000
1723162120731 1192000.0 1192000
1723162133399 1196000.0 1196000
1723162146030 1200000.0 1200000
