1723147967063 4000.0 4000
1723147979793 8000.0 8000
1723147994278 12000.0 12000
1723148013905 16000.0 16000
1723148031010 20000.0 20000
1723148046186 24000.0 24000
1723148059758 28000.0 28000
1723148071859 32000.0 32000
1723148084676 36000.0 36000
1723148097914 40000.0 40000
1723148111791 44000.0 44000
1723148124157 48000.0 48000
1723148142583 52000.0 52000
1723148155818 56000.0 56000
1723148169059 60000.0 60000
1723148181710 64000.0 64000
1723148194541 68000.0 68000
1723148209356 72000.0 72000
1723148227388 76000.0 76000
1723148243799 80000.0 80000
1723148256611 84000.0 84000
1723148271429 88000.0 88000
1723148289351 92000.0 92000
1723148306973 96000.0 96000
1723148319582 100000.0 100000
1723148331151 104000.0 104000
1723148345156 108000.0 108000
1723148365625 112000.0 112000
1723148379102 116000.0 116000
1723148392465 120000.0 120000
1723148406231 124000.0 124000
1723148418823 128000.0 128000
1723148431870 132000.0 132000
1723148444592 136000.0 136000
1723148457853 140000.0 140000
1723148470773 144000.0 144000
1723148488446 148000.0 148000
1723148501517 152000.0 152000
1723148514634 156000.0 156000
1723148529221 160000.0 160000
1723148542100 164000.0 164000
1723148554936 168000.0 168000
1723148567338 172000.0 172000
1723148583148 176000.0 176000
1723148596427 180000.0 180000
1723148610309 184000.0 184000
1723148622724 188000.0 188000
1723148635996 192000.0 192000
1723148651188 196000.0 196000
1723148665347 200000.0 200000
1723148677422 204000.0 204000
1723148689057 208000.0 208000
1723148707198 212000.0 212000
1723148723825 216000.0 216000
1723148740338 220000.0 220000
1723148756416 224000.0 224000
1723148772444 228000.0 228000
1723148789274 232000.0 232000
1723148808618 236000.0 236000
1723148823907 240000.0 240000
1723148835879 244000.0 244000
1723148848797 248000.0 248000
1723148864997 252000.0 252000
1723148884035 256000.0 256000
1723148904665 260000.0 260000
1723148916559 264000.0 264000
1723148928514 268000.0 268000
1723148940677 272000.0 272000
1723148952352 276000.0 276000
1723148963956 280000.0 280000
1723148977248 284000.0 284000
1723148988934 288000.0 288000
1723149002130 292000.0 292000
1723149014618 296000.0 296000
1723149025881 300000.0 300000
1723149037255 304000.0 304000
1723149049553 308000.0 308000
1723149067494 312000.0 312000
1723149084156 316000.0 316000
1723149103749 320000.0 320000
1723149117431 324000.0 324000
1723149131852 328000.0 328000
1723149150937 332000.0 332000
1723149166380 336000.0 336000
1723149182992 340000.0 340000
1723149199318 344000.0 344000
1723149215869 348000.0 348000
1723149234109 352000.0 352000
1723149247206 356000.0 356000
1723149259520 360000.0 360000
1723149271935 364000.0 364000
1723149283784 368000.0 368000
1723149295674 372000.0 372000
1723149307853 376000.0 376000
1723149320401 380000.0 380000
1723149332491 384000.0 384000
1723149344585 388000.0 388000
1723149356923 392000.0 392000
1723149369027 396000.0 396000
1723149380478 400000.0 400000
1723149392290 404000.0 404000
1723149403779 408000.0 408000
1723149415289 412000.0 412000
1723149427063 416000.0 416000
1723149446004 420000.0 420000
1723149459001 424000.0 424000
1723149470506 428000.0 428000
1723149481938 432000.0 432000
1723149493673 436000.0 436000
1723149505888 440000.0 440000
1723149518207 444000.0 444000
1723149529888 448000.0 448000
1723149541585 452000.0 452000
1723149552958 456000.0 456000
1723149564506 460000.0 460000
1723149576728 464000.0 464000
1723149588349 468000.0 468000
1723149599650 472000.0 472000
1723149611020 476000.0 476000
1723149622402 480000.0 480000
1723149633563 484000.0 484000
1723149644965 488000.0 488000
1723149656033 492000.0 492000
1723149667601 496000.0 496000
1723149678982 500000.0 500000
1723149690337 504000.0 504000
1723149701669 508000.0 508000
1723149712962 512000.0 512000
1723149724339 516000.0 516000
1723149735769 520000.0 520000
1723149747252 524000.0 524000
1723149759185 528000.0 528000
1723149770822 532000.0 532000
1723149782138 536000.0 536000
1723149793449 540000.0 540000
1723149804443 544000.0 544000
1723149815879 548000.0 548000
1723149826947 552000.0 552000
1723149838241 556000.0 556000
1723149850085 560000.0 560000
1723149861263 564000.0 564000
1723149872960 568000.0 568000
1723149884328 572000.0 572000
1723149895685 576000.0 576000
1723149906893 580000.0 580000
1723149918425 584000.0 584000
1723149929841 588000.0 588000
1723149941545 592000.0 592000
1723149952964 596000.0 596000
1723149964820 600000.0 600000
1723149976086 604000.0 604000
1723149987499 608000.0 608000
1723149999034 612000.0 612000
1723150010251 616000.0 616000
1723150021606 620000.0 620000
1723150032901 624000.0 624000
1723150044361 628000.0 628000
1723150055801 632000.0 632000
1723150067190 636000.0 636000
1723150078826 640000.0 640000
1723150090615 644000.0 644000
1723150101939 648000.0 648000
1723150113461 652000.0 652000
1723150124801 656000.0 656000
1723150136233 660000.0 660000
1723150147497 664000.0 664000
1723150158477 668000.0 668000
1723150169684 672000.0 672000
1723150180954 676000.0 676000
1723150192289 680000.0 680000
1723150203384 684000.0 684000
1723150214391 688000.0 688000
1723150225867 692000.0 692000
1723150237229 696000.0 696000
1723150249149 700000.0 700000
1723150260629 704000.0 704000
1723150272096 708000.0 708000
1723150283627 712000.0 712000
1723150295512 716000.0 716000
1723150306704 720000.0 720000
1723150319422 724000.0 724000
1723150330818 728000.0 728000
1723150342127 732000.0 732000
1723150353420 736000.0 736000
1723150365006 740000.0 740000
1723150376318 744000.0 744000
1723150387672 748000.0 748000
1723150399112 752000.0 752000
1723150410837 756000.0 756000
1723150422296 760000.0 760000
1723150433771 764000.0 764000
1723150445010 768000.0 768000
1723150456441 772000.0 772000
1723150467443 776000.0 776000
1723150479368 780000.0 780000
1723150490781 784000.0 784000
1723150505612 788000.0 788000
1723150524351 792000.0 792000
1723150543311 796000.0 796000
1723150557307 800000.0 800000
