1723173953633 0.005947530659195645 4000
1723173968264 0.003664655449949665 8000
1723173984108 0.0033053351037296247 12000
1723173999083 0.004415011700288749 16000
1723174014659 0.0040870563239808295 20000
1723174030096 0.0036684018147142626 24000
1723174046335 0.0041066128530620055 28000
1723174061223 0.0034455899839048033 32000
1723174078172 0.0033149294033172024 36000
1723174093330 0.003486945305341556 40000
1723174108165 0.0049006335342986675 44000
1723174124677 0.0031995920487392095 48000
1723174139247 0.003987740559183109 52000
1723174153140 0.0034587618745403523 56000
1723174167310 0.0032229923907621406 60000
1723174181421 0.0035588499865954436 64000
1723174195998 0.003736338038353404 68000
1723174209803 0.0031278457170651284 72000
1723174224066 0.003787838382485472 76000
1723174238078 0.0032184300599274814 80000
1723174252307 0.0031783689860424963 84000
1723174266655 0.0032039336216302568 88000
1723174280789 0.0032771516729284216 92000
1723174294679 0.003312546529887635 96000
1723174308616 0.0032416096440067996 100000
1723174322340 0.005653870651145387 104000
1723174335982 0.003425574597017265 108000
1723174350335 0.0033289562036961685 112000
1723174364331 0.0030850922619854964 116000
1723174378739 0.00413413260393082 120000
1723174394123 0.004900407187546356 124000
1723174408344 0.003276636571059992 128000
1723174422240 0.003333224190606011 132000
1723174436593 0.0035538794888052973 136000
1723174450667 0.003486209445529514 140000
1723174464531 0.003999169868758962 144000
1723174478444 0.0037686324413911797 148000
1723174492152 0.0032996675770753507 152000
1723174505753 0.003278770564514914 156000
1723174519161 0.003174057713261357 160000
1723174532558 0.003237663945065269 164000
1723174546880 0.003155021910454817 168000
1723174560433 0.003633381407937886 172000
1723174574351 0.004272622826658649 176000
1723174588859 0.0032751648514359084 180000
1723174602435 0.0036531024509006077 184000
1723174616140 0.00319186552071277 188000
1723174630063 0.004103227897926613 192000
1723174643599 0.004181081866040642 196000
1723174657293 0.003373475722324701 200000
1723174671293 0.0031822647144591886 204000
1723174684865 0.0040929258605580275 208000
1723174698592 0.003385323065298575 212000
1723174711798 0.003474656446480457 216000
1723174725156 0.003078560920277978 220000
1723174739051 0.0033476684666887114 224000
1723174752363 0.003297387817759573 228000
1723174765879 0.00325110223558214 232000
1723174779160 0.003481063113850393 236000
1723174792757 0.0032545607766987367 240000
1723174806489 0.0031959406937224957 244000
1723174820222 0.003691146403183172 248000
1723174833663 0.004314313268965217 252000
1723174846810 0.0031778841842839745 256000
1723174860312 0.0035636218977563175 260000
1723174874151 0.003441753266732904 264000
1723174887740 0.0031856974219061007 268000
1723174901067 0.003205258169291932 272000
1723174914703 0.0032680270112591023 276000
1723174927728 0.003282817793481144 280000
1723174941106 0.0033285103592218136 284000
1723174954267 0.0035873901696852695 288000
1723174967757 0.0036026960537757402 292000
1723174981011 0.003409827197039569 296000
1723174994303 0.0035148343922179423 300000
1723175007682 0.0034573810552459916 304000
1723175021046 0.003969301412134994 308000
1723175034406 0.003208937468352141 312000
1723175047494 0.003702625816251025 316000
1723175060470 0.003259121232731327 320000
1723175073956 0.0035509278502645373 324000
1723175087335 0.0037337526863003953 328000
1723175100610 0.003581724049132547 332000
1723175113763 0.00316079255122288 336000
1723175127380 0.0032775196028344425 340000
1723175140613 0.0032805189301696003 344000
1723175153969 0.0032803894561014056 348000
1723175167563 0.0032916190517935785 352000
1723175181356 0.005264709025253484 356000
1723175194545 0.003814329335718979 360000
1723175208623 0.004326769068271299 364000
1723175221307 0.004540355342208959 368000
1723175234253 0.0032945915504738136 372000
1723175248039 0.0033555943288920836 376000
1723175261301 0.003979677035484785 380000
1723175275216 0.003562020320518344 384000
1723175288846 0.003279653596289364 388000
1723175302409 0.0034918755660822364 392000
1723175315712 0.0031622103702874833 396000
1723175329274 0.003697106867660711 400000
1723175342524 0.0034707823609994126 404000
1723175355782 0.003310559708395122 408000
1723175369037 0.0034583939446343314 412000
1723175382108 0.0038247049590687692 416000
1723175395864 0.0031849381270681975 420000
1723175409487 0.003372415711608114 424000
1723175423007 0.004111469527821482 428000
1723175436320 0.0033816437662383654 432000
1723175449750 0.0035932109614086757 436000
1723175462898 0.003980927997165256 440000
1723175476067 0.0033290325840817222 444000
1723175490499 0.0034853264137550636 448000
1723175503493 0.0034998936258303893 452000
1723175517133 0.0032569155280972703 456000
1723175530034 0.003651262801370503 460000
1723175543147 0.0033034554010705104 464000
1723175555102 0.0032612472582774555 468000
1723175567948 0.0034661204726607713 472000
1723175581182 0.0034001874335018206 476000
1723175594550 0.0035300666903272087 480000
1723175608034 0.003581498962601805 484000
1723175621282 0.004382781040521316 488000
1723175634938 0.003334327980324074 492000
1723175648847 0.0032849517869360653 496000
1723175662505 0.0032197546075891565 500000
1723175675883 0.0035498656478582646 504000
1723175689653 0.003274576163586275 508000
1723175703499 0.003271485552375699 512000
1723175717490 0.003122621112399631 516000
1723175731086 0.004156152154230009 520000
1723175744912 0.0032760674440408056 524000
1723175758900 0.003728160151728877 528000
1723175773242 0.0033062917214852793 532000
1723175786700 0.0031560849232278813 536000
1723175800475 0.005274201616828824 540000
1723175813538 0.003344424163238912 544000
1723175826545 0.005723002516193155 548000
1723175839811 0.0036475764718025354 552000
1723175853363 0.0033008463588761693 556000
1723175867619 0.003543606510868779 560000
1723175881432 0.003421306610107422 564000
1723175894855 0.006392579169789697 568000
1723175910158 0.003706673045217255 572000
1723175924121 0.0040218418027147835 576000
1723175937025 0.003456480709123023 580000
1723175950570 0.014560830359365427 584000
1723175963572 0.006984045476089289 588000
1723175976865 0.0044092719937548226 592000
1723175990774 0.003408649821340302 596000
1723176005502 0.003778640134834949 600000
1723176019118 0.003230182173984503 604000
1723176032565 0.003689380339634271 608000
1723176045673 0.003240064338401512 612000
1723176058106 0.0032908386654324 616000
1723176071838 0.0038695942824053917 620000
1723176085579 0.00513203536407857 624000
1723176099264 0.00493923823038737 628000
1723176113450 0.008029702269000771 632000
1723176126586 0.003289341167279869 636000
1723176140602 0.0032548551206235533 640000
1723176153272 0.0036327899256839028 644000
1723176166514 0.0034144631138554324 648000
1723176180346 0.0032860002699930954 652000
1723176194050 0.003856126173042957 656000
1723176207549 0.003619988759358724 660000
1723176220820 0.003678511969650848 664000
1723176234814 0.0032237380932850445 668000
1723176247863 0.003368692633546429 672000
1723176261562 0.0032968727158911434 676000
1723176274865 0.0040471553802490234 680000
1723176289192 0.007506055769577525 684000
1723176302259 0.003968124036435728 688000
1723176314526 0.0035268289071542246 692000
1723176327951 0.004821353488498264 696000
1723176341345 0.0032473493505407263 700000
1723176354766 0.004603971842846839 704000
1723176368492 0.013781992005713192 708000
1723176382053 0.004600595544885706 712000
1723176395406 0.003604535703305845 716000
1723176409358 0.008682840189356713 720000
1723176423268 0.0035295003577123715 724000
1723176436543 0.0034139480119870034 728000
1723176448929 0.0032988595373836566 732000
1723176462233 0.007241698587016695 736000
1723176475883 0.008775790532430014 740000
1723176489196 0.003393239612820782 744000
1723176502999 0.0036294077649528596 748000
1723176516426 0.0067460309168335736 752000
1723176529977 0.00333425439434287 756000
1723176543291 0.0035394121099401404 760000
1723176556946 0.003199109548254858 764000
1723176569965 0.0034484134358205615 768000
1723176583687 0.0035327157856505594 772000
1723176597523 0.003208863882370937 776000
1723176610788 0.0032216678431004654 780000
1723176624221 0.003169175066979103 784000
1723176637357 0.004805238158614548 788000
1723176650683 0.0032711912084508825 792000
1723176663771 0.004439663003992151 796000
1723176677081 0.0032323378103750722 800000
1723176691008 0.0032886960148032197 804000
1723176704858 0.00408225589328342 808000
1723176718274 0.003519985410902235 812000
1723176731541 0.0031341741114486884 816000
1723176744771 0.003373546964803319 820000
1723176758031 0.00309815889672388 824000
1723176771641 0.003190320215107482 828000
1723176785249 0.0034255010110360606 832000
1723176798715 0.0032186508178710938 836000
1723176812016 0.003356477360666534 840000
1723176825584 0.0033387654944311215 844000
1723176839390 0.0036918086770140095 848000
1723176852805 0.003259121232731327 852000
1723176866161 0.003622049166832441 856000
1723176879498 0.0032413888860631872 860000
1723176893295 0.0033491774450374553 864000
1723176907387 0.0032736237641352757 868000
1723176921179 0.003909476009415992 872000
1723176934710 0.004265337814519435 876000
1723176948266 0.003371488900832188 880000
1723176961767 0.0031528909221973296 884000
1723176975534 0.003646921228479456 888000
1723176989042 0.0036031375696629654 892000
1723177002452 0.003222550874874916 896000
1723177015789 0.004122948940889335 900000
1723177029227 0.0033264066658768 904000
1723177042190 0.0033043784859739704 908000
1723177056311 0.003319978713989258 912000
1723177069964 0.0031820785852126133 916000
1723177083470 0.00421355484397548 920000
1723177097250 0.004176776620406139 924000
1723177110641 0.003385323065298575 928000
1723177124249 0.0032633175084620346 932000
1723177137975 0.0034029316750301677 936000
1723177151208 0.003618443453753436 940000
1723177164408 0.003215180167668982 944000
1723177177906 0.003303053938312295 948000
1723177192481 0.0033415047226438097 952000
1723177205843 0.003205331755273136 956000
1723177219459 0.0036171189060917605 960000
1723177232849 0.00319609159155737 964000
1723177246433 0.0034361128594465316 968000
1723177260070 0.0037963007703239533 972000
1723177274339 0.0037526642834698714 976000
1723177287978 0.0033369034896662208 980000
1723177301965 0.003379778145185483 984000
1723177315729 0.0037294111134093485 988000
1723177329331 0.004415747560100791 992000
1723177342457 0.003641402279889142 996000
1723177355624 0.003939204745822483 1000000
1723177369181 0.003492676354701223 1004000
1723177382877 0.004440325277822989 1008000
1723177396571 0.003530949722101659 1012000
1723177410307 0.0034361709783106674 1016000
1723177423750 0.003358664785980419 1020000
1723177437328 0.0032249130780183815 1024000
1723177451094 0.003907047672036253 1028000
1723177464790 0.003346101737316744 1032000
1723177478923 0.0038871339931609524 1036000
1723177492966 0.0032999633271017194 1040000
1723177506874 0.003223932242091698 1044000
1723177520545 0.003235428421585648 1048000
1723177534424 0.003944460753422634 1052000
1723177548264 0.0039269894729425875 1056000
1723177561813 0.0035979865509786725 1060000
1723177575965 0.004797872108749196 1064000
1723177589605 0.004047269274474709 1068000
1723177602425 0.0037061579433488256 1072000
1723177615594 0.005045790731171031 1076000
1723177628940 0.003950978502815152 1080000
1723177641982 0.004127212599212048 1084000
1723177655412 0.0037645852124249496 1088000
1723177668859 0.003329986407433027 1092000
1723177682564 0.0033801720466142817 1096000
1723177696068 0.003245288943067009 1100000
1723177709613 0.004188687193627451 1104000
1723177723108 0.0032403586823263287 1108000
1723177737054 0.0034722281091007184 1112000
1723177750224 0.003288410328052662 1116000
1723177763794 0.003305893794746156 1120000
1723177777167 0.003286705741399451 1124000
1723177790721 0.003322922153237425 1128000
1723177803889 0.0032355020075668524 1132000
1723177817042 0.0036326183634958448 1136000
1723177830549 0.0032703817626576364 1140000
1723177844259 0.0034872489639475378 1144000
1723177858376 0.003513436258575063 1148000
1723177871954 0.003732161916744937 1152000
1723177885619 0.003691514333089193 1156000
1723177899135 0.0032363850393413024 1160000
1723177912735 0.0031782101981247526 1164000
1723177925724 0.003346288280122599 1168000
1723177939337 0.0032822291056315103 1172000
1723177952327 0.003125785309591411 1176000
1723177965676 0.0032647892280861183 1180000
1723177979144 0.003268516141604754 1184000
1723177993072 0.0033104861224139176 1188000
1723178006559 0.0041339868380699625 1192000
1723178019780 0.004181670553890275 1196000
1723178033052 0.003250145617826485 1200000
1723178045163 0.004061608532674951 1204000
1723178058678 0.003347426284978419 1208000
1723178071616 0.0032207112253448108 1212000
1723178084952 0.003213646971149209 1216000
1723178097818 0.003238088765721412 1220000
1723178111144 0.0033663043492957005 1224000
1723178124349 0.003191791934731566 1228000
1723178137681 0.0037377999152666255 1232000
1723178151427 0.003543704937977396 1236000
1723178165190 0.003257504215946904 1240000
1723178178626 0.0032984003236022174 1244000
1723178191692 0.003224611282348633 1248000
1723178205066 0.003710446084380909 1252000
1723178218970 0.003246834248672297 1256000
1723178232298 0.003607331970591604 1260000
1723178245727 0.0031487096714068064 1264000
1723178259229 0.0032493263293223774 1268000
1723178273051 0.003398862885840145 1272000
1723178286357 0.004778600033418632 1276000
1723178299554 0.0032173998561906224 1280000
1723178312906 0.0038073732962016185 1284000
1723178326943 0.0036865840723485123 1288000
1723178340889 0.003726394088179977 1292000
1723178354506 0.003394815656873915 1296000
1723178367838 0.003578486265959563 1300000
1723178381134 0.0035029610777212905 1304000
1723178394729 0.004177623324924045 1308000
1723178407709 0.0033883400905279464 1312000
1723178420912 0.003244185153348946 1316000
1723178434411 0.0032721051744594694 1320000
1723178447742 0.003283687784701963 1324000
1723178461235 0.003230203816920151 1328000
1723178474771 0.003242934191668475 1332000
1723178488247 0.0038125712400788716 1336000
1723178501695 0.00335816983823423 1340000
1723178515722 0.004343292381190047 1344000
1723178529932 0.00391050621315285 1348000
1723178543427 0.0033803806183444465 1352000
1723178556962 0.004175342159506715 1356000
1723178570391 0.003246098388860255 1360000
1723178583534 0.004695110683199726 1364000
1723178597112 0.003752511018400739 1368000
1723178610327 0.003340288444801613 1372000
1723178623483 0.003748617054503641 1376000
1723178636615 0.003491434050195011 1380000
1723178649934 0.0032442067962845946 1384000
1723178662648 0.003269130800977165 1388000
1723178675147 0.0033415394064820842 1392000
1723178688504 0.0032299094729953343 1396000
1723178701611 0.0033160786569854358 1400000
1723178714949 0.0033238354851217833 1404000
1723178728586 0.003488711368890456 1408000
1723178742374 0.003265893017804181 1412000
1723178755605 0.0032997425691581065 1416000
1723178769345 0.0036589658943710812 1420000
1723178782869 0.003649992278859585 1424000
1723178796310 0.004276743641606084 1428000
1723178809879 0.0032257886580479 1432000
1723178823236 0.0032437075475218948 1436000
1723178836127 0.0033366091457414037 1440000
1723178847534 0.00304987158956407 1444000
1723178859333 0.003175308674941828 1448000
1723178871066 0.003029738262200811 1452000
1723178883041 0.0029886946266080125 1456000
1723178895045 0.003185169196423189 1460000
1723178907089 0.003209144254274006 1464000
1723178918388 0.0030806110163403163 1468000
1723178929957 0.0033818645241819783 1472000
1723178942213 0.0035709069098955317 1476000
1723178953889 0.0029934041294050807 1480000
1723178965798 0.0031338018529555377 1484000
1723178977730 0.0032502192038076894 1488000
1723178989867 0.0030006155555630906 1492000
1723179001745 0.003273325201905804 1496000
1723179013760 0.003185463540348006 1500000
1723179025380 0.0031582670274123647 1504000
1723179037300 0.003222182944968895 1508000
1723179049019 0.00321085070386345 1512000
1723179060662 0.003664066762100031 1516000
1723179072634 0.0029714244186498555 1520000
1723179084943 0.003072430815877794 1524000
1723179096603 0.003135572245091568 1528000
1723179108117 0.0033870891288474755 1532000
1723179119717 0.003345528985284696 1536000
1723179131478 0.003451035346513913 1540000
1723179143263 0.0032033346876313416 1544000
1723179154808 0.0030221026620747132 1548000
1723179166528 0.00306906973480419 1552000
1723179177983 0.0032438908094241294 1556000
1723179189818 0.0033697228372832873 1560000
1723179201100 0.0032036364833010903 1564000
1723179212738 0.003114855213529745 1568000
1723179224418 0.0033801720466142817 1572000
1723179236329 0.0030607353022069107 1576000
1723179247946 0.0030286518144018856 1580000
1723179259139 0.0033575724932103377 1584000
1723179270742 0.0031647122936484255 1588000
1723179282435 0.0030967188470157575 1592000
1723179293794 0.0030448407302668067 1596000
1723179305078 0.0032070978188220365 1600000
1723179316187 0.003299292396096622 1604000
1723179327999 0.003080603517132041 1608000
1723179339558 0.0031299797105200497 1612000
1723179350953 0.003282081933669102 1616000
1723179362345 0.003337632318970504 1620000
1723179373632 0.0037128412270847756 1624000
1723179384983 0.0036776065826416016 1628000
1723179396233 0.00350828523989077 1632000
1723179407423 0.0031136403417890996 1636000
1723179418909 0.0034623675876193577 1640000
1723179430588 0.003346536732927153 1644000
1723179441938 0.0031527913646933474 1648000
1723179453285 0.0032010351776317427 1652000
1723179464687 0.003139987403963819 1656000
1723179475993 0.00306669576668445 1660000
1723179487811 0.0033540061757534366 1664000
1723179499225 0.0030828889008540257 1668000
1723179510766 0.0031592669310393155 1672000
1723179522302 0.0030610296461317274 1676000
1723179533942 0.0030587484807143976 1680000
1723179544962 0.003115258185692083 1684000
1723179556224 0.003056982417165497 1688000
1723179567710 0.0034714922492886766 1692000
1723179579101 0.003029314088232723 1696000
1723179590480 0.003044252042417173 1700000
1723179601851 0.00321756001391442 1704000
1723179613146 0.003166919873084551 1708000
1723179624292 0.003016583713484399 1712000
1723179635714 0.0030577918629587433 1716000
1723179646972 0.002988660411470255 1720000
1723179658474 0.003250716607781905 1724000
1723179669899 0.0031010604199068047 1728000
1723179681192 0.003225567900104287 1732000
1723179692544 0.0029752208928393712 1736000
1723179703989 0.0036339700957875192 1740000
1723179715241 0.003016447719139389 1744000
1723179726694 0.0033765663335352768 1748000
1723179738174 0.0030721828436395923 1752000
1723179749550 0.003049035131195445 1756000
1723179760747 0.0030899489367449723 1760000
1723179772191 0.00322468673126607 1764000
1723179784196 0.003055478357205725 1768000
1723179795989 0.0035613407323389877 1772000
1723179807460 0.003298344435515227 1776000
1723179818889 0.0029949494350103682 1780000
1723179830415 0.0030188778646631177 1784000
1723179842593 0.0036032111556441697 1788000
1723179853850 0.0031784728721336083 1792000
1723179865373 0.003040278399432147 1796000
1723179876409 0.0033314581270571107 1800000
1723179888027 0.0031912248898175806 1804000
1723179899479 0.0032569891140784746 1808000
1723179911031 0.003320788159782504 1812000
1723179922405 0.003068682588176963 1816000
1723179933839 0.0030848630674325736 1820000
1723179945160 0.0033136410049245326 1824000
1723179956397 0.0030176875032024617 1828000
1723179967974 0.0031332174936930337 1832000
1723179979271 0.0030456834537967753 1836000
1723179990764 0.0031925277945436077 1840000
1723180002147 0.0033273727078981037 1844000
1723180013325 0.0031520555048813056 1848000
1723180024916 0.003035432973485084 1852000
1723180036557 0.003071552441443926 1856000
1723180048230 0.0031536743964677974 1860000
1723180059766 0.003050927874408191 1864000
1723180071108 0.0038522064306174115 1868000
1723180082514 0.003274870507511092 1872000
1723180093891 0.0036150584986180435 1876000
1723180105064 0.0030243102415108388 1880000
1723180116385 0.0031659026551090815 1884000
1723180127861 0.0033956986886483653 1888000
1723180139390 0.0030148176499354986 1892000
1723180150890 0.00301062324900686 1896000
1723180162036 0.0032172526842282143 1900000
1723180173281 0.0031008439905503217 1904000
1723180184566 0.0030293876742139274 1908000
1723180196161 0.003511155093157733 1912000
1723180207622 0.0030366726863531417 1916000
1723180219017 0.0029938995458517865 1920000
1723180230503 0.0033168853083743325 1924000
1723180241768 0.003076703460128219 1928000
1723180253494 0.0035312440660264757 1932000
1723180264975 0.003127079860419984 1936000
1723180276100 0.0032466134907286844 1940000
1723180287557 0.0030673757384095013 1944000
1723180298790 0.003195471233791775 1948000
1723180310145 0.0029882048345675136 1952000
1723180321915 0.003323216497162242 1956000
1723180333051 0.003242124745875229 1960000
1723180344531 0.003145163572287258 1964000
1723180356177 0.0030295864032332306 1968000
1723180367662 0.0030243102415108388 1972000
1723180379167 0.0032826706215187355 1976000
1723180390551 0.002979275621013877 1980000
1723180401953 0.003092585046306934 1984000
1723180413623 0.0029895040724012586 1988000
1723180425382 0.0030656655629475913 1992000
1723180436835 0.0034421314427882065 1996000
1723180448682 0.00304138218915021 2000000
