1723173953554 1.0 4000
1723173968196 2.0 8000
1723173984024 3.0 12000
1723173999020 4.0 16000
1723174014601 5.0 20000
1723174030027 6.0 24000
1723174046274 7.0 28000
1723174061155 8.0 32000
1723174078109 9.0 36000
1723174093259 10.0 40000
1723174108103 11.0 44000
1723174124607 12.0 48000
1723174139182 13.0 52000
1723174153079 14.0 56000
1723174167252 15.0 60000
1723174181358 16.0 64000
1723174195925 17.0 68000
1723174209738 18.0 72000
1723174224007 19.0 76000
1723174238003 20.0 80000
1723174252245 21.0 84000
1723174266589 22.0 88000
1723174280730 23.0 92000
1723174294617 24.0 96000
1723174308555 25.0 100000
1723174322280 26.0 104000
1723174335923 27.0 108000
1723174350276 28.0 112000
1723174364271 29.0 116000
1723174378682 30.0 120000
1723174394062 31.0 124000
1723174408285 32.0 128000
1723174422183 33.0 132000
1723174436534 34.0 136000
1723174450604 35.0 140000
1723174464472 36.0 144000
1723174478385 37.0 148000
1723174492086 38.0 152000
1723174505696 39.0 156000
1723174519102 40.0 160000
1723174532501 41.0 164000
1723174546822 42.0 168000
1723174560372 43.0 172000
1723174574292 44.0 176000
1723174588797 45.0 180000
1723174602369 46.0 184000
1723174616081 47.0 188000
1723174630004 48.0 192000
1723174643538 49.0 196000
1723174657233 50.0 200000
1723174671230 51.0 204000
1723174684807 52.0 208000
1723174698534 53.0 212000
1723174711737 54.0 216000
1723174725095 55.0 220000
1723174738983 56.0 224000
1723174752303 57.0 228000
1723174765815 58.0 232000
1723174779100 59.0 236000
1723174792685 60.0 240000
1723174806433 61.0 244000
1723174820166 62.0 248000
1723174833607 63.0 252000
1723174846747 64.0 256000
1723174860242 65.0 260000
1723174874091 66.0 264000
1723174887671 67.0 268000
1723174901007 68.0 272000
1723174914644 69.0 276000
1723174927668 70.0 280000
1723174941048 71.0 284000
1723174954210 72.0 288000
1723174967700 73.0 292000
1723174980949 74.0 296000
1723174994242 75.0 300000
1723175007622 76.0 304000
1723175020986 77.0 308000
1723175034344 78.0 312000
1723175047435 79.0 316000
1723175060411 80.0 320000
1723175073895 81.0 324000
1723175087278 82.0 328000
1723175100548 83.0 332000
1723175113701 84.0 336000
1723175127321 85.0 340000
1723175140554 86.0 344000
1723175153910 87.0 348000
1723175167506 88.0 352000
1723175181296 89.0 356000
1723175194486 90.0 360000
1723175208561 91.0 364000
1723175221246 92.0 368000
1723175234195 93.0 372000
1723175247981 94.0 376000
1723175261242 95.0 380000
1723175275141 96.0 384000
1723175288787 97.0 388000
1723175302348 98.0 392000
1723175315655 99.0 396000
1723175329214 100.0 400000
1723175342465 101.0 404000
1723175355721 102.0 408000
1723175368979 103.0 412000
1723175382048 104.0 416000
1723175395802 105.0 420000
1723175409430 106.0 424000
1723175422948 107.0 428000
1723175436259 108.0 432000
1723175449681 109.0 436000
1723175462829 110.0 440000
1723175476007 111.0 444000
1723175490439 112.0 448000
1723175503436 113.0 452000
1723175517074 114.0 456000
1723175529968 115.0 460000
1723175543087 116.0 464000
1723175555044 117.0 468000
1723175567890 118.0 472000
1723175581122 119.0 476000
1723175594492 120.0 480000
1723175607972 121.0 484000
1723175621224 122.0 488000
1723175634879 123.0 492000
1723175648788 124.0 496000
1723175662444 125.0 500000
1723175675823 126.0 504000
1723175689595 127.0 508000
1723175703441 128.0 512000
1723175717424 129.0 516000
1723175731027 130.0 520000
1723175744854 131.0 524000
1723175758842 132.0 528000
1723175773132 133.0 532000
1723175786642 134.0 536000
1723175800398 135.0 540000
1723175813470 136.0 544000
1723175826489 137.0 548000
1723175839752 138.0 552000
1723175853304 139.0 556000
1723175867544 140.0 560000
1723175881365 141.0 564000
1723175894785 142.0 568000
1723175910092 143.0 572000
1723175924053 144.0 576000
1723175936948 145.0 580000
1723175950494 146.0 584000
1723175963502 147.0 588000
1723175976807 148.0 592000
1723175990696 149.0 596000
1723176005438 150.0 600000
1723176019059 151.0 604000
1723176032498 152.0 608000
1723176045610 153.0 612000
1723176058048 154.0 616000
1723176071764 155.0 620000
1723176085515 156.0 624000
1723176099186 157.0 628000
1723176113370 158.0 632000
1723176126524 159.0 636000
1723176140538 160.0 640000
1723176153210 161.0 644000
1723176166453 162.0 648000
1723176180285 163.0 652000
1723176193990 164.0 656000
1723176207481 165.0 660000
1723176220759 166.0 664000
1723176234753 167.0 668000
1723176247803 168.0 672000
1723176261499 169.0 676000
1723176274790 170.0 680000
1723176289128 171.0 684000
1723176302182 172.0 688000
1723176314458 173.0 692000
1723176327878 174.0 696000
1723176341234 175.0 700000
1723176354707 176.0 704000
1723176368423 177.0 708000
1723176381993 178.0 712000
1723176395346 179.0 716000
1723176409297 180.0 720000
1723176423200 181.0 724000
1723176436476 182.0 728000
1723176448863 183.0 732000
1723176462165 184.0 736000
1723176475814 185.0 740000
1723176489136 186.0 744000
1723176502931 187.0 748000
1723176516334 188.0 752000
1723176529901 189.0 756000
1723176543233 190.0 760000
1723176556883 191.0 764000
1723176569905 192.0 768000
1723176583622 193.0 772000
1723176597463 194.0 776000
1723176610729 195.0 780000
1723176624160 196.0 784000
1723176637297 197.0 788000
1723176650618 198.0 792000
1723176663710 199.0 796000
1723176677021 200.0 800000
1723176690946 201.0 804000
1723176704798 202.0 808000
1723176718216 203.0 812000
1723176731481 204.0 816000
1723176744712 205.0 820000
1723176757973 206.0 824000
1723176771578 207.0 828000
1723176785189 208.0 832000
1723176798653 209.0 836000
1723176811958 210.0 840000
1723176825522 211.0 844000
1723176839329 212.0 848000
1723176852747 213.0 852000
1723176866102 214.0 856000
1723176879439 215.0 860000
1723176893238 216.0 864000
1723176907326 217.0 868000
1723176921121 218.0 872000
1723176934649 219.0 876000
1723176948206 220.0 880000
1723176961705 221.0 884000
1723176975472 222.0 888000
1723176988982 223.0 892000
1723177002392 224.0 896000
1723177015730 225.0 900000
1723177029167 226.0 904000
1723177042130 227.0 908000
1723177056252 228.0 912000
1723177069901 229.0 916000
1723177083410 230.0 920000
1723177097190 231.0 924000
1723177110581 232.0 928000
1723177124186 233.0 932000
1723177137915 234.0 936000
1723177151150 235.0 940000
1723177164347 236.0 944000
1723177177846 237.0 948000
1723177192414 238.0 952000
1723177205784 239.0 956000
1723177219399 240.0 960000
1723177232786 241.0 964000
1723177246372 242.0 968000
1723177260004 243.0 972000
1723177274278 244.0 976000
1723177287917 245.0 980000
1723177301905 246.0 984000
1723177315668 247.0 988000
1723177329272 248.0 992000
1723177342397 249.0 996000
1723177355565 250.0 1000000
1723177369117 251.0 1004000
1723177382818 252.0 1008000
1723177396508 253.0 1012000
1723177410247 254.0 1016000
1723177423685 255.0 1020000
1723177437269 256.0 1024000
1723177451033 257.0 1028000
1723177464728 258.0 1032000
1723177478858 259.0 1036000
1723177492876 260.0 1040000
1723177506816 261.0 1044000
1723177520480 262.0 1048000
1723177534363 263.0 1052000
1723177548189 264.0 1056000
1723177561752 265.0 1060000
1723177575903 266.0 1064000
1723177589545 267.0 1068000
1723177602364 268.0 1072000
1723177615532 269.0 1076000
1723177628879 270.0 1080000
1723177641921 271.0 1084000
1723177655346 272.0 1088000
1723177668791 273.0 1092000
1723177682504 274.0 1096000
1723177696009 275.0 1100000
1723177709552 276.0 1104000
1723177723044 277.0 1108000
1723177736993 278.0 1112000
1723177750165 279.0 1116000
1723177763734 280.0 1120000
1723177777107 281.0 1124000
1723177790655 282.0 1128000
1723177803830 283.0 1132000
1723177816982 284.0 1136000
1723177830486 285.0 1140000
1723177844198 286.0 1144000
1723177858317 287.0 1148000
1723177871893 288.0 1152000
1723177885557 289.0 1156000
1723177899075 290.0 1160000
1723177912674 291.0 1164000
1723177925662 292.0 1168000
1723177939275 293.0 1172000
1723177952267 294.0 1176000
1723177965617 295.0 1180000
1723177979078 296.0 1184000
1723177993013 297.0 1188000
1723178006499 298.0 1192000
1723178019720 299.0 1196000
1723178032983 300.0 1200000
1723178045103 301.0 1204000
1723178058619 302.0 1208000
1723178071555 303.0 1212000
1723178084892 304.0 1216000
1723178097757 305.0 1220000
1723178111083 306.0 1224000
1723178124290 307.0 1228000
1723178137617 308.0 1232000
1723178151364 309.0 1236000
1723178165121 310.0 1240000
1723178178565 311.0 1244000
1723178191635 312.0 1248000
1723178205006 313.0 1252000
1723178218907 314.0 1256000
1723178232239 315.0 1260000
1723178245659 316.0 1264000
1723178259169 317.0 1268000
1723178272990 318.0 1272000
1723178286298 319.0 1276000
1723178299495 320.0 1280000
1723178312846 321.0 1284000
1723178326883 322.0 1288000
1723178340829 323.0 1292000
1723178354446 324.0 1296000
1723178367778 325.0 1300000
1723178381071 326.0 1304000
1723178394666 327.0 1308000
1723178407648 328.0 1312000
1723178420848 329.0 1316000
1723178434350 330.0 1320000
1723178447681 331.0 1324000
1723178461173 332.0 1328000
1723178474710 333.0 1332000
1723178488186 334.0 1336000
1723178501635 335.0 1340000
1723178515662 336.0 1344000
1723178529861 337.0 1348000
1723178543337 338.0 1352000
1723178556902 339.0 1356000
1723178570328 340.0 1360000
1723178583474 341.0 1364000
1723178597053 342.0 1368000
1723178610267 343.0 1372000
1723178623423 344.0 1376000
1723178636555 345.0 1380000
1723178649873 346.0 1384000
1723178662538 347.0 1388000
1723178675087 348.0 1392000
1723178688443 349.0 1396000
1723178701551 350.0 1400000
1723178714888 351.0 1404000
1723178728525 352.0 1408000
1723178742308 353.0 1412000
1723178755544 354.0 1416000
1723178769285 355.0 1420000
1723178782807 356.0 1424000
1723178796247 357.0 1428000
1723178809819 358.0 1432000
1723178823173 359.0 1436000
1723178836070 360.0 1440000
1723178847477 361.0 1444000
1723178859276 362.0 1448000
1723178871010 363.0 1452000
1723178882984 364.0 1456000
1723178894989 365.0 1460000
1723178907032 366.0 1464000
1723178918331 367.0 1468000
1723178929900 368.0 1472000
1723178942155 369.0 1476000
1723178953832 370.0 1480000
1723178965741 371.0 1484000
1723178977672 372.0 1488000
1723178989811 373.0 1492000
1723179001684 374.0 1496000
1723179013700 375.0 1500000
1723179025318 376.0 1504000
1723179037239 377.0 1508000
1723179048963 378.0 1512000
1723179060605 379.0 1516000
1723179072577 380.0 1520000
1723179084886 381.0 1524000
1723179096547 382.0 1528000
1723179108054 383.0 1532000
1723179119662 384.0 1536000
1723179131422 385.0 1540000
1723179143206 386.0 1544000
1723179154752 387.0 1548000
1723179166468 388.0 1552000
1723179177926 389.0 1556000
1723179189763 390.0 1560000
1723179201045 391.0 1564000
1723179212680 392.0 1568000
1723179224359 393.0 1572000
1723179236273 394.0 1576000
1723179247890 395.0 1580000
1723179259083 396.0 1584000
1723179270685 397.0 1588000
1723179282378 398.0 1592000
1723179293737 399.0 1596000
1723179305022 400.0 1600000
1723179316130 401.0 1604000
1723179327942 402.0 1608000
1723179339500 403.0 1612000
1723179350896 404.0 1616000
1723179362288 405.0 1620000
1723179373575 406.0 1624000
1723179384926 407.0 1628000
1723179396177 408.0 1632000
1723179407367 409.0 1636000
1723179418853 410.0 1640000
1723179430531 411.0 1644000
1723179441881 412.0 1648000
1723179453229 413.0 1652000
1723179464627 414.0 1656000
1723179475935 415.0 1660000
1723179487751 416.0 1664000
1723179499168 417.0 1668000
1723179510705 418.0 1672000
1723179522244 419.0 1676000
1723179533886 420.0 1680000
1723179544906 421.0 1684000
1723179556166 422.0 1688000
1723179567653 423.0 1692000
1723179579045 424.0 1696000
1723179590424 425.0 1700000
1723179601792 426.0 1704000
1723179613090 427.0 1708000
1723179624236 428.0 1712000
1723179635657 429.0 1716000
1723179646915 430.0 1720000
1723179658418 431.0 1724000
1723179669843 432.0 1728000
1723179681136 433.0 1732000
1723179692487 434.0 1736000
1723179703933 435.0 1740000
1723179715185 436.0 1744000
1723179726637 437.0 1748000
1723179738091 438.0 1752000
1723179749494 439.0 1756000
1723179760691 440.0 1760000
1723179772136 441.0 1764000
1723179784139 442.0 1768000
1723179795933 443.0 1772000
1723179807404 444.0 1776000
1723179818833 445.0 1780000
1723179830358 446.0 1784000
1723179842532 447.0 1788000
1723179853792 448.0 1792000
1723179865313 449.0 1796000
1723179876352 450.0 1800000
1723179887967 451.0 1804000
1723179899424 452.0 1808000
1723179910974 453.0 1812000
1723179922348 454.0 1816000
1723179933781 455.0 1820000
1723179945099 456.0 1824000
1723179956340 457.0 1828000
1723179967912 458.0 1832000
1723179979215 459.0 1836000
1723179990707 460.0 1840000
1723180002090 461.0 1844000
1723180013269 462.0 1848000
1723180024859 463.0 1852000
1723180036500 464.0 1856000
1723180048174 465.0 1860000
1723180059708 466.0 1864000
1723180071049 467.0 1868000
1723180082458 468.0 1872000
1723180093835 469.0 1876000
1723180105006 470.0 1880000
1723180116328 471.0 1884000
1723180127805 472.0 1888000
1723180139334 473.0 1892000
1723180150834 474.0 1896000
1723180161979 475.0 1900000
1723180173225 476.0 1904000
1723180184509 477.0 1908000
1723180196104 478.0 1912000
1723180207565 479.0 1916000
1723180218961 480.0 1920000
1723180230446 481.0 1924000
1723180241710 482.0 1928000
1723180253429 483.0 1932000
1723180264914 484.0 1936000
1723180276043 485.0 1940000
1723180287501 486.0 1944000
1723180298732 487.0 1948000
1723180310087 488.0 1952000
1723180321859 489.0 1956000
1723180332993 490.0 1960000
1723180344474 491.0 1964000
1723180356119 492.0 1968000
1723180367605 493.0 1972000
1723180379111 494.0 1976000
1723180390493 495.0 1980000
1723180401897 496.0 1984000
1723180413567 497.0 1988000
1723180425326 498.0 1992000
1723180436775 499.0 1996000
1723180448625 500.0 2000000
