1723173953543 0.0 4000
1723173968187 0.0 8000
1723173984015 0.0 12000
1723173999011 0.0 16000
1723174014592 0.0 20000
1723174030018 0.0 24000
1723174046266 0.0 28000
1723174061146 0.0 32000
1723174078101 0.0 36000
1723174093250 0.0 40000
1723174108095 0.0 44000
1723174124599 0.0 48000
1723174139173 0.0 52000
1723174153070 0.0 56000
1723174167243 0.0 60000
1723174181349 0.0 64000
1723174195915 0.0 68000
1723174209729 0.0 72000
1723174223999 0.0 76000
1723174237994 0.0 80000
1723174252236 0.0 84000
1723174266580 0.0 88000
1723174280722 0.0 92000
1723174294608 0.0 96000
1723174308546 0.0 100000
1723174322271 0.0 104000
1723174335914 0.0 108000
1723174350268 0.0 112000
1723174364263 0.0 116000
1723174378673 0.0 120000
1723174394053 0.0 124000
1723174408276 0.0 128000
1723174422173 0.0 132000
1723174436525 0.0 136000
1723174450596 0.0 140000
1723174464463 0.0 144000
1723174478376 0.0 148000
1723174492077 0.0 152000
1723174505687 0.0 156000
1723174519094 0.0 160000
1723174532493 0.0 164000
1723174546812 0.0 168000
1723174560364 0.0 172000
1723174574284 0.0 176000
1723174588787 0.0 180000
1723174602361 0.0 184000
1723174616072 0.0 188000
1723174629996 0.0 192000
1723174643530 0.0 196000
1723174657224 0.0 200000
1723174671222 0.0 204000
1723174684799 0.0 208000
1723174698525 0.0 212000
1723174711728 0.0 216000
1723174725085 0.0 220000
1723174738974 0.0 224000
1723174752295 0.0 228000
1723174765806 0.0 232000
1723174779091 0.0 236000
1723174792676 0.0 240000
1723174806424 0.0 244000
1723174820157 0.0 248000
1723174833599 0.0 252000
1723174846738 0.0 256000
1723174860234 0.0 260000
1723174874080 0.0 264000
1723174887662 0.0 268000
1723174900998 0.0 272000
1723174914635 0.0 276000
1723174927660 0.0 280000
1723174941040 0.0 284000
1723174954202 0.0 288000
1723174967693 0.0 292000
1723174980940 0.0 296000
1723174994233 0.0 300000
1723175007614 0.0 304000
1723175020978 0.0 308000
1723175034336 0.0 312000
1723175047425 0.0 316000
1723175060402 0.0 320000
1723175073886 0.0 324000
1723175087269 0.0 328000
1723175100540 0.0 332000
1723175113693 0.0 336000
1723175127312 0.0 340000
1723175140545 0.0 344000
1723175153902 0.0 348000
1723175167497 0.0 352000
1723175181288 0.0 356000
1723175194478 0.0 360000
1723175208551 0.0 364000
1723175221237 0.0 368000
1723175234187 0.0 372000
1723175247973 0.0 376000
1723175261232 0.0 380000
1723175275129 0.0 384000
1723175288778 0.0 388000
1723175302340 0.0 392000
1723175315647 0.0 396000
1723175329205 0.0 400000
1723175342456 0.0 404000
1723175355713 0.0 408000
1723175368971 0.0 412000
1723175382040 0.0 416000
1723175395793 0.0 420000
1723175409420 0.0 424000
1723175422939 0.0 428000
1723175436251 0.0 432000
1723175449671 0.0 436000
1723175462820 0.0 440000
1723175475997 0.0 444000
1723175490430 0.0 448000
1723175503427 0.0 452000
1723175517064 0.0 456000
1723175529958 0.0 460000
1723175543078 0.0 464000
1723175555031 0.0 468000
1723175567881 0.0 472000
1723175581113 0.0 476000
1723175594482 0.0 480000
1723175607960 0.0 484000
1723175621215 0.0 488000
1723175634870 0.0 492000
1723175648780 0.0 496000
1723175662435 0.0 500000
1723175675815 0.0 504000
1723175689586 0.0 508000
1723175703431 0.0 512000
1723175717414 0.0 516000
1723175731019 0.0 520000
1723175744845 0.0 524000
1723175758833 0.0 528000
1723175773121 0.0 532000
1723175786634 0.0 536000
1723175800388 0.0 540000
1723175813455 0.0 544000
1723175826480 0.0 548000
1723175839744 0.0 552000
1723175853294 0.0 556000
1723175867504 0.0 560000
1723175881357 0.0 564000
1723175894769 0.0 568000
1723175910081 0.0 572000
1723175924043 0.0 576000
1723175936932 0.0 580000
1723175950482 0.0 584000
1723175963491 0.0 588000
1723175976798 0.0 592000
1723175990682 0.0 596000
1723176005429 0.0 600000
1723176019050 0.0 604000
1723176032480 0.0 608000
1723176045601 0.0 612000
1723176058039 0.0 616000
1723176071751 0.0 620000
1723176085502 0.0 624000
1723176099156 0.0 628000
1723176113361 0.0 632000
1723176126515 0.0 636000
1723176140525 0.0 640000
1723176153199 0.0 644000
1723176166444 0.0 648000
1723176180275 0.0 652000
1723176193981 0.0 656000
1723176207472 0.0 660000
1723176220750 0.0 664000
1723176234745 0.0 668000
1723176247795 0.0 672000
1723176261491 0.0 676000
1723176274781 0.0 680000
1723176289118 0.0 684000
1723176302167 0.0 688000
1723176314448 0.0 692000
1723176327867 0.0 696000
1723176341219 0.0 700000
1723176354689 0.0 704000
1723176368414 0.0 708000
1723176381985 0.0 712000
1723176395337 0.0 716000
1723176409282 0.0 720000
1723176423189 0.0 724000
1723176436468 0.0 728000
1723176448854 0.0 732000
1723176462155 0.0 736000
1723176475804 0.0 740000
1723176489126 0.0 744000
1723176502918 0.0 748000
1723176516319 0.0 752000
1723176529890 0.0 756000
1723176543224 0.0 760000
1723176556872 0.0 764000
1723176569896 0.0 768000
1723176583613 0.0 772000
1723176597455 0.0 776000
1723176610720 0.0 780000
1723176624152 0.0 784000
1723176637289 0.0 788000
1723176650610 0.0 792000
1723176663702 0.0 796000
1723176677013 0.0 800000
1723176690938 0.0 804000
1723176704789 0.0 808000
1723176718208 0.0 812000
1723176731472 0.0 816000
1723176744703 0.0 820000
1723176757964 0.0 824000
1723176771569 0.0 828000
1723176785181 0.0 832000
1723176798644 0.0 836000
1723176811949 0.0 840000
1723176825514 0.0 844000
1723176839320 0.0 848000
1723176852739 0.0 852000
1723176866094 0.0 856000
1723176879431 0.0 860000
1723176893228 0.0 864000
1723176907317 0.0 868000
1723176921112 0.0 872000
1723176934641 0.0 876000
1723176948198 0.0 880000
1723176961696 0.0 884000
1723176975463 0.0 888000
1723176988973 0.0 892000
1723177002383 0.0 896000
1723177015722 0.0 900000
1723177029158 0.0 904000
1723177042122 0.0 908000
1723177056243 0.0 912000
1723177069893 0.0 916000
1723177083401 0.0 920000
1723177097182 0.0 924000
1723177110573 0.0 928000
1723177124173 0.0 932000
1723177137905 0.0 936000
1723177151141 0.0 940000
1723177164338 0.0 944000
1723177177837 0.0 948000
1723177192406 0.0 952000
1723177205775 0.0 956000
1723177219391 0.0 960000
1723177232778 0.0 964000
1723177246363 0.0 968000
1723177259996 0.0 972000
1723177274269 0.0 976000
1723177287908 0.0 980000
1723177301896 0.0 984000
1723177315658 0.0 988000
1723177329263 0.0 992000
1723177342388 0.0 996000
1723177355557 0.0 1000000
1723177369108 0.0 1004000
1723177382809 0.0 1008000
1723177396499 0.0 1012000
1723177410238 0.0 1016000
1723177423676 0.0 1020000
1723177437260 0.0 1024000
1723177451024 0.0 1028000
1723177464720 0.0 1032000
1723177478849 0.0 1036000
1723177492868 0.0 1040000
1723177506806 0.0 1044000
1723177520467 0.0 1048000
1723177534355 0.0 1052000
1723177548179 0.0 1056000
1723177561743 0.0 1060000
1723177575894 0.0 1064000
1723177589536 0.0 1068000
1723177602355 0.0 1072000
1723177615524 0.0 1076000
1723177628871 0.0 1080000
1723177641913 0.0 1084000
1723177655337 0.0 1088000
1723177668781 0.0 1092000
1723177682495 0.0 1096000
1723177696000 0.0 1100000
1723177709544 0.0 1104000
1723177723036 0.0 1108000
1723177736984 0.0 1112000
1723177750156 0.0 1116000
1723177763722 0.0 1120000
1723177777098 0.0 1124000
1723177790647 0.0 1128000
1723177803821 0.0 1132000
1723177816974 0.0 1136000
1723177830477 0.0 1140000
1723177844190 0.0 1144000
1723177858309 0.0 1148000
1723177871885 0.0 1152000
1723177885548 0.0 1156000
1723177899065 0.0 1160000
1723177912665 0.0 1164000
1723177925652 0.0 1168000
1723177939267 0.0 1172000
1723177952258 0.0 1176000
1723177965608 0.0 1180000
1723177979069 0.0 1184000
1723177993004 0.0 1188000
1723178006490 0.0 1192000
1723178019711 0.0 1196000
1723178032973 0.0 1200000
1723178045095 0.0 1204000
1723178058611 0.0 1208000
1723178071546 0.0 1212000
1723178084883 0.0 1216000
1723178097749 0.0 1220000
1723178111075 0.0 1224000
1723178124281 0.0 1228000
1723178137606 0.0 1232000
1723178151354 0.0 1236000
1723178165112 0.0 1240000
1723178178556 0.0 1244000
1723178191625 0.0 1248000
1723178204997 0.0 1252000
1723178218899 0.0 1256000
1723178232230 0.0 1260000
1723178245649 0.0 1264000
1723178259160 0.0 1268000
1723178272981 0.0 1272000
1723178286289 0.0 1276000
1723178299486 0.0 1280000
1723178312838 0.0 1284000
1723178326873 0.0 1288000
1723178340820 0.0 1292000
1723178354436 0.0 1296000
1723178367768 0.0 1300000
1723178381063 0.0 1304000
1723178394653 0.0 1308000
1723178407639 0.0 1312000
1723178420839 0.0 1316000
1723178434342 0.0 1320000
1723178447673 0.0 1324000
1723178461165 0.0 1328000
1723178474697 0.0 1332000
1723178488178 0.0 1336000
1723178501627 0.0 1340000
1723178515648 0.0 1344000
1723178529853 0.0 1348000
1723178543328 0.0 1352000
1723178556893 0.0 1356000
1723178570318 0.0 1360000
1723178583465 0.0 1364000
1723178597043 0.0 1368000
1723178610258 0.0 1372000
1723178623413 0.0 1376000
1723178636547 0.0 1380000
1723178649864 0.0 1384000
1723178662523 0.0 1388000
1723178675078 0.0 1392000
1723178688427 0.0 1396000
1723178701542 0.0 1400000
1723178714879 0.0 1404000
1723178728513 0.0 1408000
1723178742299 0.0 1412000
1723178755536 0.0 1416000
1723178769277 0.0 1420000
1723178782799 0.0 1424000
1723178796238 0.0 1428000
1723178809810 0.0 1432000
1723178823164 0.0 1436000
1723178836062 0.0 1440000
1723178847469 0.0 1444000
1723178859268 0.0 1448000
1723178871002 0.0 1452000
1723178882976 0.0 1456000
1723178894981 0.0 1460000
1723178907023 0.0 1464000
1723178918323 0.0 1468000
1723178929892 0.0 1472000
1723178942148 0.0 1476000
1723178953824 0.0 1480000
1723178965732 0.0 1484000
1723178977664 0.0 1488000
1723178989803 0.0 1492000
1723179001675 0.0 1496000
1723179013691 0.0 1500000
1723179025309 0.0 1504000
1723179037231 0.0 1508000
1723179048955 0.0 1512000
1723179060597 0.0 1516000
1723179072569 0.0 1520000
1723179084878 0.0 1524000
1723179096539 0.0 1528000
1723179108044 0.0 1532000
1723179119654 0.0 1536000
1723179131413 0.0 1540000
1723179143198 0.0 1544000
1723179154744 0.0 1548000
1723179166459 0.0 1552000
1723179177918 0.0 1556000
1723179189755 0.0 1560000
1723179201037 0.0 1564000
1723179212672 0.0 1568000
1723179224351 0.0 1572000
1723179236264 0.0 1576000
1723179247881 0.0 1580000
1723179259074 0.0 1584000
1723179270677 0.0 1588000
1723179282369 0.0 1592000
1723179293729 0.0 1596000
1723179305014 0.0 1600000
1723179316122 0.0 1604000
1723179327934 0.0 1608000
1723179339491 0.0 1612000
1723179350888 0.0 1616000
1723179362279 0.0 1620000
1723179373567 0.0 1624000
1723179384918 0.0 1628000
1723179396169 0.0 1632000
1723179407358 0.0 1636000
1723179418845 0.0 1640000
1723179430523 0.0 1644000
1723179441873 0.0 1648000
1723179453221 0.0 1652000
1723179464618 0.0 1656000
1723179475927 0.0 1660000
1723179487743 0.0 1664000
1723179499159 0.0 1668000
1723179510696 0.0 1672000
1723179522236 0.0 1676000
1723179533878 0.0 1680000
1723179544898 0.0 1684000
1723179556157 0.0 1688000
1723179567644 0.0 1692000
1723179579037 0.0 1696000
1723179590415 0.0 1700000
1723179601784 0.0 1704000
1723179613082 0.0 1708000
1723179624228 0.0 1712000
1723179635648 0.0 1716000
1723179646907 0.0 1720000
1723179658409 0.0 1724000
1723179669835 0.0 1728000
1723179681128 0.0 1732000
1723179692478 0.0 1736000
1723179703925 0.0 1740000
1723179715177 0.0 1744000
1723179726629 0.0 1748000
1723179738083 0.0 1752000
1723179749485 0.0 1756000
1723179760683 0.0 1760000
1723179772128 0.0 1764000
1723179784131 0.0 1768000
1723179795925 0.0 1772000
1723179807396 0.0 1776000
1723179818824 0.0 1780000
1723179830349 0.0 1784000
1723179842524 0.0 1788000
1723179853784 0.0 1792000
1723179865304 0.0 1796000
1723179876344 0.0 1800000
1723179887957 0.0 1804000
1723179899415 0.0 1808000
1723179910966 0.0 1812000
1723179922340 0.0 1816000
1723179933773 0.0 1820000
1723179945090 0.0 1824000
1723179956332 0.0 1828000
1723179967904 0.0 1832000
1723179979207 0.0 1836000
1723179990699 0.0 1840000
1723180002082 0.0 1844000
1723180013261 0.0 1848000
1723180024851 0.0 1852000
1723180036491 0.0 1856000
1723180048165 0.0 1860000
1723180059700 0.0 1864000
1723180071040 0.0 1868000
1723180082450 0.0 1872000
1723180093827 0.0 1876000
1723180104997 0.0 1880000
1723180116320 0.0 1884000
1723180127797 0.0 1888000
1723180139325 0.0 1892000
1723180150826 0.0 1896000
1723180161971 0.0 1900000
1723180173217 0.0 1904000
1723180184500 0.0 1908000
1723180196096 0.0 1912000
1723180207556 0.0 1916000
1723180218953 0.0 1920000
1723180230437 0.0 1924000
1723180241702 0.0 1928000
1723180253415 0.0 1932000
1723180264906 0.0 1936000
1723180276035 0.0 1940000
1723180287493 0.0 1944000
1723180298724 0.0 1948000
1723180310079 0.0 1952000
1723180321851 0.0 1956000
1723180332985 0.0 1960000
1723180344466 0.0 1964000
1723180356111 0.0 1968000
1723180367597 0.0 1972000
1723180379103 0.0 1976000
1723180390484 0.0 1980000
1723180401889 0.0 1984000
1723180413558 0.0 1988000
1723180425318 0.0 1992000
1723180436767 0.0 1996000
1723180448616 0.0 2000000
