1723173953545 4000.0 4000
1723173968189 8000.0 8000
1723173984016 12000.0 12000
1723173999012 16000.0 16000
1723174014593 20000.0 20000
1723174030019 24000.0 24000
1723174046267 28000.0 28000
1723174061148 32000.0 32000
1723174078102 36000.0 36000
1723174093251 40000.0 40000
1723174108096 44000.0 44000
1723174124600 48000.0 48000
1723174139174 52000.0 52000
1723174153072 56000.0 56000
1723174167244 60000.0 60000
1723174181351 64000.0 64000
1723174195917 68000.0 68000
1723174209730 72000.0 72000
1723174224000 76000.0 76000
1723174237996 80000.0 80000
1723174252237 84000.0 84000
1723174266582 88000.0 88000
1723174280723 92000.0 92000
1723174294610 96000.0 96000
1723174308547 100000.0 100000
1723174322272 104000.0 104000
1723174335915 108000.0 108000
1723174350269 112000.0 112000
1723174364265 116000.0 116000
1723174378674 120000.0 120000
1723174394054 124000.0 124000
1723174408278 128000.0 128000
1723174422175 132000.0 132000
1723174436526 136000.0 136000
1723174450597 140000.0 140000
1723174464464 144000.0 144000
1723174478378 148000.0 148000
1723174492078 152000.0 152000
1723174505688 156000.0 156000
1723174519095 160000.0 160000
1723174532494 164000.0 164000
1723174546814 168000.0 168000
1723174560365 172000.0 172000
1723174574285 176000.0 176000
1723174588789 180000.0 180000
1723174602362 184000.0 184000
1723174616073 188000.0 188000
1723174629997 192000.0 192000
1723174643531 196000.0 196000
1723174657225 200000.0 200000
1723174671223 204000.0 204000
1723174684800 208000.0 208000
1723174698526 212000.0 212000
1723174711729 216000.0 216000
1723174725087 220000.0 220000
1723174738975 224000.0 224000
1723174752296 228000.0 228000
1723174765807 232000.0 232000
1723174779092 236000.0 236000
1723174792677 240000.0 240000
1723174806426 244000.0 244000
1723174820158 248000.0 248000
1723174833600 252000.0 252000
1723174846739 256000.0 256000
1723174860235 260000.0 260000
1723174874081 264000.0 264000
1723174887663 268000.0 268000
1723174900999 272000.0 272000
1723174914637 276000.0 276000
1723174927661 280000.0 280000
1723174941041 284000.0 284000
1723174954203 288000.0 288000
1723174967694 292000.0 292000
1723174980942 296000.0 296000
1723174994234 300000.0 300000
1723175007615 304000.0 304000
1723175020979 308000.0 308000
1723175034337 312000.0 312000
1723175047427 316000.0 316000
1723175060403 320000.0 320000
1723175073887 324000.0 324000
1723175087271 328000.0 328000
1723175100541 332000.0 332000
1723175113694 336000.0 336000
1723175127314 340000.0 340000
1723175140546 344000.0 344000
1723175153903 348000.0 348000
1723175167499 352000.0 352000
1723175181289 356000.0 356000
1723175194479 360000.0 360000
1723175208553 364000.0 364000
1723175221239 368000.0 368000
1723175234188 372000.0 372000
1723175247974 376000.0 376000
1723175261234 380000.0 380000
1723175275131 384000.0 384000
1723175288779 388000.0 388000
1723175302342 392000.0 392000
1723175315648 396000.0 396000
1723175329206 400000.0 400000
1723175342457 404000.0 404000
1723175355714 408000.0 408000
1723175368972 412000.0 412000
1723175382041 416000.0 416000
1723175395794 420000.0 420000
1723175409422 424000.0 424000
1723175422940 428000.0 428000
1723175436252 432000.0 432000
1723175449673 436000.0 436000
1723175462821 440000.0 440000
1723175475998 444000.0 444000
1723175490431 448000.0 448000
1723175503428 452000.0 452000
1723175517065 456000.0 456000
1723175529960 460000.0 460000
1723175543079 464000.0 464000
1723175555032 468000.0 468000
1723175567882 472000.0 472000
1723175581114 476000.0 476000
1723175594484 480000.0 480000
1723175607961 484000.0 484000
1723175621217 488000.0 488000
1723175634871 492000.0 492000
1723175648781 496000.0 496000
1723175662436 500000.0 500000
1723175675816 504000.0 504000
1723175689588 508000.0 508000
1723175703432 512000.0 512000
1723175717415 516000.0 516000
1723175731020 520000.0 520000
1723175744846 524000.0 524000
1723175758834 528000.0 528000
1723175773123 532000.0 532000
1723175786635 536000.0 536000
1723175800390 540000.0 540000
1723175813463 544000.0 544000
1723175826481 548000.0 548000
1723175839745 552000.0 552000
1723175853296 556000.0 556000
1723175867505 560000.0 560000
1723175881358 564000.0 564000
1723175894770 568000.0 568000
1723175910083 572000.0 572000
1723175924045 576000.0 576000
1723175936934 580000.0 580000
1723175950483 584000.0 584000
1723175963494 588000.0 588000
1723175976800 592000.0 592000
1723175990684 596000.0 596000
1723176005430 600000.0 600000
1723176019051 604000.0 604000
1723176032482 608000.0 608000
1723176045603 612000.0 612000
1723176058041 616000.0 616000
1723176071752 620000.0 620000
1723176085503 624000.0 624000
1723176099161 628000.0 628000
1723176113363 632000.0 632000
1723176126517 636000.0 636000
1723176140529 640000.0 640000
1723176153201 644000.0 644000
1723176166445 648000.0 648000
1723176180277 652000.0 652000
1723176193982 656000.0 656000
1723176207474 660000.0 660000
1723176220751 664000.0 664000
1723176234746 668000.0 668000
1723176247796 672000.0 672000
1723176261492 676000.0 676000
1723176274782 680000.0 680000
1723176289119 684000.0 684000
1723176302169 688000.0 688000
1723176314449 692000.0 692000
1723176327868 696000.0 696000
1723176341220 700000.0 700000
1723176354692 704000.0 704000
1723176368416 708000.0 708000
1723176381986 712000.0 712000
1723176395338 716000.0 716000
1723176409283 720000.0 720000
1723176423191 724000.0 724000
1723176436469 728000.0 728000
1723176448855 732000.0 732000
1723176462156 736000.0 736000
1723176475806 740000.0 740000
1723176489128 744000.0 744000
1723176502922 748000.0 748000
1723176516322 752000.0 752000
1723176529891 756000.0 756000
1723176543226 760000.0 760000
1723176556874 764000.0 764000
1723176569898 768000.0 768000
1723176583614 772000.0 772000
1723176597456 776000.0 776000
1723176610721 780000.0 780000
1723176624153 784000.0 784000
1723176637290 788000.0 788000
1723176650611 792000.0 792000
1723176663703 796000.0 796000
1723176677014 800000.0 800000
1723176690939 804000.0 804000
1723176704790 808000.0 808000
1723176718209 812000.0 812000
1723176731473 816000.0 816000
1723176744704 820000.0 820000
1723176757965 824000.0 824000
1723176771570 828000.0 828000
1723176785182 832000.0 832000
1723176798645 836000.0 836000
1723176811951 840000.0 840000
1723176825515 844000.0 844000
1723176839321 848000.0 848000
1723176852740 852000.0 852000
1723176866095 856000.0 856000
1723176879432 860000.0 860000
1723176893230 864000.0 864000
1723176907319 868000.0 868000
1723176921113 872000.0 872000
1723176934642 876000.0 876000
1723176948199 880000.0 880000
1723176961697 884000.0 884000
1723176975464 888000.0 888000
1723176988974 892000.0 892000
1723177002385 896000.0 896000
1723177015723 900000.0 900000
1723177029160 904000.0 904000
1723177042123 908000.0 908000
1723177056244 912000.0 912000
1723177069894 916000.0 916000
1723177083403 920000.0 920000
1723177097183 924000.0 924000
1723177110574 928000.0 928000
1723177124175 932000.0 932000
1723177137907 936000.0 936000
1723177151142 940000.0 940000
1723177164339 944000.0 944000
1723177177838 948000.0 948000
1723177192407 952000.0 952000
1723177205776 956000.0 956000
1723177219392 960000.0 960000
1723177232779 964000.0 964000
1723177246364 968000.0 968000
1723177259998 972000.0 972000
1723177274270 976000.0 976000
1723177287909 980000.0 980000
1723177301897 984000.0 984000
1723177315660 988000.0 988000
1723177329264 992000.0 992000
1723177342390 996000.0 996000
1723177355558 1000000.0 1000000
1723177369109 1004000.0 1004000
1723177382810 1008000.0 1008000
1723177396501 1012000.0 1012000
1723177410239 1016000.0 1016000
1723177423677 1020000.0 1020000
1723177437261 1024000.0 1024000
1723177451025 1028000.0 1028000
1723177464721 1032000.0 1032000
1723177478850 1036000.0 1036000
1723177492869 1040000.0 1040000
1723177506808 1044000.0 1044000
1723177520472 1048000.0 1048000
1723177534356 1052000.0 1052000
1723177548181 1056000.0 1056000
1723177561745 1060000.0 1060000
1723177575896 1064000.0 1064000
1723177589538 1068000.0 1068000
1723177602356 1072000.0 1072000
1723177615526 1076000.0 1076000
1723177628872 1080000.0 1080000
1723177641914 1084000.0 1084000
1723177655338 1088000.0 1088000
1723177668782 1092000.0 1092000
1723177682497 1096000.0 1096000
1723177696001 1100000.0 1100000
1723177709545 1104000.0 1104000
1723177723037 1108000.0 1108000
1723177736986 1112000.0 1112000
1723177750157 1116000.0 1116000
1723177763723 1120000.0 1120000
1723177777099 1124000.0 1124000
1723177790648 1128000.0 1128000
1723177803822 1132000.0 1132000
1723177816975 1136000.0 1136000
1723177830478 1140000.0 1140000
1723177844191 1144000.0 1144000
1723177858310 1148000.0 1148000
1723177871886 1152000.0 1152000
1723177885550 1156000.0 1156000
1723177899067 1160000.0 1160000
1723177912667 1164000.0 1164000
1723177925654 1168000.0 1168000
1723177939268 1172000.0 1172000
1723177952260 1176000.0 1176000
1723177965610 1180000.0 1180000
1723177979070 1184000.0 1184000
1723177993005 1188000.0 1188000
1723178006492 1192000.0 1192000
1723178019713 1196000.0 1196000
1723178032974 1200000.0 1200000
1723178045096 1204000.0 1204000
1723178058612 1208000.0 1208000
1723178071548 1212000.0 1212000
1723178084884 1216000.0 1216000
1723178097750 1220000.0 1220000
1723178111076 1224000.0 1224000
1723178124283 1228000.0 1228000
1723178137607 1232000.0 1232000
1723178151356 1236000.0 1236000
1723178165113 1240000.0 1240000
1723178178557 1244000.0 1244000
1723178191626 1248000.0 1248000
1723178204998 1252000.0 1252000
1723178218900 1256000.0 1256000
1723178232231 1260000.0 1260000
1723178245651 1264000.0 1264000
1723178259162 1268000.0 1268000
1723178272983 1272000.0 1272000
1723178286290 1276000.0 1276000
1723178299488 1280000.0 1280000
1723178312839 1284000.0 1284000
1723178326875 1288000.0 1288000
1723178340821 1292000.0 1292000
1723178354438 1296000.0 1296000
1723178367769 1300000.0 1300000
1723178381064 1304000.0 1304000
1723178394655 1308000.0 1308000
1723178407640 1312000.0 1312000
1723178420841 1316000.0 1316000
1723178434343 1320000.0 1320000
1723178447674 1324000.0 1324000
1723178461166 1328000.0 1328000
1723178474700 1332000.0 1332000
1723178488179 1336000.0 1336000
1723178501628 1340000.0 1340000
1723178515651 1344000.0 1344000
1723178529854 1348000.0 1348000
1723178543329 1352000.0 1352000
1723178556894 1356000.0 1356000
1723178570320 1360000.0 1360000
1723178583466 1364000.0 1364000
1723178597045 1368000.0 1368000
1723178610259 1372000.0 1372000
1723178623415 1376000.0 1376000
1723178636548 1380000.0 1380000
1723178649865 1384000.0 1384000
1723178662527 1388000.0 1388000
1723178675080 1392000.0 1392000
1723178688429 1396000.0 1396000
1723178701543 1400000.0 1400000
1723178714881 1404000.0 1404000
1723178728514 1408000.0 1408000
1723178742301 1412000.0 1412000
1723178755537 1416000.0 1416000
1723178769278 1420000.0 1420000
1723178782800 1424000.0 1424000
1723178796239 1428000.0 1428000
1723178809812 1432000.0 1432000
1723178823165 1436000.0 1436000
1723178836063 1440000.0 1440000
1723178847470 1444000.0 1444000
1723178859269 1448000.0 1448000
1723178871003 1452000.0 1452000
1723178882977 1456000.0 1456000
1723178894982 1460000.0 1460000
1723178907025 1464000.0 1464000
1723178918324 1468000.0 1468000
1723178929893 1472000.0 1472000
1723178942149 1476000.0 1476000
1723178953825 1480000.0 1480000
1723178965734 1484000.0 1484000
1723178977665 1488000.0 1488000
1723178989804 1492000.0 1492000
1723179001676 1496000.0 1496000
1723179013693 1500000.0 1500000
1723179025310 1504000.0 1504000
1723179037232 1508000.0 1508000
1723179048957 1512000.0 1512000
1723179060598 1516000.0 1516000
1723179072570 1520000.0 1520000
1723179084879 1524000.0 1524000
1723179096540 1528000.0 1528000
1723179108046 1532000.0 1532000
1723179119655 1536000.0 1536000
1723179131415 1540000.0 1540000
1723179143199 1544000.0 1544000
1723179154745 1548000.0 1548000
1723179166460 1552000.0 1552000
1723179177919 1556000.0 1556000
1723179189756 1560000.0 1560000
1723179201038 1564000.0 1564000
1723179212673 1568000.0 1568000
1723179224352 1572000.0 1572000
1723179236265 1576000.0 1576000
1723179247882 1580000.0 1580000
1723179259075 1584000.0 1584000
1723179270678 1588000.0 1588000
1723179282371 1592000.0 1592000
1723179293730 1596000.0 1596000
1723179305015 1600000.0 1600000
1723179316123 1604000.0 1604000
1723179327935 1608000.0 1608000
1723179339493 1612000.0 1612000
1723179350890 1616000.0 1616000
1723179362280 1620000.0 1620000
1723179373568 1624000.0 1624000
1723179384919 1628000.0 1628000
1723179396170 1632000.0 1632000
1723179407359 1636000.0 1636000
1723179418846 1640000.0 1640000
1723179430524 1644000.0 1644000
1723179441874 1648000.0 1648000
1723179453222 1652000.0 1652000
1723179464620 1656000.0 1656000
1723179475928 1660000.0 1660000
1723179487744 1664000.0 1664000
1723179499160 1668000.0 1668000
1723179510698 1672000.0 1672000
1723179522237 1676000.0 1676000
1723179533879 1680000.0 1680000
1723179544899 1684000.0 1684000
1723179556159 1688000.0 1688000
1723179567645 1692000.0 1692000
1723179579038 1696000.0 1696000
1723179590416 1700000.0 1700000
1723179601785 1704000.0 1704000
1723179613083 1708000.0 1708000
1723179624229 1712000.0 1712000
1723179635650 1716000.0 1716000
1723179646908 1720000.0 1720000
1723179658410 1724000.0 1724000
1723179669836 1728000.0 1728000
1723179681129 1732000.0 1732000
1723179692479 1736000.0 1736000
1723179703926 1740000.0 1740000
1723179715178 1744000.0 1744000
1723179726630 1748000.0 1748000
1723179738084 1752000.0 1752000
1723179749486 1756000.0 1756000
1723179760684 1760000.0 1760000
1723179772129 1764000.0 1764000
1723179784132 1768000.0 1768000
1723179795926 1772000.0 1772000
1723179807397 1776000.0 1776000
1723179818826 1780000.0 1780000
1723179830350 1784000.0 1784000
1723179842525 1788000.0 1788000
1723179853785 1792000.0 1792000
1723179865306 1796000.0 1796000
1723179876345 1800000.0 1800000
1723179887958 1804000.0 1804000
1723179899417 1808000.0 1808000
1723179910967 1812000.0 1812000
1723179922341 1816000.0 1816000
1723179933774 1820000.0 1820000
1723179945092 1824000.0 1824000
1723179956333 1828000.0 1828000
1723179967905 1832000.0 1832000
1723179979208 1836000.0 1836000
1723179990700 1840000.0 1840000
1723180002083 1844000.0 1844000
1723180013262 1848000.0 1848000
1723180024852 1852000.0 1852000
1723180036493 1856000.0 1856000
1723180048167 1860000.0 1860000
1723180059701 1864000.0 1864000
1723180071042 1868000.0 1868000
1723180082451 1872000.0 1872000
1723180093828 1876000.0 1876000
1723180104999 1880000.0 1880000
1723180116321 1884000.0 1884000
1723180127798 1888000.0 1888000
1723180139326 1892000.0 1892000
1723180150827 1896000.0 1896000
1723180161972 1900000.0 1900000
1723180173218 1904000.0 1904000
1723180184501 1908000.0 1908000
1723180196097 1912000.0 1912000
1723180207558 1916000.0 1916000
1723180218954 1920000.0 1920000
1723180230438 1924000.0 1924000
1723180241704 1928000.0 1928000
1723180253417 1932000.0 1932000
1723180264908 1936000.0 1936000
1723180276036 1940000.0 1940000
1723180287494 1944000.0 1944000
1723180298726 1948000.0 1948000
1723180310080 1952000.0 1952000
1723180321852 1956000.0 1956000
1723180332986 1960000.0 1960000
1723180344467 1964000.0 1964000
1723180356112 1968000.0 1968000
1723180367598 1972000.0 1972000
1723180379104 1976000.0 1976000
1723180390485 1980000.0 1980000
1723180401890 1984000.0 1984000
1723180413560 1988000.0 1988000
1723180425319 1992000.0 1992000
1723180436768 1996000.0 1996000
1723180448618 2000000.0 2000000
