1723173953546 4000.0 4000
1723173968190 4000.0 8000
1723173984017 4000.0 12000
1723173999013 4000.0 16000
1723174014594 4000.0 20000
1723174030020 4000.0 24000
1723174046268 4000.0 28000
1723174061148 4000.0 32000
1723174078103 4000.0 36000
1723174093252 4000.0 40000
1723174108097 4000.0 44000
1723174124600 4000.0 48000
1723174139175 4000.0 52000
1723174153072 4000.0 56000
1723174167245 4000.0 60000
1723174181351 4000.0 64000
1723174195918 4000.0 68000
1723174209731 4000.0 72000
1723174224001 4000.0 76000
1723174237996 4000.0 80000
1723174252238 4000.0 84000
1723174266582 4000.0 88000
1723174280724 4000.0 92000
1723174294610 4000.0 96000
1723174308548 4000.0 100000
1723174322273 4000.0 104000
1723174335916 4000.0 108000
1723174350270 4000.0 112000
1723174364265 4000.0 116000
1723174378675 4000.0 120000
1723174394055 4000.0 124000
1723174408278 4000.0 128000
1723174422176 4000.0 132000
1723174436527 4000.0 136000
1723174450598 4000.0 140000
1723174464465 4000.0 144000
1723174478378 4000.0 148000
1723174492079 4000.0 152000
1723174505689 4000.0 156000
1723174519096 4000.0 160000
1723174532495 4000.0 164000
1723174546815 4000.0 168000
1723174560366 4000.0 172000
1723174574286 4000.0 176000
1723174588789 4000.0 180000
1723174602363 4000.0 184000
1723174616074 4000.0 188000
1723174629998 4000.0 192000
1723174643532 4000.0 196000
1723174657226 4000.0 200000
1723174671224 4000.0 204000
1723174684801 4000.0 208000
1723174698527 4000.0 212000
1723174711730 4000.0 216000
1723174725088 4000.0 220000
1723174738976 4000.0 224000
1723174752297 4000.0 228000
1723174765808 4000.0 232000
1723174779093 4000.0 236000
1723174792678 4000.0 240000
1723174806427 4000.0 244000
1723174820159 4000.0 248000
1723174833601 4000.0 252000
1723174846740 4000.0 256000
1723174860236 4000.0 260000
1723174874082 4000.0 264000
1723174887664 4000.0 268000
1723174901000 4000.0 272000
1723174914638 4000.0 276000
1723174927662 4000.0 280000
1723174941042 4000.0 284000
1723174954204 4000.0 288000
1723174967695 4000.0 292000
1723174980943 4000.0 296000
1723174994235 4000.0 300000
1723175007616 4000.0 304000
1723175020980 4000.0 308000
1723175034338 4000.0 312000
1723175047427 4000.0 316000
1723175060404 4000.0 320000
1723175073888 4000.0 324000
1723175087271 4000.0 328000
1723175100542 4000.0 332000
1723175113695 4000.0 336000
1723175127314 4000.0 340000
1723175140547 4000.0 344000
1723175153904 4000.0 348000
1723175167499 4000.0 352000
1723175181290 4000.0 356000
1723175194480 4000.0 360000
1723175208554 4000.0 364000
1723175221240 4000.0 368000
1723175234189 4000.0 372000
1723175247975 4000.0 376000
1723175261234 4000.0 380000
1723175275132 4000.0 384000
1723175288780 4000.0 388000
1723175302342 4000.0 392000
1723175315649 4000.0 396000
1723175329207 4000.0 400000
1723175342458 4000.0 404000
1723175355715 4000.0 408000
1723175368973 4000.0 412000
1723175382042 4000.0 416000
1723175395795 4000.0 420000
1723175409423 4000.0 424000
1723175422941 4000.0 428000
1723175436253 4000.0 432000
1723175449673 4000.0 436000
1723175462822 4000.0 440000
1723175475999 4000.0 444000
1723175490432 4000.0 448000
1723175503429 4000.0 452000
1723175517066 4000.0 456000
1723175529961 4000.0 460000
1723175543080 4000.0 464000
1723175555033 4000.0 468000
1723175567883 4000.0 472000
1723175581115 4000.0 476000
1723175594484 4000.0 480000
1723175607962 4000.0 484000
1723175621218 4000.0 488000
1723175634872 4000.0 492000
1723175648781 4000.0 496000
1723175662437 4000.0 500000
1723175675816 4000.0 504000
1723175689588 4000.0 508000
1723175703433 4000.0 512000
1723175717416 4000.0 516000
1723175731021 4000.0 520000
1723175744847 4000.0 524000
1723175758835 4000.0 528000
1723175773124 4000.0 532000
1723175786636 4000.0 536000
1723175800391 4000.0 540000
1723175813464 4000.0 544000
1723175826482 4000.0 548000
1723175839746 4000.0 552000
1723175853297 4000.0 556000
1723175867516 4000.0 560000
1723175881359 4000.0 564000
1723175894771 4000.0 568000
1723175910084 4000.0 572000
1723175924045 4000.0 576000
1723175936935 4000.0 580000
1723175950484 4000.0 584000
1723175963495 4000.0 588000
1723175976800 4000.0 592000
1723175990684 4000.0 596000
1723176005431 4000.0 600000
1723176019052 4000.0 604000
1723176032483 4000.0 608000
1723176045603 4000.0 612000
1723176058041 4000.0 616000
1723176071753 4000.0 620000
1723176085504 4000.0 624000
1723176099165 4000.0 628000
1723176113363 4000.0 632000
1723176126517 4000.0 636000
1723176140530 4000.0 640000
1723176153202 4000.0 644000
1723176166446 4000.0 648000
1723176180278 4000.0 652000
1723176193983 4000.0 656000
1723176207475 4000.0 660000
1723176220752 4000.0 664000
1723176234747 4000.0 668000
1723176247797 4000.0 672000
1723176261493 4000.0 676000
1723176274783 4000.0 680000
1723176289120 4000.0 684000
1723176302174 4000.0 688000
1723176314450 4000.0 692000
1723176327870 4000.0 696000
1723176341221 4000.0 700000
1723176354699 4000.0 704000
1723176368416 4000.0 708000
1723176381987 4000.0 712000
1723176395339 4000.0 716000
1723176409284 4000.0 720000
1723176423192 4000.0 724000
1723176436470 4000.0 728000
1723176448856 4000.0 732000
1723176462157 4000.0 736000
1723176475807 4000.0 740000
1723176489129 4000.0 744000
1723176502923 4000.0 748000
1723176516323 4000.0 752000
1723176529892 4000.0 756000
1723176543227 4000.0 760000
1723176556875 4000.0 764000
1723176569898 4000.0 768000
1723176583615 4000.0 772000
1723176597457 4000.0 776000
1723176610722 4000.0 780000
1723176624154 4000.0 784000
1723176637291 4000.0 788000
1723176650612 4000.0 792000
1723176663704 4000.0 796000
1723176677015 4000.0 800000
1723176690940 4000.0 804000
1723176704791 4000.0 808000
1723176718210 4000.0 812000
1723176731474 4000.0 816000
1723176744705 4000.0 820000
1723176757966 4000.0 824000
1723176771571 4000.0 828000
1723176785183 4000.0 832000
1723176798646 4000.0 836000
1723176811951 4000.0 840000
1723176825516 4000.0 844000
1723176839322 4000.0 848000
1723176852741 4000.0 852000
1723176866096 4000.0 856000
1723176879433 4000.0 860000
1723176893231 4000.0 864000
1723176907319 4000.0 868000
1723176921114 4000.0 872000
1723176934643 4000.0 876000
1723176948200 4000.0 880000
1723176961698 4000.0 884000
1723176975465 4000.0 888000
1723176988975 4000.0 892000
1723177002386 4000.0 896000
1723177015724 4000.0 900000
1723177029160 4000.0 904000
1723177042124 4000.0 908000
1723177056245 4000.0 912000
1723177069894 4000.0 916000
1723177083403 4000.0 920000
1723177097183 4000.0 924000
1723177110575 4000.0 928000
1723177124177 4000.0 932000
1723177137907 4000.0 936000
1723177151143 4000.0 940000
1723177164340 4000.0 944000
1723177177839 4000.0 948000
1723177192408 4000.0 952000
1723177205777 4000.0 956000
1723177219393 4000.0 960000
1723177232780 4000.0 964000
1723177246365 4000.0 968000
1723177259998 4000.0 972000
1723177274271 4000.0 976000
1723177287910 4000.0 980000
1723177301898 4000.0 984000
1723177315660 4000.0 988000
1723177329265 4000.0 992000
1723177342390 4000.0 996000
1723177355559 4000.0 1000000
1723177369110 4000.0 1004000
1723177382811 4000.0 1008000
1723177396502 4000.0 1012000
1723177410240 4000.0 1016000
1723177423678 4000.0 1020000
1723177437262 4000.0 1024000
1723177451026 4000.0 1028000
1723177464722 4000.0 1032000
1723177478851 4000.0 1036000
1723177492870 4000.0 1040000
1723177506808 4000.0 1044000
1723177520473 4000.0 1048000
1723177534357 4000.0 1052000
1723177548182 4000.0 1056000
1723177561746 4000.0 1060000
1723177575896 4000.0 1064000
1723177589539 4000.0 1068000
1723177602357 4000.0 1072000
1723177615526 4000.0 1076000
1723177628873 4000.0 1080000
1723177641915 4000.0 1084000
1723177655339 4000.0 1088000
1723177668783 4000.0 1092000
1723177682498 4000.0 1096000
1723177696002 4000.0 1100000
1723177709546 4000.0 1104000
1723177723038 4000.0 1108000
1723177736986 4000.0 1112000
1723177750158 4000.0 1116000
1723177763724 4000.0 1120000
1723177777100 4000.0 1124000
1723177790649 4000.0 1128000
1723177803823 4000.0 1132000
1723177816976 4000.0 1136000
1723177830479 4000.0 1140000
1723177844192 4000.0 1144000
1723177858311 4000.0 1148000
1723177871887 4000.0 1152000
1723177885550 4000.0 1156000
1723177899067 4000.0 1160000
1723177912668 4000.0 1164000
1723177925654 4000.0 1168000
1723177939269 4000.0 1172000
1723177952260 4000.0 1176000
1723177965610 4000.0 1180000
1723177979071 4000.0 1184000
1723177993006 4000.0 1188000
1723178006492 4000.0 1192000
1723178019713 4000.0 1196000
1723178032976 4000.0 1200000
1723178045097 4000.0 1204000
1723178058613 4000.0 1208000
1723178071549 4000.0 1212000
1723178084885 4000.0 1216000
1723178097751 4000.0 1220000
1723178111077 4000.0 1224000
1723178124283 4000.0 1228000
1723178137608 4000.0 1232000
1723178151357 4000.0 1236000
1723178165114 4000.0 1240000
1723178178558 4000.0 1244000
1723178191627 4000.0 1248000
1723178204999 4000.0 1252000
1723178218901 4000.0 1256000
1723178232232 4000.0 1260000
1723178245651 4000.0 1264000
1723178259163 4000.0 1268000
1723178272984 4000.0 1272000
1723178286291 4000.0 1276000
1723178299488 4000.0 1280000
1723178312840 4000.0 1284000
1723178326876 4000.0 1288000
1723178340822 4000.0 1292000
1723178354439 4000.0 1296000
1723178367770 4000.0 1300000
1723178381065 4000.0 1304000
1723178394656 4000.0 1308000
1723178407641 4000.0 1312000
1723178420841 4000.0 1316000
1723178434344 4000.0 1320000
1723178447675 4000.0 1324000
1723178461167 4000.0 1328000
1723178474701 4000.0 1332000
1723178488180 4000.0 1336000
1723178501629 4000.0 1340000
1723178515652 4000.0 1344000
1723178529855 4000.0 1348000
1723178543330 4000.0 1352000
1723178556895 4000.0 1356000
1723178570321 4000.0 1360000
1723178583467 4000.0 1364000
1723178597045 4000.0 1368000
1723178610260 4000.0 1372000
1723178623415 4000.0 1376000
1723178636549 4000.0 1380000
1723178649866 4000.0 1384000
1723178662529 4000.0 1388000
1723178675080 4000.0 1392000
1723178688433 4000.0 1396000
1723178701544 4000.0 1400000
1723178714881 4000.0 1404000
1723178728515 4000.0 1408000
1723178742301 4000.0 1412000
1723178755538 4000.0 1416000
1723178769279 4000.0 1420000
1723178782800 4000.0 1424000
1723178796240 4000.0 1428000
1723178809813 4000.0 1432000
1723178823166 4000.0 1436000
1723178836064 4000.0 1440000
1723178847471 4000.0 1444000
1723178859270 4000.0 1448000
1723178871004 4000.0 1452000
1723178882978 4000.0 1456000
1723178894983 4000.0 1460000
1723178907026 4000.0 1464000
1723178918325 4000.0 1468000
1723178929894 4000.0 1472000
1723178942149 4000.0 1476000
1723178953826 4000.0 1480000
1723178965734 4000.0 1484000
1723178977666 4000.0 1488000
1723178989805 4000.0 1492000
1723179001677 4000.0 1496000
1723179013693 4000.0 1500000
1723179025311 4000.0 1504000
1723179037233 4000.0 1508000
1723179048957 4000.0 1512000
1723179060599 4000.0 1516000
1723179072571 4000.0 1520000
1723179084880 4000.0 1524000
1723179096541 4000.0 1528000
1723179108046 4000.0 1532000
1723179119655 4000.0 1536000
1723179131415 4000.0 1540000
1723179143200 4000.0 1544000
1723179154746 4000.0 1548000
1723179166461 4000.0 1552000
1723179177920 4000.0 1556000
1723179189757 4000.0 1560000
1723179201039 4000.0 1564000
1723179212674 4000.0 1568000
1723179224353 4000.0 1572000
1723179236266 4000.0 1576000
1723179247883 4000.0 1580000
1723179259076 4000.0 1584000
1723179270679 4000.0 1588000
1723179282371 4000.0 1592000
1723179293731 4000.0 1596000
1723179305016 4000.0 1600000
1723179316124 4000.0 1604000
1723179327936 4000.0 1608000
1723179339493 4000.0 1612000
1723179350890 4000.0 1616000
1723179362281 4000.0 1620000
1723179373569 4000.0 1624000
1723179384920 4000.0 1628000
1723179396171 4000.0 1632000
1723179407360 4000.0 1636000
1723179418847 4000.0 1640000
1723179430525 4000.0 1644000
1723179441875 4000.0 1648000
1723179453223 4000.0 1652000
1723179464620 4000.0 1656000
1723179475929 4000.0 1660000
1723179487745 4000.0 1664000
1723179499161 4000.0 1668000
1723179510698 4000.0 1672000
1723179522238 4000.0 1676000
1723179533880 4000.0 1680000
1723179544900 4000.0 1684000
1723179556159 4000.0 1688000
1723179567646 4000.0 1692000
1723179579039 4000.0 1696000
1723179590417 4000.0 1700000
1723179601786 4000.0 1704000
1723179613084 4000.0 1708000
1723179624230 4000.0 1712000
1723179635650 4000.0 1716000
1723179646909 4000.0 1720000
1723179658411 4000.0 1724000
1723179669837 4000.0 1728000
1723179681130 4000.0 1732000
1723179692480 4000.0 1736000
1723179703927 4000.0 1740000
1723179715179 4000.0 1744000
1723179726631 4000.0 1748000
1723179738085 4000.0 1752000
1723179749487 4000.0 1756000
1723179760685 4000.0 1760000
1723179772130 4000.0 1764000
1723179784133 4000.0 1768000
1723179795927 4000.0 1772000
1723179807398 4000.0 1776000
1723179818827 4000.0 1780000
1723179830351 4000.0 1784000
1723179842526 4000.0 1788000
1723179853786 4000.0 1792000
1723179865306 4000.0 1796000
1723179876346 4000.0 1800000
1723179887959 4000.0 1804000
1723179899417 4000.0 1808000
1723179910967 4000.0 1812000
1723179922341 4000.0 1816000
1723179933775 4000.0 1820000
1723179945092 4000.0 1824000
1723179956334 4000.0 1828000
1723179967906 4000.0 1832000
1723179979209 4000.0 1836000
1723179990701 4000.0 1840000
1723180002084 4000.0 1844000
1723180013263 4000.0 1848000
1723180024853 4000.0 1852000
1723180036493 4000.0 1856000
1723180048167 4000.0 1860000
1723180059702 4000.0 1864000
1723180071043 4000.0 1868000
1723180082452 4000.0 1872000
1723180093829 4000.0 1876000
1723180105000 4000.0 1880000
1723180116322 4000.0 1884000
1723180127798 4000.0 1888000
1723180139327 4000.0 1892000
1723180150828 4000.0 1896000
1723180161973 4000.0 1900000
1723180173219 4000.0 1904000
1723180184502 4000.0 1908000
1723180196097 4000.0 1912000
1723180207558 4000.0 1916000
1723180218955 4000.0 1920000
1723180230439 4000.0 1924000
1723180241704 4000.0 1928000
1723180253418 4000.0 1932000
1723180264908 4000.0 1936000
1723180276037 4000.0 1940000
1723180287494 4000.0 1944000
1723180298726 4000.0 1948000
1723180310081 4000.0 1952000
1723180321852 4000.0 1956000
1723180332987 4000.0 1960000
1723180344468 4000.0 1964000
1723180356113 4000.0 1968000
1723180367599 4000.0 1972000
1723180379105 4000.0 1976000
1723180390486 4000.0 1980000
1723180401891 4000.0 1984000
1723180413560 4000.0 1988000
1723180425320 4000.0 1992000
1723180436769 4000.0 1996000
1723180448618 4000.0 2000000
