1723173953554 20.639984130859375 4000
1723173968196 35.04902219772339 8000
1723173984023 50.66050624847412 12000
1723173999019 65.45151734352112 16000
1723174014600 80.88894724845886 20000
1723174030026 96.17255640029907 24000
1723174046273 112.20211338996887 28000
1723174061155 126.90334415435791 32000
1723174078109 143.70599603652954 36000
1723174093258 158.68973326683044 40000
1723174108103 173.36771035194397 44000
1723174124606 189.7189314365387 48000
1723174139181 204.1346263885498 52000
1723174153079 217.88148736953735 56000
1723174167251 231.90754222869873 60000
1723174181358 245.86148309707642 64000
1723174195924 260.2806603908539 68000
1723174209737 273.87653136253357 72000
1723174224007 287.94629430770874 76000
1723174238002 301.7454922199249 80000
1723174252244 315.77538323402405 84000
1723174266588 329.90597438812256 88000
1723174280730 343.8332562446594 92000
1723174294616 357.5790603160858 96000
1723174308554 371.37057304382324 100000
1723174322279 384.94731426239014 104000
1723174335922 398.4426050186157 108000
1723174350276 412.65114092826843 112000
1723174364271 426.49570202827454 116000
1723174378681 440.74511194229126 120000
1723174394061 455.9660472869873 124000
1723174408285 470.0402932167053 128000
1723174422182 483.7933382987976 132000
1723174436534 497.9999680519104 136000
1723174450604 511.8690128326416 140000
1723174464472 525.5286648273468 144000
1723174478385 539.2391257286072 148000
1723174492085 552.7509727478027 152000
1723174505695 566.2032868862152 156000
1723174519102 579.4676096439362 160000
1723174532501 592.722749710083 164000
1723174546821 606.8910915851593 168000
1723174560372 620.2818737030029 172000
1723174574292 634.032999753952 176000
1723174588797 648.3709087371826 180000
1723174602369 661.7891025543213 184000
1723174616081 675.3376755714417 188000
1723174630004 689.0574645996094 192000
1723174643538 702.3809144496918 196000
1723174657233 715.8662724494934 200000
1723174671229 729.660724401474 204000
1723174684807 743.0566275119781 208000
1723174698534 756.5971074104309 212000
1723174711736 769.6515512466431 216000
1723174725094 782.8534231185913 220000
1723174738982 796.5844602584839 224000
1723174752303 809.7383644580841 228000
1723174765814 823.0964024066925 232000
1723174779099 836.1693913936615 236000
1723174792684 849.546023607254 240000
1723174806433 863.0699963569641 244000
1723174820165 876.6391172409058 248000
1723174833606 889.931066274643 252000
1723174846746 902.9045121669769 256000
1723174860242 916.2363982200623 260000
1723174874090 929.9171509742737 264000
1723174887670 943.3365111351013 268000
1723174901006 956.5057260990143 272000
1723174914644 969.9209699630737 276000
1723174927668 982.7348291873932 280000
1723174941048 995.8929574489594 284000
1723174954210 1008.8964965343475 288000
1723174967700 1022.2252295017242 292000
1723174980949 1035.2990415096283 296000
1723174994242 1048.426676273346 300000
1723175007622 1061.6386585235596 304000
1723175020986 1074.8364896774292 308000
1723175034344 1087.9784286022186 312000
1723175047434 1100.8533265590668 316000
1723175060410 1113.6705005168915 320000
1723175073895 1126.9949774742126 324000
1723175087277 1140.2097735404968 328000
1723175100548 1153.324428319931 332000
1723175113701 1166.31085562706 336000
1723175127320 1179.765350818634 340000
1723175140553 1192.7798037528992 344000
1723175153910 1205.9237837791443 348000
1723175167505 1219.3024587631226 352000
1723175181296 1232.8811767101288 356000
1723175194486 1245.9019238948822 360000
1723175208561 1259.8022899627686 364000
1723175221246 1272.3192610740662 368000
1723175234195 1285.101853132248 372000
1723175247981 1298.7226998806 376000
1723175261242 1311.8134870529175 380000
1723175275140 1325.486895084381 384000
1723175288786 1338.8796591758728 388000
1723175302348 1352.199628353119 392000
1723175315655 1365.2845385074615 396000
1723175329213 1378.6760914325714 400000
1723175342464 1391.7622454166412 404000
1723175355721 1404.843903541565 408000
1723175368979 1417.929946422577 412000
1723175382048 1430.8339631557465 416000
1723175395802 1444.4114758968353 420000
1723175409429 1457.804429769516 424000
1723175422947 1471.0992348194122 428000
1723175436259 1484.1952838897705 432000
1723175449680 1497.4175927639008 436000
1723175462828 1510.382551908493 440000
1723175476006 1523.3803639411926 444000
1723175490439 1537.6335756778717 448000
1723175503435 1550.464114665985 452000
1723175517073 1563.851973772049 456000
1723175529968 1576.5250799655914 460000
1723175543087 1589.4050137996674 464000
1723175555043 1601.1792464256287 468000
1723175567890 1613.8578264713287 472000
1723175581122 1626.91570353508 476000
1723175594491 1640.1119694709778 480000
1723175607971 1653.4204604625702 484000
1723175621224 1666.5003921985626 488000
1723175634879 1679.9109692573547 492000
1723175648787 1693.5944693088531 496000
1723175662444 1707.0125710964203 500000
1723175675823 1720.1950182914734 504000
1723175689595 1733.7921032905579 508000
1723175703440 1747.459866285324 512000
1723175717423 1761.2619071006775 516000
1723175731027 1774.6794760227203 520000
1723175744853 1788.328125 524000
1723175758842 1802.1389210224152 528000
1723175773131 1816.2534792423248 532000
1723175786642 1829.266657114029 536000
1723175800398 1842.5738661289215 540000
1723175813470 1855.009789943695 544000
1723175826489 1867.7864689826965 548000
1723175839752 1880.856432914734 552000
1723175853303 1894.2104120254517 556000
1723175867544 1908.2193071842194 560000
1723175881365 1921.8281280994415 564000
1723175894785 1935.0361258983612 568000
1723175910091 1950.1290609836578 572000
1723175924052 1963.8858907222748 576000
1723175936947 1976.53373670578 580000
1723175950494 1989.5219967365265 584000
1723175963502 2002.0442106723785 588000
1723175976806 2015.104082584381 592000
1723175990695 2028.6368916034698 596000
1723176005437 2042.741019487381 600000
1723176019058 2056.1670525074005 604000
1723176032498 2069.4152386188507 608000
1723176045610 2082.1128957271576 612000
1723176058048 2094.36843585968 616000
1723176071763 2107.9034118652344 620000
1723176085515 2121.2880799770355 624000
1723176099186 2134.504911184311 628000
1723176113370 2148.000594854355 632000
1723176126524 2160.331068754196 636000
1723176140538 2174.076677799225 640000
1723176153209 2186.3273367881775 644000
1723176166452 2199.3858077526093 648000
1723176180284 2213.020054578781 652000
1723176193990 2226.5374875068665 656000
1723176207481 2239.8278374671936 660000
1723176220759 2252.915128469467 664000
1723176234753 2266.661896467209 668000
1723176247803 2279.4601306915283 672000
1723176261499 2292.905595779419 676000
1723176274790 2306.0058290958405 680000
1723176289128 2320.016433954239 684000
1723176302181 2332.851681947708 688000
1723176314457 2344.918837785721 692000
1723176327877 2357.9570808410645 696000
1723176341233 2370.9011318683624 700000
1723176354707 2383.652843952179 704000
1723176368423 2397.1149690151215 708000
1723176381992 2410.411556005478 712000
1723176395346 2423.5581500530243 716000
1723176409296 2437.2923538684845 720000
1723176423199 2450.6303339004517 724000
1723176436476 2463.712482690811 728000
1723176448862 2475.8986387252808 732000
1723176462165 2488.89643907547 736000
1723176475814 2502.166851043701 740000
1723176489136 2515.2152650356293 744000
1723176502930 2528.661840200424 748000
1723176516334 2541.354619026184 752000
1723176529900 2554.521796941757 756000
1723176543233 2567.640742778778 760000
1723176556883 2581.0989878177643 764000
1723176569904 2593.9225606918335 768000
1723176583621 2607.3762516975403 772000
1723176597463 2621.0035943984985 776000
1723176610728 2634.071615457535 780000
1723176624160 2647.2400484085083 784000
1723176637297 2660.1835911273956 788000
1723176650618 2673.242335319519 792000
1723176663709 2686.120964050293 796000
1723176677021 2699.239077091217 800000
1723176690946 2712.9576132297516 804000
1723176704797 2726.591103076935 808000
1723176718216 2739.8045043945312 812000
1723176731480 2752.8791625499725 816000
1723176744711 2765.8505516052246 820000
1723176757972 2778.8527495861053 824000
1723176771577 2792.206515789032 828000
1723176785189 2805.590355873108 832000
1723176798653 2818.845728635788 836000
1723176811957 2831.9410157203674 840000
1723176825522 2845.314931869507 844000
1723176839328 2858.9240307807922 848000
1723176852747 2872.144103050232 852000
1723176866102 2885.300056219101 856000
1723176879439 2898.374559402466 860000
1723176893237 2911.9299252033234 864000
1723176907325 2925.756782054901 868000
1723176921120 2939.2650361061096 872000
1723176934649 2952.577439069748 876000
1723176948206 2965.91885304451 880000
1723176961704 2979.1967520713806 884000
1723176975472 2992.7513399124146 888000
1723176988982 3006.054342985153 892000
1723177002392 3019.2642679214478 896000
1723177015730 3032.3989758491516 900000
1723177029167 3045.568987131119 904000
1723177042130 3058.2547719478607 908000
1723177056251 3072.0734860897064 912000
1723177069900 3085.486260175705 916000
1723177083410 3098.752074241638 920000
1723177097190 3112.2920212745667 924000
1723177110581 3125.474401473999 928000
1723177124185 3138.869702577591 932000
1723177137914 3152.389643907547 936000
1723177151150 3165.4232046604156 940000
1723177164346 3178.3472576141357 944000
1723177177845 3191.5704486370087 948000
1723177192414 3205.8550188541412 952000
1723177205783 3218.9425230026245 956000
1723177219399 3232.3530831336975 960000
1723177232786 3245.536979198456 964000
1723177246372 3258.9084899425507 968000
1723177260004 3272.3329060077667 972000
1723177274277 3286.396304130554 976000
1723177287916 3299.8276093006134 980000
1723177301905 3313.583733320236 984000
1723177315668 3327.0489802360535 988000
1723177329272 3340.366636991501 992000
1723177342396 3353.2114622592926 996000
1723177355565 3366.1710002422333 1000000
1723177369117 3379.509145259857 1004000
1723177382817 3392.9892003536224 1008000
1723177396508 3406.457753419876 1012000
1723177410247 3419.969972372055 1016000
1723177423685 3433.1630613803864 1020000
1723177437269 3446.515284538269 1024000
1723177451033 3460.065979719162 1028000
1723177464728 3473.468170404434 1032000
1723177478857 3487.3138256073 1036000
1723177492876 3501.0791685581207 1040000
1723177506815 3514.6926984786987 1044000
1723177520479 3528.1091055870056 1048000
1723177534363 3541.7404034137726 1052000
1723177548188 3555.3279173374176 1056000
1723177561752 3568.64759516716 1060000
1723177575902 3582.575839281082 1064000
1723177589545 3595.9914622306824 1068000
1723177602364 3608.5865092277527 1072000
1723177615532 3621.4944961071014 1076000
1723177628879 3634.55291223526 1080000
1723177641921 3647.306044101715 1084000
1723177655345 3660.51162314415 1088000
1723177668790 3673.714660167694 1092000
1723177682504 3687.2046501636505 1096000
1723177696008 3700.4921510219574 1100000
1723177709552 3713.8231871128082 1104000
1723177723044 3727.1034672260284 1108000
1723177736993 3740.82968211174 1112000
1723177750164 3753.7174491882324 1116000
1723177763733 3766.9903762340546 1120000
1723177777107 3780.0770032405853 1124000
1723177790655 3793.320525407791 1128000
1723177803829 3806.275128364563 1132000
1723177816982 3819.2007644176483 1136000
1723177830486 3832.481497526169 1140000
1723177844197 3845.973791360855 1144000
1723177858317 3859.848744392395 1148000
1723177871893 3873.1955683231354 1152000
1723177885557 3886.512549161911 1156000
1723177899074 3899.7350928783417 1160000
1723177912674 3913.0421147346497 1164000
1723177925662 3925.797399520874 1168000
1723177939275 3939.1885533332825 1172000
1723177952266 3951.943215370178 1176000
1723177965616 3965.0699343681335 1180000
1723177979077 3978.3021614551544 1184000
1723177993012 3992.0044083595276 1188000
1723178006499 4005.2563033103943 1192000
1723178019720 4018.178071498871 1196000
1723178032983 4031.1045293807983 1200000
1723178045103 4042.971289396286 1204000
1723178058619 4056.2355756759644 1208000
1723178071555 4068.953108549118 1212000
1723178084891 4082.0608086586 1216000
1723178097757 4094.701161623001 1220000
1723178111083 4107.8059277534485 1224000
1723178124290 4120.723755836487 1228000
1723178137617 4133.750586748123 1232000
1723178151363 4147.192224979401 1236000
1723178165121 4160.710926055908 1240000
1723178178565 4173.915246963501 1244000
1723178191634 4186.755102157593 1248000
1723178205005 4199.904626369476 1252000
1723178218907 4213.5788016319275 1256000
1723178232239 4226.672556400299 1260000
1723178245658 4239.788370370865 1264000
1723178259169 4252.9874312877655 1268000
1723178272990 4266.5066792964935 1272000
1723178286297 4279.499703407288 1276000
1723178299494 4292.469672203064 1280000
1723178312846 4305.59743142128 1284000
1723178326882 4319.394086360931 1288000
1723178340828 4333.103594303131 1292000
1723178354445 4346.480112314224 1296000
1723178367777 4359.578448534012 1300000
1723178381071 4372.646423578262 1304000
1723178394665 4385.910396814346 1308000
1723178407647 4398.583641767502 1312000
1723178420848 4411.477552652359 1316000
1723178434350 4424.746024847031 1320000
1723178447681 4437.841596841812 1324000
1723178461173 4451.095968961716 1328000
1723178474710 4464.388016939163 1332000
1723178488186 4477.624659061432 1336000
1723178501635 4490.8389320373535 1340000
1723178515661 4504.5228090286255 1344000
1723178529861 4518.388591051102 1348000
1723178543336 4531.543483018875 1352000
1723178556901 4544.75633597374 1356000
1723178570327 4557.922208070755 1360000
1723178583474 4570.812408208847 1364000
1723178597052 4584.141993045807 1368000
1723178610267 4597.121916055679 1372000
1723178623422 4610.044446229935 1376000
1723178636555 4622.900171041489 1380000
1723178649873 4635.907668352127 1384000
1723178662537 4648.015837192535 1388000
1723178675087 4660.108726024628 1392000
1723178688443 4673.213987112045 1396000
1723178701550 4686.077349901199 1400000
1723178714888 4699.175561666489 1404000
1723178728525 4712.568035840988 1408000
1723178742307 4726.1135449409485 1412000
1723178755544 4739.0176339149475 1416000
1723178769285 4752.437616825104 1420000
1723178782806 4765.635254859924 1424000
1723178796247 4778.749549865723 1428000
1723178809819 4792.071741580963 1432000
1723178823172 4805.1768045425415 1436000
1723178836069 4817.837080717087 1440000
1723178847477 4829.020302772522 1444000
1723178859276 4840.595992803574 1448000
1723178871010 4852.108191728592 1452000
1723178882984 4863.8579087257385 1456000
1723178894989 4875.639321804047 1460000
1723178907032 4887.458978891373 1464000
1723178918331 4898.5328278541565 1468000
1723178929900 4909.878415822983 1472000
1723178942155 4921.910466909409 1476000
1723178953832 4933.361750841141 1480000
1723178965740 4945.0469489097595 1484000
1723178977672 4956.749240875244 1488000
1723178989811 4968.65634393692 1492000
1723179001683 4980.291865110397 1496000
1723179013700 4992.070896148682 1500000
1723179025318 5003.434220075607 1504000
1723179037239 5015.104044914246 1508000
1723179048963 5026.5945999622345 1512000
1723179060605 5038.011401176453 1516000
1723179072577 5049.7571811676025 1520000
1723179084886 5061.836953163147 1524000
1723179096547 5073.266545295715 1528000
1723179108053 5084.543084383011 1532000
1723179119661 5095.900757312775 1536000
1723179131421 5107.433665513992 1540000
1723179143206 5118.917654514313 1544000
1723179154752 5130.234256267548 1548000
1723179166467 5141.719460248947 1552000
1723179177925 5152.927713632584 1556000
1723179189762 5164.531866550446 1560000
1723179201045 5175.490127325058 1564000
1723179212680 5186.889277219772 1568000
1723179224359 5198.330847978592 1572000
1723179236272 5210.008034944534 1576000
1723179247889 5221.389447212219 1580000
1723179259082 5232.349146127701 1584000
1723179270684 5243.718410015106 1588000
1723179282377 5255.176624298096 1592000
1723179293737 5266.269134283066 1596000
1723179305022 5277.26150727272 1600000
1723179316130 5288.135567903519 1604000
1723179327942 5299.710156679153 1608000
1723179339499 5311.030897855759 1612000
1723179350896 5322.192338705063 1616000
1723179362287 5333.346065759659 1620000
1723179373574 5344.396694660187 1624000
1723179384925 5355.50951051712 1628000
1723179396177 5366.5232474803925 1632000
1723179407366 5377.47468829155 1636000
1723179418852 5388.722957372665 1640000
1723179430531 5399.980131387711 1644000
1723179441881 5411.088782310486 1648000
1723179453229 5422.19572353363 1652000
1723179464626 5433.352308511734 1656000
1723179475935 5444.416522502899 1660000
1723179487751 5455.909124612808 1664000
1723179499167 5467.077550649643 1668000
1723179510705 5478.363464593887 1672000
1723179522244 5489.651023387909 1676000
1723179533886 5500.9141454696655 1680000
1723179544906 5511.688485383987 1684000
1723179556166 5522.705784320831 1688000
1723179567653 5533.949249267578 1692000
1723179579045 5545.099582195282 1696000
1723179590423 5556.23760509491 1700000
1723179601792 5567.3618931770325 1704000
1723179613090 5578.416711330414 1708000
1723179624235 5589.321400165558 1712000
1723179635656 5600.445786237717 1716000
1723179646915 5611.461430072784 1720000
1723179658417 5622.72256398201 1724000
1723179669842 5633.905683040619 1728000
1723179681136 5644.9569799900055 1732000
1723179692487 5656.0631630420685 1736000
1723179703933 5667.264712095261 1740000
1723179715185 5678.274450063705 1744000
1723179726637 5689.410573959351 1748000
1723179738091 5700.523870944977 1752000
1723179749493 5711.654145002365 1756000
1723179760691 5722.605113983154 1760000
1723179772136 5733.760797023773 1764000
1723179784139 5745.513943195343 1768000
1723179795932 5757.0591740608215 1772000
1723179807404 5768.285361051559 1776000
1723179818833 5779.469244003296 1780000
1723179830357 5790.74297785759 1784000
1723179842532 5802.5719928741455 1788000
1723179853792 5813.578976154327 1792000
1723179865312 5824.846640348434 1796000
1723179876352 5835.63494515419 1800000
1723179887966 5846.989386081696 1804000
1723179899423 5858.188065290451 1808000
1723179910974 5869.491683244705 1812000
1723179922348 5880.6152584552765 1816000
1723179933781 5891.795174360275 1820000
1723179945099 5902.780376672745 1824000
1723179956340 5913.767964839935 1828000
1723179967912 5925.091666698456 1832000
1723179979215 5936.137876749039 1836000
1723179990707 5947.380077838898 1840000
1723180002090 5958.513948917389 1844000
1723180013268 5969.410839796066 1848000
1723180024858 5980.7504799366 1852000
1723180036499 5992.139715909958 1856000
1723180048173 6003.507385015488 1860000
1723180059708 6014.787933111191 1864000
1723180071049 6025.871881246567 1868000
1723180082457 6037.026792049408 1872000
1723180093835 6048.1521899700165 1876000
1723180105006 6059.062264204025 1880000
1723180116328 6070.131637096405 1884000
1723180127804 6081.351616859436 1888000
1723180139333 6092.627113819122 1892000
1723180150834 6103.782015800476 1896000
1723180161978 6114.674037694931 1900000
1723180173225 6125.667461633682 1904000
1723180184508 6136.693994760513 1908000
1723180196104 6148.034437656403 1912000
1723180207564 6159.2389187812805 1916000
1723180218961 6170.380209684372 1920000
1723180230445 6181.609708786011 1924000
1723180241710 6192.620182752609 1928000
1723180253429 6203.99024271965 1932000
1723180264914 6215.203451871872 1936000
1723180276043 6226.066701889038 1940000
1723180287501 6237.263343572617 1944000
1723180298732 6248.237037420273 1948000
1723180310086 6259.333118200302 1952000
1723180321859 6270.845849275589 1956000
1723180332993 6281.716052055359 1960000
1723180344474 6292.9343321323395 1964000
1723180356119 6304.258850097656 1968000
1723180367605 6315.479298114777 1972000
1723180379111 6326.725615978241 1976000
1723180390492 6337.843532085419 1980000
1723180401897 6348.986689090729 1984000
1723180413566 6360.3976221084595 1988000
1723180425326 6371.897666215897 1992000
1723180436775 6383.078993320465 1996000
1723180448624 6394.6621351242065 2000000
