1723173953552 20.639984130859375 4000
1723173968195 14.409038066864014 8000
1723173984022 15.611484050750732 12000
1723173999018 14.791011095046997 16000
1723174014599 15.437429904937744 20000
1723174030024 15.28360915184021 24000
1723174046272 16.0295569896698 28000
1723174061154 14.701230764389038 32000
1723174078108 16.80265188217163 36000
1723174093257 14.983737230300903 40000
1723174108101 14.677977085113525 44000
1723174124605 16.351221084594727 48000
1723174139180 14.415694952011108 52000
1723174153078 13.746860980987549 56000
1723174167250 14.026054859161377 60000
1723174181357 13.953940868377686 64000
1723174195923 14.419177293777466 68000
1723174209736 13.595870971679688 72000
1723174224006 14.069762945175171 76000
1723174238001 13.799197912216187 80000
1723174252243 14.029891014099121 84000
1723174266587 14.13059115409851 88000
1723174280728 13.927281856536865 92000
1723174294615 13.745804071426392 96000
1723174308553 13.791512727737427 100000
1723174322278 13.576741218566895 104000
1723174335921 13.495290756225586 108000
1723174350275 14.20853590965271 112000
1723174364270 13.844561100006104 116000
1723174378680 14.249409914016724 120000
1723174394060 15.220935344696045 124000
1723174408283 14.074245929718018 128000
1723174422181 13.753045082092285 132000
1723174436533 14.206629753112793 136000
1723174450603 13.869044780731201 140000
1723174464470 13.6596519947052 144000
1723174478383 13.710460901260376 148000
1723174492084 13.511847019195557 152000
1723174505694 13.452314138412476 156000
1723174519100 13.264322757720947 160000
1723174532499 13.25514006614685 164000
1723174546820 14.168341875076294 168000
1723174560371 13.390782117843628 172000
1723174574290 13.751126050949097 176000
1723174588794 14.33790898323059 180000
1723174602368 13.418193817138672 184000
1723174616079 13.548573017120361 188000
1723174630002 13.719789028167725 192000
1723174643537 13.323449850082397 196000
1723174657231 13.485357999801636 200000
1723174671228 13.79445195198059 204000
1723174684805 13.39590311050415 208000
1723174698532 13.540479898452759 212000
1723174711735 13.054443836212158 216000
1723174725093 13.201871871948242 220000
1723174738981 13.731037139892578 224000
1723174752302 13.15390419960022 228000
1723174765813 13.358037948608398 232000
1723174779098 13.072988986968994 236000
1723174792683 13.37663221359253 240000
1723174806431 13.523972749710083 244000
1723174820164 13.56912088394165 248000
1723174833605 13.291949033737183 252000
1723174846745 12.973445892333984 256000
1723174860240 13.331886053085327 260000
1723174874088 13.680752754211426 264000
1723174887669 13.419360160827637 268000
1723174901005 13.169214963912964 272000
1723174914643 13.415243864059448 276000
1723174927667 12.813859224319458 280000
1723174941046 13.158128261566162 284000
1723174954209 13.003539085388184 288000
1723174967699 13.328732967376709 292000
1723174980947 13.073812007904053 296000
1723174994240 13.127634763717651 300000
1723175007621 13.211982250213623 304000
1723175020984 13.197831153869629 308000
1723175034343 13.141938924789429 312000
1723175047433 12.874897956848145 316000
1723175060409 12.817173957824707 320000
1723175073893 13.324476957321167 324000
1723175087276 13.21479606628418 328000
1723175100547 13.114654779434204 332000
1723175113699 12.986427307128906 336000
1723175127319 13.454495191574097 340000
1723175140552 13.014452934265137 344000
1723175153909 13.143980026245117 348000
1723175167504 13.378674983978271 352000
1723175181295 13.578717947006226 356000
1723175194484 13.020747184753418 360000
1723175208559 13.900366067886353 364000
1723175221245 12.516971111297607 368000
1723175234193 12.782592058181763 372000
1723175247980 13.62084674835205 376000
1723175261240 13.090787172317505 380000
1723175275138 13.673408031463623 384000
1723175288785 13.3927640914917 388000
1723175302347 13.319969177246094 392000
1723175315654 13.084910154342651 396000
1723175329212 13.391552925109863 400000
1723175342463 13.086153984069824 404000
1723175355720 13.081658124923706 408000
1723175368978 13.086042881011963 412000
1723175382046 12.904016733169556 416000
1723175395800 13.577512741088867 420000
1723175409428 13.392953872680664 424000
1723175422946 13.29480504989624 428000
1723175436258 13.096049070358276 432000
1723175449679 13.222308874130249 436000
1723175462827 12.964959144592285 440000
1723175476005 12.997812032699585 444000
1723175490438 14.253211736679077 448000
1723175503434 12.830538988113403 452000
1723175517072 13.387859106063843 456000
1723175529966 12.67310619354248 460000
1723175543085 12.879933834075928 464000
1723175555040 11.774232625961304 468000
1723175567888 12.678580045700073 472000
1723175581120 13.05787706375122 476000
1723175594490 13.196265935897827 480000
1723175607967 13.308490991592407 484000
1723175621223 13.079931735992432 488000
1723175634877 13.410577058792114 492000
1723175648786 13.683500051498413 496000
1723175662442 13.418101787567139 500000
1723175675822 13.1824471950531 504000
1723175689593 13.597084999084473 508000
1723175703439 13.667762994766235 512000
1723175717422 13.802040815353394 516000
1723175731026 13.417568922042847 520000
1723175744852 13.648648977279663 524000
1723175758840 13.810796022415161 528000
1723175773130 14.114558219909668 532000
1723175786641 13.013177871704102 536000
1723175800396 13.307209014892578 540000
1723175813469 12.43592381477356 544000
1723175826487 12.776679039001465 548000
1723175839750 13.069963932037354 552000
1723175853302 13.353979110717773 556000
1723175867543 14.0088951587677 560000
1723175881364 13.608820915222168 564000
1723175894783 13.207997798919678 568000
1723175910089 15.09293508529663 572000
1723175924051 13.756829738616943 576000
1723175936946 12.647845983505249 580000
1723175950491 12.98826003074646 584000
1723175963500 12.52221393585205 588000
1723175976805 13.059871912002563 592000
1723175990690 13.532809019088745 596000
1723176005436 14.104127883911133 600000
1723176019057 13.426033020019531 604000
1723176032496 13.248186111450195 608000
1723176045608 12.697657108306885 612000
1723176058046 12.255540132522583 616000
1723176071762 13.5349760055542 620000
1723176085513 13.384668111801147 624000
1723176099184 13.21683120727539 628000
1723176113368 13.495683670043945 632000
1723176126522 12.330473899841309 636000
1723176140536 13.745609045028687 640000
1723176153208 12.250658988952637 644000
1723176166451 13.058470964431763 648000
1723176180283 13.634246826171875 652000
1723176193988 13.517432928085327 656000
1723176207480 13.290349960327148 660000
1723176220757 13.08729100227356 664000
1723176234752 13.7467679977417 668000
1723176247802 12.798234224319458 672000
1723176261497 13.445465087890625 676000
1723176274789 13.100233316421509 680000
1723176289126 14.010604858398438 684000
1723176302180 12.835247993469238 688000
1723176314456 12.067155838012695 692000
1723176327876 13.038243055343628 696000
1723176341229 12.944051027297974 700000
1723176354706 12.751712083816528 704000
1723176368421 13.462125062942505 708000
1723176381991 13.296586990356445 712000
1723176395344 13.146594047546387 716000
1723176409294 13.734203815460205 720000
1723176423198 13.337980031967163 724000
1723176436475 13.082148790359497 728000
1723176448861 12.186156034469604 732000
1723176462163 12.997800350189209 736000
1723176475812 13.270411968231201 740000
1723176489135 13.0484139919281 744000
1723176502929 13.446575164794922 748000
1723176516332 12.692778825759888 752000
1723176529898 13.16717791557312 756000
1723176543231 13.118945837020874 760000
1723176556882 13.458245038986206 764000
1723176569903 12.823572874069214 768000
1723176583620 13.453691005706787 772000
1723176597461 13.627342700958252 776000
1723176610727 13.068021059036255 780000
1723176624159 13.16843295097351 784000
1723176637296 12.943542718887329 788000
1723176650617 13.058744192123413 792000
1723176663708 12.878628730773926 796000
1723176677019 13.118113040924072 800000
1723176690945 13.718536138534546 804000
1723176704796 13.633489847183228 808000
1723176718214 13.213401317596436 812000
1723176731479 13.074658155441284 816000
1723176744710 12.971389055252075 820000
1723176757971 13.002197980880737 824000
1723176771576 13.353766202926636 828000
1723176785188 13.383840084075928 832000
1723176798651 13.255372762680054 836000
1723176811956 13.095287084579468 840000
1723176825521 13.373916149139404 844000
1723176839327 13.6090989112854 848000
1723176852745 13.220072269439697 852000
1723176866101 13.155953168869019 856000
1723176879438 13.074503183364868 860000
1723176893236 13.555365800857544 864000
1723176907324 13.826856851577759 868000
1723176921119 13.508254051208496 872000
1723176934647 13.312402963638306 876000
1723176948205 13.341413974761963 880000
1723176961703 13.277899026870728 884000
1723176975471 13.554587841033936 888000
1723176988980 13.303003072738647 892000
1723177002391 13.209924936294556 896000
1723177015729 13.134707927703857 900000
1723177029165 13.170011281967163 904000
1723177042128 12.685784816741943 908000
1723177056250 13.818714141845703 912000
1723177069899 13.412774085998535 916000
1723177083408 13.265814065933228 920000
1723177097188 13.539947032928467 924000
1723177110580 13.182380199432373 928000
1723177124183 13.395301103591919 932000
1723177137913 13.519941329956055 936000
1723177151148 13.033560752868652 940000
1723177164345 12.924052953720093 944000
1723177177844 13.223191022872925 948000
1723177192413 14.284570217132568 952000
1723177205782 13.087504148483276 956000
1723177219398 13.410560131072998 960000
1723177232785 13.1838960647583 964000
1723177246370 13.371510744094849 968000
1723177260003 13.424416065216064 972000
1723177274276 14.063398122787476 976000
1723177287915 13.431305170059204 980000
1723177301903 13.756124019622803 984000
1723177315666 13.46524691581726 988000
1723177329270 13.317656755447388 992000
1723177342395 12.844825267791748 996000
1723177355564 12.959537982940674 1000000
1723177369115 13.338145017623901 1004000
1723177382816 13.480055093765259 1008000
1723177396506 13.468553066253662 1012000
1723177410245 13.512218952178955 1016000
1723177423683 13.193089008331299 1020000
1723177437267 13.35222315788269 1024000
1723177451031 13.550695180892944 1028000
1723177464727 13.402190685272217 1032000
1723177478856 13.8456552028656 1036000
1723177492875 13.765342950820923 1040000
1723177506814 13.613529920578003 1044000
1723177520478 13.416407108306885 1048000
1723177534362 13.631297826766968 1052000
1723177548187 13.58751392364502 1056000
1723177561751 13.319677829742432 1060000
1723177575901 13.92824411392212 1064000
1723177589543 13.41562294960022 1068000
1723177602363 12.595046997070312 1072000
1723177615531 12.907986879348755 1076000
1723177628877 13.05841612815857 1080000
1723177641920 12.753131866455078 1084000
1723177655344 13.205579042434692 1088000
1723177668788 13.203037023544312 1092000
1723177682503 13.489989995956421 1096000
1723177696007 13.287500858306885 1100000
1723177709551 13.33103609085083 1104000
1723177723042 13.280280113220215 1108000
1723177736992 13.72621488571167 1112000
1723177750163 12.88776707649231 1116000
1723177763732 13.272927045822144 1120000
1723177777105 13.086627006530762 1124000
1723177790654 13.24352216720581 1128000
1723177803828 12.95460295677185 1132000
1723177816980 12.925636053085327 1136000
1723177830484 13.280733108520508 1140000
1723177844196 13.49229383468628 1144000
1723177858316 13.874953031539917 1148000
1723177871892 13.346823930740356 1152000
1723177885555 13.316980838775635 1156000
1723177899073 13.222543716430664 1160000
1723177912672 13.307021856307983 1164000
1723177925661 12.755284786224365 1168000
1723177939274 13.391153812408447 1172000
1723177952265 12.754662036895752 1176000
1723177965615 13.126718997955322 1180000
1723177979076 13.232227087020874 1184000
1723177993011 13.702246904373169 1188000
1723178006498 13.2518949508667 1192000
1723178019718 12.921768188476562 1196000
1723178032981 12.92645788192749 1200000
1723178045102 11.866760015487671 1204000
1723178058618 13.264286279678345 1208000
1723178071554 12.717532873153687 1212000
1723178084890 13.107700109481812 1216000
1723178097756 12.640352964401245 1220000
1723178111081 13.104766130447388 1224000
1723178124288 12.91782808303833 1228000
1723178137615 13.026830911636353 1232000
1723178151362 13.441638231277466 1236000
1723178165119 13.518701076507568 1240000
1723178178563 13.204320907592773 1244000
1723178191633 12.839855194091797 1248000
1723178205004 13.149524211883545 1252000
1723178218905 13.674175262451172 1256000
1723178232237 13.093754768371582 1260000
1723178245657 13.115813970565796 1264000
1723178259168 13.199060916900635 1268000
1723178272989 13.519248008728027 1272000
1723178286296 12.993024110794067 1276000
1723178299493 12.969968795776367 1280000
1723178312845 13.127759218215942 1284000
1723178326881 13.79665493965149 1288000
1723178340827 13.709507942199707 1292000
1723178354444 13.37651801109314 1296000
1723178367776 13.098336219787598 1300000
1723178381070 13.067975044250488 1304000
1723178394664 13.263973236083984 1308000
1723178407646 12.673244953155518 1312000
1723178420846 12.893910884857178 1316000
1723178434349 13.26847219467163 1320000
1723178447680 13.095571994781494 1324000
1723178461171 13.254372119903564 1328000
1723178474708 13.29204797744751 1332000
1723178488184 13.236642122268677 1336000
1723178501633 13.21427297592163 1340000
1723178515659 13.683876991271973 1344000
1723178529860 13.865782022476196 1348000
1723178543335 13.154891967773438 1352000
1723178556900 13.212852954864502 1356000
1723178570326 13.16587209701538 1360000
1723178583472 12.890200138092041 1364000
1723178597051 13.329584836959839 1368000
1723178610266 12.979923009872437 1372000
1723178623420 12.922530174255371 1376000
1723178636554 12.855724811553955 1380000
1723178649872 13.007497310638428 1384000
1723178662536 12.108168840408325 1388000
1723178675085 12.092888832092285 1392000
1723178688442 13.105261087417603 1396000
1723178701549 12.863362789154053 1400000
1723178714886 13.098211765289307 1404000
1723178728523 13.392474174499512 1408000
1723178742306 13.545509099960327 1412000
1723178755543 12.904088973999023 1416000
1723178769284 13.41998291015625 1420000
1723178782805 13.197638034820557 1424000
1723178796245 13.11429500579834 1428000
1723178809817 13.322191715240479 1432000
1723178823171 13.10506296157837 1436000
1723178836068 12.660276174545288 1440000
1723178847475 11.18322205543518 1444000
1723178859275 11.575690031051636 1448000
1723178871009 11.51219892501831 1452000
1723178882983 11.749716997146606 1456000
1723178894988 11.781413078308105 1460000
1723178907031 11.81965708732605 1464000
1723178918329 11.073848962783813 1468000
1723178929899 11.345587968826294 1472000
1723178942154 12.032051086425781 1476000
1723178953830 11.451283931732178 1480000
1723178965739 11.685198068618774 1484000
1723178977670 11.70229196548462 1488000
1723178989809 11.907103061676025 1492000
1723179001682 11.635521173477173 1496000
1723179013699 11.779031038284302 1500000
1723179025316 11.36332392692566 1504000
1723179037237 11.669824838638306 1508000
1723179048962 11.490555047988892 1512000
1723179060603 11.41680121421814 1516000
1723179072576 11.745779991149902 1520000
1723179084884 12.079771995544434 1524000
1723179096545 11.42959213256836 1528000
1723179108051 11.276539087295532 1532000
1723179119660 11.357672929763794 1536000
1723179131420 11.532908201217651 1540000
1723179143204 11.483989000320435 1544000
1723179154751 11.316601753234863 1548000
1723179166466 11.485203981399536 1552000
1723179177924 11.208253383636475 1556000
1723179189761 11.604152917861938 1560000
1723179201044 10.958260774612427 1564000
1723179212678 11.399149894714355 1568000
1723179224357 11.44157075881958 1572000
1723179236271 11.677186965942383 1576000
1723179247888 11.381412267684937 1580000
1723179259081 10.959698915481567 1584000
1723179270683 11.369263887405396 1588000
1723179282376 11.458214282989502 1592000
1723179293736 11.092509984970093 1596000
1723179305020 10.992372989654541 1600000
1723179316129 10.87406063079834 1604000
1723179327940 11.574588775634766 1608000
1723179339498 11.320741176605225 1612000
1723179350895 11.1614408493042 1616000
1723179362286 11.153727054595947 1620000
1723179373573 11.050628900527954 1624000
1723179384924 11.112815856933594 1628000
1723179396176 11.013736963272095 1632000
1723179407365 10.951440811157227 1636000
1723179418851 11.248269081115723 1640000
1723179430530 11.257174015045166 1644000
1723179441880 11.108650922775269 1648000
1723179453227 11.106941223144531 1652000
1723179464625 11.156584978103638 1656000
1723179475934 11.064213991165161 1660000
1723179487750 11.492602109909058 1664000
1723179499166 11.168426036834717 1668000
1723179510703 11.285913944244385 1672000
1723179522242 11.287558794021606 1676000
1723179533885 11.263122081756592 1680000
1723179544905 10.7743399143219 1684000
1723179556164 11.017298936843872 1688000
1723179567651 11.243464946746826 1692000
1723179579044 11.150332927703857 1696000
1723179590422 11.138022899627686 1700000
1723179601790 11.124288082122803 1704000
1723179613088 11.054818153381348 1708000
1723179624234 10.904688835144043 1712000
1723179635655 11.124386072158813 1716000
1723179646914 11.015643835067749 1720000
1723179658416 11.261133909225464 1724000
1723179669841 11.183119058609009 1728000
1723179681134 11.051296949386597 1732000
1723179692485 11.106183052062988 1736000
1723179703931 11.201549053192139 1740000
1723179715184 11.009737968444824 1744000
1723179726635 11.136123895645142 1748000
1723179738089 11.11329698562622 1752000
1723179749492 11.130274057388306 1756000
1723179760690 10.950968980789185 1760000
1723179772134 11.155683040618896 1764000
1723179784138 11.753146171569824 1768000
1723179795931 11.545230865478516 1772000
1723179807403 11.226186990737915 1776000
1723179818832 11.18388295173645 1780000
1723179830356 11.273733854293823 1784000
1723179842531 11.829015016555786 1788000
1723179853791 11.006983280181885 1792000
1723179865311 11.267664194107056 1796000
1723179876350 10.788304805755615 1800000
1723179887965 11.354440927505493 1804000
1723179899422 11.198679208755493 1808000
1723179910972 11.30361795425415 1812000
1723179922346 11.123575210571289 1816000
1723179933780 11.17991590499878 1820000
1723179945097 10.985202312469482 1824000
1723179956339 10.987588167190552 1828000
1723179967911 11.323701858520508 1832000
1723179979214 11.046210050582886 1836000
1723179990706 11.242201089859009 1840000
1723180002088 11.133871078491211 1844000
1723180013267 10.896890878677368 1848000
1723180024857 11.339640140533447 1852000
1723180036498 11.389235973358154 1856000
1723180048172 11.367669105529785 1860000
1723180059706 11.280548095703125 1864000
1723180071047 11.083948135375977 1868000
1723180082456 11.154910802841187 1872000
1723180093833 11.12539792060852 1876000
1723180105004 10.910074234008789 1880000
1723180116326 11.06937289237976 1884000
1723180127803 11.219979763031006 1888000
1723180139332 11.27549695968628 1892000
1723180150833 11.15490198135376 1896000
1723180161977 10.892021894454956 1900000
1723180173224 10.99342393875122 1904000
1723180184507 11.026533126831055 1908000
1723180196102 11.340442895889282 1912000
1723180207563 11.20448112487793 1916000
1723180218959 11.14129090309143 1920000
1723180230444 11.229499101638794 1924000
1723180241709 11.01047396659851 1928000
1723180253426 11.370059967041016 1932000
1723180264913 11.21320915222168 1936000
1723180276041 10.863250017166138 1940000
1723180287499 11.196641683578491 1944000
1723180298731 10.97369384765625 1948000
1723180310085 11.096080780029297 1952000
1723180321858 11.512731075286865 1956000
1723180332992 10.870202779769897 1960000
1723180344473 11.21828007698059 1964000
1723180356118 11.324517965316772 1968000
1723180367603 11.220448017120361 1972000
1723180379109 11.246317863464355 1976000
1723180390491 11.117916107177734 1980000
1723180401895 11.143157005310059 1984000
1723180413565 11.410933017730713 1988000
1723180425324 11.500044107437134 1992000
1723180436774 11.181327104568481 1996000
1723180448623 11.583141803741455 2000000
