1723173953551 1.0 4000
1723173968194 2.0 8000
1723173984021 3.0 12000
1723173999017 4.0 16000
1723174014598 5.0 20000
1723174030024 6.0 24000
1723174046271 7.0 28000
1723174061153 8.0 32000
1723174078107 9.0 36000
1723174093256 10.0 40000
1723174108101 11.0 44000
1723174124604 12.0 48000
1723174139179 13.0 52000
1723174153077 14.0 56000
1723174167249 15.0 60000
1723174181356 16.0 64000
1723174195922 17.0 68000
1723174209735 18.0 72000
1723174224005 19.0 76000
1723174238000 20.0 80000
1723174252242 21.0 84000
1723174266586 22.0 88000
1723174280728 23.0 92000
1723174294614 24.0 96000
1723174308552 25.0 100000
1723174322277 26.0 104000
1723174335920 27.0 108000
1723174350274 28.0 112000
1723174364269 29.0 116000
1723174378679 30.0 120000
1723174394059 31.0 124000
1723174408282 32.0 128000
1723174422180 33.0 132000
1723174436532 34.0 136000
1723174450602 35.0 140000
1723174464469 36.0 144000
1723174478382 37.0 148000
1723174492083 38.0 152000
1723174505693 39.0 156000
1723174519100 40.0 160000
1723174532499 41.0 164000
1723174546819 42.0 168000
1723174560370 43.0 172000
1723174574290 44.0 176000
1723174588793 45.0 180000
1723174602367 46.0 184000
1723174616078 47.0 188000
1723174630002 48.0 192000
1723174643536 49.0 196000
1723174657230 50.0 200000
1723174671227 51.0 204000
1723174684805 52.0 208000
1723174698532 53.0 212000
1723174711734 54.0 216000
1723174725092 55.0 220000
1723174738980 56.0 224000
1723174752301 57.0 228000
1723174765812 58.0 232000
1723174779097 59.0 236000
1723174792682 60.0 240000
1723174806431 61.0 244000
1723174820163 62.0 248000
1723174833605 63.0 252000
1723174846744 64.0 256000
1723174860239 65.0 260000
1723174874086 66.0 264000
1723174887668 67.0 268000
1723174901004 68.0 272000
1723174914642 69.0 276000
1723174927666 70.0 280000
1723174941046 71.0 284000
1723174954208 72.0 288000
1723174967698 73.0 292000
1723174980947 74.0 296000
1723174994240 75.0 300000
1723175007620 76.0 304000
1723175020983 77.0 308000
1723175034342 78.0 312000
1723175047432 79.0 316000
1723175060408 80.0 320000
1723175073893 81.0 324000
1723175087275 82.0 328000
1723175100546 83.0 332000
1723175113699 84.0 336000
1723175127318 85.0 340000
1723175140551 86.0 344000
1723175153908 87.0 348000
1723175167503 88.0 352000
1723175181294 89.0 356000
1723175194484 90.0 360000
1723175208558 91.0 364000
1723175221244 92.0 368000
1723175234193 93.0 372000
1723175247979 94.0 376000
1723175261239 95.0 380000
1723175275137 96.0 384000
1723175288784 97.0 388000
1723175302346 98.0 392000
1723175315653 99.0 396000
1723175329211 100.0 400000
1723175342462 101.0 404000
1723175355719 102.0 408000
1723175368977 103.0 412000
1723175382046 104.0 416000
1723175395799 105.0 420000
1723175409427 106.0 424000
1723175422945 107.0 428000
1723175436257 108.0 432000
1723175449678 109.0 436000
1723175462826 110.0 440000
1723175476004 111.0 444000
1723175490437 112.0 448000
1723175503433 113.0 452000
1723175517071 114.0 456000
1723175529965 115.0 460000
1723175543084 116.0 464000
1723175555038 117.0 468000
1723175567887 118.0 472000
1723175581119 119.0 476000
1723175594489 120.0 480000
1723175607966 121.0 484000
1723175621222 122.0 488000
1723175634876 123.0 492000
1723175648785 124.0 496000
1723175662442 125.0 500000
1723175675821 126.0 504000
1723175689593 127.0 508000
1723175703438 128.0 512000
1723175717420 129.0 516000
1723175731025 130.0 520000
1723175744851 131.0 524000
1723175758839 132.0 528000
1723175773129 133.0 532000
1723175786640 134.0 536000
1723175800395 135.0 540000
1723175813468 136.0 544000
1723175826486 137.0 548000
1723175839750 138.0 552000
1723175853301 139.0 556000
1723175867542 140.0 560000
1723175881363 141.0 564000
1723175894782 142.0 568000
1723175910089 143.0 572000
1723175924050 144.0 576000
1723175936943 145.0 580000
1723175950489 146.0 584000
1723175963499 147.0 588000
1723175976804 148.0 592000
1723175990689 149.0 596000
1723176005435 150.0 600000
1723176019056 151.0 604000
1723176032495 152.0 608000
1723176045607 153.0 612000
1723176058045 154.0 616000
1723176071761 155.0 620000
1723176085512 156.0 624000
1723176099182 157.0 628000
1723176113368 158.0 632000
1723176126521 159.0 636000
1723176140535 160.0 640000
1723176153207 161.0 644000
1723176166450 162.0 648000
1723176180282 163.0 652000
1723176193987 164.0 656000
1723176207479 165.0 660000
1723176220756 166.0 664000
1723176234751 167.0 668000
1723176247801 168.0 672000
1723176261497 169.0 676000
1723176274788 170.0 680000
1723176289125 171.0 684000
1723176302179 172.0 688000
1723176314455 173.0 692000
1723176327875 174.0 696000
1723176341227 175.0 700000
1723176354705 176.0 704000
1723176368421 177.0 708000
1723176381990 178.0 712000
1723176395344 179.0 716000
1723176409293 180.0 720000
1723176423197 181.0 724000
1723176436474 182.0 728000
1723176448860 183.0 732000
1723176462162 184.0 736000
1723176475811 185.0 740000
1723176489134 186.0 744000
1723176502928 187.0 748000
1723176516331 188.0 752000
1723176529897 189.0 756000
1723176543231 190.0 760000
1723176556881 191.0 764000
1723176569902 192.0 768000
1723176583619 193.0 772000
1723176597461 194.0 776000
1723176610726 195.0 780000
1723176624158 196.0 784000
1723176637295 197.0 788000
1723176650616 198.0 792000
1723176663707 199.0 796000
1723176677018 200.0 800000
1723176690944 201.0 804000
1723176704796 202.0 808000
1723176718213 203.0 812000
1723176731478 204.0 816000
1723176744709 205.0 820000
1723176757970 206.0 824000
1723176771575 207.0 828000
1723176785187 208.0 832000
1723176798651 209.0 836000
1723176811955 210.0 840000
1723176825520 211.0 844000
1723176839326 212.0 848000
1723176852745 213.0 852000
1723176866100 214.0 856000
1723176879437 215.0 860000
1723176893235 216.0 864000
1723176907323 217.0 868000
1723176921118 218.0 872000
1723176934647 219.0 876000
1723176948204 220.0 880000
1723176961702 221.0 884000
1723176975470 222.0 888000
1723176988980 223.0 892000
1723177002390 224.0 896000
1723177015728 225.0 900000
1723177029164 226.0 904000
1723177042128 227.0 908000
1723177056249 228.0 912000
1723177069898 229.0 916000
1723177083407 230.0 920000
1723177097188 231.0 924000
1723177110579 232.0 928000
1723177124182 233.0 932000
1723177137912 234.0 936000
1723177151147 235.0 940000
1723177164344 236.0 944000
1723177177843 237.0 948000
1723177192412 238.0 952000
1723177205781 239.0 956000
1723177219397 240.0 960000
1723177232784 241.0 964000
1723177246369 242.0 968000
1723177260002 243.0 972000
1723177274275 244.0 976000
1723177287914 245.0 980000
1723177301902 246.0 984000
1723177315665 247.0 988000
1723177329270 248.0 992000
1723177342394 249.0 996000
1723177355563 250.0 1000000
1723177369114 251.0 1004000
1723177382815 252.0 1008000
1723177396505 253.0 1012000
1723177410245 254.0 1016000
1723177423682 255.0 1020000
1723177437266 256.0 1024000
1723177451031 257.0 1028000
1723177464726 258.0 1032000
1723177478855 259.0 1036000
1723177492874 260.0 1040000
1723177506813 261.0 1044000
1723177520477 262.0 1048000
1723177534361 263.0 1052000
1723177548186 264.0 1056000
1723177561750 265.0 1060000
1723177575900 266.0 1064000
1723177589543 267.0 1068000
1723177602362 268.0 1072000
1723177615530 269.0 1076000
1723177628877 270.0 1080000
1723177641919 271.0 1084000
1723177655343 272.0 1088000
1723177668787 273.0 1092000
1723177682502 274.0 1096000
1723177696006 275.0 1100000
1723177709550 276.0 1104000
1723177723042 277.0 1108000
1723177736991 278.0 1112000
1723177750162 279.0 1116000
1723177763731 280.0 1120000
1723177777105 281.0 1124000
1723177790653 282.0 1128000
1723177803827 283.0 1132000
1723177816979 284.0 1136000
1723177830483 285.0 1140000
1723177844196 286.0 1144000
1723177858315 287.0 1148000
1723177871891 288.0 1152000
1723177885554 289.0 1156000
1723177899072 290.0 1160000
1723177912672 291.0 1164000
1723177925660 292.0 1168000
1723177939273 293.0 1172000
1723177952264 294.0 1176000
1723177965614 295.0 1180000
1723177979075 296.0 1184000
1723177993010 297.0 1188000
1723178006497 298.0 1192000
1723178019717 299.0 1196000
1723178032980 300.0 1200000
1723178045101 301.0 1204000
1723178058617 302.0 1208000
1723178071553 303.0 1212000
1723178084889 304.0 1216000
1723178097755 305.0 1220000
1723178111081 306.0 1224000
1723178124287 307.0 1228000
1723178137613 308.0 1232000
1723178151361 309.0 1236000
1723178165118 310.0 1240000
1723178178562 311.0 1244000
1723178191632 312.0 1248000
1723178205003 313.0 1252000
1723178218905 314.0 1256000
1723178232236 315.0 1260000
1723178245655 316.0 1264000
1723178259167 317.0 1268000
1723178272988 318.0 1272000
1723178286295 319.0 1276000
1723178299492 320.0 1280000
1723178312844 321.0 1284000
1723178326880 322.0 1288000
1723178340826 323.0 1292000
1723178354443 324.0 1296000
1723178367775 325.0 1300000
1723178381069 326.0 1304000
1723178394663 327.0 1308000
1723178407645 328.0 1312000
1723178420846 329.0 1316000
1723178434348 330.0 1320000
1723178447679 331.0 1324000
1723178461171 332.0 1328000
1723178474707 333.0 1332000
1723178488184 334.0 1336000
1723178501633 335.0 1340000
1723178515658 336.0 1344000
1723178529859 337.0 1348000
1723178543334 338.0 1352000
1723178556899 339.0 1356000
1723178570325 340.0 1360000
1723178583471 341.0 1364000
1723178597050 342.0 1368000
1723178610265 343.0 1372000
1723178623420 344.0 1376000
1723178636553 345.0 1380000
1723178649870 346.0 1384000
1723178662535 347.0 1388000
1723178675084 348.0 1392000
1723178688441 349.0 1396000
1723178701548 350.0 1400000
1723178714886 351.0 1404000
1723178728523 352.0 1408000
1723178742305 353.0 1412000
1723178755542 354.0 1416000
1723178769283 355.0 1420000
1723178782804 356.0 1424000
1723178796244 357.0 1428000
1723178809817 358.0 1432000
1723178823170 359.0 1436000
1723178836067 360.0 1440000
1723178847475 361.0 1444000
1723178859274 362.0 1448000
1723178871008 363.0 1452000
1723178882982 364.0 1456000
1723178894987 365.0 1460000
1723178907030 366.0 1464000
1723178918329 367.0 1468000
1723178929898 368.0 1472000
1723178942153 369.0 1476000
1723178953830 370.0 1480000
1723178965738 371.0 1484000
1723178977670 372.0 1488000
1723178989808 373.0 1492000
1723179001681 374.0 1496000
1723179013698 375.0 1500000
1723179025315 376.0 1504000
1723179037237 377.0 1508000
1723179048961 378.0 1512000
1723179060603 379.0 1516000
1723179072575 380.0 1520000
1723179084883 381.0 1524000
1723179096545 382.0 1528000
1723179108050 383.0 1532000
1723179119659 384.0 1536000
1723179131419 385.0 1540000
1723179143204 386.0 1544000
1723179154750 387.0 1548000
1723179166465 388.0 1552000
1723179177923 389.0 1556000
1723179189760 390.0 1560000
1723179201043 391.0 1564000
1723179212678 392.0 1568000
1723179224356 393.0 1572000
1723179236270 394.0 1576000
1723179247887 395.0 1580000
1723179259080 396.0 1584000
1723179270683 397.0 1588000
1723179282375 398.0 1592000
1723179293735 399.0 1596000
1723179305020 400.0 1600000
1723179316128 401.0 1604000
1723179327940 402.0 1608000
1723179339497 403.0 1612000
1723179350894 404.0 1616000
1723179362285 405.0 1620000
1723179373573 406.0 1624000
1723179384923 407.0 1628000
1723179396175 408.0 1632000
1723179407364 409.0 1636000
1723179418850 410.0 1640000
1723179430529 411.0 1644000
1723179441879 412.0 1648000
1723179453227 413.0 1652000
1723179464624 414.0 1656000
1723179475933 415.0 1660000
1723179487749 416.0 1664000
1723179499165 417.0 1668000
1723179510702 418.0 1672000
1723179522242 419.0 1676000
1723179533884 420.0 1680000
1723179544904 421.0 1684000
1723179556163 422.0 1688000
1723179567651 423.0 1692000
1723179579043 424.0 1696000
1723179590421 425.0 1700000
1723179601790 426.0 1704000
1723179613088 427.0 1708000
1723179624234 428.0 1712000
1723179635654 429.0 1716000
1723179646913 430.0 1720000
1723179658415 431.0 1724000
1723179669840 432.0 1728000
1723179681133 433.0 1732000
1723179692484 434.0 1736000
1723179703931 435.0 1740000
1723179715183 436.0 1744000
1723179726635 437.0 1748000
1723179738089 438.0 1752000
1723179749491 439.0 1756000
1723179760689 440.0 1760000
1723179772133 441.0 1764000
1723179784137 442.0 1768000
1723179795930 443.0 1772000
1723179807402 444.0 1776000
1723179818831 445.0 1780000
1723179830355 446.0 1784000
1723179842530 447.0 1788000
1723179853790 448.0 1792000
1723179865310 449.0 1796000
1723179876349 450.0 1800000
1723179887964 451.0 1804000
1723179899421 452.0 1808000
1723179910971 453.0 1812000
1723179922345 454.0 1816000
1723179933779 455.0 1820000
1723179945096 456.0 1824000
1723179956338 457.0 1828000
1723179967910 458.0 1832000
1723179979213 459.0 1836000
1723179990705 460.0 1840000
1723180002088 461.0 1844000
1723180013267 462.0 1848000
1723180024856 463.0 1852000
1723180036497 464.0 1856000
1723180048171 465.0 1860000
1723180059706 466.0 1864000
1723180071047 467.0 1868000
1723180082455 468.0 1872000
1723180093833 469.0 1876000
1723180105003 470.0 1880000
1723180116326 471.0 1884000
1723180127802 472.0 1888000
1723180139331 473.0 1892000
1723180150832 474.0 1896000
1723180161976 475.0 1900000
1723180173223 476.0 1904000
1723180184506 477.0 1908000
1723180196101 478.0 1912000
1723180207562 479.0 1916000
1723180218959 480.0 1920000
1723180230443 481.0 1924000
1723180241708 482.0 1928000
1723180253423 483.0 1932000
1723180264912 484.0 1936000
1723180276041 485.0 1940000
1723180287498 486.0 1944000
1723180298730 487.0 1948000
1723180310084 488.0 1952000
1723180321856 489.0 1956000
1723180332991 490.0 1960000
1723180344472 491.0 1964000
1723180356117 492.0 1968000
1723180367603 493.0 1972000
1723180379109 494.0 1976000
1723180390490 495.0 1980000
1723180401895 496.0 1984000
1723180413564 497.0 1988000
1723180425324 498.0 1992000
1723180436773 499.0 1996000
1723180448622 500.0 2000000
