1723145479459 40.0 4000
1723145492611 60.0 8000
1723145505875 60.0 12000
1723145519958 60.0 16000
1723145533909 60.0 20000
1723145548750 70.0 24000
1723145563265 90.0 28000
1723145577677 60.0 32000
1723145592197 60.0 36000
1723145606795 90.0 40000
1723145621132 70.0 44000
1723145635543 70.0 48000
1723145649493 80.0 52000
1723145664075 90.0 56000
1723145678998 90.0 60000
1723145694215 70.0 64000
1723145715512 80.0 68000
1723145731845 80.0 72000
1723145746914 70.0 76000
1723145762673 100.0 80000
1723145778782 80.0 84000
1723145796500 90.0 88000
1723145814163 100.0 92000
1723145830004 90.0 96000
1723145845037 120.0 100000
1723145864099 100.0 104000
1723145887419 110.0 108000
1723145903350 100.0 112000
1723145918369 90.0 116000
1723145933921 100.0 120000
1723145948272 80.0 124000
1723145962116 100.0 128000
1723145976333 100.0 132000
1723145990861 120.0 136000
1723146004856 90.0 140000
1723146019090 120.0 144000
1723146033077 90.0 148000
1723146047409 110.0 152000
1723146061592 110.0 156000
1723146076155 110.0 160000
1723146090483 110.0 164000
1723146105505 70.0 168000
1723146119349 100.0 172000
1723146133182 120.0 176000
1723146147601 100.0 180000
1723146161868 80.0 184000
1723146176111 100.0 188000
1723146190291 100.0 192000
1723146204526 80.0 196000
1723146218748 90.0 200000
1723146233063 90.0 204000
1723146247036 100.0 208000
1723146261031 80.0 212000
1723146274458 80.0 216000
1723146288581 90.0 220000
1723146303012 120.0 224000
1723146316942 130.0 228000
1723146330753 90.0 232000
1723146344836 110.0 236000
1723146358838 80.0 240000
1723146372684 110.0 244000
1723146386813 90.0 248000
1723146400343 90.0 252000
1723146414384 80.0 256000
1723146427995 80.0 260000
1723146441759 120.0 264000
1723146455433 90.0 268000
1723146469138 90.0 272000
1723146483196 100.0 276000
1723146496627 90.0 280000
1723146509783 100.0 284000
1723146523415 140.0 288000
1723146536687 70.0 292000
1723146550278 100.0 296000
1723146563761 120.0 300000
1723146577472 110.0 304000
1723146591014 90.0 308000
1723146604724 110.0 312000
1723146618299 70.0 316000
1723146632403 80.0 320000
1723146646490 90.0 324000
1723146659958 80.0 328000
1723146674172 80.0 332000
1723146687916 70.0 336000
1723146701343 80.0 340000
1723146715735 100.0 344000
1723146729021 80.0 348000
1723146742620 90.0 352000
1723146756108 90.0 356000
1723146769260 80.0 360000
1723146783169 100.0 364000
1723146796961 60.0 368000
1723146810734 70.0 372000
1723146824275 70.0 376000
1723146838071 70.0 380000
1723146851430 100.0 384000
1723146864964 70.0 388000
1723146878268 80.0 392000
1723146892039 130.0 396000
1723146905083 110.0 400000
