1723235371658 0.0 4000
1723235378930 0.0 8000
1723235386258 0.0 12000
1723235393503 0.0 16000
1723235401587 0.0 20000
1723235409719 0.0 24000
1723235417447 0.0 28000
1723235425116 0.0 32000
1723235432812 0.0 36000
1723235440411 0.0 40000
1723235447969 0.0 44000
1723235455379 0.0 48000
1723235463680 0.0 52000
1723235472484 0.0 56000
1723235480510 0.0 60000
1723235488367 0.0 64000
1723235496396 0.0 68000
1723235504182 0.0 72000
1723235511854 0.0 76000
1723235519498 0.0 80000
1723235527148 0.0 84000
1723235535248 0.0 88000
1723235543161 0.0 92000
1723235550877 0.0 96000
1723235558564 0.0 100000
1723235566510 0.0 104000
1723235574138 0.0 108000
1723235581764 0.0 112000
1723235589254 0.0 116000
1723235597029 0.0 120000
1723235604812 0.0 124000
1723235612445 0.0 128000
1723235620024 0.0 132000
1723235627493 0.0 136000
1723235635045 0.0 140000
1723235642603 0.0 144000
1723235649996 0.0 148000
1723235658159 0.0 152000
1723235665658 0.0 156000
1723235673115 0.0 160000
1723235680593 0.0 164000
1723235688330 0.0 168000
1723235696269 0.0 172000
1723235704176 0.0 176000
1723235712329 0.0 180000
1723235720695 0.0 184000
1723235728518 0.0 188000
1723235736325 0.0 192000
1723235745106 0.0 196000
1723235753674 0.0 200000
1723235761918 0.0 204000
1723235770811 0.0 208000
1723235779620 0.0 212000
1723235787733 0.0 216000
1723235795546 0.0 220000
1723235803408 0.0 224000
1723235811879 0.0 228000
1723235819874 0.0 232000
1723235828100 0.0 236000
1723235837191 0.0 240000
1723235846441 0.0 244000
1723235854671 0.0 248000
1723235862688 0.0 252000
1723235871608 0.0 256000
1723235879808 0.0 260000
1723235887676 0.0 264000
1723235895450 0.0 268000
1723235903245 0.0 272000
1723235910876 0.0 276000
1723235918392 0.0 280000
1723235925823 0.0 284000
1723235933348 0.0 288000
1723235940802 0.0 292000
1723235948494 0.0 296000
1723235956702 0.0 300000
1723235964334 0.0 304000
1723235971892 0.0 308000
1723235979267 0.0 312000
1723235986651 0.0 316000
1723235994150 0.0 320000
1723236001698 0.0 324000
1723236009530 0.0 328000
1723236017780 0.0 332000
1723236025223 0.0 336000
1723236032679 0.0 340000
1723236039849 0.0 344000
1723236047286 0.0 348000
1723236054636 0.0 352000
1723236062034 0.0 356000
1723236069577 0.0 360000
1723236077509 0.0 364000
1723236085040 0.0 368000
1723236092472 0.0 372000
1723236099653 0.0 376000
1723236107175 0.0 380000
1723236114618 0.0 384000
1723236122012 0.0 388000
1723236129397 0.0 392000
1723236137544 0.0 396000
1723236145315 0.0 400000
1723236153314 0.0 404000
1723236160697 0.0 408000
1723236168469 0.0 412000
1723236175893 0.0 416000
1723236183221 0.0 420000
1723236190718 0.0 424000
1723236199058 0.0 428000
1723236207015 0.0 432000
1723236214523 0.0 436000
1723236221928 0.0 440000
1723236229338 0.0 444000
1723236237236 0.0 448000
1723236244785 0.0 452000
1723236252162 0.0 456000
1723236259980 0.0 460000
1723236267708 0.0 464000
1723236275129 0.0 468000
1723236282690 0.0 472000
1723236290645 0.0 476000
1723236298116 0.0 480000
1723236305554 0.0 484000
1723236313029 0.0 488000
1723236320561 0.0 492000
1723236328065 0.0 496000
1723236335535 0.0 500000
1723236342865 0.0 504000
1723236350208 0.0 508000
1723236357629 0.0 512000
1723236365117 0.0 516000
1723236372302 0.0 520000
1723236380406 0.0 524000
1723236387834 0.0 528000
1723236395170 0.0 532000
1723236402662 0.0 536000
1723236409894 0.0 540000
1723236417390 0.0 544000
1723236424776 0.0 548000
1723236432169 0.0 552000
1723236440463 0.0 556000
1723236448133 0.0 560000
1723236455535 0.0 564000
1723236462905 0.0 568000
1723236470408 0.0 572000
1723236477765 0.0 576000
1723236485194 0.0 580000
1723236492702 0.0 584000
1723236501160 0.0 588000
1723236509216 0.0 592000
1723236516796 0.0 596000
1723236524805 0.0 600000
1723236532711 0.0 604000
1723236540371 0.0 608000
1723236548006 0.0 612000
1723236555552 0.0 616000
1723236563379 0.0 620000
1723236571088 0.0 624000
1723236579077 0.0 628000
1723236587246 0.0 632000
1723236595901 0.0 636000
1723236606223 0.0 640000
1723236614520 0.0 644000
1723236622850 0.0 648000
1723236631058 0.0 652000
1723236639445 0.0 656000
1723236647317 0.0 660000
1723236654960 0.0 664000
1723236662554 0.0 668000
1723236670119 0.0 672000
1723236677677 0.0 676000
1723236685343 0.0 680000
1723236693008 0.0 684000
1723236700931 0.0 688000
1723236708870 0.0 692000
1723236716407 0.0 696000
1723236724221 0.0 700000
1723236731979 0.0 704000
1723236740021 0.0 708000
1723236748389 0.0 712000
1723236756299 0.0 716000
1723236764566 0.0 720000
1723236773329 0.0 724000
1723236781630 0.0 728000
1723236790000 0.0 732000
1723236798065 0.0 736000
1723236806078 0.0 740000
1723236813749 0.0 744000
1723236821787 0.0 748000
1723236829361 0.0 752000
1723236836757 0.0 756000
1723236844326 0.0 760000
1723236851856 0.0 764000
1723236860144 0.0 768000
1723236867647 0.0 772000
1723236875111 0.0 776000
1723236882505 0.0 780000
1723236890094 0.0 784000
1723236897577 0.0 788000
1723236905138 0.0 792000
1723236912739 0.0 796000
1723236920344 0.0 800000
