1723235371679 50.0 4000
1723235378936 50.0 8000
1723235386265 50.0 12000
1723235393509 50.0 16000
1723235401594 50.0 20000
1723235409725 50.0 24000
1723235417453 50.0 28000
1723235425122 50.0 32000
1723235432818 50.0 36000
1723235440417 50.0 40000
1723235447975 50.0 44000
1723235455385 50.0 48000
1723235463685 50.0 52000
1723235472491 50.0 56000
1723235480516 50.0 60000
1723235488373 50.0 64000
1723235496403 50.0 68000
1723235504188 50.0 72000
1723235511859 50.0 76000
1723235519504 50.0 80000
1723235527154 50.0 84000
1723235535254 50.0 88000
1723235543167 50.0 92000
1723235550883 50.0 96000
1723235558570 50.0 100000
1723235566515 50.0 104000
1723235574144 50.0 108000
1723235581770 50.0 112000
1723235589260 50.0 116000
1723235597036 50.0 120000
1723235604818 50.0 124000
1723235612450 50.0 128000
1723235620030 50.0 132000
1723235627499 50.0 136000
1723235635051 50.0 140000
1723235642609 50.0 144000
1723235650002 50.0 148000
1723235658165 50.0 152000
1723235665664 50.0 156000
1723235673121 50.0 160000
1723235680599 50.0 164000
1723235688337 50.0 168000
1723235696275 50.0 172000
1723235704182 50.0 176000
1723235712335 50.0 180000
1723235720701 50.0 184000
1723235728524 50.0 188000
1723235736331 50.0 192000
1723235745112 50.0 196000
1723235753680 50.0 200000
1723235761924 50.0 204000
1723235770817 50.0 208000
1723235779626 50.0 212000
1723235787767 50.0 216000
1723235795552 50.0 220000
1723235803414 50.0 224000
1723235811885 50.0 228000
1723235819880 50.0 232000
1723235828106 50.0 236000
1723235837198 50.0 240000
1723235846446 50.0 244000
1723235854677 50.0 248000
1723235862694 50.0 252000
1723235871615 50.0 256000
1723235879814 50.0 260000
1723235887682 50.0 264000
1723235895456 50.0 268000
1723235903251 50.0 272000
1723235910882 50.0 276000
1723235918397 50.0 280000
1723235925829 50.0 284000
1723235933354 50.0 288000
1723235940808 50.0 292000
1723235948501 50.0 296000
1723235956708 50.0 300000
1723235964340 50.0 304000
1723235971898 50.0 308000
1723235979273 50.0 312000
1723235986657 50.0 316000
1723235994156 50.0 320000
1723236001704 50.0 324000
1723236009535 50.0 328000
1723236017786 50.0 332000
1723236025229 50.0 336000
1723236032685 50.0 340000
1723236039855 50.0 344000
1723236047292 50.0 348000
1723236054642 50.0 352000
1723236062041 50.0 356000
1723236069583 50.0 360000
1723236077515 50.0 364000
1723236085046 50.0 368000
1723236092478 50.0 372000
1723236099659 50.0 376000
1723236107181 50.0 380000
1723236114623 50.0 384000
1723236122018 50.0 388000
1723236129403 50.0 392000
1723236137550 50.0 396000
1723236145322 50.0 400000
1723236153320 50.0 404000
1723236160703 50.0 408000
1723236168475 50.0 412000
1723236175899 50.0 416000
1723236183228 50.0 420000
1723236190724 50.0 424000
1723236199064 50.0 428000
1723236207021 50.0 432000
1723236214530 50.0 436000
1723236221933 50.0 440000
1723236229344 50.0 444000
1723236237242 50.0 448000
1723236244791 50.0 452000
1723236252168 50.0 456000
1723236259986 50.0 460000
1723236267714 50.0 464000
1723236275135 50.0 468000
1723236282696 50.0 472000
1723236290651 50.0 476000
1723236298122 50.0 480000
1723236305559 50.0 484000
1723236313035 50.0 488000
1723236320567 50.0 492000
1723236328071 50.0 496000
1723236335541 50.0 500000
1723236342871 50.0 504000
1723236350214 50.0 508000
1723236357635 50.0 512000
1723236365122 50.0 516000
1723236372309 50.0 520000
1723236380412 50.0 524000
1723236387840 50.0 528000
1723236395176 50.0 532000
1723236402668 50.0 536000
1723236409900 50.0 540000
1723236417396 50.0 544000
1723236424781 50.0 548000
1723236432175 50.0 552000
1723236440469 50.0 556000
1723236448139 50.0 560000
1723236455541 50.0 564000
1723236462911 50.0 568000
1723236470414 50.0 572000
1723236477771 50.0 576000
1723236485199 50.0 580000
1723236492708 50.0 584000
1723236501167 50.0 588000
1723236509223 50.0 592000
1723236516802 50.0 596000
1723236524811 50.0 600000
1723236532717 50.0 604000
1723236540377 50.0 608000
1723236548012 50.0 612000
1723236555558 50.0 616000
1723236563385 50.0 620000
1723236571095 50.0 624000
1723236579083 50.0 628000
1723236587252 50.0 632000
1723236595909 50.0 636000
1723236606230 50.0 640000
1723236614526 50.0 644000
1723236622857 50.0 648000
1723236631064 50.0 652000
1723236639451 50.0 656000
1723236647324 50.0 660000
1723236654966 50.0 664000
1723236662560 50.0 668000
1723236670125 50.0 672000
1723236677683 50.0 676000
1723236685349 50.0 680000
1723236693014 50.0 684000
1723236700937 50.0 688000
1723236708876 50.0 692000
1723236716413 50.0 696000
1723236724227 50.0 700000
1723236731985 50.0 704000
1723236740027 50.0 708000
1723236748396 50.0 712000
1723236756306 50.0 716000
1723236764573 50.0 720000
1723236773335 50.0 724000
1723236781636 50.0 728000
1723236790007 50.0 732000
1723236798071 50.0 736000
1723236806083 50.0 740000
1723236813755 50.0 744000
1723236821793 50.0 748000
1723236829367 50.0 752000
1723236836763 50.0 756000
1723236844333 50.0 760000
1723236851862 50.0 764000
1723236860150 50.0 768000
1723236867653 50.0 772000
1723236875118 50.0 776000
1723236882511 50.0 780000
1723236890100 50.0 784000
1723236897583 50.0 788000
1723236905144 50.0 792000
1723236912745 50.0 796000
1723236920350 50.0 800000
