1723235371680 2.0 4000
1723235378937 2.0 8000
1723235386267 2.0 12000
1723235393510 2.0 16000
1723235401595 2.0 20000
1723235409726 2.0 24000
1723235417454 2.0 28000
1723235425123 2.0 32000
1723235432819 2.0 36000
1723235440418 2.0 40000
1723235447976 2.0 44000
1723235455386 2.0 48000
1723235463687 2.0 52000
1723235472493 2.0 56000
1723235480517 2.0 60000
1723235488374 2.0 64000
1723235496404 2.0 68000
1723235504189 2.0 72000
1723235511861 2.0 76000
1723235519505 2.0 80000
1723235527155 2.0 84000
1723235535255 2.0 88000
1723235543168 2.0 92000
1723235550884 2.0 96000
1723235558571 2.0 100000
1723235566517 2.0 104000
1723235574146 2.0 108000
1723235581771 2.0 112000
1723235589261 2.0 116000
1723235597037 2.0 120000
1723235604819 2.0 124000
1723235612452 2.0 128000
1723235620031 2.0 132000
1723235627500 2.0 136000
1723235635052 2.0 140000
1723235642610 2.0 144000
1723235650004 2.0 148000
1723235658166 2.0 152000
1723235665665 2.0 156000
1723235673122 2.0 160000
1723235680600 2.0 164000
1723235688338 2.0 168000
1723235696277 2.0 172000
1723235704183 2.0 176000
1723235712337 2.0 180000
1723235720702 2.0 184000
1723235728525 2.0 188000
1723235736332 2.0 192000
1723235745113 2.0 196000
1723235753681 2.0 200000
1723235761925 2.0 204000
1723235770818 2.0 208000
1723235779627 2.0 212000
1723235787768 2.0 216000
1723235795554 2.0 220000
1723235803415 2.0 224000
1723235811886 2.0 228000
1723235819881 2.0 232000
1723235828107 2.0 236000
1723235837199 2.0 240000
1723235846448 2.0 244000
1723235854679 2.0 248000
1723235862695 2.0 252000
1723235871616 2.0 256000
1723235879815 2.0 260000
1723235887684 2.0 264000
1723235895457 2.0 268000
1723235903252 2.0 272000
1723235910884 2.0 276000
1723235918399 2.0 280000
1723235925830 2.0 284000
1723235933355 2.0 288000
1723235940809 2.0 292000
1723235948502 2.0 296000
1723235956709 2.0 300000
1723235964341 2.0 304000
1723235971899 2.0 308000
1723235979274 2.0 312000
1723235986658 2.0 316000
1723235994157 2.0 320000
1723236001705 2.0 324000
1723236009537 2.0 328000
1723236017788 2.0 332000
1723236025230 2.0 336000
1723236032687 2.0 340000
1723236039856 2.0 344000
1723236047294 2.0 348000
1723236054643 2.0 352000
1723236062042 2.0 356000
1723236069584 2.0 360000
1723236077516 2.0 364000
1723236085047 2.0 368000
1723236092479 2.0 372000
1723236099660 2.0 376000
1723236107182 2.0 380000
1723236114624 2.0 384000
1723236122019 2.0 388000
1723236129404 2.0 392000
1723236137551 2.0 396000
1723236145323 2.0 400000
1723236153321 2.0 404000
1723236160704 2.0 408000
1723236168476 2.0 412000
1723236175900 2.0 416000
1723236183229 2.0 420000
1723236190725 2.0 424000
1723236199065 2.0 428000
1723236207023 2.0 432000
1723236214531 2.0 436000
1723236221934 2.0 440000
1723236229345 2.0 444000
1723236237244 2.0 448000
1723236244792 2.0 452000
1723236252169 2.0 456000
1723236259987 2.0 460000
1723236267715 2.0 464000
1723236275136 2.0 468000
1723236282698 2.0 472000
1723236290652 2.0 476000
1723236298123 2.0 480000
1723236305561 2.0 484000
1723236313037 2.0 488000
1723236320568 2.0 492000
1723236328072 2.0 496000
1723236335542 2.0 500000
1723236342873 2.0 504000
1723236350215 2.0 508000
1723236357636 2.0 512000
1723236365124 2.0 516000
1723236372311 2.0 520000
1723236380413 2.0 524000
1723236387841 2.0 528000
1723236395177 2.0 532000
1723236402669 2.0 536000
1723236409902 2.0 540000
1723236417397 2.0 544000
1723236424783 2.0 548000
1723236432176 2.0 552000
1723236440470 2.0 556000
1723236448140 2.0 560000
1723236455542 2.0 564000
1723236462912 2.0 568000
1723236470416 2.0 572000
1723236477772 2.0 576000
1723236485201 2.0 580000
1723236492709 2.0 584000
1723236501168 2.0 588000
1723236509224 2.0 592000
1723236516803 2.0 596000
1723236524812 2.0 600000
1723236532718 2.0 604000
1723236540378 2.0 608000
1723236548014 2.0 612000
1723236555559 2.0 616000
1723236563386 2.0 620000
1723236571096 2.0 624000
1723236579085 2.0 628000
1723236587253 2.0 632000
1723236595911 2.0 636000
1723236606232 2.0 640000
1723236614527 2.0 644000
1723236622858 2.0 648000
1723236631065 2.0 652000
1723236639452 2.0 656000
1723236647325 2.0 660000
1723236654967 2.0 664000
1723236662561 2.0 668000
1723236670126 2.0 672000
1723236677685 2.0 676000
1723236685350 2.0 680000
1723236693015 2.0 684000
1723236700939 2.0 688000
1723236708877 2.0 692000
1723236716415 2.0 696000
1723236724228 2.0 700000
1723236731987 2.0 704000
1723236740028 2.0 708000
1723236748397 2.0 712000
1723236756307 2.0 716000
1723236764574 2.0 720000
1723236773336 2.0 724000
1723236781638 2.0 728000
1723236790008 2.0 732000
1723236798072 2.0 736000
1723236806085 2.0 740000
1723236813756 2.0 744000
1723236821795 2.0 748000
1723236829369 2.0 752000
1723236836764 2.0 756000
1723236844334 2.0 760000
1723236851864 2.0 764000
1723236860151 2.0 768000
1723236867654 2.0 772000
1723236875119 2.0 776000
1723236882512 2.0 780000
1723236890102 2.0 784000
1723236897585 2.0 788000
1723236905145 2.0 792000
1723236912746 2.0 796000
1723236920351 2.0 800000
