1723235371683 84.0 4000
1723235378939 84.0 8000
1723235386268 84.0 12000
1723235393511 84.0 16000
1723235401597 84.0 20000
1723235409727 84.0 24000
1723235417456 84.0 28000
1723235425124 84.0 32000
1723235432821 84.0 36000
1723235440420 84.0 40000
1723235447977 84.0 44000
1723235455387 84.0 48000
1723235463688 84.0 52000
1723235472495 84.0 56000
1723235480520 84.0 60000
1723235488376 84.0 64000
1723235496406 84.0 68000
1723235504191 84.0 72000
1723235511862 84.0 76000
1723235519507 84.0 80000
1723235527157 84.0 84000
1723235535257 84.0 88000
1723235543169 84.0 92000
1723235550885 84.0 96000
1723235558573 84.0 100000
1723235566518 84.0 104000
1723235574147 84.0 108000
1723235581772 84.0 112000
1723235589263 84.0 116000
1723235597039 84.0 120000
1723235604821 84.0 124000
1723235612453 84.0 128000
1723235620033 84.0 132000
1723235627502 84.0 136000
1723235635054 84.0 140000
1723235642611 84.0 144000
1723235650005 84.0 148000
1723235658167 84.0 152000
1723235665667 84.0 156000
1723235673123 84.0 160000
1723235680602 84.0 164000
1723235688339 84.0 168000
1723235696279 84.0 172000
1723235704185 84.0 176000
1723235712338 84.0 180000
1723235720704 84.0 184000
1723235728527 84.0 188000
1723235736333 84.0 192000
1723235745115 84.0 196000
1723235753683 84.0 200000
1723235761927 84.0 204000
1723235770820 84.0 208000
1723235779628 84.0 212000
1723235787770 84.0 216000
1723235795555 84.0 220000
1723235803416 84.0 224000
1723235811888 84.0 228000
1723235819883 84.0 232000
1723235828109 84.0 236000
1723235837200 84.0 240000
1723235846449 84.0 244000
1723235854680 84.0 248000
1723235862697 84.0 252000
1723235871617 84.0 256000
1723235879817 84.0 260000
1723235887685 84.0 264000
1723235895458 84.0 268000
1723235903254 84.0 272000
1723235910885 84.0 276000
1723235918400 84.0 280000
1723235925832 84.0 284000
1723235933357 84.0 288000
1723235940811 84.0 292000
1723235948504 84.0 296000
1723235956711 84.0 300000
1723235964342 84.0 304000
1723235971901 84.0 308000
1723235979276 84.0 312000
1723235986660 84.0 316000
1723235994159 84.0 320000
1723236001706 84.0 324000
1723236009538 84.0 328000
1723236017789 84.0 332000
1723236025232 84.0 336000
1723236032688 84.0 340000
1723236039857 84.0 344000
1723236047295 84.0 348000
1723236054644 84.0 352000
1723236062043 84.0 356000
1723236069586 84.0 360000
1723236077518 84.0 364000
1723236085049 84.0 368000
1723236092480 84.0 372000
1723236099661 84.0 376000
1723236107184 84.0 380000
1723236114626 84.0 384000
1723236122021 84.0 388000
1723236129405 84.0 392000
1723236137553 84.0 396000
1723236145325 84.0 400000
1723236153323 84.0 404000
1723236160706 84.0 408000
1723236168477 84.0 412000
1723236175902 84.0 416000
1723236183231 84.0 420000
1723236190727 84.0 424000
1723236199067 84.0 428000
1723236207024 84.0 432000
1723236214532 84.0 436000
1723236221936 84.0 440000
1723236229346 84.0 444000
1723236237245 84.0 448000
1723236244793 84.0 452000
1723236252170 84.0 456000
1723236259989 84.0 460000
1723236267717 84.0 464000
1723236275137 84.0 468000
1723236282699 84.0 472000
1723236290654 84.0 476000
1723236298125 84.0 480000
1723236305562 84.0 484000
1723236313038 84.0 488000
1723236320570 84.0 492000
1723236328074 84.0 496000
1723236335544 84.0 500000
1723236342874 84.0 504000
1723236350217 84.0 508000
1723236357638 84.0 512000
1723236365125 84.0 516000
1723236372314 84.0 520000
1723236380415 84.0 524000
1723236387842 84.0 528000
1723236395178 84.0 532000
1723236402671 84.0 536000
1723236409903 84.0 540000
1723236417399 84.0 544000
1723236424784 84.0 548000
1723236432178 84.0 552000
1723236440471 84.0 556000
1723236448142 84.0 560000
1723236455544 84.0 564000
1723236462914 84.0 568000
1723236470417 84.0 572000
1723236477774 84.0 576000
1723236485202 84.0 580000
1723236492711 84.0 584000
1723236501169 84.0 588000
1723236509226 84.0 592000
1723236516804 84.0 596000
1723236524814 84.0 600000
1723236532720 84.0 604000
1723236540380 84.0 608000
1723236548015 84.0 612000
1723236555561 84.0 616000
1723236563388 84.0 620000
1723236571098 84.0 624000
1723236579086 84.0 628000
1723236587255 84.0 632000
1723236595913 84.0 636000
1723236606233 84.0 640000
1723236614529 84.0 644000
1723236622860 84.0 648000
1723236631067 84.0 652000
1723236639453 84.0 656000
1723236647327 84.0 660000
1723236654969 84.0 664000
1723236662563 84.0 668000
1723236670128 84.0 672000
1723236677686 84.0 676000
1723236685352 84.0 680000
1723236693017 84.0 684000
1723236700940 84.0 688000
1723236708879 84.0 692000
1723236716416 84.0 696000
1723236724230 84.0 700000
1723236731988 84.0 704000
1723236740030 84.0 708000
1723236748398 84.0 712000
1723236756309 84.0 716000
1723236764575 84.0 720000
1723236773338 84.0 724000
1723236781639 84.0 728000
1723236790010 84.0 732000
1723236798073 84.0 736000
1723236806086 84.0 740000
1723236813758 84.0 744000
1723236821796 84.0 748000
1723236829370 84.0 752000
1723236836766 84.0 756000
1723236844336 84.0 760000
1723236851865 84.0 764000
1723236860153 84.0 768000
1723236867656 84.0 772000
1723236875120 84.0 776000
1723236882513 84.0 780000
1723236890103 84.0 784000
1723236897586 84.0 788000
1723236905147 84.0 792000
1723236912748 84.0 796000
1723236920352 84.0 800000
