1723235371683 0.0 4000
1723235378939 0.0 8000
1723235386268 0.0 12000
1723235393512 0.0 16000
1723235401597 0.0 20000
1723235409728 0.0 24000
1723235417456 0.0 28000
1723235425125 0.0 32000
1723235432821 0.0 36000
1723235440421 0.0 40000
1723235447978 0.0 44000
1723235455388 0.0 48000
1723235463689 0.0 52000
1723235472495 0.0 56000
1723235480520 0.0 60000
1723235488376 0.0 64000
1723235496406 0.0 68000
1723235504192 0.0 72000
1723235511863 0.0 76000
1723235519507 0.0 80000
1723235527157 0.0 84000
1723235535258 0.0 88000
1723235543170 0.0 92000
1723235550886 0.0 96000
1723235558573 0.0 100000
1723235566518 0.0 104000
1723235574148 0.0 108000
1723235581773 0.0 112000
1723235589263 0.0 116000
1723235597039 0.0 120000
1723235604821 0.0 124000
1723235612454 0.0 128000
1723235620033 0.0 132000
1723235627502 0.0 136000
1723235635054 0.0 140000
1723235642612 0.0 144000
1723235650006 0.0 148000
1723235658168 0.0 152000
1723235665667 0.0 156000
1723235673124 0.0 160000
1723235680602 0.0 164000
1723235688340 0.0 168000
1723235696279 0.0 172000
1723235704186 0.0 176000
1723235712338 0.0 180000
1723235720704 0.0 184000
1723235728527 0.0 188000
1723235736334 0.0 192000
1723235745115 0.0 196000
1723235753683 0.0 200000
1723235761927 0.0 204000
1723235770820 0.0 208000
1723235779629 0.0 212000
1723235787770 0.0 216000
1723235795555 0.0 220000
1723235803417 0.0 224000
1723235811889 0.0 228000
1723235819883 0.0 232000
1723235828110 0.0 236000
1723235837201 0.0 240000
1723235846449 0.0 244000
1723235854680 0.0 248000
1723235862698 0.0 252000
1723235871618 0.0 256000
1723235879818 0.0 260000
1723235887685 0.0 264000
1723235895459 0.0 268000
1723235903254 0.0 272000
1723235910886 0.0 276000
1723235918400 0.0 280000
1723235925832 0.0 284000
1723235933357 0.0 288000
1723235940811 0.0 292000
1723235948504 0.0 296000
1723235956711 0.0 300000
1723235964343 0.0 304000
1723235971901 0.0 308000
1723235979276 0.0 312000
1723235986660 0.0 316000
1723235994159 0.0 320000
1723236001707 0.0 324000
1723236009539 0.0 328000
1723236017789 0.0 332000
1723236025232 0.0 336000
1723236032689 0.0 340000
1723236039858 0.0 344000
1723236047296 0.0 348000
1723236054645 0.0 352000
1723236062044 0.0 356000
1723236069586 0.0 360000
1723236077518 0.0 364000
1723236085049 0.0 368000
1723236092481 0.0 372000
1723236099662 0.0 376000
1723236107184 0.0 380000
1723236114627 0.0 384000
1723236122021 0.0 388000
1723236129406 0.0 392000
1723236137553 0.0 396000
1723236145325 0.0 400000
1723236153324 0.0 404000
1723236160706 0.0 408000
1723236168478 0.0 412000
1723236175902 0.0 416000
1723236183231 0.0 420000
1723236190727 0.0 424000
1723236199068 0.0 428000
1723236207024 0.0 432000
1723236214533 0.0 436000
1723236221936 0.0 440000
1723236229347 0.0 444000
1723236237245 0.0 448000
1723236244794 0.0 452000
1723236252171 0.0 456000
1723236259989 0.0 460000
1723236267717 0.0 464000
1723236275138 0.0 468000
1723236282700 0.0 472000
1723236290654 0.0 476000
1723236298125 0.0 480000
1723236305563 0.0 484000
1723236313039 0.0 488000
1723236320570 0.0 492000
1723236328074 0.0 496000
1723236335544 0.0 500000
1723236342875 0.0 504000
1723236350217 0.0 508000
1723236357638 0.0 512000
1723236365126 0.0 516000
1723236372314 0.0 520000
1723236380415 0.0 524000
1723236387843 0.0 528000
1723236395179 0.0 532000
1723236402671 0.0 536000
1723236409904 0.0 540000
1723236417399 0.0 544000
1723236424784 0.0 548000
1723236432178 0.0 552000
1723236440472 0.0 556000
1723236448142 0.0 560000
1723236455544 0.0 564000
1723236462914 0.0 568000
1723236470417 0.0 572000
1723236477774 0.0 576000
1723236485203 0.0 580000
1723236492712 0.0 584000
1723236501170 0.0 588000
1723236509226 0.0 592000
1723236516805 0.0 596000
1723236524814 0.0 600000
1723236532720 0.0 604000
1723236540380 0.0 608000
1723236548016 0.0 612000
1723236555561 0.0 616000
1723236563388 0.0 620000
1723236571098 0.0 624000
1723236579087 0.0 628000
1723236587255 0.0 632000
1723236595914 0.0 636000
1723236606234 0.0 640000
1723236614529 0.0 644000
1723236622860 0.0 648000
1723236631068 0.0 652000
1723236639454 0.0 656000
1723236647327 0.0 660000
1723236654969 0.0 664000
1723236662563 0.0 668000
1723236670128 0.0 672000
1723236677687 0.0 676000
1723236685352 0.0 680000
1723236693017 0.0 684000
1723236700941 0.0 688000
1723236708880 0.0 692000
1723236716417 0.0 696000
1723236724230 0.0 700000
1723236731989 0.0 704000
1723236740030 0.0 708000
1723236748399 0.0 712000
1723236756310 0.0 716000
1723236764576 0.0 720000
1723236773338 0.0 724000
1723236781639 0.0 728000
1723236790010 0.0 732000
1723236798074 0.0 736000
1723236806087 0.0 740000
1723236813758 0.0 744000
1723236821796 0.0 748000
1723236829370 0.0 752000
1723236836766 0.0 756000
1723236844336 0.0 760000
1723236851866 0.0 764000
1723236860154 0.0 768000
1723236867656 0.0 772000
1723236875121 0.0 776000
1723236882514 0.0 780000
1723236890104 0.0 784000
1723236897586 0.0 788000
1723236905147 0.0 792000
1723236912748 0.0 796000
1723236920353 0.0 800000
