1723235371672 0.0 4000
1723235378933 0.0 8000
1723235386262 0.0 12000
1723235393506 0.0 16000
1723235401590 0.0 20000
1723235409722 0.0 24000
1723235417450 0.0 28000
1723235425119 0.0 32000
1723235432815 0.0 36000
1723235440414 0.0 40000
1723235447972 0.0 44000
1723235455382 0.0 48000
1723235463683 0.0 52000
1723235472488 0.0 56000
1723235480513 0.0 60000
1723235488370 0.0 64000
1723235496399 0.0 68000
1723235504186 0.0 72000
1723235511857 0.0 76000
1723235519501 0.0 80000
1723235527151 0.0 84000
1723235535252 0.0 88000
1723235543164 0.0 92000
1723235550880 0.0 96000
1723235558567 0.0 100000
1723235566513 0.0 104000
1723235574142 0.0 108000
1723235581767 0.0 112000
1723235589257 0.0 116000
1723235597033 0.0 120000
1723235604815 0.0 124000
1723235612448 0.0 128000
1723235620027 0.0 132000
1723235627496 0.0 136000
1723235635049 0.0 140000
1723235642606 0.0 144000
1723235650000 0.0 148000
1723235658162 0.0 152000
1723235665662 0.0 156000
1723235673118 0.0 160000
1723235680596 0.0 164000
1723235688334 0.0 168000
1723235696272 0.0 172000
1723235704180 0.0 176000
1723235712333 0.0 180000
1723235720698 0.0 184000
1723235728521 0.0 188000
1723235736328 0.0 192000
1723235745109 0.0 196000
1723235753677 0.0 200000
1723235761921 0.0 204000
1723235770814 0.0 208000
1723235779623 0.0 212000
1723235787755 0.0 216000
1723235795550 0.0 220000
1723235803411 0.0 224000
1723235811882 0.0 228000
1723235819878 0.0 232000
1723235828103 0.0 236000
1723235837194 0.0 240000
1723235846444 0.0 244000
1723235854674 0.0 248000
1723235862691 0.0 252000
1723235871611 0.0 256000
1723235879811 0.0 260000
1723235887680 0.0 264000
1723235895453 0.0 268000
1723235903249 0.0 272000
1723235910879 0.0 276000
1723235918395 0.0 280000
1723235925826 0.0 284000
1723235933352 0.0 288000
1723235940805 0.0 292000
1723235948497 0.0 296000
1723235956705 0.0 300000
1723235964337 0.0 304000
1723235971895 0.0 308000
1723235979270 0.0 312000
1723235986654 0.0 316000
1723235994153 0.0 320000
1723236001701 0.0 324000
1723236009533 0.0 328000
1723236017784 0.0 332000
1723236025226 0.0 336000
1723236032682 0.0 340000
1723236039852 0.0 344000
1723236047290 0.0 348000
1723236054639 0.0 352000
1723236062038 0.0 356000
1723236069580 0.0 360000
1723236077512 0.0 364000
1723236085043 0.0 368000
1723236092475 0.0 372000
1723236099656 0.0 376000
1723236107178 0.0 380000
1723236114621 0.0 384000
1723236122015 0.0 388000
1723236129400 0.0 392000
1723236137547 0.0 396000
1723236145319 0.0 400000
1723236153317 0.0 404000
1723236160700 0.0 408000
1723236168472 0.0 412000
1723236175896 0.0 416000
1723236183225 0.0 420000
1723236190722 0.0 424000
1723236199061 0.0 428000
1723236207019 0.0 432000
1723236214527 0.0 436000
1723236221931 0.0 440000
1723236229341 0.0 444000
1723236237240 0.0 448000
1723236244788 0.0 452000
1723236252165 0.0 456000
1723236259983 0.0 460000
1723236267711 0.0 464000
1723236275131 0.0 468000
1723236282693 0.0 472000
1723236290648 0.0 476000
1723236298119 0.0 480000
1723236305557 0.0 484000
1723236313032 0.0 488000
1723236320564 0.0 492000
1723236328068 0.0 496000
1723236335538 0.0 500000
1723236342869 0.0 504000
1723236350211 0.0 508000
1723236357632 0.0 512000
1723236365120 0.0 516000
1723236372306 0.0 520000
1723236380409 0.0 524000
1723236387837 0.0 528000
1723236395173 0.0 532000
1723236402665 0.0 536000
1723236409897 0.0 540000
1723236417393 0.0 544000
1723236424779 0.0 548000
1723236432172 0.0 552000
1723236440466 0.0 556000
1723236448136 0.0 560000
1723236455538 0.0 564000
1723236462908 0.0 568000
1723236470412 0.0 572000
1723236477768 0.0 576000
1723236485197 0.0 580000
1723236492705 0.0 584000
1723236501164 0.0 588000
1723236509220 0.0 592000
1723236516799 0.0 596000
1723236524808 0.0 600000
1723236532714 0.0 604000
1723236540374 0.0 608000
1723236548010 0.0 612000
1723236555555 0.0 616000
1723236563382 0.0 620000
1723236571092 0.0 624000
1723236579080 0.0 628000
1723236587249 0.0 632000
1723236595906 0.0 636000
1723236606227 0.0 640000
1723236614523 0.0 644000
1723236622853 0.0 648000
1723236631061 0.0 652000
1723236639448 0.0 656000
1723236647321 0.0 660000
1723236654963 0.0 664000
1723236662557 0.0 668000
1723236670122 0.0 672000
1723236677680 0.0 676000
1723236685346 0.0 680000
1723236693011 0.0 684000
1723236700934 0.0 688000
1723236708873 0.0 692000
1723236716411 0.0 696000
1723236724224 0.0 700000
1723236731983 0.0 704000
1723236740024 0.0 708000
1723236748393 0.0 712000
1723236756303 0.0 716000
1723236764570 0.0 720000
1723236773332 0.0 724000
1723236781633 0.0 728000
1723236790003 0.0 732000
1723236798068 0.0 736000
1723236806081 0.0 740000
1723236813753 0.0 744000
1723236821791 0.0 748000
1723236829365 0.0 752000
1723236836760 0.0 756000
1723236844330 0.0 760000
1723236851859 0.0 764000
1723236860147 0.0 768000
1723236867650 0.0 772000
1723236875115 0.0 776000
1723236882508 0.0 780000
1723236890098 0.0 784000
1723236897580 0.0 788000
1723236905141 0.0 792000
1723236912742 0.0 796000
1723236920347 0.0 800000
