1723235371660 0.0 4000
1723235378930 0.0 8000
1723235386259 0.0 12000
1723235393503 0.0 16000
1723235401588 0.0 20000
1723235409720 0.0 24000
1723235417448 0.0 28000
1723235425116 0.0 32000
1723235432813 0.0 36000
1723235440412 0.0 40000
1723235447970 0.0 44000
1723235455380 0.0 48000
1723235463680 0.0 52000
1723235472485 0.0 56000
1723235480511 0.0 60000
1723235488368 0.0 64000
1723235496397 0.0 68000
1723235504183 0.0 72000
1723235511854 0.0 76000
1723235519499 0.0 80000
1723235527148 0.0 84000
1723235535249 0.0 88000
1723235543162 0.0 92000
1723235550877 0.0 96000
1723235558565 0.0 100000
1723235566510 0.0 104000
1723235574139 0.0 108000
1723235581764 0.0 112000
1723235589255 0.0 116000
1723235597030 0.0 120000
1723235604813 0.0 124000
1723235612445 0.0 128000
1723235620024 0.0 132000
1723235627494 0.0 136000
1723235635046 0.0 140000
1723235642603 0.0 144000
1723235649997 0.0 148000
1723235658160 0.0 152000
1723235665659 0.0 156000
1723235673115 0.0 160000
1723235680594 0.0 164000
1723235688331 0.0 168000
1723235696270 0.0 172000
1723235704177 0.0 176000
1723235712330 0.0 180000
1723235720696 0.0 184000
1723235728519 0.0 188000
1723235736325 0.0 192000
1723235745107 0.0 196000
1723235753675 0.0 200000
1723235761919 0.0 204000
1723235770812 0.0 208000
1723235779620 0.0 212000
1723235787738 0.0 216000
1723235795547 0.0 220000
1723235803409 0.0 224000
1723235811880 0.0 228000
1723235819875 0.0 232000
1723235828101 0.0 236000
1723235837192 0.0 240000
1723235846441 0.0 244000
1723235854672 0.0 248000
1723235862689 0.0 252000
1723235871608 0.0 256000
1723235879809 0.0 260000
1723235887677 0.0 264000
1723235895450 0.0 268000
1723235903246 0.0 272000
1723235910877 0.0 276000
1723235918392 0.0 280000
1723235925824 0.0 284000
1723235933349 0.0 288000
1723235940803 0.0 292000
1723235948495 0.0 296000
1723235956703 0.0 300000
1723235964334 0.0 304000
1723235971893 0.0 308000
1723235979268 0.0 312000
1723235986652 0.0 316000
1723235994151 0.0 320000
1723236001699 0.0 324000
1723236009530 0.0 328000
1723236017781 0.0 332000
1723236025223 0.0 336000
1723236032680 0.0 340000
1723236039849 0.0 344000
1723236047287 0.0 348000
1723236054637 0.0 352000
1723236062035 0.0 356000
1723236069578 0.0 360000
1723236077510 0.0 364000
1723236085041 0.0 368000
1723236092473 0.0 372000
1723236099653 0.0 376000
1723236107176 0.0 380000
1723236114618 0.0 384000
1723236122013 0.0 388000
1723236129397 0.0 392000
1723236137545 0.0 396000
1723236145316 0.0 400000
1723236153315 0.0 404000
1723236160698 0.0 408000
1723236168469 0.0 412000
1723236175894 0.0 416000
1723236183222 0.0 420000
1723236190719 0.0 424000
1723236199059 0.0 428000
1723236207016 0.0 432000
1723236214524 0.0 436000
1723236221928 0.0 440000
1723236229339 0.0 444000
1723236237237 0.0 448000
1723236244785 0.0 452000
1723236252162 0.0 456000
1723236259981 0.0 460000
1723236267709 0.0 464000
1723236275129 0.0 468000
1723236282691 0.0 472000
1723236290645 0.0 476000
1723236298117 0.0 480000
1723236305554 0.0 484000
1723236313030 0.0 488000
1723236320562 0.0 492000
1723236328066 0.0 496000
1723236335535 0.0 500000
1723236342866 0.0 504000
1723236350209 0.0 508000
1723236357630 0.0 512000
1723236365117 0.0 516000
1723236372303 0.0 520000
1723236380407 0.0 524000
1723236387835 0.0 528000
1723236395170 0.0 532000
1723236402663 0.0 536000
1723236409895 0.0 540000
1723236417391 0.0 544000
1723236424776 0.0 548000
1723236432170 0.0 552000
1723236440464 0.0 556000
1723236448134 0.0 560000
1723236455536 0.0 564000
1723236462906 0.0 568000
1723236470409 0.0 572000
1723236477766 0.0 576000
1723236485194 0.0 580000
1723236492703 0.0 584000
1723236501161 0.0 588000
1723236509217 0.0 592000
1723236516796 0.0 596000
1723236524806 0.0 600000
1723236532712 0.0 604000
1723236540372 0.0 608000
1723236548007 0.0 612000
1723236555553 0.0 616000
1723236563380 0.0 620000
1723236571089 0.0 624000
1723236579078 0.0 628000
1723236587247 0.0 632000
1723236595902 0.0 636000
1723236606224 0.0 640000
1723236614520 0.0 644000
1723236622850 0.0 648000
1723236631058 0.0 652000
1723236639445 0.0 656000
1723236647318 0.0 660000
1723236654961 0.0 664000
1723236662555 0.0 668000
1723236670120 0.0 672000
1723236677678 0.0 676000
1723236685344 0.0 680000
1723236693008 0.0 684000
1723236700932 0.0 688000
1723236708871 0.0 692000
1723236716408 0.0 696000
1723236724222 0.0 700000
1723236731980 0.0 704000
1723236740021 0.0 708000
1723236748390 0.0 712000
1723236756300 0.0 716000
1723236764567 0.0 720000
1723236773330 0.0 724000
1723236781631 0.0 728000
1723236790001 0.0 732000
1723236798066 0.0 736000
1723236806078 0.0 740000
1723236813750 0.0 744000
1723236821788 0.0 748000
1723236829362 0.0 752000
1723236836758 0.0 756000
1723236844327 0.0 760000
1723236851857 0.0 764000
1723236860145 0.0 768000
1723236867648 0.0 772000
1723236875112 0.0 776000
1723236882506 0.0 780000
1723236890095 0.0 784000
1723236897578 0.0 788000
1723236905139 0.0 792000
1723236912739 0.0 796000
1723236920344 0.0 800000
