1723235371675 0.0 4000
1723235378933 0.0 8000
1723235386263 0.0 12000
1723235393506 0.0 16000
1723235401591 0.0 20000
1723235409723 0.0 24000
1723235417451 0.0 28000
1723235425120 0.0 32000
1723235432816 0.0 36000
1723235440415 0.0 40000
1723235447973 0.0 44000
1723235455383 0.0 48000
1723235463683 0.0 52000
1723235472489 0.0 56000
1723235480514 0.0 60000
1723235488371 0.0 64000
1723235496400 0.0 68000
1723235504186 0.0 72000
1723235511857 0.0 76000
1723235519502 0.0 80000
1723235527152 0.0 84000
1723235535252 0.0 88000
1723235543165 0.0 92000
1723235550881 0.0 96000
1723235558568 0.0 100000
1723235566513 0.0 104000
1723235574142 0.0 108000
1723235581767 0.0 112000
1723235589258 0.0 116000
1723235597034 0.0 120000
1723235604816 0.0 124000
1723235612448 0.0 128000
1723235620028 0.0 132000
1723235627497 0.0 136000
1723235635049 0.0 140000
1723235642607 0.0 144000
1723235650000 0.0 148000
1723235658163 0.0 152000
1723235665662 0.0 156000
1723235673119 0.0 160000
1723235680597 0.0 164000
1723235688335 0.0 168000
1723235696273 0.0 172000
1723235704180 0.0 176000
1723235712333 0.0 180000
1723235720699 0.0 184000
1723235728522 0.0 188000
1723235736329 0.0 192000
1723235745110 0.0 196000
1723235753678 0.0 200000
1723235761922 0.0 204000
1723235770815 0.0 208000
1723235779623 0.0 212000
1723235787762 0.0 216000
1723235795550 0.0 220000
1723235803412 0.0 224000
1723235811883 0.0 228000
1723235819878 0.0 232000
1723235828104 0.0 236000
1723235837195 0.0 240000
1723235846444 0.0 244000
1723235854675 0.0 248000
1723235862692 0.0 252000
1723235871612 0.0 256000
1723235879812 0.0 260000
1723235887680 0.0 264000
1723235895454 0.0 268000
1723235903249 0.0 272000
1723235910880 0.0 276000
1723235918395 0.0 280000
1723235925827 0.0 284000
1723235933352 0.0 288000
1723235940806 0.0 292000
1723235948498 0.0 296000
1723235956706 0.0 300000
1723235964338 0.0 304000
1723235971896 0.0 308000
1723235979271 0.0 312000
1723235986655 0.0 316000
1723235994154 0.0 320000
1723236001702 0.0 324000
1723236009533 0.0 328000
1723236017785 0.0 332000
1723236025227 0.0 336000
1723236032683 0.0 340000
1723236039853 0.0 344000
1723236047290 0.0 348000
1723236054640 0.0 352000
1723236062039 0.0 356000
1723236069581 0.0 360000
1723236077513 0.0 364000
1723236085044 0.0 368000
1723236092476 0.0 372000
1723236099657 0.0 376000
1723236107179 0.0 380000
1723236114621 0.0 384000
1723236122016 0.0 388000
1723236129401 0.0 392000
1723236137548 0.0 396000
1723236145320 0.0 400000
1723236153318 0.0 404000
1723236160701 0.0 408000
1723236168473 0.0 412000
1723236175897 0.0 416000
1723236183226 0.0 420000
1723236190722 0.0 424000
1723236199062 0.0 428000
1723236207019 0.0 432000
1723236214527 0.0 436000
1723236221931 0.0 440000
1723236229342 0.0 444000
1723236237240 0.0 448000
1723236244788 0.0 452000
1723236252166 0.0 456000
1723236259984 0.0 460000
1723236267712 0.0 464000
1723236275132 0.0 468000
1723236282694 0.0 472000
1723236290649 0.0 476000
1723236298120 0.0 480000
1723236305557 0.0 484000
1723236313033 0.0 488000
1723236320565 0.0 492000
1723236328069 0.0 496000
1723236335538 0.0 500000
1723236342869 0.0 504000
1723236350212 0.0 508000
1723236357633 0.0 512000
1723236365121 0.0 516000
1723236372307 0.0 520000
1723236380410 0.0 524000
1723236387838 0.0 528000
1723236395173 0.0 532000
1723236402666 0.0 536000
1723236409898 0.0 540000
1723236417394 0.0 544000
1723236424779 0.0 548000
1723236432173 0.0 552000
1723236440467 0.0 556000
1723236448137 0.0 560000
1723236455539 0.0 564000
1723236462909 0.0 568000
1723236470412 0.0 572000
1723236477769 0.0 576000
1723236485197 0.0 580000
1723236492706 0.0 584000
1723236501164 0.0 588000
1723236509221 0.0 592000
1723236516800 0.0 596000
1723236524809 0.0 600000
1723236532715 0.0 604000
1723236540375 0.0 608000
1723236548010 0.0 612000
1723236555556 0.0 616000
1723236563383 0.0 620000
1723236571093 0.0 624000
1723236579081 0.0 628000
1723236587250 0.0 632000
1723236595907 0.0 636000
1723236606228 0.0 640000
1723236614524 0.0 644000
1723236622854 0.0 648000
1723236631062 0.0 652000
1723236639449 0.0 656000
1723236647322 0.0 660000
1723236654964 0.0 664000
1723236662558 0.0 668000
1723236670123 0.0 672000
1723236677681 0.0 676000
1723236685347 0.0 680000
1723236693012 0.0 684000
1723236700935 0.0 688000
1723236708874 0.0 692000
1723236716411 0.0 696000
1723236724225 0.0 700000
1723236731983 0.0 704000
1723236740024 0.0 708000
1723236748394 0.0 712000
1723236756304 0.0 716000
1723236764571 0.0 720000
1723236773333 0.0 724000
1723236781634 0.0 728000
1723236790004 0.0 732000
1723236798069 0.0 736000
1723236806082 0.0 740000
1723236813753 0.0 744000
1723236821791 0.0 748000
1723236829365 0.0 752000
1723236836761 0.0 756000
1723236844331 0.0 760000
1723236851860 0.0 764000
1723236860148 0.0 768000
1723236867651 0.0 772000
1723236875116 0.0 776000
1723236882509 0.0 780000
1723236890099 0.0 784000
1723236897581 0.0 788000
1723236905142 0.0 792000
1723236912743 0.0 796000
1723236920348 0.0 800000
