1723235371684 1.0 4000
1723235378939 1.0 8000
1723235386269 1.0 12000
1723235393512 1.0 16000
1723235401598 1.0 20000
1723235409728 1.0 24000
1723235417456 1.0 28000
1723235425125 1.0 32000
1723235432821 1.0 36000
1723235440421 1.0 40000
1723235447978 1.0 44000
1723235455388 1.0 48000
1723235463689 1.0 52000
1723235472496 1.0 56000
1723235480521 1.0 60000
1723235488376 1.0 64000
1723235496406 1.0 68000
1723235504192 1.0 72000
1723235511863 1.0 76000
1723235519508 1.0 80000
1723235527158 1.0 84000
1723235535259 1.0 88000
1723235543170 1.0 92000
1723235550886 1.0 96000
1723235558574 1.0 100000
1723235566519 1.0 104000
1723235574148 1.0 108000
1723235581773 1.0 112000
1723235589264 1.0 116000
1723235597040 1.0 120000
1723235604821 1.0 124000
1723235612454 1.0 128000
1723235620033 1.0 132000
1723235627502 1.0 136000
1723235635054 1.0 140000
1723235642612 1.0 144000
1723235650006 1.0 148000
1723235658168 1.0 152000
1723235665668 1.0 156000
1723235673124 1.0 160000
1723235680603 1.0 164000
1723235688340 1.0 168000
1723235696279 1.0 172000
1723235704186 1.0 176000
1723235712339 1.0 180000
1723235720705 1.0 184000
1723235728528 1.0 188000
1723235736334 1.0 192000
1723235745116 1.0 196000
1723235753683 1.0 200000
1723235761928 1.0 204000
1723235770820 1.0 208000
1723235779629 1.0 212000
1723235787771 1.0 216000
1723235795556 1.0 220000
1723235803417 1.0 224000
1723235811889 1.0 228000
1723235819884 1.0 232000
1723235828110 1.0 236000
1723235837201 1.0 240000
1723235846450 1.0 244000
1723235854681 1.0 248000
1723235862698 1.0 252000
1723235871618 1.0 256000
1723235879818 1.0 260000
1723235887686 1.0 264000
1723235895459 1.0 268000
1723235903255 1.0 272000
1723235910886 1.0 276000
1723235918401 1.0 280000
1723235925832 1.0 284000
1723235933358 1.0 288000
1723235940812 1.0 292000
1723235948504 1.0 296000
1723235956712 1.0 300000
1723235964343 1.0 304000
1723235971902 1.0 308000
1723235979277 1.0 312000
1723235986660 1.0 316000
1723235994159 1.0 320000
1723236001707 1.0 324000
1723236009539 1.0 328000
1723236017790 1.0 332000
1723236025233 1.0 336000
1723236032689 1.0 340000
1723236039858 1.0 344000
1723236047296 1.0 348000
1723236054645 1.0 352000
1723236062044 1.0 356000
1723236069587 1.0 360000
1723236077518 1.0 364000
1723236085049 1.0 368000
1723236092481 1.0 372000
1723236099662 1.0 376000
1723236107185 1.0 380000
1723236114627 1.0 384000
1723236122021 1.0 388000
1723236129406 1.0 392000
1723236137554 1.0 396000
1723236145325 1.0 400000
1723236153324 1.0 404000
1723236160706 1.0 408000
1723236168478 1.0 412000
1723236175902 1.0 416000
1723236183231 1.0 420000
1723236190728 1.0 424000
1723236199068 1.0 428000
1723236207025 1.0 432000
1723236214533 1.0 436000
1723236221937 1.0 440000
1723236229347 1.0 444000
1723236237246 1.0 448000
1723236244794 1.0 452000
1723236252171 1.0 456000
1723236259990 1.0 460000
1723236267718 1.0 464000
1723236275138 1.0 468000
1723236282700 1.0 472000
1723236290654 1.0 476000
1723236298125 1.0 480000
1723236305563 1.0 484000
1723236313039 1.0 488000
1723236320571 1.0 492000
1723236328075 1.0 496000
1723236335544 1.0 500000
1723236342875 1.0 504000
1723236350218 1.0 508000
1723236357639 1.0 512000
1723236365126 1.0 516000
1723236372315 1.0 520000
1723236380416 1.0 524000
1723236387843 1.0 528000
1723236395179 1.0 532000
1723236402672 1.0 536000
1723236409904 1.0 540000
1723236417399 1.0 544000
1723236424785 1.0 548000
1723236432178 1.0 552000
1723236440472 1.0 556000
1723236448142 1.0 560000
1723236455544 1.0 564000
1723236462915 1.0 568000
1723236470418 1.0 572000
1723236477774 1.0 576000
1723236485203 1.0 580000
1723236492712 1.0 584000
1723236501170 1.0 588000
1723236509226 1.0 592000
1723236516805 1.0 596000
1723236524815 1.0 600000
1723236532720 1.0 604000
1723236540380 1.0 608000
1723236548016 1.0 612000
1723236555562 1.0 616000
1723236563389 1.0 620000
1723236571098 1.0 624000
1723236579087 1.0 628000
1723236587256 1.0 632000
1723236595914 1.0 636000
1723236606234 1.0 640000
1723236614530 1.0 644000
1723236622861 1.0 648000
1723236631068 1.0 652000
1723236639454 1.0 656000
1723236647328 1.0 660000
1723236654969 1.0 664000
1723236662564 1.0 668000
1723236670128 1.0 672000
1723236677687 1.0 676000
1723236685352 1.0 680000
1723236693018 1.0 684000
1723236700941 1.0 688000
1723236708880 1.0 692000
1723236716417 1.0 696000
1723236724230 1.0 700000
1723236731989 1.0 704000
1723236740030 1.0 708000
1723236748399 1.0 712000
1723236756310 1.0 716000
1723236764576 1.0 720000
1723236773338 1.0 724000
1723236781640 1.0 728000
1723236790011 1.0 732000
1723236798074 1.0 736000
1723236806087 1.0 740000
1723236813759 1.0 744000
1723236821797 1.0 748000
1723236829371 1.0 752000
1723236836767 1.0 756000
1723236844336 1.0 760000
1723236851866 1.0 764000
1723236860154 1.0 768000
1723236867657 1.0 772000
1723236875121 1.0 776000
1723236882514 1.0 780000
1723236890104 1.0 784000
1723236897587 1.0 788000
1723236905148 1.0 792000
1723236912749 1.0 796000
1723236920353 1.0 800000
