1723157948695 6.73202614379085 4000
1723157966429 5.493827160493828 8000
1723157984339 4.444444444444445 12000
1723157998287 4.444444444444445 16000
1723158011268 5.796178343949045 20000
1723158024086 6.2025316455696204 24000
1723158037027 7.654320987654321 28000
1723158050912 8.580246913580247 32000
1723158065125 9.554140127388536 36000
1723158079136 7.222222222222222 40000
1723158093226 6.708860759493671 44000
1723158107368 11.234567901234568 48000
1723158121435 10.19108280254777 52000
1723158135475 8.580246913580247 56000
1723158149232 9.135802469135802 60000
1723158163276 9.177215189873417 64000
1723158177278 13.121019108280255 68000
1723158191687 8.82716049382716 72000
1723158205830 11.975308641975309 76000
1723158220110 11.790123456790123 80000
1723158234108 14.444444444444445 84000
1723158248240 12.160493827160494 88000
1723158262258 15.617283950617283 92000
1723158276252 12.345679012345679 96000
1723158290123 11.975308641975309 100000
1723158304292 16.07843137254902 104000
1723158319179 18.950617283950617 108000
1723158333651 13.82716049382716 112000
1723158348215 16.48148148148148 116000
1723158362639 13.312101910828025 120000
1723158377111 15.632911392405063 124000
1723158392843 16.666666666666668 128000
1723158414780 16.604938271604937 132000
1723158430073 15.605095541401274 136000
1723158444658 15.432098765432098 140000
1723158458983 17.088607594936708 144000
1723158473376 17.839506172839506 148000
1723158487786 18.9171974522293 152000
1723158501904 17.71604938271605 156000
1723158516147 16.11111111111111 160000
1723158530527 19.810126582278482 164000
1723158545567 18.662420382165607 168000
1723158560297 19.382716049382715 172000
1723158575020 17.71604938271605 176000
1723158589530 21.97530864197531 180000
1723158603483 16.99346405228758 184000
1723158617271 18.08641975308642 188000
1723158631377 19.691358024691358 192000
1723158645182 15.308641975308642 196000
1723158658737 17.65432098765432 200000
1723158672866 16.405228758169933 204000
1723158687413 19.320987654320987 208000
1723158701639 15.74074074074074 212000
1723158715807 14.691358024691358 216000
1723158730269 15.35031847133758 220000
1723158744595 16.075949367088608 224000
1723158758492 13.333333333333334 228000
1723158772780 15.617283950617283 232000
1723158786659 17.643312101910826 236000
1723158800648 16.234567901234566 240000
1723158814607 17.531645569620252 244000
1723158829047 15.246913580246913 248000
1723158842539 13.630573248407643 252000
1723158856395 13.580246913580247 256000
1723158870671 15.802469135802468 260000
1723158885405 15.189873417721518 264000
1723158899344 15.414012738853502 268000
1723158913946 13.209876543209877 272000
1723158928316 14.320987654320987 276000
1723158942282 12.777777777777779 280000
1723158955919 12.418300653594772 284000
1723158969803 11.604938271604938 288000
1723158983828 13.45679012345679 292000
1723158997336 14.25925925925926 296000
1723159010901 13.024691358024691 300000
1723159024475 14.379084967320262 304000
1723159041389 12.098765432098766 308000
1723159061421 8.641975308641975 312000
1723159081121 13.024691358024691 316000
1723159096095 13.05732484076433 320000
1723159109845 10.949367088607595 324000
1723159123377 14.938271604938272 328000
1723159137149 11.419753086419753 332000
1723159151076 12.547770700636942 336000
1723159164693 11.728395061728396 340000
1723159178363 10.569620253164556 344000
1723159192385 11.851851851851851 348000
1723159205687 13.821656050955413 352000
1723159218884 11.604938271604938 356000
1723159232510 9.135802469135802 360000
1723159246767 12.974683544303797 364000
1723159260162 11.0828025477707 368000
1723159273458 12.654320987654321 372000
1723159287060 10.493827160493828 376000
1723159301100 13.580246913580247 380000
1723159315228 11.30718954248366 384000
1723159329036 11.358024691358025 388000
1723159343050 12.530864197530864 392000
1723159356722 10.679012345679013 396000
1723159370499 11.049382716049383 400000
1723159384780 8.88888888888889 404000
1723159399004 8.703703703703704 408000
1723159412463 8.765432098765432 412000
1723159431054 11.666666666666666 416000
1723159446390 8.21656050955414 420000
1723159460579 8.354430379746836 424000
1723159474862 11.419753086419753 428000
1723159488969 11.296296296296296 432000
1723159502421 10.828025477707007 436000
1723159515654 8.88888888888889 440000
1723159528951 10.0 444000
1723159542632 9.444444444444445 448000
1723159556250 7.261146496815287 452000
1723159583025 11.91358024691358 456000
1723159601081 10.308641975308642 460000
1723159618323 10.50632911392405 464000
1723159636510 10.382165605095542 468000
1723159654264 10.061728395061728 472000
1723159674019 7.530864197530864 476000
1723159692922 9.938271604938272 480000
1723159710313 11.372549019607844 484000
1723159724956 10.617283950617283 488000
1723159738631 10.061728395061728 492000
1723159751920 9.506172839506172 496000
1723159765637 10.925925925925926 500000
1723159779325 9.934640522875817 504000
1723159793056 10.123456790123457 508000
1723159806556 10.679012345679013 512000
1723159819910 10.493827160493828 516000
1723159834677 10.89171974522293 520000
1723159848624 8.164556962025317 524000
1723159863081 12.839506172839506 528000
1723159877362 10.061728395061728 532000
1723159891394 8.280254777070065 536000
1723159905574 9.012345679012345 540000
1723159919830 8.79746835443038 544000
1723159934181 8.209876543209877 548000
1723159948053 10.382165605095542 552000
1723159962168 7.345679012345679 556000
1723159976436 10.925925925925926 560000
1723159989940 11.20253164556962 564000
1723160003555 11.59235668789809 568000
1723160017370 8.641975308641975 572000
1723160031076 10.864197530864198 576000
1723160044785 10.185185185185185 580000
1723160063080 8.88888888888889 584000
1723160081291 10.432098765432098 588000
1723160099151 9.938271604938272 592000
1723160117058 10.925925925925926 596000
1723160130371 11.11111111111111 600000
1723160142891 10.196078431372548 604000
1723160155489 10.308641975308642 608000
1723160168029 8.08641975308642 612000
1723160180790 10.987654320987655 616000
1723160194113 12.929936305732484 620000
1723160206851 8.924050632911392 624000
1723160219790 9.62962962962963 628000
1723160232670 10.802469135802468 632000
1723160245035 8.853503184713375 636000
1723160257895 10.925925925925926 640000
1723160274845 9.050632911392405 644000
1723160292074 7.345679012345679 648000
1723160309411 7.32484076433121 652000
1723160326960 9.135802469135802 656000
1723160345115 9.938271604938272 660000
1723160362671 11.708860759493671 664000
1723160376969 9.171974522292993 668000
1723160390018 13.395061728395062 672000
1723160403502 9.320987654320987 676000
1723160424868 11.234567901234568 680000
1723160442736 10.718954248366012 684000
1723160460994 9.506172839506172 688000
1723160479371 11.54320987654321 692000
1723160493583 10.0 696000
1723160506756 10.432098765432098 700000
1723160523363 11.045751633986928 704000
1723160541329 12.160493827160494 708000
1723160560161 10.864197530864198 712000
1723160578849 11.358024691358025 716000
1723160596232 8.21656050955414 720000
1723160614239 11.708860759493671 724000
1723160634987 11.17283950617284 728000
1723160653669 9.876543209876543 732000
1723160672980 10.0 736000
1723160687867 10.37037037037037 740000
1723160702092 12.594936708860759 744000
1723160715677 11.481481481481481 748000
1723160729194 10.764331210191083 752000
1723160743706 9.753086419753087 756000
1723160756857 11.234567901234568 760000
1723160770746 10.822784810126583 764000
1723160783616 8.02547770700637 768000
1723160796231 11.358024691358025 772000
1723160808851 7.592592592592593 776000
1723160822454 9.62962962962963 780000
1723160835258 10.980392156862745 784000
1723160848176 10.987654320987655 788000
1723160861054 15.37037037037037 792000
1723160873919 12.962962962962964 796000
1723160887735 10.37037037037037 800000
1723160900948 12.483660130718954 804000
1723160913965 10.864197530864198 808000
1723160926632 11.91358024691358 812000
1723160939213 11.481481481481481 816000
1723160953154 12.229299363057326 820000
1723160970950 11.329113924050633 824000
1723160991088 10.123456790123457 828000
1723161004958 11.17283950617284 832000
1723161018171 10.063694267515924 836000
1723161031870 9.691358024691358 840000
1723161044389 8.544303797468354 844000
1723161057097 8.395061728395062 848000
1723161069891 9.80891719745223 852000
1723161082600 10.679012345679013 856000
1723161094987 10.679012345679013 860000
1723161107797 10.69620253164557 864000
1723161119812 11.0828025477707 868000
1723161132229 11.11111111111111 872000
1723161144793 10.308641975308642 876000
1723161156945 10.493827160493828 880000
1723161169369 12.287581699346406 884000
1723161181898 11.049382716049383 888000
1723161194370 8.88888888888889 892000
1723161206519 12.345679012345679 896000
1723161218505 10.864197530864198 900000
1723161231037 10.718954248366012 904000
1723161243434 10.432098765432098 908000
1723161255372 10.246913580246913 912000
1723161267609 9.691358024691358 916000
1723161279723 10.127388535031848 920000
1723161292038 10.126582278481013 924000
1723161304013 8.45679012345679 928000
1723161316124 11.049382716049383 932000
1723161328490 9.426751592356688 936000
1723161340640 11.604938271604938 940000
1723161353118 12.91139240506329 944000
1723161365633 11.91358024691358 948000
1723161378393 9.745222929936306 952000
1723161391178 10.925925925925926 956000
1723161403134 9.382716049382717 960000
1723161415498 8.354430379746836 964000
1723161428056 9.872611464968152 968000
1723161439971 10.185185185185185 972000
1723161452539 8.88888888888889 976000
1723161464786 10.308641975308642 980000
1723161477284 10.130718954248366 984000
1723161490011 9.567901234567902 988000
1723161502728 11.728395061728396 992000
1723161515146 11.91358024691358 996000
1723161527488 10.246913580246913 1000000
1723161540425 12.026143790849673 1004000
1723161552946 9.135802469135802 1008000
1723161565539 10.555555555555555 1012000
1723161577910 8.82716049382716 1016000
1723161590285 11.847133757961783 1020000
1723161602218 8.544303797468354 1024000
1723161614600 10.555555555555555 1028000
1723161626823 10.308641975308642 1032000
1723161639073 10.19108280254777 1036000
1723161651233 9.320987654320987 1040000
1723161663586 7.2784810126582276 1044000
1723161675763 10.555555555555555 1048000
1723161687846 9.936305732484076 1052000
1723161699585 10.123456790123457 1056000
1723161711886 8.950617283950617 1060000
1723161723750 7.405063291139241 1064000
1723161735764 10.063694267515924 1068000
1723161747988 7.407407407407407 1072000
1723161760377 9.074074074074074 1076000
1723161773097 9.320987654320987 1080000
1723161785818 10.457516339869281 1084000
1723161798202 7.962962962962963 1088000
1723161810668 8.148148148148149 1092000
1723161823108 10.74074074074074 1096000
1723161835586 9.382716049382717 1100000
1723161847341 10.261437908496733 1104000
1723161859618 8.024691358024691 1108000
1723161871975 13.518518518518519 1112000
1723161883990 10.246913580246913 1116000
1723161896082 11.401273885350319 1120000
1723161908165 10.50632911392405 1124000
1723161920458 10.061728395061728 1128000
1723161932755 10.123456790123457 1132000
1723161945218 9.745222929936306 1136000
1723161957386 13.703703703703704 1140000
1723161969650 11.20253164556962 1144000
1723161982405 8.703703703703704 1148000
1723161994758 8.980891719745223 1152000
1723162007131 10.679012345679013 1156000
1723162019571 12.037037037037036 1160000
1723162032138 9.367088607594937 1164000
1723162044606 8.535031847133759 1168000
1723162057273 10.74074074074074 1172000
1723162069668 11.790123456790123 1176000
1723162082690 11.54320987654321 1180000
1723162095085 8.88888888888889 1184000
1723162108161 12.407407407407407 1188000
1723162120779 9.814814814814815 1192000
1723162133447 11.604938271604938 1196000
1723162146077 8.333333333333334 1200000
