1723235371643 193.9513361396779 4000
1723235378921 193.9513361396779 8000
1723235386250 193.9513361396779 12000
1723235393494 193.9513361396779 16000
1723235401579 193.9513361396779 20000
1723235409711 704.2075676859156 24000
1723235417439 795.4035223784591 28000
1723235425108 909.3658842371538 32000
1723235432804 909.3658842371538 36000
1723235440403 937.5197132753191 40000
1723235447961 937.5197132753191 44000
1723235455371 937.5197132753191 48000
1723235463671 937.5197132753191 52000
1723235472474 204.4869727658259 56000
1723235480502 69.23222730299207 60000
1723235488359 69.23222730299207 64000
1723235496388 69.23222730299207 68000
1723235504174 69.23222730299207 72000
1723235511845 69.23222730299207 76000
1723235519490 826.26045808196 80000
1723235527139 522.6137094162056 84000
1723235535241 522.6137094162056 88000
1723235543153 274.56127597452326 92000
1723235550868 274.56127597452326 96000
1723235558556 274.56127597452326 100000
1723235566502 274.56127597452326 104000
1723235574131 274.56127597452326 108000
1723235581755 448.63479257986097 112000
1723235589246 448.63479257986097 116000
1723235597021 88.81636795097245 120000
1723235604804 88.81636795097245 124000
1723235612437 88.81636795097245 128000
1723235620016 88.81636795097245 132000
1723235627485 88.81636795097245 136000
1723235635037 23.256345674449648 140000
1723235642595 23.256345674449648 144000
1723235649988 23.256345674449648 148000
1723235658151 23.256345674449648 152000
1723235665650 23.256345674449648 156000
1723235673106 549.4674049997262 160000
1723235680585 412.8633394692989 164000
1723235688322 91.330387558115 168000
1723235696261 91.330387558115 172000
1723235704168 91.330387558115 176000
1723235712321 91.330387558115 180000
1723235720687 50.67097796462119 184000
1723235728510 50.67097796462119 188000
1723235736316 50.67097796462119 192000
1723235745097 50.67097796462119 196000
1723235753666 50.67097796462119 200000
1723235761909 473.97233200789134 204000
1723235770803 586.7249287407178 208000
1723235779611 586.7249287407178 212000
1723235787719 437.2807943612454 216000
1723235795538 223.12001867143084 220000
1723235803400 138.68421498632478 224000
1723235811871 138.68421498632478 228000
1723235819866 138.68421498632478 232000
1723235828091 40.4276701982739 236000
1723235837183 19.57541524354363 240000
1723235846433 19.57541524354363 244000
1723235854663 19.57541524354363 248000
1723235862679 19.57541524354363 252000
1723235871600 19.57541524354363 256000
1723235879800 321.242269507156 260000
1723235887669 1581.1697885747478 264000
1723235895442 785.6956816114061 268000
1723235903238 517.0885042698884 272000
1723235910868 517.0885042698884 276000
1723235918384 342.52754127413584 280000
1723235925815 342.52754127413584 284000
1723235933340 310.05961959784224 288000
1723235940794 310.05961959784224 292000
1723235948486 310.05961959784224 296000
1723235956694 310.05961959784224 300000
1723235964325 497.44316968015397 304000
1723235971884 497.44316968015397 308000
1723235979259 497.44316968015397 312000
1723235986643 687.1991248798806 316000
1723235994142 810.0793910010661 320000
1723236001690 810.0793910010661 324000
1723236009522 1776.0300789292617 328000
1723236017772 1776.0300789292617 332000
1723236025214 27.73280483349142 336000
1723236032671 27.73280483349142 340000
1723236039840 27.73280483349142 344000
1723236047279 27.73280483349142 348000
1723236054628 150.86421034382508 352000
1723236062026 150.86421034382508 356000
1723236069570 150.86421034382508 360000
1723236077501 150.86421034382508 364000
1723236085032 150.86421034382508 368000
1723236092464 184.76575127200113 372000
1723236099645 184.76575127200113 376000
1723236107167 40.3885166028373 380000
1723236114610 40.3885166028373 384000
1723236122003 40.3885166028373 388000
1723236129389 40.3885166028373 392000
1723236137537 40.3885166028373 396000
1723236145307 104.30247973458269 400000
1723236153306 104.30247973458269 404000
1723236160689 104.30247973458269 408000
1723236168461 267.2257217436599 412000
1723236175885 1541.1927965936065 416000
1723236183214 1541.1927965936065 420000
1723236190711 565.1318528153415 424000
1723236199050 565.1318528153415 428000
1723236207007 565.1318528153415 432000
1723236214513 77.15293521784002 436000
1723236221920 77.15293521784002 440000
1723236229330 77.15293521784002 444000
1723236237228 77.15293521784002 448000
1723236244776 77.15293521784002 452000
1723236252153 424.18280920486166 456000
1723236259971 181.0301387964098 460000
1723236267700 181.0301387964098 464000
1723236275120 181.0301387964098 468000
1723236282682 1158.952567294964 472000
1723236290636 1158.952567294964 476000
1723236298108 177.19738177416718 480000
1723236305545 86.04372760980684 484000
1723236313021 45.81988817029195 488000
1723236320553 45.81988817029195 492000
1723236328057 45.81988817029195 496000
1723236335527 45.81988817029195 500000
1723236342857 45.81988817029195 504000
1723236350200 438.303449950915 508000
1723236357621 87.0677762181008 512000
1723236365109 87.0677762181008 516000
1723236372294 87.0677762181008 520000
1723236380398 87.0677762181008 524000
1723236387826 124.68582148600467 528000
1723236395162 124.68582148600467 532000
1723236402654 60.914173350697595 536000
1723236409886 60.914173350697595 540000
1723236417382 60.914173350697595 544000
1723236424768 60.914173350697595 548000
1723236432161 159.57339999996438 552000
1723236440455 159.57339999996438 556000
1723236448125 159.57339999996438 560000
1723236455527 225.19751857043897 564000
1723236462897 225.19751857043897 568000
1723236470400 225.19751857043897 572000
1723236477757 205.63501217305026 576000
1723236485185 205.63501217305026 580000
1723236492692 95.8411104798494 584000
1723236501153 95.8411104798494 588000
1723236509208 95.8411104798494 592000
1723236516787 95.8411104798494 596000
1723236524797 95.8411104798494 600000
1723236532703 365.2441679443714 604000
1723236540363 34.850771162442044 608000
1723236547998 34.850771162442044 612000
1723236555544 34.850771162442044 616000
1723236563371 34.850771162442044 620000
1723236571080 34.850771162442044 624000
1723236579069 154.95818345863336 628000
1723236587237 154.95818345863336 632000
1723236595882 493.0731252364577 636000
1723236606215 159.58080909692575 640000
1723236614511 159.58080909692575 644000
1723236622840 159.58080909692575 648000
1723236631049 159.58080909692575 652000
1723236639437 159.58080909692575 656000
1723236647309 493.09598858261404 660000
1723236654952 493.09598858261404 664000
1723236662546 33.20930175212494 668000
1723236670111 33.20930175212494 672000
1723236677669 33.20930175212494 676000
1723236685335 33.20930175212494 680000
1723236692999 33.20930175212494 684000
1723236700923 108.15218534389048 688000
1723236708862 570.8432107954673 692000
1723236716399 355.96337912279375 696000
1723236724213 355.96337912279375 700000
1723236731972 355.96337912279375 704000
1723236740011 249.07351331024435 708000
1723236748381 249.07351331024435 712000
1723236756288 249.07351331024435 716000
1723236764558 249.07351331024435 720000
1723236773321 249.07351331024435 724000
1723236781621 103.65534872053249 728000
1723236789992 103.65534872053249 732000
1723236798057 103.65534872053249 736000
1723236806070 103.65534872053249 740000
1723236813741 89.85134034391842 744000
1723236821778 89.85134034391842 748000
1723236829354 89.85134034391842 752000
1723236836749 89.85134034391842 756000
1723236844317 89.85134034391842 760000
1723236851848 389.0670300314467 764000
1723236860136 389.0670300314467 768000
1723236867639 389.0670300314467 772000
1723236875103 625.8398429854531 776000
1723236882497 625.8398429854531 780000
1723236890085 636.2935212447055 784000
1723236897569 189.79775497437538 788000
1723236905130 36.43684563780848 792000
1723236912730 36.43684563780848 796000
1723236920336 36.43684563780848 800000
