1723217322595 0.28713327124665217 4000
1723217337894 0.2748310662609987 8000
1723217353012 0.2564378099728478 12000
1723217368178 0.2497888481009321 16000
1723217383121 0.24554497644894277 20000
1723217398308 0.2462028207926805 24000
1723217413456 0.2430062844527836 28000
1723217428511 0.24164085423573786 32000
1723217443806 0.24055744270410562 36000
1723217459067 0.23963527188625514 40000
1723217474646 0.23938097658231927 44000
1723217489910 0.23904823736766634 48000
1723217505192 0.2381295553864103 52000
1723217520489 0.23756384377670295 56000
1723217535592 0.23690651729196482 60000
1723217550857 0.23684670784590667 64000
1723217566125 0.23676851858450298 68000
1723217581410 0.23666402927304225 72000
1723217596856 0.2364432534169161 76000
1723217612315 0.23613054134825903 80000
1723217629697 0.23655004711153102 84000
1723217646541 0.23643608802835075 88000
1723217663301 0.23614144066606885 92000
1723217680395 0.23590649835505897 96000
1723217697078 0.2358060934596093 100000
1723217713418 0.23563882437350914 104000
1723217730162 0.23520013909426932 108000
1723217747511 0.23484399393836786 112000
1723217764272 0.2344806046703196 116000
1723217780008 0.23451467537349824 120000
1723217796360 0.23582820374856245 124000
1723217812976 0.23531541471374975 128000
1723217829957 0.2349589985999615 132000
1723217846705 0.23477996791365083 136000
1723217864100 0.23478236116187629 140000
1723217881177 0.23461625904620842 144000
1723217898185 0.23434509822097396 148000
1723217915492 0.2342426801162728 152000
1723217932663 0.23424300521606287 156000
1723217949204 0.23413160969633978 160000
1723217966023 0.2343707122992648 164000
1723217983079 0.2553760818881454 168000
1723217999652 0.2546898441760533 172000
1723218015878 0.2539800860238465 176000
1723218032509 0.2534672265659746 180000
1723218048946 0.2528394252140391 184000
1723218065424 0.25234610681728514 188000
1723218082273 0.25175323168010777 192000
1723218098845 0.2513240801457011 196000
1723218115756 0.25084816277138416 200000
1723218132631 0.25039327858291566 204000
1723218149590 0.2501715399648512 208000
1723218166177 0.24993262857419604 212000
1723218182838 0.24989558145050134 216000
1723218197919 0.24949026010120928 220000
1723218214811 0.25047845653848866 224000
1723218231340 0.2500062242916823 228000
1723218247624 0.2497489481264561 232000
1723218263783 0.24929169334631798 236000
1723218279800 0.24901226978239618 240000
1723218296715 0.24865036133101998 244000
1723218313460 0.2483731649560538 248000
1723218330084 0.24812254799502154 252000
1723218346432 0.24796373884909997 256000
1723218362740 0.247686343882572 260000
1723218378667 0.2476661975502432 264000
1723218394145 0.24735212984287924 268000
1723218410012 0.24704043314497198 272000
1723218426114 0.24681680974708284 276000
1723218442122 0.24652257626170576 280000
1723218457793 0.2463606536924493 284000
1723218472694 0.24598931161135665 288000
1723218488747 0.24572572525463268 292000
1723218504424 0.2455292461702865 296000
1723218520097 0.24534098915574504 300000
1723218535981 0.24505477703190165 304000
1723218551478 0.24477543567445553 308000
1723218567911 0.24450992910250877 312000
1723218585210 0.24418418478849024 316000
1723218601523 0.24402127291844114 320000
1723218617796 0.24366939794474168 324000
1723218634159 0.24346667561639943 328000
1723218650355 0.24317170564423035 332000
1723218666967 0.24289506887302528 336000
1723218683250 0.24267379792743737 340000
1723218699638 0.24241299851713186 344000
1723218824354 0.24218454511171542 348000
1723218841037 0.24199413571214534 352000
1723218857165 0.2418828690202764 356000
1723218872425 0.241764616295515 360000
1723218889756 0.24285644177190896 364000
1723218904862 0.24263486033668083 368000
1723218920289 0.24238208155122476 372000
1723218935503 0.24217231189120558 376000
1723218951033 0.24196212210513632 380000
1723218966486 0.24183797838624418 384000
1723218984901 0.2416178454242852 388000
1723219006449 0.24165184980303817 392000
1723219023275 0.2418126982961298 396000
1723219038396 0.24170869207745302 400000
1723219052664 0.24153070272050392 404000
1723219068887 0.24331038272365965 408000
1723219084819 0.24308916697658778 412000
1723219100545 0.24296290177502738 416000
1723219116545 0.24279062744983498 420000
1723219132568 0.24265420095404122 424000
1723219149030 0.24243202150481322 428000
1723219166394 0.24247428686436145 432000
1723219182941 0.24246015986915068 436000
1723219199663 0.24253386376802133 440000
1723219215686 0.2424560183319059 444000
1723219232201 0.24235320721221187 448000
1723219248177 0.24237880728445865 452000
1723219264417 0.24226016718817314 456000
1723219280439 0.242128596171083 460000
1723219296358 0.24197916748106446 464000
1723219312531 0.24175593205200013 468000
1723219328154 0.2416222274264361 472000
1723219345852 0.24146245910901834 476000
1723219362375 0.24141975314042471 480000
1723219378694 0.24131994090339484 484000
1723219394354 0.24123338456968846 488000
1723219410521 0.2411073569611797 492000
1723219425359 0.2410137320669894 496000
1723219440726 0.2421131423358468 500000
1723219456538 0.2419557074912906 504000
1723219472396 0.24185545881085171 508000
1723219487463 0.2417368171523002 512000
1723219502838 0.24164898401052295 516000
1723219518706 0.24154848038013538 520000
1723219534862 0.24143444941858647 524000
1723219550498 0.24130504618572268 528000
1723219566212 0.2412065795321317 532000
1723219582193 0.24119074198120333 536000
1723219598399 0.24125769325572405 540000
1723219613813 0.24119074657890782 544000
1723219631211 0.24122189064538138 548000
1723219647032 0.2411858389071176 552000
1723219662496 0.24111800972485972 556000
1723219678944 0.24314539543379596 560000
1723219694559 0.24303494418340102 564000
1723219710151 0.24304877226684626 568000
1723219725942 0.24287154490357693 572000
1723219741496 0.2428430898087195 576000
1723219755689 0.2427465889954695 580000
1723219771242 0.2426716583198319 584000
1723219787773 0.24258948841021835 588000
1723219803366 0.2425158794457928 592000
1723219818955 0.24242478540292323 596000
1723219834619 0.2423981043259624 600000
1723219850289 0.24235028320844684 604000
1723219867227 0.24227767071479314 608000
1723219883503 0.24237326429101472 612000
1723219899019 0.2423151533511927 616000
1723219914440 0.24223866623816068 620000
1723219929579 0.24211685485262716 624000
1723219945393 0.24204805031468066 628000
1723219961052 0.241984269623374 632000
1723219976558 0.24194885754026882 636000
1723219992017 0.24186460579276525 640000
1723220007682 0.24173769831349537 644000
1723220023062 0.24179064963821909 648000
1723220037540 0.24183918869323107 652000
1723220052754 0.24303570098580957 656000
1723220068393 0.24293560300663472 660000
1723220084185 0.2428173850265315 664000
1723220099942 0.24279766480897924 668000
1723220115386 0.242722952867844 672000
1723220131537 0.24265703464421245 676000
1723220147192 0.2426001699077186 680000
1723220162699 0.2425809527803181 684000
1723220178619 0.2425413309907024 688000
1723220194684 0.24252427910090002 692000
1723220210346 0.24250537885485796 696000
1723220225749 0.24247191425277448 700000
1723220240840 0.24243686044621848 704000
1723220256955 0.24236372440725412 708000
1723220272364 0.24230596552290434 712000
1723220288415 0.24228508926391937 716000
1723220304218 0.24235433467105177 720000
1723220318907 0.24219373490953292 724000
1723220334061 0.24303145514609614 728000
1723220349560 0.2429323820895049 732000
1723220365473 0.24291844937821408 736000
1723220381139 0.24282033613533516 740000
1723220396828 0.242751678240972 744000
1723220412354 0.24273441129726142 748000
1723220428418 0.24273134636338503 752000
1723220444461 0.24480320248969215 756000
1723220459740 0.24476963225233325 760000
1723220475836 0.2446083849182696 764000
1723220492453 0.2447898089850147 768000
1723220508399 0.24465589646672448 772000
1723220524310 0.2445642437458564 776000
1723220540095 0.24453598572302085 780000
1723220556320 0.2444453927218431 784000
1723220571969 0.2443860989243112 788000
1723220588301 0.2444245548317563 792000
1723220604368 0.24436463132234781 796000
1723220619903 0.24433103793830213 800000
