1723217322593 0.8406035577357998 4000
1723217337893 0.801142574064621 8000
1723217353011 0.7616859018005009 12000
1723217368177 0.7403939559127345 16000
1723217383120 0.7225233617245109 20000
1723217398307 0.73068278173937 24000
1723217413455 0.7239720971670234 28000
1723217428510 0.7205779739448 32000
1723217443804 0.7167650829621275 36000
1723217459067 0.7112493433603146 40000
1723217474645 0.708792473392274 44000
1723217489909 0.7076851470431954 48000
1723217505191 0.7050418646855907 52000
1723217520488 0.7039709046308898 56000
1723217535591 0.702003255178394 60000
1723217550856 0.7006570447327258 64000
1723217566124 0.6988953965548801 68000
1723217581409 0.6970442060648242 72000
1723217596855 0.6959590373847021 76000
1723217612314 0.6940783605851679 80000
1723217629696 0.695752137056589 84000
1723217646541 0.696069910252149 88000
1723217663300 0.695134100481283 92000
1723217680395 0.6939296773699423 96000
1723217697077 0.6921109922083594 100000
1723217713417 0.6913661072667933 104000
1723217730162 0.6900840214895647 108000
1723217747510 0.6896825710655977 112000
1723217764271 0.6889759587205108 116000
1723217780007 0.6896938764993662 120000
1723217796359 0.6955669338439622 124000
1723217812975 0.6938917494425084 128000
1723217829956 0.6930936723272428 132000
1723217846704 0.691831653792714 136000
1723217864099 0.691267484778666 140000
1723217881176 0.6903929001120047 144000
1723217898184 0.6900983917303651 148000
1723217915491 0.6889423862268619 152000
1723217932662 0.6882719242806422 156000
1723217949203 0.6879273355486909 160000
1723217966022 0.6882635579867734 164000
1723217983078 0.6878594621982818 168000
1723217999651 0.6883911286825686 172000
1723218015877 0.6875647335947354 176000
1723218032508 0.6866275888631955 180000
1723218048945 0.6860462679613422 184000
1723218065424 0.6858687708846019 188000
1723218082272 0.6856324063342111 192000
1723218098844 0.6850684897382879 196000
1723218115755 0.6845389079657376 200000
1723218132630 0.6839930306601647 204000
1723218149589 0.6843022991772232 208000
1723218166177 0.6846864883453971 212000
1723218182837 0.68560546622124 216000
1723218197919 0.6852211105241608 220000
1723218214810 0.6900016388476728 224000
1723218231339 0.6894145353979259 228000
1723218247624 0.6900492409818387 232000
1723218263782 0.6892670629789021 236000
1723218279799 0.6888715321828828 240000
1723218296714 0.6880732749483303 244000
1723218313459 0.6877452006639305 248000
1723218330083 0.68728271231753 252000
1723218346431 0.6878774715168232 256000
1723218362739 0.6876940565917633 260000
1723218378667 0.6877069279432605 264000
1723218394145 0.6872822723949247 268000
1723218410011 0.6869477253216493 272000
1723218426114 0.6863751466417485 276000
1723218442121 0.6860909359582554 280000
1723218457792 0.685536470164889 284000
1723218472693 0.6854122163771353 288000
1723218488746 0.6853020013511133 292000
1723218504424 0.6852419170779017 296000
1723218520096 0.6847925627382146 300000
1723218535980 0.6841058915615893 304000
1723218551477 0.6833268430259679 308000
1723218567910 0.682577331447145 312000
1723218585210 0.6819245953094859 316000
1723218601522 0.68158263618163 320000
1723218617795 0.68074639778423 324000
1723218634158 0.6803295696034515 328000
1723218650354 0.6797999526608 332000
1723218666966 0.6791948730819182 336000
1723218683249 0.678776490085611 340000
1723218699637 0.6780789880874709 344000
1723218824353 0.6777626443357123 348000
1723218841036 0.6776807306769962 352000
1723218857164 0.6776791738864621 356000
1723218872424 0.6773198356605074 360000
1723218889755 0.7090362549216463 364000
1723218904861 0.7087440845184576 368000
1723218920289 0.7078419137922117 372000
1723218935503 0.7070051583952489 376000
1723218951032 0.7061849319040996 380000
1723218966485 0.7057360109060187 384000
1723218984900 0.7049874576647746 388000
1723219006448 0.7052529690461826 392000
1723219023274 0.7053658146722924 396000
1723219038395 0.7051752749269616 400000
1723219052663 0.7044484958622081 404000
1723219068886 0.708217842709641 408000
1723219084818 0.7076356407411574 412000
1723219100544 0.7071120353992436 416000
1723219116545 0.7066261617437015 420000
1723219132567 0.7058529696476424 424000
1723219149029 0.7053836526827041 428000
1723219166393 0.7052863993407583 432000
1723219182940 0.7051953800027376 436000
1723219199663 0.7052944413491682 440000
1723219215685 0.7047674078971136 444000
1723219232201 0.7043984527249886 448000
1723219248176 0.7043882856523035 452000
1723219264416 0.7037912751690574 456000
1723219280438 0.7034690928521147 460000
1723219296357 0.7027612064501955 464000
1723219312530 0.7024136048495709 468000
1723219328153 0.701844200761614 472000
1723219345851 0.7012091017524116 476000
1723219362374 0.7010454814790954 480000
1723219378693 0.7005051252658439 484000
1723219394353 0.7003062556418213 488000
1723219410520 0.6999742930130964 492000
1723219425358 0.6997457753699651 496000
1723219440725 0.7024391159491523 500000
1723219456537 0.7020023915226002 504000
1723219472395 0.7015725444339838 508000
1723219487463 0.7012127486334081 512000
1723219502837 0.7008882142932861 516000
1723219518705 0.7004671040786564 520000
1723219534861 0.7001152784867181 524000
1723219550497 0.6999729908431904 528000
1723219566211 0.6996448103975718 532000
1723219582192 0.6996812252465507 536000
1723219598398 0.699872130615803 540000
1723219613812 0.6994650469195541 544000
1723219631211 0.6997678713902884 548000
1723219647031 0.6997043973296774 552000
1723219662496 0.6994327071241359 556000
1723219678943 0.7017495804138568 560000
1723219694558 0.7016432471931497 564000
1723219710151 0.7012863050784955 568000
1723219725941 0.7009676846628927 572000
1723219741496 0.7008477061785053 576000
1723219755688 0.7005549469973343 580000
1723219771241 0.7002754165211088 584000
1723219787772 0.7000870587414072 588000
1723219803366 0.6998388595144707 592000
1723219818954 0.6995171798159454 596000
1723219834618 0.6993989380318409 600000
1723219850288 0.6991383343094861 604000
1723219867226 0.698879656234637 608000
1723219883502 0.6990210680723619 612000
1723219899018 0.6989364971393223 616000
1723219914439 0.698617726368752 620000
1723219929578 0.698396825305169 624000
1723219945392 0.6980581985959043 628000
1723219961051 0.6978658188162876 632000
1723219976557 0.6975358918181634 636000
1723219992017 0.6973445754517741 640000
1723220007681 0.6971086140083446 644000
1723220023061 0.6971021075500954 648000
1723220037539 0.6970109733392175 652000
1723220052753 0.7002340218949255 656000
1723220068393 0.6998921256069041 660000
1723220084184 0.6996516558322324 664000
1723220099942 0.6993433295618766 668000
1723220115385 0.6992609011039664 672000
1723220131536 0.6991428094145143 676000
1723220147191 0.6990871957407467 680000
1723220162698 0.6989485485148887 684000
1723220178619 0.6989392309793409 688000
1723220194683 0.698837192202281 692000
1723220210345 0.6988038714521977 696000
1723220225748 0.6986541528168506 700000
1723220240839 0.698555418815898 704000
1723220256955 0.6983728383615146 708000
1723220272364 0.6983289016839285 712000
1723220288414 0.6983085069813659 716000
1723220304217 0.6983233594136151 720000
1723220318905 0.6980741661421349 724000
1723220334061 0.7007696964015665 728000
1723220349559 0.7004872626146254 732000
1723220365472 0.7001104124091794 736000
1723220381138 0.6998938333279815 740000
1723220396828 0.6998133263892891 744000
1723220412353 0.6996055375207536 748000
1723220428417 0.6992983546136167 752000
1723220444460 0.702630482064536 756000
1723220459739 0.7024485912709193 760000
1723220475835 0.7024843550376629 764000
1723220492453 0.7024798558237766 768000
1723220508398 0.7024373159547014 772000
1723220524309 0.7022366421528841 776000
1723220540094 0.7022439432970526 780000
1723220556319 0.701911473877447 784000
1723220571968 0.7017146922956158 788000
1723220588300 0.7018839896843819 792000
1723220604368 0.7018976815776382 796000
1723220619902 0.7017838458798221 800000
