1723172544874 0.005216302435382519 4000
1723172560104 0.005684884977929386 8000
1723172575106 0.006444880991806219 12000
1723172590149 0.005195317444977937 16000
1723172604638 0.005303522583785331 20000
1723172618989 0.005106382732149921 24000
1723172633115 0.0048729372613223985 28000
1723172647629 0.005993725341043354 32000
1723172662271 0.0047468835381185934 36000
1723172675388 0.004688972308311934 40000
1723172689914 0.005027463164510606 44000
1723172704073 0.005532635582817925 48000
1723172718060 0.0045952523589893515 52000
1723172732108 0.004584259457058377 56000
1723172749573 0.005215038487940658 60000
1723172763934 0.006977440435675126 64000
1723172778399 0.00548423475520626 68000
1723172793037 0.005727049745159384 72000
1723172807198 0.005323945740122854 76000
1723172821259 0.004486316516075606 80000
1723172835238 0.006704626519695606 84000
1723172849115 0.004434217641383041 88000
1723172863027 0.006097260816597644 92000
1723172877187 0.005504084222110702 96000
1723172891033 0.005811232107656973 100000
1723172904764 0.004712117263694215 104000
1723172918020 0.005386861754052433 108000
1723172932034 0.004402575669465242 112000
1723172946266 0.005529324213663737 116000
1723172960167 0.004824711259003658 120000
1723172974287 0.007220159603070609 124000
1723172988165 0.0047576280287754385 128000
1723173002098 0.004613914607483663 132000
1723173016049 0.005401699406326197 136000
1723173029994 0.008796836123054411 140000
1723173043958 0.0046102306510828715 144000
1723173057982 0.005849202473958333 148000
1723173071858 0.0046913031559840885 152000
1723173085781 0.004982580373316635 156000
1723173099472 0.0045304681047981165 160000
1723173113978 0.0048646444006811215 164000
1723173128500 0.005885673936005611 168000
1723173142481 0.004586687794438115 172000
1723173155500 0.004999652320956007 176000
1723173169546 0.017311470008190766 180000
1723173183308 0.004783331179151348 184000
1723173197348 0.004846078378182871 188000
1723173211510 0.006803906994101442 192000
1723173225518 0.004192708451070904 196000
1723173239434 0.004317068759305978 200000
1723173253021 0.004783798666561351 204000
1723173266799 0.00453157189451618 208000
1723173280483 0.004803030579178421 212000
1723173294152 0.004570498878573194 216000
1723173307662 0.0043146169869003785 220000
1723173321460 0.004136185102824924 224000
1723173335073 0.006381008360120986 228000
1723173348741 0.004292711799527392 232000
1723173362503 0.004386825925984959 236000
