1723217322536 0.065 4000
1723217337847 0.039 8000
1723217352964 0.031 12000
1723217368124 0.026 16000
1723217383069 0.024 20000
1723217398262 0.023 24000
1723217413408 0.022 28000
1723217428466 0.021 32000
1723217443757 0.02 36000
1723217459012 0.02 40000
1723217474597 0.015 44000
1723217489860 0.016 48000
1723217505140 0.016 52000
1723217520439 0.016 56000
1723217535542 0.017 60000
1723217550804 0.016 64000
1723217566075 0.017 68000
1723217581362 0.017 72000
1723217596805 0.017 76000
1723217612248 0.017 80000
1723217629650 0.017 84000
1723217646494 0.015 88000
1723217663250 0.015 92000
1723217680349 0.015 96000
1723217697027 0.015 100000
1723217713362 0.015 104000
1723217730107 0.014 108000
1723217747459 0.014 112000
1723217764228 0.014 116000
1723217779959 0.014 120000
1723217796308 0.014 124000
1723217812922 0.015 128000
1723217829908 0.015 132000
1723217846657 0.015 136000
1723217864048 0.015 140000
1723217881130 0.015 144000
1723217898129 0.015 148000
1723217915446 0.015 152000
1723217932615 0.015 156000
1723217949147 0.015 160000
1723217965971 0.014 164000
1723217983030 0.014 168000
1723217999602 0.014 172000
1723218015832 0.014 176000
1723218032460 0.014 180000
1723218048899 0.014 184000
1723218065377 0.014 188000
1723218082224 0.014 192000
1723218098795 0.014 196000
1723218115701 0.015 200000
1723218132578 0.014 204000
1723218149545 0.014 208000
1723218166130 0.014 212000
1723218182786 0.014 216000
1723218197860 0.014 220000
1723218214763 0.014 224000
1723218231292 0.014 228000
1723218247574 0.014 232000
1723218263737 0.014 236000
1723218279747 0.014 240000
1723218296666 0.014 244000
1723218313411 0.014 248000
1723218330037 0.014 252000
1723218346375 0.014 256000
1723218362683 0.014 260000
1723218378619 0.015 264000
1723218394101 0.015 268000
1723218409967 0.014 272000
1723218426069 0.015 276000
1723218442074 0.014 280000
1723218457746 0.014 284000
1723218472642 0.014 288000
1723218488696 0.014 292000
1723218504378 0.014 296000
1723218520049 0.014 300000
1723218535930 0.014 304000
1723218551429 0.014 308000
1723218567866 0.014 312000
1723218585166 0.014 316000
1723218601476 0.014 320000
1723218617745 0.013 324000
1723218634112 0.014 328000
1723218650309 0.014 332000
1723218666914 0.014 336000
1723218683205 0.014 340000
1723218699593 0.014 344000
1723218824305 0.014 348000
1723218840987 0.014 352000
1723218857118 0.014 356000
1723218872380 0.014 360000
1723218889709 0.014 364000
1723218904818 0.014 368000
1723218920239 0.014 372000
1723218935458 0.014 376000
1723218950986 0.013 380000
1723218966441 0.013 384000
1723218984847 0.014 388000
1723219006378 0.014 392000
1723219023230 0.014 396000
1723219038353 0.014 400000
1723219052608 0.014 404000
1723219068838 0.018 408000
1723219084775 0.018 412000
1723219100501 0.018 416000
1723219116500 0.018 420000
1723219132523 0.018 424000
1723219148984 0.017 428000
1723219166349 0.017 432000
1723219182893 0.017 436000
1723219199617 0.017 440000
1723219215640 0.017 444000
1723219232155 0.013 448000
1723219248133 0.014 452000
1723219264373 0.013 456000
1723219280384 0.013 460000
1723219296310 0.013 464000
1723219312484 0.014 468000
1723219328108 0.013 472000
1723219345807 0.013 476000
1723219362329 0.013 480000
1723219378651 0.014 484000
1723219394308 0.014 488000
1723219410477 0.013 492000
1723219425298 0.014 496000
1723219440682 0.014 500000
1723219456493 0.014 504000
1723219472346 0.014 508000
1723219487414 0.014 512000
1723219502794 0.014 516000
1723219518663 0.014 520000
1723219534818 0.014 524000
1723219550454 0.015 528000
1723219566169 0.015 532000
1723219582148 0.014 536000
1723219598348 0.014 540000
1723219613767 0.015 544000
1723219631167 0.014 548000
1723219646978 0.014 552000
1723219662450 0.014 556000
1723219678899 0.014 560000
1723219694515 0.015 564000
1723219710099 0.014 568000
1723219725894 0.014 572000
1723219741452 0.014 576000
1723219755644 0.014 580000
1723219771194 0.014 584000
1723219787718 0.014 588000
1723219803318 0.015 592000
1723219818902 0.014 596000
1723219834573 0.015 600000
1723219850241 0.014 604000
1723219867176 0.015 608000
1723219883449 0.017 612000
1723219898972 0.017 616000
1723219914395 0.017 620000
1723219929535 0.017 624000
1723219945348 0.017 628000
1723219961008 0.017 632000
1723219976513 0.017 636000
1723219991974 0.017 640000
1723220007627 0.017 644000
1723220023011 0.017 648000
1723220037487 0.014 652000
1723220052708 0.014 656000
1723220068344 0.014 660000
1723220084118 0.014 664000
1723220099897 0.015 668000
1723220115328 0.015 672000
1723220131493 0.016 676000
1723220147148 0.015 680000
1723220162651 0.015 684000
1723220178573 0.015 688000
1723220194638 0.015 692000
1723220210296 0.015 696000
1723220225696 0.015 700000
1723220240795 0.014 704000
1723220256908 0.014 708000
1723220272313 0.014 712000
1723220288363 0.014 716000
1723220304173 0.013 720000
1723220318845 0.014 724000
1723220334016 0.014 728000
1723220349515 0.014 732000
1723220365427 0.014 736000
1723220381094 0.014 740000
1723220396778 0.014 744000
1723220412309 0.014 748000
1723220428374 0.014 752000
1723220444415 0.014 756000
1723220459695 0.015 760000
1723220475791 0.017 764000
1723220492408 0.017 768000
1723220508352 0.017 772000
1723220524265 0.017 776000
1723220540049 0.017 780000
1723220556267 0.017 784000
1723220571922 0.017 788000
1723220588256 0.017 792000
1723220604323 0.018 796000
1723220619857 0.017 800000
