1723217322537 1617.217 4000
1723217337848 1461.378 8000
1723217352965 1371.487 12000
1723217368125 1337.619 16000
1723217383070 1304.003 20000
1723217398263 1310.958 24000
1723217413408 1301.476 28000
1723217428467 1290.878 32000
1723217443757 1286.908 36000
1723217459013 1278.039 40000
1723217474598 1252.169 44000
1723217489860 1243.722 48000
1723217505140 1246.61 52000
1723217520440 1242.87 56000
1723217535543 1248.587 60000
1723217550805 1239.869 64000
1723217566075 1244.197 68000
1723217581363 1243.356 72000
1723217596808 1235.856 76000
1723217612249 1242.642 80000
1723217629651 1239.991 84000
1723217646495 1255.367 88000
1723217663251 1256.486 92000
1723217680349 1256.974 96000
1723217697028 1255.631 100000
1723217713363 1248.207 104000
1723217730108 1234.404 108000
1723217747459 1238.92 112000
1723217764229 1243.459 116000
1723217779959 1245.73 120000
1723217796309 1300.609 124000
1723217812923 1280.96 128000
1723217829909 1282.702 132000
1723217846658 1279.075 136000
1723217864049 1282.257 140000
1723217881130 1284.976 144000
1723217898132 1296.247 148000
1723217915447 1291.087 152000
1723217932616 1293.963 156000
1723217949148 1286.899 160000
1723217965972 1228.757 164000
1723217983031 1275.212 168000
1723217999603 1272.401 172000
1723218015833 1277.704 176000
1723218032461 1272.437 180000
1723218048899 1270.165 184000
1723218065378 1262.839 188000
1723218082225 1267.028 192000
1723218098796 1260.559 196000
1723218115702 1257.795 200000
1723218132578 1251.194 204000
1723218149546 1213.447 208000
1723218166131 1219.492 212000
1723218182787 1230.382 216000
1723218197864 1229.736 220000
1723218214764 1340.579 224000
1723218231293 1340.068 228000
1723218247575 1343.745 232000
1723218263737 1342.7 236000
1723218279748 1343.954 240000
1723218296667 1339.938 244000
1723218313412 1335.542 248000
1723218330037 1327.16 252000
1723218346376 1324.369 256000
1723218362684 1326.947 260000
1723218378620 1223.388 264000
1723218394102 1227.337 268000
1723218409968 1221.409 272000
1723218426069 1225.222 276000
1723218442075 1226.878 280000
1723218457747 1232.064 284000
1723218472643 1240.717 288000
1723218488697 1242.35 292000
1723218504379 1233.696 296000
1723218520050 1228.493 300000
1723218535931 1220.247 304000
1723218551430 1212.387 308000
1723218567867 1207.444 312000
1723218585167 1199.49 316000
1723218601477 1196.697 320000
1723218617746 1181.468 324000
1723218634113 1168.714 328000
1723218650310 1163.793 332000
1723218666915 1162.745 336000
1723218683206 1161.532 340000
1723218699594 1157.986 344000
1723218824306 1161.301 348000
1723218840988 1163.461 352000
1723218857119 1175.28 356000
1723218872381 1178.309 360000
1723218889710 1378.342 364000
1723218904819 1381.172 368000
1723218920240 1381.388 372000
1723218935458 1374.888 376000
1723218950987 1374.321 380000
1723218966442 1378.654 384000
1723218984848 1375.843 388000
1723219006379 1471.665 392000
1723219023231 1484.132 396000
1723219038354 1485.506 400000
1723219052609 1294.956 404000
1723219068839 1401.25 408000
1723219084776 1401.726 412000
1723219100502 1407.836 416000
1723219116501 1415.794 420000
1723219132524 1418.242 424000
1723219148985 1418.718 428000
1723219166350 1339.27 432000
1723219182894 1329.57 436000
1723219199618 1342.818 440000
1723219215641 1343.969 444000
1723219232156 1236.631 448000
1723219248134 1245.7 452000
1723219264374 1243.479 456000
1723219280385 1239.82 460000
1723219296310 1233.82 464000
1723219312485 1232.314 468000
1723219328109 1213.554 472000
1723219345807 1203.157 476000
1723219362330 1195.112 480000
1723219378652 1195.391 484000
1723219394309 1194.801 488000
1723219410478 1188.048 492000
1723219425299 1190.011 496000
1723219440682 1268.729 500000
1723219456494 1276.21 504000
1723219472346 1280.473 508000
1723219487415 1282.078 512000
1723219502794 1284.97 516000
1723219518664 1271.678 520000
1723219534818 1271.946 524000
1723219550454 1271.2 528000
1723219566170 1269.078 532000
1723219582149 1276.553 536000
1723219598349 1211.516 540000
1723219613768 1208.439 544000
1723219631168 1219.38 548000
1723219646979 1225.029 552000
1723219662451 1227.92 556000
1723219678899 1273.823 560000
1723219694516 1280.058 564000
1723219710100 1279.784 568000
1723219725894 1283.578 572000
1723219741452 1280.272 576000
1723219755645 1266.317 580000
1723219771195 1272.02 584000
1723219787719 1270.132 588000
1723219803319 1273.467 592000
1723219818903 1266.781 596000
1723219834574 1228.246 600000
1723219850242 1231.247 604000
1723219867177 1237.43 608000
1723219883449 1256.635 612000
1723219898974 1258.091 616000
1723219914396 1256.135 620000
1723219929536 1256.491 624000
1723219945348 1248.997 628000
1723219961009 1241.99 632000
1723219976514 1243.17 636000
1723219991974 1240.323 640000
1723220007628 1239.256 644000
1723220023012 1241.469 648000
1723220037488 1229.765 652000
1723220052709 1330.737 656000
1723220068345 1330.87 660000
1723220084119 1330.876 664000
1723220099898 1330.19 668000
1723220115329 1333.26 672000
1723220131494 1346.73 676000
1723220147149 1355.715 680000
1723220162652 1351.053 684000
1723220178574 1350.814 688000
1723220194638 1346.802 692000
1723220210297 1249.815 696000
1723220225698 1252.92 700000
1723220240795 1252.295 704000
1723220256910 1254.913 708000
1723220272314 1255.1 712000
1723220288363 1249.446 716000
1723220304174 1250.517 720000
1723220318846 1245.35 724000
1723220334017 1334.565 728000
1723220349515 1325.946 732000
1723220365428 1312.586 736000
1723220381095 1311.671 740000
1723220396778 1311.895 744000
1723220412310 1314.305 748000
1723220428375 1307.755 752000
1723220444416 1359.738 756000
1723220459696 1348.975 760000
1723220475792 1354.871 764000
1723220492409 1267.64 768000
1723220508353 1275.941 772000
1723220524266 1280.865 776000
1723220540049 1289.774 780000
1723220556268 1280.03 784000
1723220571923 1276.731 788000
1723220588257 1299.535 792000
1723220604324 1247.029 796000
1723220619858 1252.913 800000
