1723217322536 22057.798 4000
1723217337847 18570.036 8000
1723217352965 17344.525 12000
1723217368124 16740.566 16000
1723217383069 16337.928 20000
1723217398263 16111.725 24000
1723217413408 15943.109 28000
1723217428466 15806.178 32000
1723217443757 15724.842 36000
1723217459013 15656.603 40000
1723217474598 14988.684 44000
1723217489860 14984.513 48000
1723217505140 14999.986 52000
1723217520440 15012.712 56000
1723217535543 15028.197 60000
1723217550804 15034.525 64000
1723217566075 15045.931 68000
1723217581362 15068.808 72000
1723217596807 15084.457 76000
1723217612249 15092.932 80000
1723217629650 15268.853 84000
1723217646494 15425.968 88000
1723217663250 15574.95 92000
1723217680349 15758.179 96000
1723217697027 15915.782 100000
1723217713362 16021.562 104000
1723217730108 16168.585 108000
1723217747459 16373.568 112000
1723217764228 16503.17 116000
1723217779959 16540.415 120000
1723217796309 16437.575 124000
1723217812922 16414.539 128000
1723217829908 16436.35 132000
1723217846658 16400.514 136000
1723217864048 16471.416 140000
1723217881130 16547.461 144000
1723217898130 16572.372 148000
1723217915447 16568.662 152000
1723217932616 16609.53 156000
1723217949147 16690.029 160000
1723217965972 16737.094 164000
1723217983030 16782.709 168000
1723217999603 16740.218 172000
1723218015833 16691.82 176000
1723218032460 16614.997 180000
1723218048899 16547.265 184000
1723218065378 16494.756 188000
1723218082225 16445.823 192000
1723218098795 16384.025 196000
1723218115702 16422.065 200000
1723218132578 16426.948 204000
1723218149546 16413.817 208000
1723218166131 16415.477 212000
1723218182786 16454.345 216000
1723218197860 16291.998 220000
1723218214764 16338.305 224000
1723218231293 16343.958 228000
1723218247574 16285.597 232000
1723218263737 16245.858 236000
1723218279748 16154.509 240000
1723218296667 16158.948 244000
1723218313412 16137.12 248000
1723218330037 16139.854 252000
1723218346376 16106.571 256000
1723218362683 16233.602 260000
1723218378619 16133.241 264000
1723218394101 16028.139 268000
1723218409967 15990.465 272000
1723218426069 15986.205 276000
1723218442074 15984.169 280000
1723218457746 15858.564 284000
1723218472642 15676.267 288000
1723218488696 15617.331 292000
1723218504379 15550.894 296000
1723218520049 15490.757 300000
1723218535931 15496.502 304000
1723218551429 15503.225 308000
1723218567866 15564.617 312000
1723218585166 15683.72 316000
1723218601477 15719.571 320000
1723218617745 15784.827 324000
1723218634112 15935.374 328000
1723218650309 15956.691 332000
1723218666914 16049.023 336000
1723218683206 16111.587 340000
1723218699594 16161.199 344000
1723218824306 27078.608 348000
1723218840987 27097.793 352000
1723218857119 26983.613 356000
1723218872380 26858.809 360000
1723218889709 26958.441 364000
1723218904819 26832.731 368000
1723218920239 26754.403 372000
1723218935458 26619.692 376000
1723218950986 26541.192 380000
1723218966441 26446.38 384000
1723218984847 15801.772 388000
1723219006379 16255.683 392000
1723219023231 16320.184 396000
1723219038353 16326.501 400000
1723219052608 16023.516 404000
1723219068839 16132.552 408000
1723219084775 16180.191 412000
1723219100502 16231.21 416000
1723219116500 16281.124 420000
1723219132524 16337.692 424000
1723219148984 16155.695 428000
1723219166349 15767.304 432000
1723219182894 15739.289 436000
1723219199618 15895.928 440000
1723219215640 16073.396 444000
1723219232156 16101.473 448000
1723219248133 16108.753 452000
1723219264374 16158.284 456000
1723219280385 16158.072 460000
1723219296310 16146.807 464000
1723219312485 16121.279 468000
1723219328109 15953.468 472000
1723219345807 16067.084 476000
1723219362329 16044.892 480000
1723219378651 16073.702 484000
1723219394308 15990.514 488000
1723219410478 16005.873 492000
1723219425298 15864.008 496000
1723219440682 15780.642 500000
1723219456493 15771.208 504000
1723219472346 15738.922 508000
1723219487414 15682.97 512000
1723219502794 15456.624 516000
1723219518663 15394.782 520000
1723219534818 15374.631 524000
1723219550454 15371.919 528000
1723219566169 15330.707 532000
1723219582149 15447.564 536000
1723219598349 15551.415 540000
1723219613767 15510.152 544000
1723219631168 15661.529 548000
1723219646979 15728.299 552000
1723219662450 15735.106 556000
1723219678899 15786.687 560000
1723219694516 15737.316 564000
1723219710100 15730.28 568000
1723219725894 15731.954 572000
1723219741452 15688.474 576000
1723219755645 15488.718 580000
1723219771194 15502.693 584000
1723219787718 15413.936 588000
1723219803319 15398.141 592000
1723219818903 15405.271 596000
1723219834574 15325.562 600000
1723219850242 15328.824 604000
1723219867176 15460.597 608000
1723219883449 15465.295 612000
1723219898973 15461.551 616000
1723219914396 15582.681 620000
1723219929536 15540.413 624000
1723219945348 15472.67 628000
1723219961008 15475.319 632000
1723219976513 15473.053 636000
1723219991974 15458.177 640000
1723220007627 15453.286 644000
1723220023011 15297.338 648000
1723220037488 15164.57 652000
1723220052709 15130.75 656000
1723220068344 15144.613 660000
1723220084119 15203.035 664000
1723220099897 15191.704 668000
1723220115328 15171.136 672000
1723220131493 15230.295 676000
1723220147148 15249.9 680000
1723220162651 15237.369 684000
1723220178574 15288.371 688000
1723220194638 15442.589 692000
1723220210297 15483.686 696000
1723220225697 15460.696 700000
1723220240795 15396.815 704000
1723220256909 15432.761 708000
1723220272314 15427.525 712000
1723220288363 15414.533 716000
1723220304174 15421.599 720000
1723220318845 15335.152 724000
1723220334017 15256.389 728000
1723220349515 15203.326 732000
1723220365428 15228.923 736000
1723220381094 15257.16 740000
1723220396778 15312.708 744000
1723220412309 15257.675 748000
1723220428374 15286.851 752000
1723220444416 15289.238 756000
1723220459695 15240.24 760000
1723220475792 15381.53 764000
1723220492408 15529.951 768000
1723220508353 15572.341 772000
1723220524266 15573.25 776000
1723220540049 15587.121 780000
1723220556267 15640.465 784000
1723220571923 15645.655 788000
1723220588256 15706.573 792000
1723220604324 15710.6 796000
1723220619858 15732.387 800000
