1723217322535 22058.48 4000
1723217337846 18570.401 8000
1723217352964 17344.78 12000
1723217368123 16740.767 16000
1723217383069 16338.098 20000
1723217398262 16111.873 24000
1723217413407 15943.243 28000
1723217428465 15806.3 32000
1723217443756 15724.956 36000
1723217459012 15656.71 40000
1723217474597 14988.728 44000
1723217489859 14984.558 48000
1723217505139 15000.032 52000
1723217520439 15012.759 56000
1723217535542 15028.243 60000
1723217550804 15034.571 64000
1723217566074 15045.982 68000
1723217581362 15068.861 72000
1723217596805 15084.511 76000
1723217612247 15092.986 80000
1723217629649 15268.913 84000
1723217646493 15426.03 88000
1723217663250 15575.012 92000
1723217680348 15758.241 96000
1723217697027 15915.844 100000
1723217713361 16021.63 104000
1723217730107 16168.649 108000
1723217747458 16373.629 112000
1723217764227 16503.231 116000
1723217779958 16540.476 120000
1723217796308 16437.629 124000
1723217812922 16414.592 128000
1723217829908 16436.403 132000
1723217846657 16400.568 136000
1723217864047 16471.47 140000
1723217881129 16547.514 144000
1723217898129 16572.426 148000
1723217915446 16568.715 152000
1723217932615 16609.584 156000
1723217949146 16690.083 160000
1723217965971 16737.148 164000
1723217983030 16782.763 168000
1723217999602 16740.273 172000
1723218015832 16691.874 176000
1723218032460 16615.05 180000
1723218048898 16547.313 184000
1723218065377 16494.804 188000
1723218082224 16445.879 192000
1723218098795 16384.085 196000
1723218115701 16422.126 200000
1723218132577 16427.009 204000
1723218149545 16413.878 208000
1723218166130 16415.539 212000
1723218182785 16454.408 216000
1723218197860 16292.105 220000
1723218214763 16338.413 224000
1723218231292 16344.065 228000
1723218247574 16285.697 232000
1723218263736 16245.955 236000
1723218279747 16154.605 240000
1723218296666 16159.044 244000
1723218313411 16137.214 248000
1723218330036 16139.954 252000
1723218346375 16106.67 256000
1723218362683 16233.659 260000
1723218378618 16133.297 264000
1723218394100 16028.196 268000
1723218409966 15990.521 272000
1723218426068 15986.258 276000
1723218442073 15984.222 280000
1723218457746 15858.617 284000
1723218472642 15676.319 288000
1723218488696 15617.375 292000
1723218504378 15550.939 296000
1723218520048 15490.801 300000
1723218535930 15496.546 304000
1723218551429 15503.267 308000
1723218567866 15564.658 312000
1723218585165 15683.761 316000
1723218601476 15719.612 320000
1723218617744 15784.868 324000
1723218634112 15935.416 328000
1723218650309 15956.732 332000
1723218666913 16049.088 336000
1723218683205 16111.651 340000
1723218699593 16161.262 344000
1723218824305 27078.672 348000
1723218840987 27097.858 352000
1723218857118 26983.678 356000
1723218872380 26858.875 360000
1723218889709 26958.507 364000
1723218904818 26832.796 368000
1723218920239 26754.468 372000
1723218935457 26619.732 376000
1723218950986 26541.231 380000
1723218966441 26446.419 384000
1723218984847 15801.812 388000
1723219006378 16255.722 392000
1723219023230 16320.224 396000
1723219038353 16326.54 400000
1723219052607 16023.554 404000
1723219068838 16132.596 408000
1723219084775 16180.237 412000
1723219100501 16231.256 416000
1723219116500 16281.17 420000
1723219132523 16337.738 424000
1723219148983 16155.74 428000
1723219166348 15767.35 432000
1723219182893 15739.334 436000
1723219199617 15895.974 440000
1723219215640 16073.442 444000
1723219232155 16101.514 448000
1723219248132 16108.794 452000
1723219264373 16158.325 456000
1723219280384 16158.113 460000
1723219296309 16146.849 464000
1723219312484 16121.32 468000
1723219328108 15953.509 472000
1723219345806 16067.124 476000
1723219362329 16044.932 480000
1723219378651 16073.744 484000
1723219394308 15990.554 488000
1723219410477 16005.913 492000
1723219425298 15864.048 496000
1723219440681 15780.682 500000
1723219456492 15771.248 504000
1723219472345 15738.962 508000
1723219487413 15683.009 512000
1723219502793 15456.663 516000
1723219518663 15394.82 520000
1723219534817 15374.668 524000
1723219550453 15371.958 528000
1723219566169 15330.746 532000
1723219582148 15447.603 536000
1723219598348 15551.452 540000
1723219613766 15510.191 544000
1723219631167 15661.57 548000
1723219646978 15728.34 552000
1723219662450 15735.148 556000
1723219678898 15786.735 560000
1723219694515 15737.364 564000
1723219710099 15730.327 568000
1723219725893 15732.0 572000
1723219741451 15688.521 576000
1723219755644 15488.765 580000
1723219771194 15502.739 584000
1723219787718 15413.984 588000
1723219803318 15398.189 592000
1723219818902 15405.319 596000
1723219834573 15325.605 600000
1723219850241 15328.866 604000
1723219867175 15460.641 608000
1723219883448 15465.342 612000
1723219898972 15461.599 616000
1723219914395 15582.729 620000
1723219929535 15540.461 624000
1723219945347 15472.714 628000
1723219961008 15475.363 632000
1723219976513 15473.097 636000
1723219991973 15458.221 640000
1723220007627 15453.33 644000
1723220023011 15297.384 648000
1723220037487 15164.612 652000
1723220052708 15130.792 656000
1723220068343 15144.656 660000
1723220084118 15203.079 664000
1723220099897 15191.75 668000
1723220115327 15171.183 672000
1723220131493 15230.342 676000
1723220147147 15249.947 680000
1723220162650 15237.415 684000
1723220178573 15288.415 688000
1723220194637 15442.635 692000
1723220210296 15483.738 696000
1723220225696 15460.748 700000
1723220240794 15396.868 704000
1723220256908 15432.812 708000
1723220272313 15427.575 712000
1723220288362 15414.602 716000
1723220304173 15421.668 720000
1723220318844 15335.22 724000
1723220334016 15256.457 728000
1723220349514 15203.393 732000
1723220365427 15228.984 736000
1723220381093 15257.221 740000
1723220396777 15312.769 744000
1723220412309 15257.736 748000
1723220428374 15286.911 752000
1723220444415 15289.279 756000
1723220459695 15240.281 760000
1723220475791 15381.575 764000
1723220492408 15529.995 768000
1723220508352 15572.385 772000
1723220524265 15573.295 776000
1723220540048 15587.165 780000
1723220556267 15640.51 784000
1723220571921 15645.7 788000
1723220588256 15706.618 792000
1723220604323 15710.647 796000
1723220619857 15732.434 800000
