1723171812054 40.0 4000
1723171825442 60.0 8000
1723171838164 40.0 12000
1723171851745 50.0 16000
1723171869920 70.0 20000
1723171886419 70.0 24000
1723171904864 60.0 28000
1723171922404 90.0 32000
1723171940913 50.0 36000
1723171958901 70.0 40000
1723171977210 80.0 44000
1723171994397 40.0 48000
1723172010954 90.0 52000
1723172029657 100.0 56000
1723172044743 60.0 60000
1723172058667 70.0 64000
1723172072303 110.0 68000
1723172086232 80.0 72000
1723172099984 70.0 76000
1723172113416 70.0 80000
1723172126001 100.0 84000
1723172139050 60.0 88000
1723172151538 70.0 92000
1723172163984 80.0 96000
1723172176729 110.0 100000
1723172189604 90.0 104000
1723172201812 70.0 108000
1723172214564 70.0 112000
1723172227421 90.0 116000
1723172240098 80.0 120000
1723172252907 120.0 124000
1723172265485 70.0 128000
1723172278129 90.0 132000
1723172290522 90.0 136000
1723172303010 80.0 140000
1723172315595 100.0 144000
1723172328106 80.0 148000
1723172340438 100.0 152000
1723172353011 80.0 156000
1723172365071 70.0 160000
1723172376924 100.0 164000
1723172389980 110.0 168000
1723172402586 110.0 172000
1723172414582 90.0 176000
1723172426774 80.0 180000
1723172439174 100.0 184000
1723172451831 100.0 188000
1723172465523 80.0 192000
1723172478529 90.0 196000
1723172494391 100.0 200000
1723172507751 70.0 204000
1723172524628 70.0 208000
1723172546687 80.0 212000
1723172563814 80.0 216000
1723172581172 90.0 220000
1723172598081 60.0 224000
1723172613442 80.0 228000
1723172628775 90.0 232000
1723172644003 80.0 236000
1723172659934 80.0 240000
1723172675793 100.0 244000
1723172692122 100.0 248000
1723172707078 60.0 252000
1723172721809 70.0 256000
1723172738290 70.0 260000
1723172756115 80.0 264000
1723172770995 80.0 268000
1723172785982 80.0 272000
1723172800897 80.0 276000
1723172815762 70.0 280000
1723172830429 70.0 284000
1723172844881 80.0 288000
1723172859263 90.0 292000
1723172874466 70.0 296000
1723172889284 60.0 300000
1723172903655 70.0 304000
1723172919788 60.0 308000
1723172934688 90.0 312000
1723172948521 60.0 316000
1723172963177 50.0 320000
1723172977724 70.0 324000
1723172992113 60.0 328000
1723173006934 80.0 332000
1723173022374 60.0 336000
1723173036753 50.0 340000
1723173051291 50.0 344000
1723173065672 50.0 348000
1723173080178 60.0 352000
1723173094714 70.0 356000
1723173109392 70.0 360000
1723173125493 80.0 364000
1723173140480 60.0 368000
1723173155630 80.0 372000
1723173171513 60.0 376000
1723173186386 50.0 380000
1723173201443 70.0 384000
1723173216078 50.0 388000
1723173230955 60.0 392000
1723173245618 70.0 396000
1723173259807 80.0 400000
1723173274610 60.0 404000
1723173289047 70.0 408000
1723173302860 80.0 412000
1723173317053 60.0 416000
1723173331044 60.0 420000
1723173344711 80.0 424000
1723173359340 60.0 428000
1723173374459 70.0 432000
1723173388027 50.0 436000
1723173401051 90.0 440000
1723173417289 90.0 444000
1723173434358 40.0 448000
1723173452285 60.0 452000
1723173472626 80.0 456000
1723173492620 60.0 460000
1723173511552 60.0 464000
1723173529357 70.0 468000
1723173544109 70.0 472000
1723173568082 60.0 476000
1723173585303 70.0 480000
1723173600868 60.0 484000
1723173616363 50.0 488000
1723173631747 70.0 492000
1723173646196 60.0 496000
1723173661980 60.0 500000
1723173679535 80.0 504000
1723173698969 110.0 508000
1723173715849 110.0 512000
1723173729837 50.0 516000
1723173741834 40.0 520000
1723173753992 70.0 524000
1723173766872 110.0 528000
1723173779495 50.0 532000
1723173796105 60.0 536000
1723173814622 90.0 540000
1723173834472 80.0 544000
1723173855038 40.0 548000
1723173868912 70.0 552000
1723173887152 80.0 556000
1723173903167 80.0 560000
1723173916598 50.0 564000
1723173942218 50.0 568000
1723173958474 70.0 572000
1723173972749 60.0 576000
1723173988070 50.0 580000
1723174003716 60.0 584000
1723174019220 50.0 588000
1723174034010 50.0 592000
1723174049954 60.0 596000
1723174064429 50.0 600000
1723174079882 60.0 604000
1723174093352 70.0 608000
1723174108903 60.0 612000
1723174123207 60.0 616000
1723174137208 80.0 620000
1723174150886 70.0 624000
1723174164497 40.0 628000
1723174178003 60.0 632000
1723174191310 60.0 636000
1723174205186 50.0 640000
1723174218565 80.0 644000
1723174231975 50.0 648000
1723174245394 60.0 652000
1723174258673 60.0 656000
1723174272717 50.0 660000
1723174285998 60.0 664000
1723174299370 60.0 668000
1723174312961 50.0 672000
1723174326419 70.0 676000
1723174340049 40.0 680000
1723174353413 80.0 684000
1723174366620 50.0 688000
1723174379032 70.0 692000
1723174392484 70.0 696000
1723174405861 70.0 700000
1723174419175 40.0 704000
1723174432548 60.0 708000
1723174445849 100.0 712000
1723174459119 60.0 716000
1723174471930 60.0 720000
1723174485487 60.0 724000
1723174499168 60.0 728000
1723174512496 90.0 732000
1723174525731 50.0 736000
1723174539757 60.0 740000
1723174553205 40.0 744000
1723174567134 70.0 748000
1723174580363 50.0 752000
1723174594411 60.0 756000
1723174607448 50.0 760000
1723174621223 70.0 764000
1723174634868 80.0 768000
1723174648373 50.0 772000
1723174662020 80.0 776000
1723174675956 40.0 780000
1723174689558 60.0 784000
1723174702885 60.0 788000
1723174716255 60.0 792000
1723174730035 60.0 796000
1723174743996 70.0 800000
1723174757131 50.0 804000
1723174770156 60.0 808000
1723174783225 70.0 812000
1723174796627 80.0 816000
1723174809859 50.0 820000
1723174823385 80.0 824000
1723174836702 90.0 828000
1723174850451 70.0 832000
1723174864151 70.0 836000
1723174877638 50.0 840000
1723174890688 60.0 844000
1723174904381 60.0 848000
1723174917556 60.0 852000
1723174930497 60.0 856000
1723174943676 30.0 860000
1723174957210 40.0 864000
1723174971304 70.0 868000
1723174984833 50.0 872000
1723174998275 80.0 876000
1723175011765 90.0 880000
1723175025633 50.0 884000
1723175038992 70.0 888000
1723175051998 70.0 892000
1723175065351 60.0 896000
1723175078892 90.0 900000
1723175091984 50.0 904000
1723175105071 50.0 908000
1723175118348 70.0 912000
1723175131955 70.0 916000
1723175145234 70.0 920000
1723175158678 60.0 924000
1723175172561 70.0 928000
1723175186572 60.0 932000
1723175200686 70.0 936000
1723175214889 80.0 940000
1723175228624 80.0 944000
1723175242195 50.0 948000
1723175255890 70.0 952000
1723175269357 90.0 956000
1723175283338 50.0 960000
1723175296953 60.0 964000
1723175310735 50.0 968000
1723175324604 50.0 972000
1723175338155 50.0 976000
1723175351508 70.0 980000
1723175365041 90.0 984000
1723175378270 70.0 988000
1723175392467 70.0 992000
1723175406003 50.0 996000
1723175419147 60.0 1000000
1723175432303 60.0 1004000
1723175445723 60.0 1008000
1723175459156 50.0 1012000
1723175472615 70.0 1016000
1723175487635 60.0 1020000
1723175501177 60.0 1024000
1723175514727 40.0 1028000
1723175528061 70.0 1032000
1723175541331 50.0 1036000
1723175555323 70.0 1040000
1723175569983 70.0 1044000
1723175583670 50.0 1048000
1723175597284 60.0 1052000
1723175611043 60.0 1056000
1723175624528 70.0 1060000
1723175637989 50.0 1064000
1723175652538 60.0 1068000
1723175666218 80.0 1072000
1723175679499 70.0 1076000
1723175693221 90.0 1080000
1723175706862 70.0 1084000
1723175720284 60.0 1088000
1723175733615 50.0 1092000
1723175747149 60.0 1096000
1723175760985 70.0 1100000
1723175773082 60.0 1104000
1723175786920 60.0 1108000
1723175800059 60.0 1112000
1723175813586 50.0 1116000
1723175827591 100.0 1120000
1723175841362 50.0 1124000
1723175853661 70.0 1128000
1723175868008 70.0 1132000
1723175881511 90.0 1136000
1723175895169 60.0 1140000
1723175908434 60.0 1144000
1723175922369 70.0 1148000
1723175936461 50.0 1152000
1723175950243 70.0 1156000
1723175963861 70.0 1160000
1723175977097 60.0 1164000
1723175990442 60.0 1168000
1723176003964 80.0 1172000
1723176017077 70.0 1176000
1723176030457 50.0 1180000
1723176044350 50.0 1184000
1723176058793 80.0 1188000
1723176072162 60.0 1192000
1723176085231 40.0 1196000
1723176099086 50.0 1200000
1723176112957 60.0 1204000
1723176126655 70.0 1208000
1723176139966 70.0 1212000
1723176154437 80.0 1216000
1723176168399 40.0 1220000
1723176182132 60.0 1224000
1723176195835 50.0 1228000
1723176209011 90.0 1232000
1723176222170 70.0 1236000
1723176236040 60.0 1240000
1723176249539 60.0 1244000
1723176262346 70.0 1248000
1723176274786 50.0 1252000
1723176287970 80.0 1256000
1723176301082 70.0 1260000
1723176314490 60.0 1264000
1723176327875 70.0 1268000
1723176341142 50.0 1272000
1723176355065 90.0 1276000
1723176368900 70.0 1280000
1723176383304 60.0 1284000
1723176395520 60.0 1288000
1723176408672 80.0 1292000
1723176422068 90.0 1296000
1723176435175 50.0 1300000
1723176448910 40.0 1304000
1723176462134 80.0 1308000
1723176475880 80.0 1312000
1723176490065 90.0 1316000
1723176502730 70.0 1320000
1723176516113 60.0 1324000
1723176530420 70.0 1328000
1723176544850 80.0 1332000
1723176558153 70.0 1336000
1723176572116 60.0 1340000
1723176585641 70.0 1344000
1723176599562 60.0 1348000
1723176613498 90.0 1352000
1723176627222 80.0 1356000
1723176640648 50.0 1360000
1723176654135 50.0 1364000
1723176667853 50.0 1368000
1723176681423 80.0 1372000
1723176694988 50.0 1376000
1723176708597 60.0 1380000
1723176722035 90.0 1384000
1723176735500 90.0 1388000
1723176748867 90.0 1392000
1723176762359 60.0 1396000
1723176776147 60.0 1400000
1723176789957 60.0 1404000
1723176803594 60.0 1408000
1723176816706 50.0 1412000
1723176830355 60.0 1416000
1723176844065 50.0 1420000
1723176857362 50.0 1424000
1723176871041 40.0 1428000
1723176884688 50.0 1432000
1723176898673 50.0 1436000
1723176912451 80.0 1440000
1723176926085 80.0 1444000
1723176939457 60.0 1448000
1723176953004 60.0 1452000
1723176966120 80.0 1456000
1723176979504 60.0 1460000
1723176992933 60.0 1464000
1723177006349 70.0 1468000
1723177019757 80.0 1472000
1723177033192 50.0 1476000
1723177046715 80.0 1480000
1723177060375 70.0 1484000
1723177074235 80.0 1488000
1723177088060 60.0 1492000
1723177101800 80.0 1496000
1723177115448 50.0 1500000
1723177129284 70.0 1504000
1723177143070 50.0 1508000
1723177156370 50.0 1512000
1723177169528 70.0 1516000
1723177183868 50.0 1520000
1723177197295 90.0 1524000
1723177210601 50.0 1528000
1723177223636 60.0 1532000
1723177236883 40.0 1536000
1723177250887 70.0 1540000
1723177264500 50.0 1544000
1723177278869 70.0 1548000
1723177292850 50.0 1552000
1723177306765 50.0 1556000
1723177320529 70.0 1560000
1723177334350 60.0 1564000
1723177347896 60.0 1568000
1723177361756 70.0 1572000
1723177375693 100.0 1576000
1723177389899 50.0 1580000
1723177403485 60.0 1584000
1723177416856 50.0 1588000
1723177430887 60.0 1592000
1723177444911 80.0 1596000
1723177458673 70.0 1600000
1723177472325 60.0 1604000
1723177486221 70.0 1608000
1723177499961 50.0 1612000
1723177513645 60.0 1616000
1723177527886 60.0 1620000
1723177541617 50.0 1624000
1723177555313 40.0 1628000
1723177569647 90.0 1632000
1723177583720 50.0 1636000
1723177597053 80.0 1640000
1723177610750 70.0 1644000
1723177624335 50.0 1648000
1723177637695 60.0 1652000
1723177651422 50.0 1656000
1723177664756 50.0 1660000
1723177678213 90.0 1664000
1723177691857 80.0 1668000
1723177705542 80.0 1672000
1723177718885 50.0 1676000
1723177732937 40.0 1680000
1723177746492 60.0 1684000
1723177759702 60.0 1688000
1723177773549 70.0 1692000
1723177787155 70.0 1696000
1723177800797 50.0 1700000
1723177813918 70.0 1704000
1723177827208 70.0 1708000
1723177840332 80.0 1712000
1723177854643 60.0 1716000
1723177868241 80.0 1720000
1723177882027 60.0 1724000
1723177895321 60.0 1728000
1723177908922 50.0 1732000
1723177921954 70.0 1736000
1723177934793 60.0 1740000
1723177948551 70.0 1744000
1723177962168 60.0 1748000
1723177975834 60.0 1752000
1723177990071 80.0 1756000
1723178003918 70.0 1760000
1723178017747 80.0 1764000
1723178031628 50.0 1768000
1723178045698 60.0 1772000
1723178059021 70.0 1776000
1723178073326 60.0 1780000
1723178087115 70.0 1784000
1723178100798 50.0 1788000
1723178114340 70.0 1792000
1723178127600 100.0 1796000
1723178141372 50.0 1800000
1723178155405 40.0 1804000
1723178170170 70.0 1808000
1723178183781 60.0 1812000
1723178197229 40.0 1816000
1723178210974 60.0 1820000
1723178224811 100.0 1824000
1723178238203 60.0 1828000
1723178251510 80.0 1832000
1723178265449 70.0 1836000
1723178279510 50.0 1840000
1723178293258 60.0 1844000
1723178306851 60.0 1848000
1723178320142 70.0 1852000
1723178334219 70.0 1856000
1723178347752 60.0 1860000
1723178361234 70.0 1864000
1723178374298 60.0 1868000
1723178387711 80.0 1872000
1723178401180 50.0 1876000
1723178414733 60.0 1880000
1723178427862 120.0 1884000
1723178441373 80.0 1888000
1723178454787 50.0 1892000
1723178468797 60.0 1896000
1723178482306 50.0 1900000
1723178496000 50.0 1904000
1723178510354 90.0 1908000
1723178524190 70.0 1912000
1723178537824 60.0 1916000
1723178551655 80.0 1920000
1723178565089 50.0 1924000
1723178578940 60.0 1928000
1723178592913 90.0 1932000
1723178606194 50.0 1936000
1723178619733 60.0 1940000
1723178634025 60.0 1944000
1723178647875 70.0 1948000
1723178661806 50.0 1952000
1723178676722 80.0 1956000
1723178690485 70.0 1960000
1723178704276 90.0 1964000
1723178717857 50.0 1968000
1723178731523 50.0 1972000
1723178744651 70.0 1976000
1723178758578 60.0 1980000
1723178772314 60.0 1984000
1723178786143 90.0 1988000
1723178799542 60.0 1992000
1723178813169 70.0 1996000
1723178827010 80.0 2000000
