1723231574377 944.5 4000
1723231581560 944.5 8000
1723231588720 944.5 12000
1723231596129 944.5 16000
1723231603485 944.5 20000
1723231610589 944.5 24000
1723231618008 944.5 28000
1723231625268 944.5 32000
1723231632669 944.5 36000
1723231640368 944.5 40000
1723231647667 944.5 44000
1723231654954 944.5 48000
1723231662308 944.5 52000
1723231669617 944.5 56000
1723231678848 944.5 60000
1723231687494 944.5 64000
1723231695501 944.5 68000
1723231704134 944.5 72000
1723231712990 944.5 76000
1723231721645 944.5 80000
1723231730018 944.5 84000
1723231738106 944.5 88000
1723231745891 944.5 92000
1723231755178 944.5 96000
1723231764886 944.5 100000
1723231772558 944.5 104000
1723231780180 944.5 108000
1723231788105 944.5 112000
1723231796938 944.5 116000
1723231804867 944.5 120000
1723231812609 944.5 124000
1723231820178 944.5 128000
1723231827928 944.5 132000
1723231835562 944.5 136000
1723231843235 944.5 140000
1723231850832 944.5 144000
1723231858634 944.5 148000
1723231866379 944.5 152000
1723231874030 944.5 156000
1723231881581 944.5 160000
1723231889478 944.5 164000
1723231897673 944.5 168000
1723231905431 944.5 172000
1723231912963 944.5 176000
1723231920618 944.5 180000
1723231928503 944.5 184000
1723231936426 944.5 188000
1723231944075 944.5 192000
1723231951841 944.5 196000
1723231959220 944.5 200000
1723231966872 944.5 204000
1723231974224 944.5 208000
1723231981774 944.5 212000
1723231989152 944.5 216000
1723231997104 944.5 220000
1723232004781 944.5 224000
1723232012330 944.5 228000
1723232019771 944.5 232000
1723232027262 944.5 236000
1723232034808 944.5 240000
1723232042383 944.5 244000
1723232050036 944.5 248000
1723232057807 944.5 252000
1723232065998 944.5 256000
1723232073728 944.5 260000
1723232080988 944.5 264000
1723232088550 944.5 268000
1723232096029 944.5 272000
1723232103539 944.5 276000
1723232111131 944.5 280000
1723232118698 944.5 284000
1723232126245 944.5 288000
1723232133847 944.5 292000
1723232141158 944.5 296000
1723232148587 944.5 300000
1723232156048 944.5 304000
1723232163458 944.5 308000
1723232171394 944.5 312000
1723232178798 944.5 316000
1723232186254 944.5 320000
1723232193514 944.5 324000
1723232201035 944.5 328000
1723232208597 944.5 332000
1723232216072 944.5 336000
1723232223671 944.5 340000
1723232231062 944.5 344000
1723232238962 944.5 348000
1723232246611 944.5 352000
1723232253873 944.5 356000
1723232261018 944.5 360000
1723232268864 944.5 364000
1723232276517 944.5 368000
1723232283961 944.5 372000
1723232291336 944.5 376000
1723232298958 944.5 380000
1723232306459 944.5 384000
1723232313947 944.5 388000
1723232321275 944.5 392000
1723232328668 944.5 396000
1723232335884 944.5 400000
1723232343411 944.5 404000
1723232350725 944.5 408000
1723232358205 944.5 412000
1723232365487 944.5 416000
1723232372721 944.5 420000
1723232379928 944.5 424000
1723232387343 944.5 428000
1723232394706 944.5 432000
1723232402086 944.5 436000
1723232409238 944.5 440000
1723232416542 944.5 444000
1723232423859 944.5 448000
1723232431226 944.5 452000
1723232438482 944.5 456000
1723232445643 944.5 460000
1723232453306 944.5 464000
1723232460543 944.5 468000
1723232467714 944.5 472000
1723232475102 944.5 476000
1723232482433 944.5 480000
1723232489685 944.5 484000
1723232497013 944.5 488000
1723232504587 944.5 492000
1723232511996 944.5 496000
1723232519516 944.5 500000
1723232526841 944.5 504000
1723232534287 944.5 508000
1723232541789 944.5 512000
1723232549493 944.5 516000
1723232556884 944.5 520000
1723232564324 944.5 524000
1723232571753 944.5 528000
1723232579094 944.5 532000
1723232586602 944.5 536000
1723232594155 944.5 540000
1723232602313 944.5 544000
1723232610004 944.5 548000
1723232617432 944.5 552000
1723232625067 944.5 556000
1723232632562 944.5 560000
1723232640063 944.5 564000
1723232647528 944.5 568000
1723232655062 944.5 572000
1723232662581 944.5 576000
1723232669973 944.5 580000
1723232677400 944.5 584000
1723232684907 944.5 588000
1723232692326 944.5 592000
1723232700441 944.5 596000
1723232708277 944.5 600000
1723232716510 944.5 604000
1723232723862 944.5 608000
1723232731353 944.5 612000
1723232738671 944.5 616000
1723232746214 944.5 620000
1723232753653 944.5 624000
1723232761305 944.5 628000
1723232768730 944.5 632000
1723232776275 944.5 636000
1723232784214 944.5 640000
1723232791899 944.5 644000
1723232799247 944.5 648000
1723232806808 944.5 652000
1723232814718 944.5 656000
1723232822518 944.5 660000
1723232829691 944.5 664000
1723232837343 944.5 668000
1723232844787 944.5 672000
1723232852917 944.5 676000
1723232860419 944.5 680000
1723232867743 944.5 684000
1723232875211 944.5 688000
1723232883074 944.5 692000
1723232890310 944.5 696000
1723232897605 944.5 700000
1723232904927 944.5 704000
1723232912193 944.5 708000
1723232919513 944.5 712000
1723232926744 944.5 716000
1723232934090 944.5 720000
1723232942116 944.5 724000
1723232949890 944.5 728000
1723232957451 944.5 732000
1723232964910 944.5 736000
1723232972455 944.5 740000
1723232980179 944.5 744000
1723232987765 944.5 748000
1723232995280 944.5 752000
1723233002999 944.5 756000
1723233010632 944.5 760000
1723233018237 944.5 764000
1723233025870 944.5 768000
1723233033569 944.5 772000
1723233040917 944.5 776000
1723233048129 944.5 780000
1723233055493 944.5 784000
1723233062719 944.5 788000
1723233069959 944.5 792000
1723233077268 944.5 796000
1723233084617 944.5 800000
