1723217327593 1409.5 4000
1723217342815 1409.5 8000
1723217358161 1409.5 12000
1723217373474 1409.5 16000
1723217388904 1409.5 20000
1723217404300 1409.5 24000
1723217419666 1409.5 28000
1723217434879 1409.5 32000
1723217450243 1409.5 36000
1723217465812 1409.5 40000
1723217481318 1409.5 44000
1723217496676 1409.5 48000
1723217512019 1409.5 52000
1723217527297 1409.5 56000
1723217542601 1409.5 60000
1723217557884 1409.5 64000
1723217573176 1409.5 68000
1723217588809 1409.5 72000
1723217604201 1409.5 76000
1723217621391 1409.5 80000
1723217639512 1409.5 84000
1723217657410 1409.5 88000
1723217674789 1409.5 92000
1723217691939 1409.5 96000
1723217709674 1409.5 100000
1723217727110 1409.5 104000
1723217744581 1409.5 108000
1723217762448 1409.5 112000
1723217780534 1409.5 116000
1723217799574 1409.5 120000
1723217817322 1409.5 124000
1723217834941 1409.5 128000
1723217852517 1409.5 132000
1723217869900 1409.5 136000
1723217887195 1409.5 140000
1723217904197 1409.5 144000
1723217920828 1409.5 148000
1723217937848 1409.5 152000
1723217954904 1409.5 156000
1723217972293 1409.5 160000
1723217989600 1409.5 164000
1723218006936 1409.5 168000
1723218024255 1409.5 172000
1723218041567 1409.5 176000
1723218059861 1409.5 180000
1723218077332 1409.5 184000
1723218094209 1409.5 188000
1723218111994 1409.5 192000
1723218129567 1409.5 196000
1723218147194 1409.5 200000
1723218164024 1409.5 204000
1723218181122 1409.5 208000
1723218197953 1409.5 212000
1723218216491 1409.5 216000
1723218233542 1409.5 220000
1723218250431 1409.5 224000
1723218267526 1409.5 228000
1723218284827 1409.5 232000
1723218301919 1409.5 236000
1723218318876 1409.5 240000
1723218335906 1409.5 244000
1723218352809 1409.5 248000
1723218370124 1409.5 252000
1723218386516 1409.5 256000
1723218403212 1409.5 260000
1723218420315 1409.5 264000
1723218437941 1409.5 268000
1723218455438 1409.5 272000
1723218474318 1409.5 276000
1723218491430 1409.5 280000
1723218508611 1409.5 284000
1723218525616 1409.5 288000
1723218541990 1409.5 292000
1723218559330 1409.5 296000
1723218576521 1409.5 300000
1723218594978 1409.5 304000
1723218611873 1409.5 308000
1723218629131 1409.5 312000
1723218645695 1409.5 316000
1723218663026 1409.5 320000
1723218680014 1409.5 324000
1723218696933 1409.5 328000
1723218821502 1409.5 332000
1723218838860 1409.5 336000
1723218855771 1409.5 340000
1723218872816 1409.5 344000
1723218891873 1409.5 348000
1723218908470 1409.5 352000
1723218925029 1409.5 356000
1723218941393 1409.5 360000
1723218958400 1409.5 364000
1723218975197 1409.5 368000
1723218998711 1409.5 372000
1723219018720 1409.5 376000
1723219035878 1409.5 380000
1723219052760 1409.5 384000
1723219071172 1409.5 388000
1723219088061 1409.5 392000
1723219104703 1409.5 396000
1723219121700 1409.5 400000
1723219138539 1409.5 404000
1723219155909 1409.5 408000
1723219173129 1409.5 412000
1723219190795 1409.5 416000
1723219208269 1409.5 420000
1723219225506 1409.5 424000
1723219241895 1409.5 428000
1723219258194 1409.5 432000
1723219274846 1409.5 436000
1723219290900 1409.5 440000
1723219307051 1409.5 444000
1723219322803 1409.5 448000
1723219339950 1409.5 452000
1723219358163 1409.5 456000
1723219375681 1409.5 460000
1723219392206 1409.5 464000
1723219408745 1409.5 468000
1723219425241 1409.5 472000
1723219442587 1409.5 476000
1723219458960 1409.5 480000
1723219475719 1409.5 484000
1723219492486 1409.5 488000
1723219509100 1409.5 492000
1723219525733 1409.5 496000
1723219541988 1409.5 500000
1723219558386 1409.5 504000
1723219574788 1409.5 508000
1723219591135 1409.5 512000
1723219606548 1409.5 516000
1723219622895 1409.5 520000
1723219640270 1409.5 524000
1723219657057 1409.5 528000
1723219673997 1409.5 532000
1723219690243 1409.5 536000
1723219706443 1409.5 540000
1723219722716 1409.5 544000
1723219739233 1409.5 548000
1723219757238 1409.5 552000
1723219774110 1409.5 556000
1723219791202 1409.5 560000
1723219807945 1409.5 564000
1723219825348 1409.5 568000
1723219842261 1409.5 572000
1723219858731 1409.5 576000
1723219876178 1409.5 580000
1723219891639 1409.5 584000
1723219907276 1409.5 588000
1723219923060 1409.5 592000
1723219939788 1409.5 596000
1723219956254 1409.5 600000
1723219972288 1409.5 604000
1723219988242 1409.5 608000
1723220004958 1409.5 612000
1723220021180 1409.5 616000
1723220037564 1409.5 620000
1723220054789 1409.5 624000
1723220071813 1409.5 628000
1723220088607 1409.5 632000
1723220104906 1409.5 636000
1723220121247 1409.5 640000
1723220137571 1409.5 644000
1723220153552 1409.5 648000
1723220169640 1409.5 652000
1723220186525 1409.5 656000
1723220202915 1409.5 660000
1723220219334 1409.5 664000
1723220235642 1409.5 668000
1723220252372 1409.5 672000
1723220268742 1409.5 676000
1723220285436 1409.5 680000
1723220302217 1409.5 684000
1723220318756 1409.5 688000
1723220335569 1409.5 692000
1723220351689 1409.5 696000
1723220368076 1409.5 700000
1723220383959 1409.5 704000
1723220400081 1409.5 708000
1723220416042 1409.5 712000
1723220432939 1409.5 716000
1723220448638 1409.5 720000
1723220465053 1409.5 724000
1723220481715 1409.5 728000
1723220498820 1409.5 732000
1723220515605 1409.5 736000
1723220532069 1409.5 740000
1723220548754 1409.5 744000
1723220565246 1409.5 748000
1723220581714 1409.5 752000
1723220598562 1409.5 756000
1723220614743 1409.5 760000
1723220629444 1409.5 764000
1723220643219 1409.5 768000
1723220657104 1409.5 772000
1723220671632 1409.5 776000
1723220686072 1409.5 780000
1723220700298 1409.5 784000
1723220714297 1409.5 788000
1723220728722 1409.5 792000
1723220742933 1409.5 796000
1723220756705 1409.5 800000
1723220770490 1409.5 804000
1723220784599 1409.5 808000
1723220798623 1409.5 812000
1723220812501 1409.5 816000
1723220826214 1409.5 820000
1723220839966 1409.5 824000
1723220859549 1409.5 828000
1723220874399 1409.5 832000
1723220888634 1409.5 836000
1723220902342 1409.5 840000
1723220916580 1409.5 844000
1723220930673 1409.5 848000
1723220944194 1409.5 852000
1723220958362 1409.5 856000
1723220972396 1409.5 860000
1723220986756 1409.5 864000
1723221001012 1409.5 868000
1723221015035 1409.5 872000
1723221029270 1409.5 876000
1723221043474 1409.5 880000
1723221057406 1409.5 884000
1723221071265 1409.5 888000
1723221085142 1409.5 892000
1723221099286 1409.5 896000
1723221113383 1409.5 900000
1723221127208 1409.5 904000
1723221141296 1409.5 908000
1723221156021 1409.5 912000
1723221169941 1409.5 916000
1723221184372 1409.5 920000
1723221198461 1409.5 924000
1723221212387 1409.5 928000
1723221226504 1409.5 932000
1723221240331 1409.5 936000
1723221253992 1409.5 940000
1723221268524 1409.5 944000
1723221282674 1409.5 948000
1723221297325 1409.5 952000
1723221311389 1409.5 956000
1723221326033 1409.5 960000
1723221340197 1409.5 964000
1723221354087 1409.5 968000
1723221368515 1409.5 972000
1723221382814 1409.5 976000
1723221396758 1409.5 980000
1723221410847 1409.5 984000
1723221425058 1409.5 988000
1723221438985 1409.5 992000
1723221453644 1409.5 996000
1723221467822 1409.5 1000000
1723221482038 1409.5 1004000
1723221496495 1409.5 1008000
1723221510581 1409.5 1012000
1723221524057 1409.5 1016000
1723221538523 1409.5 1020000
1723221552797 1409.5 1024000
1723221567172 1409.5 1028000
1723221581293 1409.5 1032000
1723221594968 1409.5 1036000
1723221609178 1409.5 1040000
1723221623286 1409.5 1044000
1723221637186 1409.5 1048000
1723221651273 1409.5 1052000
1723221665207 1409.5 1056000
1723221679014 1409.5 1060000
1723221693567 1409.5 1064000
1723221707870 1409.5 1068000
1723221722220 1409.5 1072000
1723221736189 1409.5 1076000
1723221750497 1409.5 1080000
1723221764057 1409.5 1084000
1723221777881 1409.5 1088000
1723221791838 1409.5 1092000
1723221805773 1409.5 1096000
1723221820313 1409.5 1100000
1723221834548 1409.5 1104000
1723221848885 1409.5 1108000
1723221863444 1409.5 1112000
1723221877044 1409.5 1116000
1723221890197 1409.5 1120000
1723221903757 1409.5 1124000
1723221917649 1409.5 1128000
1723221930947 1409.5 1132000
1723221944604 1409.5 1136000
1723221958169 1409.5 1140000
1723221971656 1409.5 1144000
1723221986496 1409.5 1148000
1723221999835 1409.5 1152000
1723222013468 1409.5 1156000
1723222026912 1409.5 1160000
1723222040543 1409.5 1164000
1723222054954 1409.5 1168000
1723222068816 1409.5 1172000
1723222082734 1409.5 1176000
1723222096614 1409.5 1180000
1723222110844 1409.5 1184000
1723222123947 1409.5 1188000
1723222136943 1409.5 1192000
1723222149457 1409.5 1196000
1723222162226 1409.5 1200000
1723222175333 1409.5 1204000
1723222188822 1409.5 1208000
1723222202295 1409.5 1212000
1723222215295 1409.5 1216000
1723222229013 1409.5 1220000
1723222242184 1409.5 1224000
1723222255211 1409.5 1228000
1723222268370 1409.5 1232000
1723222281554 1409.5 1236000
1723222295309 1409.5 1240000
1723222308825 1409.5 1244000
1723222322511 1409.5 1248000
1723222335265 1409.5 1252000
1723222348691 1409.5 1256000
1723222361277 1409.5 1260000
1723222374152 1409.5 1264000
1723222386856 1409.5 1268000
1723222399988 1409.5 1272000
1723222413349 1409.5 1276000
1723222427008 1409.5 1280000
1723222440333 1409.5 1284000
1723222453901 1409.5 1288000
1723222467668 1409.5 1292000
1723222480666 1409.5 1296000
1723222494047 1409.5 1300000
1723222507130 1409.5 1304000
1723222520185 1409.5 1308000
1723222533972 1409.5 1312000
1723222547169 1409.5 1316000
1723222560702 1409.5 1320000
1723222574253 1409.5 1324000
1723222587877 1409.5 1328000
1723222601058 1409.5 1332000
1723222614112 1409.5 1336000
1723222627222 1409.5 1340000
1723222639835 1409.5 1344000
1723222654060 1409.5 1348000
1723222667031 1409.5 1352000
1723222680583 1409.5 1356000
1723222694127 1409.5 1360000
1723222707194 1409.5 1364000
1723222720673 1409.5 1368000
1723222733968 1409.5 1372000
1723222747219 1409.5 1376000
1723222760490 1409.5 1380000
1723222774001 1409.5 1384000
1723222787467 1409.5 1388000
1723222800641 1409.5 1392000
1723222813842 1409.5 1396000
1723222828109 1409.5 1400000
1723222841823 1409.5 1404000
1723222855140 1409.5 1408000
1723222868627 1409.5 1412000
1723222882038 1409.5 1416000
1723222895806 1409.5 1420000
1723222908873 1409.5 1424000
1723222922323 1409.5 1428000
1723222935977 1409.5 1432000
1723222949704 1409.5 1436000
1723222963284 1409.5 1440000
1723222976480 1409.5 1444000
1723222990407 1409.5 1448000
1723223003791 1409.5 1452000
1723223017060 1409.5 1456000
1723223030142 1409.5 1460000
1723223042820 1409.5 1464000
1723223056208 1409.5 1468000
1723223070117 1409.5 1472000
1723223083772 1409.5 1476000
1723223097286 1409.5 1480000
1723223110401 1409.5 1484000
1723223124817 1409.5 1488000
1723223138715 1409.5 1492000
1723223152282 1409.5 1496000
1723223166385 1409.5 1500000
1723223179661 1409.5 1504000
1723223193452 1409.5 1508000
1723223206815 1409.5 1512000
1723223219885 1409.5 1516000
1723223233037 1409.5 1520000
1723223246620 1409.5 1524000
1723223259864 1409.5 1528000
1723223273393 1409.5 1532000
1723223286866 1409.5 1536000
1723223300869 1409.5 1540000
1723223314121 1409.5 1544000
1723223327370 1409.5 1548000
1723223340694 1409.5 1552000
1723223354189 1409.5 1556000
1723223367657 1409.5 1560000
1723223380816 1409.5 1564000
1723223393741 1409.5 1568000
1723223407263 1409.5 1572000
1723223420691 1409.5 1576000
1723223434338 1409.5 1580000
1723223447456 1409.5 1584000
1723223460649 1409.5 1588000
1723223473976 1409.5 1592000
1723223488022 1409.5 1596000
1723223501162 1409.5 1600000
1723223514391 1409.5 1604000
1723223527915 1409.5 1608000
1723224062033 1409.5 1612000
1723224075884 1409.5 1616000
1723224089004 1409.5 1620000
1723224102299 1409.5 1624000
1723224274589 1409.5 1628000
1723224291385 1409.5 1632000
1723224305104 1409.5 1636000
1723224320004 1409.5 1640000
1723224333029 1409.5 1644000
1723224345855 1409.5 1648000
1723224359078 1409.5 1652000
1723224372738 1409.5 1656000
1723224386812 1409.5 1660000
1723224418246 1409.5 1664000
1723224438117 1409.5 1668000
1723224844428 1409.5 1672000
1723224857861 1409.5 1676000
1723224870271 1409.5 1680000
1723225074414 1409.5 1684000
1723225091758 1409.5 1688000
1723225105002 1409.5 1692000
1723225148501 1409.5 1696000
1723225161648 1409.5 1700000
1723225174421 1409.5 1704000
1723225187324 1409.5 1708000
1723225259249 1409.5 1712000
1723225271494 1409.5 1716000
1723225283941 1409.5 1720000
1723225296482 1409.5 1724000
1723226306059 1409.5 1728000
1723226318467 1409.5 1732000
1723226331248 1409.5 1736000
1723226344141 1409.5 1740000
1723226356784 1409.5 1744000
1723226369076 1409.5 1748000
1723226382139 1409.5 1752000
1723226394408 1409.5 1756000
1723226406898 1409.5 1760000
1723226419395 1409.5 1764000
1723226431817 1409.5 1768000
1723226444235 1409.5 1772000
1723226456638 1409.5 1776000
1723226468942 1409.5 1780000
1723226481707 1409.5 1784000
1723226493763 1409.5 1788000
1723226506093 1409.5 1792000
1723226518709 1409.5 1796000
1723226530848 1409.5 1800000
1723226543165 1409.5 1804000
1723226555710 1409.5 1808000
1723226568089 1409.5 1812000
1723226580459 1409.5 1816000
1723226592834 1409.5 1820000
1723226604838 1409.5 1824000
1723226617076 1409.5 1828000
1723226629694 1409.5 1832000
1723226642297 1409.5 1836000
1723226654432 1409.5 1840000
1723226666760 1409.5 1844000
1723226678980 1409.5 1848000
1723226691399 1409.5 1852000
1723226703735 1409.5 1856000
1723226715825 1409.5 1860000
1723226728489 1409.5 1864000
1723226740815 1409.5 1868000
1723226753266 1409.5 1872000
1723226765524 1409.5 1876000
1723226777554 1409.5 1880000
1723226789666 1409.5 1884000
1723226801875 1409.5 1888000
1723226814086 1409.5 1892000
1723226826234 1409.5 1896000
1723226838962 1409.5 1900000
1723226851127 1409.5 1904000
1723226863421 1409.5 1908000
1723226875650 1409.5 1912000
1723226887639 1409.5 1916000
1723226899805 1409.5 1920000
1723226911467 1409.5 1924000
1723226923251 1409.5 1928000
1723226935333 1409.5 1932000
1723226948583 1409.5 1936000
1723226965126 1409.5 1940000
1723226981434 1409.5 1944000
1723226999879 1409.5 1948000
1723227017826 1409.5 1952000
1723227035413 1409.5 1956000
1723227053326 1409.5 1960000
1723227071404 1409.5 1964000
1723227089428 1409.5 1968000
1723227106795 1409.5 1972000
1723227123674 1409.5 1976000
1723227139191 1409.5 1980000
1723227155104 1409.5 1984000
1723227170277 1409.5 1988000
1723227185252 1409.5 1992000
1723227203161 1409.5 1996000
1723227218965 1409.5 2000000
