1723217327593 1410.5 4000
1723217342814 4230.5 8000
1723217358160 7050.5 12000
1723217373473 9870.5 16000
1723217388904 12690.5 20000
1723217404300 15510.5 24000
1723217419666 18330.5 28000
1723217434878 21150.5 32000
1723217450242 23970.5 36000
1723217465812 26790.5 40000
1723217481317 29610.5 44000
1723217496676 32430.5 48000
1723217512018 35250.5 52000
1723217527297 38070.5 56000
1723217542601 40890.5 60000
1723217557883 43710.5 64000
1723217573176 46530.5 68000
1723217588808 49350.5 72000
1723217604201 52170.5 76000
1723217621391 54990.5 80000
1723217639512 57810.5 84000
1723217657410 60630.5 88000
1723217674789 63450.5 92000
1723217691938 66270.5 96000
1723217709674 69090.5 100000
1723217727110 71910.5 104000
1723217744581 74730.5 108000
1723217762448 77550.5 112000
1723217780534 80370.5 116000
1723217799573 83190.5 120000
1723217817321 86010.5 124000
1723217834940 88830.5 128000
1723217852517 91650.5 132000
1723217869900 94470.5 136000
1723217887194 97290.5 140000
1723217904196 100110.5 144000
1723217920827 102930.5 148000
1723217937848 105750.5 152000
1723217954903 108570.5 156000
1723217972293 111390.5 160000
1723217989600 114210.5 164000
1723218006936 117030.5 168000
1723218024254 119850.5 172000
1723218041567 122670.5 176000
1723218059860 125490.5 180000
1723218077331 128310.5 184000
1723218094209 131130.5 188000
1723218111994 133950.5 192000
1723218129567 136770.5 196000
1723218147194 139590.5 200000
1723218164024 142410.5 204000
1723218181122 145230.5 208000
1723218197952 148050.5 212000
1723218216490 150870.5 216000
1723218233542 153690.5 220000
1723218250431 156510.5 224000
1723218267525 159330.5 228000
1723218284827 162150.5 232000
1723218301918 164970.5 236000
1723218318876 167790.5 240000
1723218335906 170610.5 244000
1723218352809 173430.5 248000
1723218370124 176250.5 252000
1723218386516 179070.5 256000
1723218403211 181890.5 260000
1723218420314 184710.5 264000
1723218437941 187530.5 268000
1723218455438 190350.5 272000
1723218474317 193170.5 276000
1723218491430 195990.5 280000
1723218508611 198810.5 284000
1723218525615 201630.5 288000
1723218541990 204450.5 292000
1723218559330 207270.5 296000
1723218576520 210090.5 300000
1723218594977 212910.5 304000
1723218611873 215730.5 308000
1723218629131 218550.5 312000
1723218645695 221370.5 316000
1723218663025 224190.5 320000
1723218680014 227010.5 324000
1723218696933 229830.5 328000
1723218821502 232650.5 332000
1723218838859 235470.5 336000
1723218855771 238290.5 340000
1723218872816 241110.5 344000
1723218891873 243930.5 348000
1723218908470 246750.5 352000
1723218925029 249570.5 356000
1723218941393 252390.5 360000
1723218958399 255210.5 364000
1723218975197 258030.5 368000
1723218998711 260850.5 372000
1723219018720 263670.5 376000
1723219035878 266490.5 380000
1723219052759 269310.5 384000
1723219071171 272130.5 388000
1723219088061 274950.5 392000
1723219104703 277770.5 396000
1723219121699 280590.5 400000
1723219138539 283410.5 404000
1723219155909 286230.5 408000
1723219173128 289050.5 412000
1723219190795 291870.5 416000
1723219208269 294690.5 420000
1723219225506 297510.5 424000
1723219241894 300330.5 428000
1723219258193 303150.5 432000
1723219274845 305970.5 436000
1723219290900 308790.5 440000
1723219307051 311610.5 444000
1723219322803 314430.5 448000
1723219339950 317250.5 452000
1723219358162 320070.5 456000
1723219375681 322890.5 460000
1723219392206 325710.5 464000
1723219408745 328530.5 468000
1723219425241 331350.5 472000
1723219442586 334170.5 476000
1723219458959 336990.5 480000
1723219475719 339810.5 484000
1723219492486 342630.5 488000
1723219509100 345450.5 492000
1723219525733 348270.5 496000
1723219541988 351090.5 500000
1723219558385 353910.5 504000
1723219574788 356730.5 508000
1723219591135 359550.5 512000
1723219606548 362370.5 516000
1723219622895 365190.5 520000
1723219640270 368010.5 524000
1723219657056 370830.5 528000
1723219673996 373650.5 532000
1723219690243 376470.5 536000
1723219706443 379290.5 540000
1723219722716 382110.5 544000
1723219739233 384930.5 548000
1723219757238 387750.5 552000
1723219774109 390570.5 556000
1723219791202 393390.5 560000
1723219807945 396210.5 564000
1723219825347 399030.5 568000
1723219842260 401850.5 572000
1723219858731 404670.5 576000
1723219876177 407490.5 580000
1723219891638 410310.5 584000
1723219907276 413130.5 588000
1723219923060 415950.5 592000
1723219939788 418770.5 596000
1723219956254 421590.5 600000
1723219972288 424410.5 604000
1723219988241 427230.5 608000
1723220004957 430050.5 612000
1723220021180 432870.5 616000
1723220037564 435690.5 620000
1723220054788 438510.5 624000
1723220071812 441330.5 628000
1723220088606 444150.5 632000
1723220104905 446970.5 636000
1723220121246 449790.5 640000
1723220137571 452610.5 644000
1723220153552 455430.5 648000
1723220169640 458250.5 652000
1723220186525 461070.5 656000
1723220202915 463890.5 660000
1723220219334 466710.5 664000
1723220235642 469530.5 668000
1723220252372 472350.5 672000
1723220268741 475170.5 676000
1723220285435 477990.5 680000
1723220302216 480810.5 684000
1723220318755 483630.5 688000
1723220335569 486450.5 692000
1723220351688 489270.5 696000
1723220368075 492090.5 700000
1723220383958 494910.5 704000
1723220400081 497730.5 708000
1723220416042 500550.5 712000
1723220432939 503370.5 716000
1723220448638 506190.5 720000
1723220465053 509010.5 724000
1723220481714 511830.5 728000
1723220498820 514650.5 732000
1723220515604 517470.5 736000
1723220532069 520290.5 740000
1723220548753 523110.5 744000
1723220565245 525930.5 748000
1723220581713 528750.5 752000
1723220598562 531570.5 756000
1723220614742 534390.5 760000
1723220629443 537210.5 764000
1723220643218 540030.5 768000
1723220657103 542850.5 772000
1723220671632 545670.5 776000
1723220686071 548490.5 780000
1723220700297 551310.5 784000
1723220714296 554130.5 788000
1723220728721 556950.5 792000
1723220742932 559770.5 796000
1723220756704 562590.5 800000
1723220770490 565410.5 804000
1723220784599 568230.5 808000
1723220798623 571050.5 812000
1723220812500 573870.5 816000
1723220826213 576690.5 820000
1723220839966 579510.5 824000
1723220859549 582330.5 828000
1723220874399 585150.5 832000
1723220888633 587970.5 836000
1723220902341 590790.5 840000
1723220916579 593610.5 844000
1723220930672 596430.5 848000
1723220944194 599250.5 852000
1723220958362 602070.5 856000
1723220972395 604890.5 860000
1723220986755 607710.5 864000
1723221001012 610530.5 868000
1723221015034 613350.5 872000
1723221029269 616170.5 876000
1723221043473 618990.5 880000
1723221057405 621810.5 884000
1723221071264 624630.5 888000
1723221085142 627450.5 892000
1723221099285 630270.5 896000
1723221113382 633090.5 900000
1723221127208 635910.5 904000
1723221141295 638730.5 908000
1723221156021 641550.5 912000
1723221169941 644370.5 916000
1723221184372 647190.5 920000
1723221198461 650010.5 924000
1723221212386 652830.5 928000
1723221226503 655650.5 932000
1723221240331 658470.5 936000
1723221253992 661290.5 940000
1723221268523 664110.5 944000
1723221282673 666930.5 948000
1723221297325 669750.5 952000
1723221311389 672570.5 956000
1723221326032 675390.5 960000
1723221340197 678210.5 964000
1723221354087 681030.5 968000
1723221368515 683850.5 972000
1723221382813 686670.5 976000
1723221396758 689490.5 980000
1723221410846 692310.5 984000
1723221425057 695130.5 988000
1723221438985 697950.5 992000
1723221453644 700770.5 996000
1723221467822 703590.5 1000000
1723221482037 706410.5 1004000
1723221496495 709230.5 1008000
1723221510580 712050.5 1012000
1723221524057 714870.5 1016000
1723221538523 717690.5 1020000
1723221552797 720510.5 1024000
1723221567172 723330.5 1028000
1723221581293 726150.5 1032000
1723221594967 728970.5 1036000
1723221609178 731790.5 1040000
1723221623286 734610.5 1044000
1723221637186 737430.5 1048000
1723221651273 740250.5 1052000
1723221665206 743070.5 1056000
1723221679013 745890.5 1060000
1723221693567 748710.5 1064000
1723221707869 751530.5 1068000
1723221722219 754350.5 1072000
1723221736189 757170.5 1076000
1723221750497 759990.5 1080000
1723221764056 762810.5 1084000
1723221777881 765630.5 1088000
1723221791838 768450.5 1092000
1723221805773 771270.5 1096000
1723221820313 774090.5 1100000
1723221834548 776910.5 1104000
1723221848885 779730.5 1108000
1723221863444 782550.5 1112000
1723221877043 785370.5 1116000
1723221890197 788190.5 1120000
1723221903756 791010.5 1124000
1723221917649 793830.5 1128000
1723221930947 796650.5 1132000
1723221944604 799470.5 1136000
1723221958169 802290.5 1140000
1723221971656 805110.5 1144000
1723221986496 807930.5 1148000
1723221999834 810750.5 1152000
1723222013467 813570.5 1156000
1723222026911 816390.5 1160000
1723222040542 819210.5 1164000
1723222054954 822030.5 1168000
1723222068816 824850.5 1172000
1723222082734 827670.5 1176000
1723222096614 830490.5 1180000
1723222110844 833310.5 1184000
1723222123946 836130.5 1188000
1723222136942 838950.5 1192000
1723222149456 841770.5 1196000
1723222162226 844590.5 1200000
1723222175332 847410.5 1204000
1723222188822 850230.5 1208000
1723222202294 853050.5 1212000
1723222215295 855870.5 1216000
1723222229012 858690.5 1220000
1723222242183 861510.5 1224000
1723222255210 864330.5 1228000
1723222268370 867150.5 1232000
1723222281554 869970.5 1236000
1723222295308 872790.5 1240000
1723222308824 875610.5 1244000
1723222322511 878430.5 1248000
1723222335265 881250.5 1252000
1723222348690 884070.5 1256000
1723222361276 886890.5 1260000
1723222374152 889710.5 1264000
1723222386855 892530.5 1268000
1723222399987 895350.5 1272000
1723222413349 898170.5 1276000
1723222427007 900990.5 1280000
1723222440332 903810.5 1284000
1723222453900 906630.5 1288000
1723222467667 909450.5 1292000
1723222480665 912270.5 1296000
1723222494047 915090.5 1300000
1723222507130 917910.5 1304000
1723222520185 920730.5 1308000
1723222533972 923550.5 1312000
1723222547169 926370.5 1316000
1723222560702 929190.5 1320000
1723222574253 932010.5 1324000
1723222587877 934830.5 1328000
1723222601058 937650.5 1332000
1723222614112 940470.5 1336000
1723222627222 943290.5 1340000
1723222639834 946110.5 1344000
1723222654059 948930.5 1348000
1723222667031 951750.5 1352000
1723222680583 954570.5 1356000
1723222694127 957390.5 1360000
1723222707190 960210.5 1364000
1723222720672 963030.5 1368000
1723222733968 965850.5 1372000
1723222747219 968670.5 1376000
1723222760489 971490.5 1380000
1723222774000 974310.5 1384000
1723222787467 977130.5 1388000
1723222800641 979950.5 1392000
1723222813841 982770.5 1396000
1723222828108 985590.5 1400000
1723222841823 988410.5 1404000
1723222855140 991230.5 1408000
1723222868627 994050.5 1412000
1723222882037 996870.5 1416000
1723222895805 999690.5 1420000
1723222908873 1002510.5 1424000
1723222922323 1005330.5 1428000
1723222935977 1008150.5 1432000
1723222949704 1010970.5 1436000
1723222963284 1013790.5 1440000
1723222976479 1016610.5 1444000
1723222990406 1019430.5 1448000
1723223003791 1022250.5 1452000
1723223017059 1025070.5 1456000
1723223030142 1027890.5 1460000
1723223042820 1030710.5 1464000
1723223056207 1033530.5 1468000
1723223070116 1036350.5 1472000
1723223083772 1039170.5 1476000
1723223097285 1041990.5 1480000
1723223110401 1044810.5 1484000
1723223124817 1047630.5 1488000
1723223138715 1050450.5 1492000
1723223152282 1053270.5 1496000
1723223166385 1056090.5 1500000
1723223179661 1058910.5 1504000
1723223193452 1061730.5 1508000
1723223206815 1064550.5 1512000
1723223219884 1067370.5 1516000
1723223233037 1070190.5 1520000
1723223246619 1073010.5 1524000
1723223259863 1075830.5 1528000
1723223273393 1078650.5 1532000
1723223286865 1081470.5 1536000
1723223300868 1084290.5 1540000
1723223314121 1087110.5 1544000
1723223327369 1089930.5 1548000
1723223340694 1092750.5 1552000
1723223354189 1095570.5 1556000
1723223367657 1098390.5 1560000
1723223380816 1101210.5 1564000
1723223393741 1104030.5 1568000
1723223407263 1106850.5 1572000
1723223420691 1109670.5 1576000
1723223434338 1112490.5 1580000
1723223447456 1115310.5 1584000
1723223460648 1118130.5 1588000
1723223473976 1120950.5 1592000
1723223488021 1123770.5 1596000
1723223501162 1126590.5 1600000
1723223514391 1129410.5 1604000
1723223527915 1132230.5 1608000
1723224062033 1135050.5 1612000
1723224075883 1137870.5 1616000
1723224089002 1140690.5 1620000
1723224102298 1143510.5 1624000
1723224274589 1146330.5 1628000
1723224291384 1149150.5 1632000
1723224305104 1151970.5 1636000
1723224320004 1154790.5 1640000
1723224333028 1157610.5 1644000
1723224345854 1160430.5 1648000
1723224359078 1163250.5 1652000
1723224372737 1166070.5 1656000
1723224386811 1168890.5 1660000
1723224418245 1171710.5 1664000
1723224438117 1174530.5 1668000
1723224844427 1177350.5 1672000
1723224857860 1180170.5 1676000
1723224870271 1182990.5 1680000
1723225074413 1185810.5 1684000
1723225091757 1188630.5 1688000
1723225105002 1191450.5 1692000
1723225148501 1194270.5 1696000
1723225161648 1197090.5 1700000
1723225174420 1199910.5 1704000
1723225187323 1202730.5 1708000
1723225259249 1205550.5 1712000
1723225271494 1208370.5 1716000
1723225283940 1211190.5 1720000
1723225296481 1214010.5 1724000
1723226306059 1216830.5 1728000
1723226318467 1219650.5 1732000
1723226331248 1222470.5 1736000
1723226344140 1225290.5 1740000
1723226356783 1228110.5 1744000
1723226369076 1230930.5 1748000
1723226382138 1233750.5 1752000
1723226394408 1236570.5 1756000
1723226406898 1239390.5 1760000
1723226419395 1242210.5 1764000
1723226431816 1245030.5 1768000
1723226444235 1247850.5 1772000
1723226456637 1250670.5 1776000
1723226468941 1253490.5 1780000
1723226481706 1256310.5 1784000
1723226493763 1259130.5 1788000
1723226506093 1261950.5 1792000
1723226518708 1264770.5 1796000
1723226530848 1267590.5 1800000
1723226543165 1270410.5 1804000
1723226555709 1273230.5 1808000
1723226568089 1276050.5 1812000
1723226580459 1278870.5 1816000
1723226592834 1281690.5 1820000
1723226604837 1284510.5 1824000
1723226617076 1287330.5 1828000
1723226629694 1290150.5 1832000
1723226642297 1292970.5 1836000
1723226654432 1295790.5 1840000
1723226666760 1298610.5 1844000
1723226678979 1301430.5 1848000
1723226691398 1304250.5 1852000
1723226703735 1307070.5 1856000
1723226715824 1309890.5 1860000
1723226728489 1312710.5 1864000
1723226740815 1315530.5 1868000
1723226753266 1318350.5 1872000
1723226765524 1321170.5 1876000
1723226777553 1323990.5 1880000
1723226789666 1326810.5 1884000
1723226801875 1329630.5 1888000
1723226814086 1332450.5 1892000
1723226826234 1335270.5 1896000
1723226838962 1338090.5 1900000
1723226851127 1340910.5 1904000
1723226863420 1343730.5 1908000
1723226875650 1346550.5 1912000
1723226887638 1349370.5 1916000
1723226899805 1352190.5 1920000
1723226911466 1355010.5 1924000
1723226923251 1357830.5 1928000
1723226935332 1360650.5 1932000
1723226948583 1363470.5 1936000
1723226965126 1366290.5 1940000
1723226981434 1369110.5 1944000
1723226999879 1371930.5 1948000
1723227017825 1374750.5 1952000
1723227035413 1377570.5 1956000
1723227053326 1380390.5 1960000
1723227071403 1383210.5 1964000
1723227089428 1386030.5 1968000
1723227106795 1388850.5 1972000
1723227123674 1391670.5 1976000
1723227139191 1394490.5 1980000
1723227155103 1397310.5 1984000
1723227170276 1400130.5 1988000
1723227185251 1402950.5 1992000
1723227203161 1405770.5 1996000
1723227218964 1408590.5 2000000
