1723147967116 1.0 4000
1723147979838 1.0 8000
1723147994330 1.0 12000
1723148013953 1.0 16000
1723148031060 1.0 20000
1723148046239 1.0 24000
1723148059803 1.0 28000
1723148071904 1.0 32000
1723148084722 1.0 36000
1723148097968 1.0 40000
1723148111838 1.0 44000
1723148124205 1.0 48000
1723148142630 1.0 52000
1723148155862 1.0 56000
1723148169105 1.0 60000
1723148181755 1.0 64000
1723148194585 1.0 68000
1723148209405 1.0 72000
1723148227442 1.0 76000
1723148243851 1.0 80000
1723148256656 1.0 84000
1723148271478 1.0 88000
1723148289403 1.0 92000
1723148307024 1.0 96000
1723148319625 1.0 100000
1723148331196 1.0 104000
1723148345235 1.0 108000
1723148365680 1.0 112000
1723148379148 1.0 116000
1723148392512 1.0 120000
1723148406281 1.0 124000
1723148418870 1.0 128000
1723148431914 1.0 132000
1723148444638 1.0 136000
1723148457898 1.0 140000
1723148470818 1.0 144000
1723148488494 1.0 148000
1723148501565 1.0 152000
1723148514680 1.0 156000
1723148529271 1.0 160000
1723148542146 1.0 164000
1723148554981 1.0 168000
1723148567384 1.0 172000
1723148583197 1.0 176000
1723148596473 1.0 180000
1723148610357 1.0 184000
1723148622772 1.0 188000
1723148636044 1.0 192000
1723148651233 1.0 196000
1723148665400 1.0 200000
1723148677467 1.0 204000
1723148689102 1.0 208000
1723148707249 1.0 212000
1723148723872 1.0 216000
1723148740386 1.0 220000
1723148756463 1.0 224000
1723148772494 1.0 228000
1723148789322 1.0 232000
1723148808670 1.0 236000
1723148823953 1.0 240000
1723148835925 1.0 244000
1723148848843 1.0 248000
1723148865056 1.0 252000
1723148884086 1.0 256000
1723148904713 1.0 260000
1723148916603 1.0 264000
1723148928566 1.0 268000
1723148940722 1.0 272000
1723148952402 1.0 276000
1723148964003 1.0 280000
1723148977294 1.0 284000
1723148988981 1.0 288000
1723149002178 1.0 292000
1723149014661 1.0 296000
1723149025924 1.0 300000
1723149037302 1.0 304000
1723149049598 1.0 308000
1723149067543 1.0 312000
1723149084207 1.0 316000
1723149103800 1.0 320000
1723149117478 1.0 324000
1723149131898 1.0 328000
1723149150985 1.0 332000
1723149166431 1.0 336000
1723149183038 1.0 340000
1723149199370 1.0 344000
1723149215916 1.0 348000
1723149234166 1.0 352000
1723149247251 1.0 356000
1723149259565 1.0 360000
1723149271979 1.0 364000
1723149283831 1.0 368000
1723149295718 1.0 372000
1723149307898 1.0 376000
1723149320444 1.0 380000
1723149332536 1.0 384000
1723149344629 1.0 388000
1723149356967 1.0 392000
1723149369072 1.0 396000
1723149380523 1.0 400000
1723149392333 1.0 404000
1723149403823 1.0 408000
1723149415332 1.0 412000
1723149427144 1.0 416000
1723149446053 1.0 420000
1723149459046 1.0 424000
1723149470550 1.0 428000
1723149481982 1.0 432000
1723149493719 1.0 436000
1723149505933 1.0 440000
1723149518253 1.0 444000
1723149529932 1.0 448000
1723149541629 1.0 452000
1723149553002 1.0 456000
1723149564549 1.0 460000
1723149576771 1.0 464000
1723149588397 1.0 468000
1723149599695 1.0 472000
1723149611064 1.0 476000
1723149622446 1.0 480000
1723149633606 1.0 484000
1723149645009 1.0 488000
1723149656077 1.0 492000
1723149667645 1.0 496000
1723149679027 1.0 500000
1723149690381 1.0 504000
1723149701714 1.0 508000
1723149713008 1.0 512000
1723149724384 1.0 516000
1723149735813 1.0 520000
1723149747296 1.0 524000
1723149759229 1.0 528000
1723149770867 1.0 532000
1723149782181 1.0 536000
1723149793494 1.0 540000
1723149804488 1.0 544000
1723149815923 1.0 548000
1723149826993 1.0 552000
1723149838286 1.0 556000
1723149850128 1.0 560000
1723149861307 1.0 564000
1723149873005 1.0 568000
1723149884371 1.0 572000
1723149895729 1.0 576000
1723149906937 1.0 580000
1723149918469 1.0 584000
1723149929884 1.0 588000
1723149941589 1.0 592000
1723149953011 1.0 596000
1723149964865 1.0 600000
1723149976130 1.0 604000
1723149987543 1.0 608000
1723149999080 1.0 612000
1723150010295 1.0 616000
1723150021651 1.0 620000
1723150032944 1.0 624000
1723150044406 1.0 628000
1723150055845 1.0 632000
1723150067235 1.0 636000
1723150078875 1.0 640000
1723150090658 1.0 644000
1723150101983 1.0 648000
1723150113506 1.0 652000
1723150124846 1.0 656000
1723150136279 1.0 660000
1723150147542 1.0 664000
1723150158521 1.0 668000
1723150169729 1.0 672000
1723150180998 1.0 676000
1723150192334 1.0 680000
1723150203429 1.0 684000
1723150214437 1.0 688000
1723150225913 1.0 692000
1723150237274 1.0 696000
1723150249193 1.0 700000
1723150260674 1.0 704000
1723150272145 1.0 708000
1723150283672 1.0 712000
1723150295557 1.0 716000
1723150306759 1.0 720000
1723150319468 1.0 724000
1723150330864 1.0 728000
1723150342173 1.0 732000
1723150353465 1.0 736000
1723150365051 1.0 740000
1723150376363 1.0 744000
1723150387716 1.0 748000
1723150399157 1.0 752000
1723150410882 1.0 756000
1723150422340 1.0 760000
1723150433816 1.0 764000
1723150445057 1.0 768000
1723150456486 1.0 772000
1723150467489 1.0 776000
1723150479413 1.0 780000
1723150490825 1.0 784000
1723150505659 1.0 788000
1723150524401 1.0 792000
1723150543358 1.0 796000
1723150557352 1.0 800000
