1723147967115 2.0 4000
1723147979836 2.0 8000
1723147994328 2.0 12000
1723148013952 2.0 16000
1723148031059 2.0 20000
1723148046238 2.0 24000
1723148059801 2.0 28000
1723148071903 2.0 32000
1723148084720 2.0 36000
1723148097967 2.0 40000
1723148111836 2.0 44000
1723148124204 2.0 48000
1723148142629 2.0 52000
1723148155861 2.0 56000
1723148169104 2.0 60000
1723148181754 2.0 64000
1723148194584 2.0 68000
1723148209404 2.0 72000
1723148227441 2.0 76000
1723148243850 2.0 80000
1723148256655 2.0 84000
1723148271477 2.0 88000
1723148289402 2.0 92000
1723148307023 2.0 96000
1723148319624 2.0 100000
1723148331195 2.0 104000
1723148345233 2.0 108000
1723148365678 2.0 112000
1723148379147 2.0 116000
1723148392511 2.0 120000
1723148406280 2.0 124000
1723148418868 2.0 128000
1723148431913 2.0 132000
1723148444637 2.0 136000
1723148457897 2.0 140000
1723148470817 2.0 144000
1723148488492 2.0 148000
1723148501564 2.0 152000
1723148514679 2.0 156000
1723148529270 2.0 160000
1723148542145 2.0 164000
1723148554980 2.0 168000
1723148567383 2.0 172000
1723148583196 2.0 176000
1723148596472 2.0 180000
1723148610356 2.0 184000
1723148622770 2.0 188000
1723148636043 2.0 192000
1723148651232 2.0 196000
1723148665399 2.0 200000
1723148677466 2.0 204000
1723148689101 2.0 208000
1723148707247 2.0 212000
1723148723871 2.0 216000
1723148740385 2.0 220000
1723148756461 2.0 224000
1723148772493 2.0 228000
1723148789321 2.0 232000
1723148808669 2.0 236000
1723148823952 2.0 240000
1723148835924 2.0 244000
1723148848842 2.0 248000
1723148865055 2.0 252000
1723148884085 2.0 256000
1723148904712 2.0 260000
1723148916601 2.0 264000
1723148928565 2.0 268000
1723148940721 2.0 272000
1723148952401 2.0 276000
1723148964001 2.0 280000
1723148977292 2.0 284000
1723148988980 2.0 288000
1723149002177 2.0 292000
1723149014660 2.0 296000
1723149025923 2.0 300000
1723149037301 2.0 304000
1723149049597 2.0 308000
1723149067541 2.0 312000
1723149084206 2.0 316000
1723149103799 2.0 320000
1723149117477 2.0 324000
1723149131897 2.0 328000
1723149150983 2.0 332000
1723149166430 2.0 336000
1723149183037 2.0 340000
1723149199369 2.0 344000
1723149215915 2.0 348000
1723149234165 2.0 352000
1723149247250 2.0 356000
1723149259564 2.0 360000
1723149271978 2.0 364000
1723149283829 2.0 368000
1723149295716 2.0 372000
1723149307897 2.0 376000
1723149320443 2.0 380000
1723149332535 2.0 384000
1723149344628 2.0 388000
1723149356966 2.0 392000
1723149369071 2.0 396000
1723149380522 2.0 400000
1723149392332 2.0 404000
1723149403822 2.0 408000
1723149415331 2.0 412000
1723149427141 2.0 416000
1723149446052 2.0 420000
1723149459045 2.0 424000
1723149470549 2.0 428000
1723149481981 2.0 432000
1723149493718 2.0 436000
1723149505932 2.0 440000
1723149518252 2.0 444000
1723149529931 2.0 448000
1723149541628 2.0 452000
1723149553001 2.0 456000
1723149564548 2.0 460000
1723149576770 2.0 464000
1723149588395 2.0 468000
1723149599693 2.0 472000
1723149611063 2.0 476000
1723149622445 2.0 480000
1723149633604 2.0 484000
1723149645007 2.0 488000
1723149656076 2.0 492000
1723149667644 2.0 496000
1723149679026 2.0 500000
1723149690380 2.0 504000
1723149701713 2.0 508000
1723149713007 2.0 512000
1723149724383 2.0 516000
1723149735812 2.0 520000
1723149747295 2.0 524000
1723149759227 2.0 528000
1723149770866 2.0 532000
1723149782180 2.0 536000
1723149793493 2.0 540000
1723149804487 2.0 544000
1723149815922 2.0 548000
1723149826991 2.0 552000
1723149838285 2.0 556000
1723149850127 2.0 560000
1723149861305 2.0 564000
1723149873004 2.0 568000
1723149884370 2.0 572000
1723149895728 2.0 576000
1723149906936 2.0 580000
1723149918468 2.0 584000
1723149929883 2.0 588000
1723149941588 2.0 592000
1723149953010 2.0 596000
1723149964864 2.0 600000
1723149976129 2.0 604000
1723149987542 2.0 608000
1723149999078 2.0 612000
1723150010294 2.0 616000
1723150021650 2.0 620000
1723150032943 2.0 624000
1723150044404 2.0 628000
1723150055844 2.0 632000
1723150067234 2.0 636000
1723150078874 2.0 640000
1723150090657 2.0 644000
1723150101982 2.0 648000
1723150113504 2.0 652000
1723150124845 2.0 656000
1723150136278 2.0 660000
1723150147540 2.0 664000
1723150158520 2.0 668000
1723150169728 2.0 672000
1723150180997 2.0 676000
1723150192333 2.0 680000
1723150203428 2.0 684000
1723150214436 2.0 688000
1723150225911 2.0 692000
1723150237273 2.0 696000
1723150249192 2.0 700000
1723150260673 2.0 704000
1723150272144 2.0 708000
1723150283671 2.0 712000
1723150295555 2.0 716000
1723150306758 2.0 720000
1723150319467 2.0 724000
1723150330863 2.0 728000
1723150342172 2.0 732000
1723150353463 2.0 736000
1723150365050 2.0 740000
1723150376362 2.0 744000
1723150387715 2.0 748000
1723150399156 2.0 752000
1723150410881 2.0 756000
1723150422339 2.0 760000
1723150433815 2.0 764000
1723150445055 2.0 768000
1723150456485 2.0 772000
1723150467488 2.0 776000
1723150479412 2.0 780000
1723150490824 2.0 784000
1723150505658 2.0 788000
1723150524400 2.0 792000
1723150543356 2.0 796000
1723150557351 2.0 800000
