1723147967115 0.0 4000
1723147979837 0.0 8000
1723147994329 0.0 12000
1723148013953 0.0 16000
1723148031060 0.0 20000
1723148046238 0.0 24000
1723148059803 0.0 28000
1723148071904 0.0 32000
1723148084721 0.0 36000
1723148097968 0.0 40000
1723148111838 0.0 44000
1723148124205 0.0 48000
1723148142630 0.0 52000
1723148155861 0.0 56000
1723148169105 0.0 60000
1723148181755 0.0 64000
1723148194585 0.0 68000
1723148209405 0.0 72000
1723148227441 0.0 76000
1723148243851 0.0 80000
1723148256656 0.0 84000
1723148271477 0.0 88000
1723148289403 0.0 92000
1723148307023 0.0 96000
1723148319625 0.0 100000
1723148331195 0.0 104000
1723148345235 0.0 108000
1723148365679 0.0 112000
1723148379148 0.0 116000
1723148392512 0.0 120000
1723148406281 0.0 124000
1723148418869 0.0 128000
1723148431914 0.0 132000
1723148444638 0.0 136000
1723148457897 0.0 140000
1723148470818 0.0 144000
1723148488493 0.0 148000
1723148501565 0.0 152000
1723148514680 0.0 156000
1723148529271 0.0 160000
1723148542146 0.0 164000
1723148554980 0.0 168000
1723148567384 0.0 172000
1723148583197 0.0 176000
1723148596473 0.0 180000
1723148610356 0.0 184000
1723148622771 0.0 188000
1723148636044 0.0 192000
1723148651232 0.0 196000
1723148665400 0.0 200000
1723148677467 0.0 204000
1723148689102 0.0 208000
1723148707248 0.0 212000
1723148723872 0.0 216000
1723148740386 0.0 220000
1723148756462 0.0 224000
1723148772494 0.0 228000
1723148789322 0.0 232000
1723148808669 0.0 236000
1723148823952 0.0 240000
1723148835925 0.0 244000
1723148848843 0.0 248000
1723148865056 0.0 252000
1723148884085 0.0 256000
1723148904713 0.0 260000
1723148916602 0.0 264000
1723148928566 0.0 268000
1723148940722 0.0 272000
1723148952401 0.0 276000
1723148964002 0.0 280000
1723148977293 0.0 284000
1723148988981 0.0 288000
1723149002178 0.0 292000
1723149014661 0.0 296000
1723149025924 0.0 300000
1723149037302 0.0 304000
1723149049598 0.0 308000
1723149067542 0.0 312000
1723149084207 0.0 316000
1723149103800 0.0 320000
1723149117477 0.0 324000
1723149131898 0.0 328000
1723149150984 0.0 332000
1723149166431 0.0 336000
1723149183038 0.0 340000
1723149199370 0.0 344000
1723149215916 0.0 348000
1723149234166 0.0 352000
1723149247251 0.0 356000
1723149259565 0.0 360000
1723149271979 0.0 364000
1723149283830 0.0 368000
1723149295717 0.0 372000
1723149307898 0.0 376000
1723149320444 0.0 380000
1723149332535 0.0 384000
1723149344629 0.0 388000
1723149356967 0.0 392000
1723149369071 0.0 396000
1723149380523 0.0 400000
1723149392333 0.0 404000
1723149403823 0.0 408000
1723149415332 0.0 412000
1723149427143 0.0 416000
1723149446053 0.0 420000
1723149459046 0.0 424000
1723149470549 0.0 428000
1723149481982 0.0 432000
1723149493718 0.0 436000
1723149505933 0.0 440000
1723149518252 0.0 444000
1723149529931 0.0 448000
1723149541629 0.0 452000
1723149553001 0.0 456000
1723149564549 0.0 460000
1723149576771 0.0 464000
1723149588396 0.0 468000
1723149599694 0.0 472000
1723149611063 0.0 476000
1723149622445 0.0 480000
1723149633605 0.0 484000
1723149645008 0.0 488000
1723149656077 0.0 492000
1723149667645 0.0 496000
1723149679027 0.0 500000
1723149690380 0.0 504000
1723149701713 0.0 508000
1723149713007 0.0 512000
1723149724384 0.0 516000
1723149735812 0.0 520000
1723149747296 0.0 524000
1723149759228 0.0 528000
1723149770866 0.0 532000
1723149782181 0.0 536000
1723149793494 0.0 540000
1723149804488 0.0 544000
1723149815923 0.0 548000
1723149826992 0.0 552000
1723149838285 0.0 556000
1723149850128 0.0 560000
1723149861306 0.0 564000
1723149873004 0.0 568000
1723149884371 0.0 572000
1723149895729 0.0 576000
1723149906937 0.0 580000
1723149918469 0.0 584000
1723149929884 0.0 588000
1723149941589 0.0 592000
1723149953011 0.0 596000
1723149964865 0.0 600000
1723149976130 0.0 604000
1723149987543 0.0 608000
1723149999079 0.0 612000
1723150010295 0.0 616000
1723150021651 0.0 620000
1723150032944 0.0 624000
1723150044405 0.0 628000
1723150055844 0.0 632000
1723150067235 0.0 636000
1723150078875 0.0 640000
1723150090658 0.0 644000
1723150101982 0.0 648000
1723150113505 0.0 652000
1723150124846 0.0 656000
1723150136278 0.0 660000
1723150147541 0.0 664000
1723150158521 0.0 668000
1723150169729 0.0 672000
1723150180998 0.0 676000
1723150192333 0.0 680000
1723150203428 0.0 684000
1723150214436 0.0 688000
1723150225912 0.0 692000
1723150237274 0.0 696000
1723150249193 0.0 700000
1723150260674 0.0 704000
1723150272145 0.0 708000
1723150283672 0.0 712000
1723150295556 0.0 716000
1723150306759 0.0 720000
1723150319468 0.0 724000
1723150330864 0.0 728000
1723150342172 0.0 732000
1723150353464 0.0 736000
1723150365050 0.0 740000
1723150376362 0.0 744000
1723150387716 0.0 748000
1723150399157 0.0 752000
1723150410882 0.0 756000
1723150422339 0.0 760000
1723150433816 0.0 764000
1723150445056 0.0 768000
1723150456485 0.0 772000
1723150467489 0.0 776000
1723150479413 0.0 780000
1723150490824 0.0 784000
1723150505659 0.0 788000
1723150524401 0.0 792000
1723150543357 0.0 796000
1723150557352 0.0 800000
