1723231574378 1.0 4000
1723231581561 1.0 8000
1723231588721 1.0 12000
1723231596129 1.0 16000
1723231603486 1.0 20000
1723231610590 1.0 24000
1723231618009 1.0 28000
1723231625269 1.0 32000
1723231632670 1.0 36000
1723231640369 1.0 40000
1723231647668 1.0 44000
1723231654955 1.0 48000
1723231662309 1.0 52000
1723231669617 1.0 56000
1723231678848 1.0 60000
1723231687494 1.0 64000
1723231695502 1.0 68000
1723231704134 1.0 72000
1723231712991 1.0 76000
1723231721646 1.0 80000
1723231730019 1.0 84000
1723231738107 1.0 88000
1723231745892 1.0 92000
1723231755179 1.0 96000
1723231764886 1.0 100000
1723231772559 1.0 104000
1723231780181 1.0 108000
1723231788106 1.0 112000
1723231796939 1.0 116000
1723231804868 1.0 120000
1723231812609 1.0 124000
1723231820179 1.0 128000
1723231827929 1.0 132000
1723231835562 1.0 136000
1723231843236 1.0 140000
1723231850833 1.0 144000
1723231858635 1.0 148000
1723231866380 1.0 152000
1723231874031 1.0 156000
1723231881582 1.0 160000
1723231889479 1.0 164000
1723231897674 1.0 168000
1723231905432 1.0 172000
1723231912964 1.0 176000
1723231920618 1.0 180000
1723231928504 1.0 184000
1723231936427 1.0 188000
1723231944075 1.0 192000
1723231951842 1.0 196000
1723231959220 1.0 200000
1723231966873 1.0 204000
1723231974225 1.0 208000
1723231981775 1.0 212000
1723231989153 1.0 216000
1723231997105 1.0 220000
1723232004781 1.0 224000
1723232012331 1.0 228000
1723232019772 1.0 232000
1723232027263 1.0 236000
1723232034809 1.0 240000
1723232042384 1.0 244000
1723232050037 1.0 248000
1723232057808 1.0 252000
1723232065999 1.0 256000
1723232073729 1.0 260000
1723232080989 1.0 264000
1723232088551 1.0 268000
1723232096029 1.0 272000
1723232103539 1.0 276000
1723232111132 1.0 280000
1723232118699 1.0 284000
1723232126246 1.0 288000
1723232133848 1.0 292000
1723232141158 1.0 296000
1723232148587 1.0 300000
1723232156049 1.0 304000
1723232163459 1.0 308000
1723232171395 1.0 312000
1723232178799 1.0 316000
1723232186255 1.0 320000
1723232193515 1.0 324000
1723232201035 1.0 328000
1723232208598 1.0 332000
1723232216073 1.0 336000
1723232223672 1.0 340000
1723232231063 1.0 344000
1723232238963 1.0 348000
1723232246612 1.0 352000
1723232253874 1.0 356000
1723232261020 1.0 360000
1723232268865 1.0 364000
1723232276517 1.0 368000
1723232283962 1.0 372000
1723232291336 1.0 376000
1723232298959 1.0 380000
1723232306460 1.0 384000
1723232313948 1.0 388000
1723232321276 1.0 392000
1723232328669 1.0 396000
1723232335884 1.0 400000
1723232343411 1.0 404000
1723232350726 1.0 408000
1723232358205 1.0 412000
1723232365488 1.0 416000
1723232372722 1.0 420000
1723232379929 1.0 424000
1723232387344 1.0 428000
1723232394707 1.0 432000
1723232402087 1.0 436000
1723232409239 1.0 440000
1723232416542 1.0 444000
1723232423860 1.0 448000
1723232431226 1.0 452000
1723232438483 1.0 456000
1723232445644 1.0 460000
1723232453307 1.0 464000
1723232460544 1.0 468000
1723232467714 1.0 472000
1723232475102 1.0 476000
1723232482433 1.0 480000
1723232489686 1.0 484000
1723232497013 1.0 488000
1723232504588 1.0 492000
1723232511997 1.0 496000
1723232519517 1.0 500000
1723232526842 1.0 504000
1723232534287 1.0 508000
1723232541790 1.0 512000
1723232549494 1.0 516000
1723232556885 1.0 520000
1723232564325 1.0 524000
1723232571754 1.0 528000
1723232579095 1.0 532000
1723232586603 1.0 536000
1723232594156 1.0 540000
1723232602314 1.0 544000
1723232610005 1.0 548000
1723232617433 1.0 552000
1723232625068 1.0 556000
1723232632563 1.0 560000
1723232640064 1.0 564000
1723232647529 1.0 568000
1723232655063 1.0 572000
1723232662582 1.0 576000
1723232669974 1.0 580000
1723232677401 1.0 584000
1723232684908 1.0 588000
1723232692327 1.0 592000
1723232700442 1.0 596000
1723232708277 1.0 600000
1723232716510 1.0 604000
1723232723863 1.0 608000
1723232731354 1.0 612000
1723232738672 1.0 616000
1723232746215 1.0 620000
1723232753653 1.0 624000
1723232761306 1.0 628000
1723232768731 1.0 632000
1723232776276 1.0 636000
1723232784215 1.0 640000
1723232791899 1.0 644000
1723232799248 1.0 648000
1723232806809 1.0 652000
1723232814719 1.0 656000
1723232822519 1.0 660000
1723232829691 1.0 664000
1723232837343 1.0 668000
1723232844788 1.0 672000
1723232852918 1.0 676000
1723232860419 1.0 680000
1723232867744 1.0 684000
1723232875212 1.0 688000
1723232883075 1.0 692000
1723232890310 1.0 696000
1723232897605 1.0 700000
1723232904928 1.0 704000
1723232912193 1.0 708000
1723232919514 1.0 712000
1723232926745 1.0 716000
1723232934091 1.0 720000
1723232942117 1.0 724000
1723232949891 1.0 728000
1723232957452 1.0 732000
1723232964911 1.0 736000
1723232972456 1.0 740000
1723232980180 1.0 744000
1723232987765 1.0 748000
1723232995281 1.0 752000
1723233003000 1.0 756000
1723233010633 1.0 760000
1723233018238 1.0 764000
1723233025871 1.0 768000
1723233033569 1.0 772000
1723233040918 1.0 776000
1723233048130 1.0 780000
1723233055494 1.0 784000
1723233062720 1.0 788000
1723233069960 1.0 792000
1723233077269 1.0 796000
1723233084618 1.0 800000
